 ====================================================================
      i NZ NE iSLP iLV iCONF                 E(RYD)      TE(RYD)   gi
 ====================================================================
      1  4  4  100   1 2s2             -6.81400E-01  0.00000E+00  1.0
      2  4  4  311   1 2s 2p           -4.81531E-01  1.99869E-01  9.0
      3  4  4  111   1 2s 2p           -2.90398E-01  3.91002E-01  3.0
      4  4  4  300   1 2s 3s           -2.09971E-01  4.71429E-01  3.0
      5  4  4  100   2 2s 3s           -1.86159E-01  4.95241E-01  1.0
      6  4  4  120   1 2p2             -1.63689E-01  5.17711E-01  5.0
      7  4  4  311   2 2s 3p           -1.47660E-01  5.33740E-01  9.0
      8  4  4  111   2 2s 3p           -1.34543E-01  5.46857E-01  3.0
      9  4  4  310   1 2p2             -1.32815E-01  5.48585E-01  9.0
     10  4  4  320   1 2s 3d           -1.19665E-01  5.61735E-01 15.0
     11  4  4  300   2 2s 4s           -9.71418E-02  5.84258E-01  3.0
     12  4  4  120   2 2s 3d           -9.65492E-02  5.84851E-01  5.0
     13  4  4  100   3 2s 4s           -9.03695E-02  5.91030E-01  1.0
     14  4  4  311   3 2s 4p           -7.60419E-02  6.05358E-01  9.0
     15  4  4  111   3 2s 4p           -7.35530E-02  6.07847E-01  3.0
     16  4  4  320   2 2s 4d           -6.59733E-02  6.15427E-01 15.0
     17  4  4  331   1 2s 4f           -6.32935E-02  6.18106E-01 21.0
     18  4  4  131   1 2s 4f           -6.32905E-02  6.18110E-01  7.0
     19  4  4  120   3 2s 4d           -5.77971E-02  6.23603E-01  5.0
     20  4  4  300   3 2s 5s           -5.62213E-02  6.25179E-01  3.0
     21  4  4  100   4 2s 5s           -5.33551E-02  6.28045E-01  1.0
     22  4  4  311   4 2s 5p           -4.65661E-02  6.34834E-01  9.0
     23  4  4  111   4 2s 5p           -4.58768E-02  6.35523E-01  3.0
     24  4  4  320   3 2s 5d           -4.17748E-02  6.39625E-01 15.0
     25  4  4  331   2 2s 5f           -4.04694E-02  6.40931E-01 21.0
     26  4  4  131   2 2s 5f           -4.04669E-02  6.40933E-01  7.0
     27  4  4  120   4 2s 5d           -3.78788E-02  6.43521E-01  5.0
     28  4  4  300   4 2s 6s           -3.66818E-02  6.44718E-01  3.0
     29  4  4  100   5 2s 6s           -3.51993E-02  6.46201E-01  1.0
     30  4  4  311   5 2s 6p           -3.14626E-02  6.49937E-01  9.0
     31  4  4  111   5 2s 6p           -3.12297E-02  6.50170E-01  3.0
     32  4  4  320   4 2s 6d           -2.88019E-02  6.52598E-01 15.0
     33  4  4  331   3 2s 6f           -2.80672E-02  6.53333E-01 21.0
     34  4  4  131   3 2s 6f           -2.80652E-02  6.53335E-01  7.0
     35  4  4  120   5 2s 6d           -2.66326E-02  6.54767E-01  5.0
     36  4  4  300   5 2s 7s           -2.58206E-02  6.55579E-01  3.0
     37  4  4  100   6 2s 7s           -2.49545E-02  6.56446E-01  1.0
     38  4  4  311   6 2s 7p           -2.26832E-02  6.58717E-01  9.0
     39  4  4  111   6 2s 7p           -2.25958E-02  6.58804E-01  3.0
     40  4  4  320   5 2s 7d           -2.10514E-02  6.60349E-01 15.0
     41  4  4  331   4 2s 7f           -2.05974E-02  6.60803E-01 21.0
     42  4  4  131   4 2s 7f           -2.05959E-02  6.60804E-01  7.0
     43  4  4  120   6 2s 7d           -1.97167E-02  6.61683E-01  5.0
     44  4  4  300   6 2s 8s           -1.91599E-02  6.62240E-01  3.0
     45  4  4  100   7 2s 8s           -1.86100E-02  6.62790E-01  1.0
     46  4  4  311   7 2s 8p           -1.71281E-02  6.64272E-01  9.0
     47  4  4  111   7 2s 8p           -1.70943E-02  6.64306E-01  3.0
     48  4  4  320   6 2s 8d           -1.60550E-02  6.65345E-01 15.0
     49  4  4  331   5 2s 8f           -1.57549E-02  6.65645E-01 21.0
     50  4  4  131   5 2s 8f           -1.57537E-02  6.65646E-01  7.0
     51  4  4  120   7 2s 8d           -1.51742E-02  6.66226E-01  5.0
     52  4  4  300   7 2s 9s           -1.47812E-02  6.66619E-01  3.0
     53  4  4  100   8 2s 9s           -1.44103E-02  6.66990E-01  1.0
     54  4  4  311   8 2s 9p           -1.33906E-02  6.68009E-01  9.0
     55  4  4  111   8 2s 9p           -1.33783E-02  6.68022E-01  3.0
     56  4  4  320   7 2s 9d           -1.26472E-02  6.68753E-01 15.0
     57  4  4  331   6 2s 9f           -1.24384E-02  6.68962E-01 21.0
     58  4  4  131   6 2s 9f           -1.24376E-02  6.68962E-01  7.0
     59  4  4  120   8 2s 9d           -1.20349E-02  6.69365E-01  5.0
     60  4  4  300   8 2s10s           -1.17490E-02  6.69651E-01  3.0
     61  4  4  100   9 2s10s           -1.14870E-02  6.69913E-01  1.0
     62  4  4  311   9 2s10p           -1.07558E-02  6.70644E-01  9.0
     63  4  4  111   9 2s10p           -1.07526E-02  6.70647E-01  3.0
     64  4  4  320   8 2s10d           -1.02195E-02  6.71180E-01 15.0
     65  4  4  331   7 2s10f           -1.00684E-02  6.71332E-01 21.0
     66  4  4  131   7 2s10f           -1.00677E-02  6.71332E-01  7.0
     67  4  4  110   1 2p 3p            1.29753E-01  8.11153E-01  3.0
     68  4  4  310   2 2p 3p            1.57363E-01  8.38763E-01  9.0
     69  4  4  121   1 2p 3d            1.68324E-01  8.49724E-01  5.0
     70  4  4  321   1 2p 3d            1.75674E-01  8.57074E-01 15.0
     71  4  4  110   2 2p 4p            2.12135E-01  8.93535E-01  3.0
     72  4  4  310   3 2p 4p            2.21464E-01  9.02864E-01  9.0
     73  4  4  121   2 2p 4d            2.25132E-01  9.06532E-01  5.0
     74  4  4  321   2 2p 4d            2.28405E-01  9.09805E-01 15.0
     75  4  4  110   3 2p 5p            2.44362E-01  9.25762E-01  3.0
     76  4  4  310   4 2p 5p            2.48653E-01  9.30053E-01  9.0
     77  4  4  121   3 2p 5d            2.50365E-01  9.31765E-01  5.0
     78  4  4  321   3 2p 5d            2.52037E-01  9.33437E-01 15.0
     79  4  4  110   4 2p 6p            2.60494E-01  9.41894E-01  3.0
     80  4  4  310   5 2p 6p            2.62833E-01  9.44233E-01  9.0
     81  4  4  121   4 2p 6d            2.63777E-01  9.45177E-01  5.0
     82  4  4  321   4 2p 6d            2.64739E-01  9.46139E-01 15.0
     83  4  4  110   5 2p 7p            2.69749E-01  9.51149E-01  3.0
     84  4  4  310   6 2p 7p            2.71166E-01  9.52566E-01  9.0
     85  4  4  121   5 2p 7d            2.71744E-01  9.53144E-01  5.0
     86  4  4  321   5 2p 7d            2.72346E-01  9.53746E-01 15.0
     87  4  4  110   6 2p 8p            2.75555E-01  9.56955E-01  3.0
     88  4  4  310   7 2p 8p            2.76479E-01  9.57879E-01  9.0
     89  4  4  121   6 2p 8d            2.76859E-01  9.58259E-01  5.0
     90  4  4  321   6 2p 8d            2.77260E-01  9.58660E-01 15.0
     91  4  4  110   7 2p 9p            2.79438E-01  9.60838E-01  3.0
     92  4  4  310   8 2p 9p            2.80075E-01  9.61475E-01  9.0
     93  4  4  121   7 2p 9d            2.80337E-01  9.61737E-01  5.0
     94  4  4  321   7 2p 9d            2.80618E-01  9.62018E-01 15.0
     95  4  4  110   8 2p10p            2.82163E-01  9.63563E-01  3.0
     96  4  4  310   9 2p10p            2.82620E-01  9.64020E-01  9.0
     97  4  4  121   8 2p10d            2.82809E-01  9.64209E-01  5.0
     98  4  4  321   8 2p10d            2.83014E-01  9.64414E-01 15.0
 ====================================================================
