 ====================================================================
      i NZ NE iSLP iLV iCONF                 E(RYD)      TE(RYD)   gi
 ====================================================================
      1  4  3  200   1 1s2 2s          -1.33653E+00  0.00000E+00  2.0
      2  4  3  211   1 1s2 2p          -1.04589E+00  2.90640E-01  6.0
      3  4  3  200   2 1s2 3s          -5.33927E-01  8.02603E-01  2.0
      4  4  3  211   2 1s2 3p          -4.58593E-01  8.77937E-01  6.0
      5  4  3  220   1 1s2 3d          -4.44899E-01  8.91631E-01 10.0
      6  4  3  200   3 1s2 4s          -2.86101E-01  1.05043E+00  2.0
      7  4  3  211   3 1s2 4p          -2.56026E-01  1.08050E+00  6.0
      8  4  3  220   2 1s2 4d          -2.50234E-01  1.08630E+00 10.0
      9  4  3  200   4 1s2 5s          -1.78034E-01  1.15850E+00  2.0
     10  4  3  211   4 1s2 5p          -1.63095E-01  1.17343E+00  6.0
     11  4  3  220   3 1s2 5d          -1.60129E-01  1.17640E+00 10.0
     12  4  3  200   5 1s2 6s          -1.21386E-01  1.21514E+00  2.0
     13  4  3  211   5 1s2 6p          -1.12905E-01  1.22362E+00  6.0
     14  4  3  220   4 1s2 6d          -1.11188E-01  1.22534E+00 10.0
     15  4  3  200   6 1s2 7s          -8.80336E-02  1.24850E+00  2.0
     16  4  3  211   6 1s2 7p          -8.27627E-02  1.25377E+00  6.0
     17  4  3  220   5 1s2 7d          -8.16823E-02  1.25485E+00 10.0
     18  4  3  200   7 1s2 8s          -6.67543E-02  1.26978E+00  2.0
     19  4  3  211   7 1s2 8p          -6.32571E-02  1.27327E+00  6.0
     20  4  3  220   6 1s2 8d          -6.25337E-02  1.27400E+00 10.0
     21  4  3  200   8 1s2 9s          -5.23526E-02  1.28418E+00  2.0
     22  4  3  211   8 1s2 9p          -4.99144E-02  1.28662E+00  6.0
     23  4  3  220   7 1s2 9d          -4.94066E-02  1.28712E+00 10.0
     24  4  3  200   9 1s210s          -4.21547E-02  1.29438E+00  2.0
     25  4  3  211   9 1s210p          -4.03876E-02  1.29614E+00  6.0
     26  4  3  220   8 1s210d          -4.00175E-02  1.29651E+00 10.0
 ====================================================================
