 ====================================================================
      i NZ NE iSLP iLV iCONF                 E(RYD)      TE(RYD)   gi
 ====================================================================
      1  4  2  100   1 1s2             -1.12788E+01  0.00000E+00  1.0
      2  4  2  300   1 1s 2s           -2.59415E+00  8.68465E+00  3.0
      3  4  2  100   2 1s 2s           -2.36403E+00  8.91477E+00  1.0
      4  4  2  311   1 1s 2p           -2.34935E+00  8.92945E+00  9.0
      5  4  2  111   1 1s 2p           -2.22032E+00  9.05848E+00  3.0
      6  4  2  300   2 1s 3s           -1.09390E+00  1.01849E+01  3.0
      7  4  2  100   3 1s 3s           -1.03301E+00  1.02458E+01  1.0
      8  4  2  311   2 1s 3p           -1.02904E+00  1.02498E+01  9.0
      9  4  2  320   1 1s 3d           -1.00115E+00  1.02776E+01 15.0
     10  4  2  120   1 1s 3d           -1.00041E+00  1.02784E+01  5.0
     11  4  2  111   2 1s 3p           -9.91539E-01  1.02873E+01  3.0
     12  4  2  300   3 1s 4s           -6.00885E-01  1.06779E+01  3.0
     13  4  2  100   4 1s 4s           -5.76320E-01  1.07025E+01  1.0
     14  4  2  311   3 1s 4p           -5.74655E-01  1.07041E+01  9.0
     15  4  2  320   2 1s 4d           -5.63081E-01  1.07157E+01 15.0
     16  4  2  120   2 1s 4d           -5.62670E-01  1.07161E+01  5.0
     17  4  2  111   3 1s 4p           -5.59003E-01  1.07198E+01  3.0
     18  4  2  300   4 1s 5s           -3.79329E-01  1.08995E+01  3.0
     19  4  2  100   5 1s 5s           -3.67062E-01  1.09117E+01  1.0
     20  4  2  311   4 1s 5p           -3.66203E-01  1.09126E+01  9.0
     21  4  2  320   3 1s 5d           -3.60328E-01  1.09185E+01 15.0
     22  4  2  120   3 1s 5d           -3.60095E-01  1.09187E+01  5.0
     23  4  2  111   4 1s 5p           -3.58235E-01  1.09206E+01  3.0
     24  4  2  300   5 1s 6s           -2.61075E-01  1.10177E+01  3.0
     25  4  2  100   6 1s 6s           -2.54078E-01  1.10247E+01  1.0
     26  4  2  311   5 1s 6p           -2.53581E-01  1.10252E+01  9.0
     27  4  2  320   4 1s 6d           -2.50197E-01  1.10286E+01 15.0
     28  4  2  120   4 1s 6d           -2.50055E-01  1.10287E+01  5.0
     29  4  2  111   5 1s 6p           -2.48987E-01  1.10298E+01  3.0
     30  4  2  300   6 1s 7s           -1.90602E-01  1.10882E+01  3.0
     31  4  2  100   7 1s 7s           -1.86237E-01  1.10926E+01  1.0
     32  4  2  311   6 1s 7p           -1.85924E-01  1.10929E+01  9.0
     33  4  2  320   5 1s 7d           -1.83799E-01  1.10950E+01 15.0
     34  4  2  120   5 1s 7d           -1.83707E-01  1.10951E+01  5.0
     35  4  2  111   6 1s 7p           -1.83038E-01  1.10958E+01  3.0
     36  4  2  300   7 1s 8s           -1.45245E-01  1.11336E+01  3.0
     37  4  2  100   8 1s 8s           -1.42340E-01  1.11365E+01  1.0
     38  4  2  311   7 1s 8p           -1.42131E-01  1.11367E+01  9.0
     39  4  2  320   6 1s 8d           -1.40710E-01  1.11381E+01 15.0
     40  4  2  120   6 1s 8d           -1.40647E-01  1.11382E+01  5.0
     41  4  2  111   7 1s 8p           -1.40200E-01  1.11386E+01  3.0
     42  4  2  300   8 1s 9s           -1.14344E-01  1.11645E+01  3.0
     43  4  2  100   9 1s 9s           -1.12314E-01  1.11665E+01  1.0
     44  4  2  311   8 1s 9p           -1.12167E-01  1.11666E+01  9.0
     45  4  2  320   7 1s 9d           -1.11171E-01  1.11676E+01 15.0
     46  4  2  120   7 1s 9d           -1.11126E-01  1.11677E+01  5.0
     47  4  2  111   8 1s 9p           -1.10813E-01  1.11680E+01  3.0
     48  4  2  300   9 1s10s           -9.23504E-02  1.11865E+01  3.0
     49  4  2  100  10 1s10s           -9.08764E-02  1.11879E+01  1.0
     50  4  2  311   9 1s10p           -9.07692E-02  1.11880E+01  9.0
     51  4  2  320   8 1s10d           -9.00439E-02  1.11888E+01 15.0
     52  4  2  120   8 1s10d           -9.00111E-02  1.11888E+01  5.0
     53  4  2  111   9 1s10p           -8.97831E-02  1.11890E+01  3.0
 ====================================================================
