 ====================================================================
      i NZ NE iSLP iLV iCONF                 E(RYD)      TE(RYD)   gi
 ====================================================================
      1  4  1  200   1 () 1s           -1.60000E+01  0.00000E+00  2.0
      2  4  1  200   2 () 2s           -4.00000E+00  1.20000E+01  2.0
      3  4  1  211   1 () 2p           -4.00000E+00  1.20000E+01  6.0
      4  4  1  220   1 () 3d           -1.77778E+00  1.42222E+01 10.0
      5  4  1  200   3 () 3s           -1.77778E+00  1.42222E+01  2.0
      6  4  1  211   2 () 3p           -1.77778E+00  1.42222E+01  6.0
      7  4  1  211   3 () 4p           -1.00000E+00  1.50000E+01  6.0
      8  4  1  220   2 () 4d           -1.00000E+00  1.50000E+01 10.0
      9  4  1  231   1 () 4f           -1.00000E+00  1.50000E+01 14.0
     10  4  1  200   4 () 4s           -1.00000E+00  1.50000E+01  2.0
     11  4  1  211   4 () 5p           -6.40000E-01  1.53600E+01  6.0
     12  4  1  220   3 () 5d           -6.40000E-01  1.53600E+01 10.0
     13  4  1  231   2 () 5f           -6.40000E-01  1.53600E+01 14.0
     14  4  1  240   1 () 5g           -6.40000E-01  1.53600E+01 18.0
     15  4  1  200   5 () 5s           -6.40000E-01  1.53600E+01  2.0
     16  4  1  200   6 () 6s           -4.44444E-01  1.55556E+01  2.0
     17  4  1  220   4 () 6d           -4.44444E-01  1.55556E+01 10.0
     18  4  1  231   3 () 6f           -4.44444E-01  1.55556E+01 14.0
     19  4  1  251   1 () 6h           -4.44444E-01  1.55556E+01 22.0
     20  4  1  240   2 () 6g           -4.44444E-01  1.55556E+01 18.0
     21  4  1  211   5 () 6p           -4.44444E-01  1.55556E+01  6.0
     22  4  1  231   4 () 7f           -3.26531E-01  1.56735E+01 14.0
     23  4  1  200   7 () 7s           -3.26531E-01  1.56735E+01  2.0
     24  4  1  220   5 () 7d           -3.26531E-01  1.56735E+01 10.0
     25  4  1  260   1 () 7i           -3.26531E-01  1.56735E+01 26.0
     26  4  1  251   2 () 7h           -3.26531E-01  1.56735E+01 22.0
     27  4  1  240   3 () 7g           -3.26531E-01  1.56735E+01 18.0
     28  4  1  211   6 () 7p           -3.26531E-01  1.56735E+01  6.0
     29  4  1  271   1 () 8k           -2.50000E-01  1.57500E+01 30.0
     30  4  1  260   2 () 8i           -2.50000E-01  1.57500E+01 26.0
     31  4  1  251   3 () 8h           -2.50000E-01  1.57500E+01 22.0
     32  4  1  220   6 () 8d           -2.50000E-01  1.57500E+01 10.0
     33  4  1  240   4 () 8g           -2.50000E-01  1.57500E+01 18.0
     34  4  1  211   7 () 8p           -2.50000E-01  1.57500E+01  6.0
     35  4  1  200   8 () 8s           -2.50000E-01  1.57500E+01  2.0
     36  4  1  231   5 () 8f           -2.50000E-01  1.57500E+01 14.0
     37  4  1  220   7 () 9d           -1.97531E-01  1.58025E+01 10.0
     38  4  1  271   2 () 9k           -1.97531E-01  1.58025E+01 30.0
     39  4  1  260   3 () 9i           -1.97531E-01  1.58025E+01 26.0
     40  4  1  251   4 () 9h           -1.97531E-01  1.58025E+01 22.0
     41  4  1  280   1 () 9l           -1.97531E-01  1.58025E+01 34.0
     42  4  1  240   5 () 9g           -1.97531E-01  1.58025E+01 18.0
     43  4  1  200   9 () 9s           -1.97531E-01  1.58025E+01  2.0
     44  4  1  211   8 () 9p           -1.97531E-01  1.58025E+01  6.0
     45  4  1  231   6 () 9f           -1.97531E-01  1.58025E+01 14.0
     46  4  1  280   2 ()10l           -1.60000E-01  1.58400E+01 34.0
     47  4  1  220   8 ()10d           -1.60000E-01  1.58400E+01 10.0
     48  4  1  271   3 ()10k           -1.60000E-01  1.58400E+01 30.0
     49  4  1  260   4 ()10i           -1.60000E-01  1.58400E+01 26.0
     50  4  1  251   5 ()10h           -1.60000E-01  1.58400E+01 22.0
     51  4  1  240   6 ()10g           -1.60000E-01  1.58400E+01 18.0
     52  4  1  200  10 ()10s           -1.60000E-01  1.58400E+01  2.0
     53  4  1  211   9 ()10p           -1.60000E-01  1.58400E+01  6.0
     54  4  1  291   1 ()10m           -1.60000E-01  1.58400E+01 38.0
     55  4  1  231   7 ()10f           -1.60000E-01  1.58400E+01 14.0
 ====================================================================
