 ================================================
       I  NZ  NE  ISLP  ILV        E(RYD)      NP
 ================================================
       1  10   3   200    1  -1.75471E+01      86
  1.690710E+01 2.140E-01
  1.703510E+01 2.110E-01
  1.716310E+01 2.080E-01
  1.729111E+01 2.050E-01
  1.741910E+01 2.030E-01
  1.754710E+01 2.000E-01
  1.834081E+01 1.840E-01
  1.916170E+01 1.690E-01
  2.001080E+01 1.560E-01
  2.088901E+01 1.430E-01
  2.179710E+01 1.320E-01
  2.273610E+01 1.210E-01
  2.370700E+01 1.120E-01
  2.471080E+01 1.030E-01
  2.574840E+01 9.460E-02
  2.682100E+01 8.700E-02
  2.792960E+01 8.000E-02
  2.907539E+01 7.387E-02
  3.235220E+01 5.704E-02
  3.974480E+01 3.720E-02
  4.713730E+01 2.574E-02
  5.452990E+01 1.862E-02
  6.192240E+01 1.394E-02
  6.931490E+01 1.073E-02
  7.670750E+01 8.450E-03
  8.410000E+01 6.781E-03
  8.410170E+01 1.277E-01
  8.418600E+01 1.274E-01
  8.427030E+01 1.271E-01
  8.435460E+01 1.268E-01
  8.443890E+01 1.264E-01
  8.452320E+01 1.261E-01
  8.460750E+01 1.258E-01
  8.469180E+01 1.255E-01
  8.477610E+01 1.252E-01
  8.486040E+01 1.249E-01
  8.486130E+01 1.656E-01
  8.735100E+01 1.541E-01
  8.991380E+01 1.433E-01
  9.255180E+01 1.332E-01
  9.526710E+01 1.239E-01
  9.806210E+01 1.151E-01
  1.009390E+02 1.069E-01
  1.039010E+02 9.926E-02
  1.069490E+02 9.214E-02
  1.100870E+02 8.550E-02
  1.133160E+02 7.931E-02
  1.166410E+02 7.356E-02
  1.200630E+02 6.819E-02
  1.235860E+02 6.320E-02
  1.272110E+02 5.856E-02
  1.309440E+02 5.424E-02
  1.347850E+02 5.023E-02
  1.387400E+02 4.650E-02
  1.428100E+02 4.304E-02
  1.470000E+02 3.982E-02
  1.513130E+02 3.683E-02
  1.557520E+02 3.406E-02
  1.603220E+02 3.149E-02
  1.650260E+02 2.910E-02
  1.698670E+02 2.689E-02
  1.748510E+02 2.484E-02
  1.799810E+02 2.294E-02
  1.852610E+02 2.118E-02
  1.906970E+02 1.955E-02
  1.962910E+02 1.805E-02
  2.020500E+02 1.665E-02
  2.079780E+02 1.536E-02
  2.140800E+02 1.416E-02
  2.203610E+02 1.306E-02
  2.268260E+02 1.204E-02
  2.334810E+02 1.109E-02
  2.403310E+02 1.022E-02
  2.473820E+02 9.414E-03
  2.546400E+02 8.670E-03
  2.621110E+02 7.983E-03
  2.698010E+02 7.348E-03
  2.777160E+02 6.762E-03
  2.858640E+02 6.222E-03
  2.942510E+02 5.724E-03
  3.028840E+02 5.264E-03
  3.117700E+02 4.841E-03
  3.209170E+02 4.450E-03
  3.303330E+02 4.090E-03
  3.400240E+02 3.759E-03
  3.500000E+02 3.453E-03
       2  10   3   211    1  -1.63829E+01      74
  1.574290E+01 2.530E-01
  1.587090E+01 2.470E-01
  1.599890E+01 2.410E-01
  1.612691E+01 2.360E-01
  1.625490E+01 2.300E-01
  1.638290E+01 2.250E-01
  1.686000E+01 2.060E-01
  1.735040E+01 1.890E-01
  1.785440E+01 1.740E-01
  1.837230E+01 1.590E-01
  1.890440E+01 1.460E-01
  1.945100E+01 1.340E-01
  2.001241E+01 1.230E-01
  2.058900E+01 1.130E-01
  2.118111E+01 1.030E-01
  2.178900E+01 9.470E-02
  2.241299E+01 8.690E-02
  2.305350E+01 7.960E-02
  2.371069E+01 7.300E-02
  2.438510E+01 6.690E-02
  2.507690E+01 6.130E-02
  2.578650E+01 5.620E-02
  2.651430E+01 5.150E-02
  2.726050E+01 4.720E-02
  2.802560E+01 4.320E-02
  2.880991E+01 3.960E-02
  2.961369E+01 3.630E-02
  3.043739E+01 3.320E-02
  3.128130E+01 3.040E-02
  3.214590E+01 2.790E-02
  3.303140E+01 2.550E-02
  3.393829E+01 2.340E-02
  3.486690E+01 2.140E-02
  3.581750E+01 1.960E-02
  3.679060E+01 1.790E-02
  3.778650E+01 1.640E-02
  3.880550E+01 1.500E-02
  3.984821E+01 1.380E-02
  4.091470E+01 1.260E-02
  4.200560E+01 1.150E-02
  4.312120E+01 1.050E-02
  4.426180E+01 9.650E-03
  4.542790E+01 8.830E-03
  4.661990E+01 8.080E-03
  4.783810E+01 7.390E-03
  4.838290E+01 7.110E-03
  5.020580E+01 6.290E-03
  5.208954E+01 5.543E-03
  5.403596E+01 4.885E-03
  5.604697E+01 4.304E-03
  5.812439E+01 3.793E-03
  6.027016E+01 3.342E-03
  6.248634E+01 2.944E-03
  6.477501E+01 2.594E-03
  6.713824E+01 2.285E-03
  6.957825E+01 2.013E-03
  7.209721E+01 1.773E-03
  7.469740E+01 1.562E-03
  7.738120E+01 1.376E-03
  8.015100E+01 1.212E-03
  8.300926E+01 1.067E-03
  8.595848E+01 9.399E-04
  8.900127E+01 8.277E-04
  9.214035E+01 7.289E-04
  9.537839E+01 6.419E-04
  9.871820E+01 5.652E-04
  1.021626E+02 4.977E-04
  1.057145E+02 4.382E-04
  1.093771E+02 3.858E-04
  1.131534E+02 3.397E-04
  1.170464E+02 2.991E-04
  1.210596E+02 2.633E-04
  1.251962E+02 2.318E-04
  1.294597E+02 2.040E-04
       3  10   3   200    2  -7.54186E+00      78
  6.901870E+00 3.920E-01
  7.029860E+00 3.790E-01
  7.157860E+00 3.670E-01
  7.285860E+00 3.550E-01
  7.413860E+00 3.430E-01
  7.541860E+00 3.320E-01
  7.875540E+00 3.070E-01
  8.222150E+00 2.830E-01
  8.582150E+00 2.610E-01
  8.956010E+00 2.400E-01
  9.344190E+00 2.210E-01
  9.747200E+00 2.040E-01
  1.016560E+01 1.880E-01
  1.059970E+01 1.730E-01
  1.105040E+01 1.600E-01
  1.151790E+01 1.470E-01
  1.200300E+01 1.360E-01
  1.250630E+01 1.250E-01
  1.302830E+01 1.150E-01
  1.356960E+01 1.060E-01
  1.413110E+01 9.780E-02
  1.471320E+01 9.010E-02
  1.531670E+01 8.300E-02
  1.594230E+01 7.640E-02
  1.659070E+01 7.040E-02
  1.726280E+01 6.480E-02
  1.795930E+01 5.970E-02
  1.868100E+01 5.500E-02
  1.942870E+01 5.070E-02
  2.020329E+01 4.660E-02
  2.100560E+01 4.300E-02
  2.183670E+01 3.960E-02
  2.269740E+01 3.640E-02
  2.358859E+01 3.350E-02
  2.451151E+01 3.090E-02
  2.546700E+01 2.840E-02
  2.645610E+01 2.620E-02
  2.748000E+01 2.410E-02
  2.853979E+01 2.220E-02
  2.963660E+01 2.040E-02
  3.077170E+01 1.880E-02
  3.194620E+01 1.730E-02
  3.316150E+01 1.590E-02
  3.441879E+01 1.460E-02
  3.571941E+01 1.350E-02
  3.706480E+01 1.240E-02
  3.845641E+01 1.140E-02
  3.989560E+01 1.050E-02
  4.138400E+01 9.670E-03
  4.292300E+01 8.900E-03
  4.451440E+01 8.190E-03
  4.594189E+01 7.620E-03
  4.839430E+01 6.739E-03
  5.096509E+01 5.974E-03
  5.365939E+01 5.296E-03
  5.648260E+01 4.694E-03
  5.944029E+01 4.160E-03
  6.253831E+01 3.687E-03
  6.578267E+01 3.268E-03
  6.917972E+01 2.896E-03
  7.273587E+01 2.566E-03
  7.645799E+01 2.273E-03
  8.035310E+01 2.014E-03
  8.442853E+01 1.784E-03
  8.869189E+01 1.580E-03
  9.315108E+01 1.400E-03
  9.781430E+01 1.240E-03
  1.026900E+02 1.098E-03
  1.077871E+02 9.725E-04
  1.131147E+02 8.612E-04
  1.186823E+02 7.625E-04
  1.244998E+02 6.752E-04
  1.305775E+02 5.978E-04
  1.369261E+02 5.292E-04
  1.435564E+02 4.685E-04
  1.504801E+02 4.147E-04
  1.577090E+02 3.671E-04
  1.652554E+02 3.249E-04
       4  10   3   211    2  -7.22411E+00      78
  6.584120E+00 5.260E-01
  6.712120E+00 5.030E-01
  6.840120E+00 4.810E-01
  6.968120E+00 4.610E-01
  7.096120E+00 4.420E-01
  7.224120E+00 4.230E-01
  7.486600E+00 3.890E-01
  7.757020E+00 3.570E-01
  8.035590E+00 3.280E-01
  8.322500E+00 3.010E-01
  8.617970E+00 2.760E-01
  8.922210E+00 2.540E-01
  9.235440E+00 2.330E-01
  9.557880E+00 2.140E-01
  9.889760E+00 1.960E-01
  1.023130E+01 1.800E-01
  1.058280E+01 1.650E-01
  1.094440E+01 1.520E-01
  1.131640E+01 1.400E-01
  1.169900E+01 1.280E-01
  1.209260E+01 1.180E-01
  1.249720E+01 1.080E-01
  1.291340E+01 9.890E-02
  1.334120E+01 9.080E-02
  1.378110E+01 8.330E-02
  1.423320E+01 7.640E-02
  1.469780E+01 7.010E-02
  1.517530E+01 6.430E-02
  1.566600E+01 5.900E-02
  1.617010E+01 5.410E-02
  1.668790E+01 4.960E-02
  1.721989E+01 4.550E-02
  1.776630E+01 4.170E-02
  1.832739E+01 3.830E-02
  1.890370E+01 3.510E-02
  1.949530E+01 3.220E-02
  2.010280E+01 2.950E-02
  2.072630E+01 2.710E-02
  2.136650E+01 2.480E-02
  2.202341E+01 2.280E-02
  2.269769E+01 2.090E-02
  2.338950E+01 1.910E-02
  2.409950E+01 1.750E-02
  2.482790E+01 1.610E-02
  2.557510E+01 1.470E-02
  2.634160E+01 1.350E-02
  2.712781E+01 1.240E-02
  2.793410E+01 1.130E-02
  2.876100E+01 1.040E-02
  2.960899E+01 9.530E-03
  3.047839E+01 8.740E-03
  3.136971E+01 8.010E-03
  3.228349E+01 7.340E-03
  3.322020E+01 6.720E-03
  3.418030E+01 6.160E-03
  3.516440E+01 5.640E-03
  3.617281E+01 5.170E-03
  3.720621E+01 4.740E-03
  3.826500E+01 4.340E-03
  3.922411E+01 4.020E-03
  4.082431E+01 3.543E-03
  4.248094E+01 3.125E-03
  4.419574E+01 2.755E-03
  4.597044E+01 2.429E-03
  4.780690E+01 2.142E-03
  4.970695E+01 1.888E-03
  5.167256E+01 1.665E-03
  5.370566E+01 1.467E-03
  5.580832E+01 1.293E-03
  5.798256E+01 1.140E-03
  6.023055E+01 1.005E-03
  6.255446E+01 8.856E-04
  6.495659E+01 7.805E-04
  6.743919E+01 6.878E-04
  7.000465E+01 6.061E-04
  7.265536E+01 5.340E-04
  7.539388E+01 4.705E-04
  7.822269E+01 4.146E-04
       5  10   3   220    1  -7.11586E+00      80
  6.475860E+00 3.920E-01
  6.603860E+00 3.670E-01
  6.731860E+00 3.440E-01
  6.859860E+00 3.220E-01
  6.987860E+00 3.030E-01
  7.115860E+00 2.850E-01
  7.300720E+00 2.610E-01
  7.489840E+00 2.380E-01
  7.683290E+00 2.180E-01
  7.881160E+00 2.000E-01
  8.083550E+00 1.830E-01
  8.290530E+00 1.670E-01
  8.502200E+00 1.530E-01
  8.718650E+00 1.400E-01
  8.939970E+00 1.280E-01
  9.166260E+00 1.180E-01
  9.397610E+00 1.080E-01
  9.634110E+00 9.840E-02
  9.875880E+00 9.000E-02
  1.012300E+01 8.240E-02
  1.037560E+01 7.540E-02
  1.063370E+01 6.900E-02
  1.089760E+01 6.310E-02
  1.116720E+01 5.780E-02
  1.144260E+01 5.290E-02
  1.172410E+01 4.830E-02
  1.201170E+01 4.420E-02
  1.230550E+01 4.050E-02
  1.260570E+01 3.700E-02
  1.291230E+01 3.390E-02
  1.322540E+01 3.100E-02
  1.354530E+01 2.830E-02
  1.387200E+01 2.590E-02
  1.420570E+01 2.370E-02
  1.454640E+01 2.170E-02
  1.489430E+01 1.980E-02
  1.524950E+01 1.810E-02
  1.561220E+01 1.660E-02
  1.598250E+01 1.520E-02
  1.636050E+01 1.390E-02
  1.674640E+01 1.270E-02
  1.714030E+01 1.160E-02
  1.754240E+01 1.060E-02
  1.795280E+01 9.710E-03
  1.837160E+01 8.880E-03
  1.879900E+01 8.120E-03
  1.923520E+01 7.420E-03
  1.968021E+01 6.790E-03
  2.013440E+01 6.200E-03
  2.059770E+01 5.670E-03
  2.107040E+01 5.190E-03
  2.155270E+01 4.740E-03
  2.204460E+01 4.330E-03
  2.254640E+01 3.960E-03
  2.305830E+01 3.620E-03
  2.358040E+01 3.310E-03
  2.411290E+01 3.030E-03
  2.465590E+01 2.770E-03
  2.520970E+01 2.530E-03
  2.577440E+01 2.310E-03
  2.635030E+01 2.110E-03
  2.693739E+01 1.930E-03
  2.753610E+01 1.760E-03
  2.814639E+01 1.610E-03
  2.876860E+01 1.470E-03
  2.940289E+01 1.350E-03
  3.004939E+01 1.230E-03
  3.070850E+01 1.120E-03
  3.138020E+01 1.030E-03
  3.206490E+01 9.400E-04
  3.271590E+01 8.640E-04
  3.373940E+01 7.614E-04
  3.479138E+01 6.694E-04
  3.587254E+01 5.885E-04
  3.698360E+01 5.174E-04
  3.812532E+01 4.549E-04
  3.929842E+01 3.999E-04
  4.050369E+01 3.515E-04
  4.174193E+01 3.090E-04
  4.301393E+01 2.716E-04
       6  10   3   200    3  -4.17761E+00      84
  3.537620E+00 6.650E-01
  3.665610E+00 6.220E-01
  3.793610E+00 5.830E-01
  3.921610E+00 5.480E-01
  4.049610E+00 5.150E-01
  4.177610E+00 4.860E-01
  4.357460E+00 4.480E-01
  4.544490E+00 4.130E-01
  4.738970E+00 3.810E-01
  4.941160E+00 3.520E-01
  5.151350E+00 3.240E-01
  5.369850E+00 2.990E-01
  5.596950E+00 2.760E-01
  5.832960E+00 2.540E-01
  6.078220E+00 2.350E-01
  6.333060E+00 2.160E-01
  6.597830E+00 2.000E-01
  6.872880E+00 1.840E-01
  7.158590E+00 1.700E-01
  7.455350E+00 1.560E-01
  7.763550E+00 1.440E-01
  8.083600E+00 1.330E-01
  8.415930E+00 1.230E-01
  8.760970E+00 1.130E-01
  9.119180E+00 1.040E-01
  9.491030E+00 9.600E-02
  9.877000E+00 8.850E-02
  1.027760E+01 8.160E-02
  1.069330E+01 7.520E-02
  1.112470E+01 6.930E-02
  1.157230E+01 6.390E-02
  1.203680E+01 5.890E-02
  1.251860E+01 5.420E-02
  1.301830E+01 5.000E-02
  1.353670E+01 4.610E-02
  1.407440E+01 4.240E-02
  1.463200E+01 3.910E-02
  1.521020E+01 3.600E-02
  1.580980E+01 3.320E-02
  1.643140E+01 3.060E-02
  1.707581E+01 2.820E-02
  1.774390E+01 2.590E-02
  1.843640E+01 2.390E-02
  1.915410E+01 2.200E-02
  1.989790E+01 2.030E-02
  2.066879E+01 1.870E-02
  2.146761E+01 1.720E-02
  2.229520E+01 1.590E-02
  2.315280E+01 1.460E-02
  2.404111E+01 1.340E-02
  2.496140E+01 1.240E-02
  2.591460E+01 1.140E-02
  2.690190E+01 1.050E-02
  2.792439E+01 9.670E-03
  2.898340E+01 8.900E-03
  3.007990E+01 8.200E-03
  3.121530E+01 7.550E-03
  3.239079E+01 6.950E-03
  3.360780E+01 6.400E-03
  3.486771E+01 5.890E-03
  3.617191E+01 5.420E-03
  3.752180E+01 4.990E-03
  3.891890E+01 4.600E-03
  4.036481E+01 4.230E-03
  4.186110E+01 3.890E-03
  4.257761E+01 3.750E-03
  4.486221E+01 3.326E-03
  4.726158E+01 2.951E-03
  4.978117E+01 2.619E-03
  5.242664E+01 2.324E-03
  5.520383E+01 2.062E-03
  5.811894E+01 1.829E-03
  6.117838E+01 1.623E-03
  6.438882E+01 1.440E-03
  6.775734E+01 1.277E-03
  7.129124E+01 1.133E-03
  7.499803E+01 1.005E-03
  7.888579E+01 8.911E-04
  8.296275E+01 7.903E-04
  8.723756E+01 7.008E-04
  9.171924E+01 6.215E-04
  9.641721E+01 5.511E-04
  1.013413E+02 4.886E-04
  1.065017E+02 4.333E-04
       7  10   3   211    3  -4.04769E+00      85
  3.407700E+00 9.200E-01
  3.535690E+00 8.500E-01
  3.663690E+00 7.880E-01
  3.791690E+00 7.310E-01
  3.919690E+00 6.800E-01
  4.047690E+00 6.340E-01
  4.203970E+00 5.830E-01
  4.365530E+00 5.360E-01
  4.532540E+00 4.930E-01
  4.705140E+00 4.540E-01
  4.883480E+00 4.170E-01
  5.067740E+00 3.840E-01
  5.258070E+00 3.530E-01
  5.454650E+00 3.240E-01
  5.657640E+00 2.980E-01
  5.867220E+00 2.740E-01
  6.083580E+00 2.520E-01
  6.306880E+00 2.320E-01
  6.537330E+00 2.130E-01
  6.775110E+00 1.960E-01
  7.020420E+00 1.800E-01
  7.273450E+00 1.650E-01
  7.534420E+00 1.520E-01
  7.803520E+00 1.400E-01
  8.080970E+00 1.280E-01
  8.366990E+00 1.180E-01
  8.661810E+00 1.080E-01
  8.965630E+00 9.930E-02
  9.278700E+00 9.120E-02
  9.601260E+00 8.380E-02
  9.933530E+00 7.700E-02
  1.027580E+01 7.070E-02
  1.062820E+01 6.490E-02
  1.099110E+01 5.960E-02
  1.136480E+01 5.470E-02
  1.174940E+01 5.020E-02
  1.214540E+01 4.610E-02
  1.255280E+01 4.230E-02
  1.297210E+01 3.890E-02
  1.340350E+01 3.570E-02
  1.384720E+01 3.270E-02
  1.430370E+01 3.000E-02
  1.477320E+01 2.760E-02
  1.525600E+01 2.530E-02
  1.575240E+01 2.320E-02
  1.626270E+01 2.130E-02
  1.678729E+01 1.950E-02
  1.732660E+01 1.790E-02
  1.788071E+01 1.640E-02
  1.845020E+01 1.510E-02
  1.903529E+01 1.380E-02
  1.963640E+01 1.270E-02
  2.025380E+01 1.160E-02
  2.088800E+01 1.070E-02
  2.153931E+01 9.790E-03
  2.220810E+01 8.980E-03
  2.289490E+01 8.240E-03
  2.359990E+01 7.550E-03
  2.432350E+01 6.920E-03
  2.506630E+01 6.350E-03
  2.582870E+01 5.820E-03
  2.661099E+01 5.340E-03
  2.741370E+01 4.890E-03
  2.823720E+01 4.480E-03
  2.908200E+01 4.110E-03
  2.994859E+01 3.770E-03
  3.083740E+01 3.450E-03
  3.174890E+01 3.160E-03
  3.268359E+01 2.900E-03
  3.364191E+01 2.660E-03
  3.462450E+01 2.430E-03
  3.563170E+01 2.230E-03
  3.666409E+01 2.040E-03
  3.772220E+01 1.870E-03
  3.880659E+01 1.720E-03
  3.991780E+01 1.570E-03
  4.105630E+01 1.440E-03
  4.222279E+01 1.320E-03
  4.244769E+01 1.300E-03
  4.419708E+01 1.155E-03
  4.600996E+01 1.019E-03
  4.788840E+01 8.987E-04
  4.983449E+01 7.928E-04
  5.185037E+01 6.994E-04
  5.393828E+01 6.169E-04
       8  10   3   220    2  -4.00247E+00      85
  3.362480E+00 9.090E-01
  3.490470E+00 8.220E-01
  3.618470E+00 7.450E-01
  3.746470E+00 6.770E-01
  3.874470E+00 6.170E-01
  4.002470E+00 5.640E-01
  4.129360E+00 5.170E-01
  4.259500E+00 4.740E-01
  4.392950E+00 4.340E-01
  4.529780E+00 3.980E-01
  4.670060E+00 3.650E-01
  4.813860E+00 3.340E-01
  4.961250E+00 3.060E-01
  5.112310E+00 2.800E-01
  5.267100E+00 2.570E-01
  5.425720E+00 2.350E-01
  5.588220E+00 2.160E-01
  5.754700E+00 1.970E-01
  5.925230E+00 1.810E-01
  6.099900E+00 1.660E-01
  6.278780E+00 1.520E-01
  6.461960E+00 1.390E-01
  6.649520E+00 1.270E-01
  6.841560E+00 1.170E-01
  7.038150E+00 1.070E-01
  7.239400E+00 9.780E-02
  7.445380E+00 8.950E-02
  7.656200E+00 8.200E-02
  7.871940E+00 7.500E-02
  8.092700E+00 6.870E-02
  8.318590E+00 6.290E-02
  8.549690E+00 5.760E-02
  8.786110E+00 5.270E-02
  9.027950E+00 4.830E-02
  9.275320E+00 4.420E-02
  9.528310E+00 4.040E-02
  9.787040E+00 3.700E-02
  1.005160E+01 3.390E-02
  1.032210E+01 3.100E-02
  1.059870E+01 2.840E-02
  1.088150E+01 2.600E-02
  1.117060E+01 2.370E-02
  1.146610E+01 2.170E-02
  1.176810E+01 1.990E-02
  1.207670E+01 1.820E-02
  1.239220E+01 1.660E-02
  1.271450E+01 1.520E-02
  1.304390E+01 1.390E-02
  1.338040E+01 1.270E-02
  1.372420E+01 1.170E-02
  1.407550E+01 1.070E-02
  1.443420E+01 9.760E-03
  1.480070E+01 8.930E-03
  1.517500E+01 8.170E-03
  1.555730E+01 7.470E-03
  1.594770E+01 6.840E-03
  1.634641E+01 6.250E-03
  1.675349E+01 5.720E-03
  1.716910E+01 5.230E-03
  1.759340E+01 4.780E-03
  1.802670E+01 4.370E-03
  1.846890E+01 4.000E-03
  1.892030E+01 3.660E-03
  1.938110E+01 3.350E-03
  1.985130E+01 3.060E-03
  2.033130E+01 2.800E-03
  2.082111E+01 2.560E-03
  2.132080E+01 2.340E-03
  2.183080E+01 2.140E-03
  2.235120E+01 1.950E-03
  2.288210E+01 1.790E-03
  2.342371E+01 1.630E-03
  2.397630E+01 1.490E-03
  2.453990E+01 1.370E-03
  2.511481E+01 1.250E-03
  2.570120E+01 1.140E-03
  2.629930E+01 1.040E-03
  2.690930E+01 9.540E-04
  2.753130E+01 8.720E-04
  2.816560E+01 7.970E-04
  2.881250E+01 7.280E-04
  2.947200E+01 6.660E-04
  2.960249E+01 6.540E-04
  3.057367E+01 5.755E-04
  3.157214E+01 5.060E-04
       9  10   3   200    4  -2.64987E+00      87
  2.009880E+00 1.120E+00
  2.137870E+00 9.940E-01
  2.265870E+00 8.900E-01
  2.393870E+00 8.000E-01
  2.521870E+00 7.240E-01
  2.649870E+00 6.570E-01
  2.761100E+00 6.060E-01
  2.876820E+00 5.600E-01
  2.997190E+00 5.160E-01
  3.122410E+00 4.760E-01
  3.252640E+00 4.390E-01
  3.388090E+00 4.050E-01
  3.528950E+00 3.740E-01
  3.675430E+00 3.450E-01
  3.827730E+00 3.180E-01
  3.986090E+00 2.940E-01
  4.150730E+00 2.710E-01
  4.321890E+00 2.500E-01
  4.499800E+00 2.300E-01
  4.684720E+00 2.130E-01
  4.876930E+00 1.960E-01
  5.076680E+00 1.810E-01
  5.284250E+00 1.670E-01
  5.499950E+00 1.540E-01
  5.724060E+00 1.420E-01
  5.956910E+00 1.310E-01
  6.198810E+00 1.210E-01
  6.450090E+00 1.110E-01
  6.711100E+00 1.030E-01
  6.982200E+00 9.460E-02
  7.263760E+00 8.720E-02
  7.556150E+00 8.040E-02
  7.859780E+00 7.410E-02
  8.175040E+00 6.830E-02
  8.502360E+00 6.300E-02
  8.842180E+00 5.810E-02
  9.194950E+00 5.350E-02
  9.561130E+00 4.940E-02
  9.941210E+00 4.550E-02
  1.033570E+01 4.190E-02
  1.074510E+01 3.860E-02
  1.116990E+01 3.560E-02
  1.161070E+01 3.280E-02
  1.206800E+01 3.030E-02
  1.254250E+01 2.790E-02
  1.303470E+01 2.570E-02
  1.354540E+01 2.370E-02
  1.407500E+01 2.180E-02
  1.462430E+01 2.010E-02
  1.519400E+01 1.850E-02
  1.578470E+01 1.710E-02
  1.639729E+01 1.570E-02
  1.703250E+01 1.450E-02
  1.769099E+01 1.330E-02
  1.837370E+01 1.230E-02
  1.908141E+01 1.130E-02
  1.981500E+01 1.040E-02
  2.057530E+01 9.610E-03
  2.136330E+01 8.860E-03
  2.217990E+01 8.160E-03
  2.302620E+01 7.510E-03
  2.390300E+01 6.920E-03
  2.481140E+01 6.370E-03
  2.575259E+01 5.870E-03
  2.672760E+01 5.410E-03
  2.773759E+01 4.980E-03
  2.878360E+01 4.580E-03
  2.986710E+01 4.220E-03
  3.098920E+01 3.890E-03
  3.215109E+01 3.580E-03
  3.335429E+01 3.290E-03
  3.460010E+01 3.030E-03
  3.588989E+01 2.790E-03
  3.722510E+01 2.570E-03
  3.860730E+01 2.370E-03
  4.003810E+01 2.180E-03
  4.104990E+01 2.060E-03
  4.326085E+01 1.835E-03
  4.558539E+01 1.629E-03
  4.802896E+01 1.446E-03
  5.059744E+01 1.284E-03
  5.329689E+01 1.140E-03
  5.613368E+01 1.012E-03
  5.911455E+01 8.983E-04
  6.224634E+01 7.974E-04
  6.553648E+01 7.078E-04
  6.899255E+01 6.282E-04
      10  10   3   211    4  -2.58441E+00      89
  1.944410E+00 1.570E+00
  2.072410E+00 1.380E+00
  2.200410E+00 1.210E+00
  2.328410E+00 1.080E+00
  2.456410E+00 9.610E-01
  2.584410E+00 8.630E-01
  2.685700E+00 7.940E-01
  2.790650E+00 7.320E-01
  2.899370E+00 6.740E-01
  3.011990E+00 6.200E-01
  3.128620E+00 5.710E-01
  3.249400E+00 5.260E-01
  3.374440E+00 4.840E-01
  3.503870E+00 4.450E-01
  3.637830E+00 4.100E-01
  3.776470E+00 3.770E-01
  3.919900E+00 3.470E-01
  4.068290E+00 3.190E-01
  4.221770E+00 2.940E-01
  4.380500E+00 2.700E-01
  4.544630E+00 2.490E-01
  4.714310E+00 2.290E-01
  4.889710E+00 2.110E-01
  5.071000E+00 1.940E-01
  5.258330E+00 1.780E-01
  5.451890E+00 1.640E-01
  5.651840E+00 1.510E-01
  5.858370E+00 1.380E-01
  6.071660E+00 1.270E-01
  6.291900E+00 1.170E-01
  6.519270E+00 1.080E-01
  6.753990E+00 9.890E-02
  6.996230E+00 9.090E-02
  7.246220E+00 8.350E-02
  7.504150E+00 7.680E-02
  7.770240E+00 7.060E-02
  8.044710E+00 6.480E-02
  8.327780E+00 5.960E-02
  8.619670E+00 5.470E-02
  8.920620E+00 5.030E-02
  9.230860E+00 4.620E-02
  9.550640E+00 4.240E-02
  9.880180E+00 3.900E-02
  1.021980E+01 3.580E-02
  1.056960E+01 3.290E-02
  1.093000E+01 3.020E-02
  1.130120E+01 2.770E-02
  1.168350E+01 2.550E-02
  1.207710E+01 2.340E-02
  1.248240E+01 2.150E-02
  1.289960E+01 1.970E-02
  1.332900E+01 1.810E-02
  1.377090E+01 1.660E-02
  1.422560E+01 1.530E-02
  1.469340E+01 1.400E-02
  1.517470E+01 1.280E-02
  1.566970E+01 1.180E-02
  1.617880E+01 1.080E-02
  1.670230E+01 9.930E-03
  1.724049E+01 9.110E-03
  1.779390E+01 8.360E-03
  1.836270E+01 7.670E-03
  1.894720E+01 7.030E-03
  1.954800E+01 6.450E-03
  2.016521E+01 5.920E-03
  2.079939E+01 5.430E-03
  2.145090E+01 4.980E-03
  2.212000E+01 4.570E-03
  2.280721E+01 4.190E-03
  2.351280E+01 3.840E-03
  2.423740E+01 3.520E-03
  2.498120E+01 3.230E-03
  2.574480E+01 2.960E-03
  2.652850E+01 2.710E-03
  2.733290E+01 2.490E-03
  2.815820E+01 2.280E-03
  2.900500E+01 2.090E-03
  2.987379E+01 1.920E-03
  3.076500E+01 1.760E-03
  3.167909E+01 1.610E-03
  3.261650E+01 1.480E-03
  3.357790E+01 1.350E-03
  3.456351E+01 1.240E-03
  3.557410E+01 1.140E-03
  3.661000E+01 1.040E-03
  3.767191E+01 9.530E-04
  3.876010E+01 8.730E-04
  3.987540E+01 8.000E-04
  4.098441E+01 7.350E-04
      11  10   3   220    3  -2.56137E+00      93
  1.921380E+00 1.700E+00
  2.049370E+00 1.460E+00
  2.177370E+00 1.260E+00
  2.305370E+00 1.100E+00
  2.433370E+00 9.600E-01
  2.561370E+00 8.440E-01
  2.650620E+00 7.750E-01
  2.742430E+00 7.110E-01
  2.836850E+00 6.530E-01
  2.933960E+00 5.990E-01
  3.033790E+00 5.490E-01
  3.136420E+00 5.040E-01
  3.241910E+00 4.620E-01
  3.350320E+00 4.240E-01
  3.461720E+00 3.890E-01
  3.576170E+00 3.570E-01
  3.693730E+00 3.270E-01
  3.814480E+00 3.000E-01
  3.938490E+00 2.750E-01
  4.065820E+00 2.520E-01
  4.196540E+00 2.310E-01
  4.330730E+00 2.120E-01
  4.468460E+00 1.950E-01
  4.609800E+00 1.780E-01
  4.754830E+00 1.640E-01
  4.903630E+00 1.500E-01
  5.056270E+00 1.370E-01
  5.212840E+00 1.260E-01
  5.373410E+00 1.150E-01
  5.538070E+00 1.060E-01
  5.706900E+00 9.690E-02
  5.879980E+00 8.880E-02
  6.057400E+00 8.130E-02
  6.239250E+00 7.450E-02
  6.425610E+00 6.830E-02
  6.616580E+00 6.250E-02
  6.812250E+00 5.730E-02
  7.012700E+00 5.250E-02
  7.218040E+00 4.810E-02
  7.428360E+00 4.400E-02
  7.643750E+00 4.030E-02
  7.864320E+00 3.690E-02
  8.090170E+00 3.380E-02
  8.321380E+00 3.100E-02
  8.558080E+00 2.830E-02
  8.800360E+00 2.600E-02
  9.048320E+00 2.380E-02
  9.302090E+00 2.180E-02
  9.561760E+00 1.990E-02
  9.827450E+00 1.820E-02
  1.009930E+01 1.670E-02
  1.037730E+01 1.530E-02
  1.066170E+01 1.400E-02
  1.095260E+01 1.280E-02
  1.125010E+01 1.170E-02
  1.155430E+01 1.070E-02
  1.186540E+01 9.820E-03
  1.218340E+01 8.980E-03
  1.250850E+01 8.220E-03
  1.284080E+01 7.520E-03
  1.318050E+01 6.880E-03
  1.352760E+01 6.300E-03
  1.388240E+01 5.760E-03
  1.424490E+01 5.270E-03
  1.461520E+01 4.820E-03
  1.499370E+01 4.410E-03
  1.538020E+01 4.040E-03
  1.577510E+01 3.690E-03
  1.617841E+01 3.380E-03
  1.659039E+01 3.090E-03
  1.701109E+01 2.830E-03
  1.744060E+01 2.580E-03
  1.787930E+01 2.360E-03
  1.832710E+01 2.160E-03
  1.878430E+01 1.980E-03
  1.925110E+01 1.810E-03
  1.972749E+01 1.650E-03
  2.021381E+01 1.510E-03
  2.071010E+01 1.380E-03
  2.121651E+01 1.260E-03
  2.173340E+01 1.150E-03
  2.226070E+01 1.060E-03
  2.279880E+01 9.660E-04
  2.334770E+01 8.830E-04
  2.390770E+01 8.070E-04
  2.447900E+01 7.380E-04
  2.506160E+01 6.740E-04
  2.565590E+01 6.160E-04
  2.626199E+01 5.630E-04
  2.688010E+01 5.150E-04
  2.751041E+01 4.710E-04
  2.815300E+01 4.300E-04
  2.816141E+01 4.300E-04
      12  10   3   200    5  -1.82942E+00      89
  1.445420E+00 1.340E+00
  1.573420E+00 1.140E+00
  1.701420E+00 9.760E-01
  1.829420E+00 8.460E-01
  1.904680E+00 7.810E-01
  1.982970E+00 7.210E-01
  2.064420E+00 6.650E-01
  2.149150E+00 6.140E-01
  2.237290E+00 5.660E-01
  2.328970E+00 5.220E-01
  2.424330E+00 4.820E-01
  2.523510E+00 4.450E-01
  2.626660E+00 4.100E-01
  2.733930E+00 3.790E-01
  2.845480E+00 3.490E-01
  2.961470E+00 3.220E-01
  3.082080E+00 2.970E-01
  3.207490E+00 2.740E-01
  3.337870E+00 2.530E-01
  3.473420E+00 2.330E-01
  3.614330E+00 2.150E-01
  3.760810E+00 1.990E-01
  3.913060E+00 1.830E-01
  4.071310E+00 1.690E-01
  4.235790E+00 1.560E-01
  4.406730E+00 1.440E-01
  4.584370E+00 1.330E-01
  4.768960E+00 1.220E-01
  4.960770E+00 1.130E-01
  5.160060E+00 1.040E-01
  5.367120E+00 9.590E-02
  5.582230E+00 8.850E-02
  5.805690E+00 8.160E-02
  6.037820E+00 7.520E-02
  6.278930E+00 6.940E-02
  6.529360E+00 6.400E-02
  6.789460E+00 5.900E-02
  7.059560E+00 5.440E-02
  7.340050E+00 5.010E-02
  7.631310E+00 4.620E-02
  7.933720E+00 4.260E-02
  8.247700E+00 3.930E-02
  8.573670E+00 3.620E-02
  8.912050E+00 3.340E-02
  9.263310E+00 3.080E-02
  9.627910E+00 2.840E-02
  1.000630E+01 2.610E-02
  1.039910E+01 2.410E-02
  1.080660E+01 2.220E-02
  1.122960E+01 2.050E-02
  1.166840E+01 1.890E-02
  1.212370E+01 1.740E-02
  1.259610E+01 1.600E-02
  1.308620E+01 1.480E-02
  1.359460E+01 1.360E-02
  1.412190E+01 1.250E-02
  1.466880E+01 1.160E-02
  1.523600E+01 1.070E-02
  1.582430E+01 9.810E-03
  1.643430E+01 9.040E-03
  1.706680E+01 8.330E-03
  1.772270E+01 7.670E-03
  1.840260E+01 7.070E-03
  1.910750E+01 6.510E-03
  1.983820E+01 6.000E-03
  2.059560E+01 5.530E-03
  2.138071E+01 5.090E-03
  2.219431E+01 4.690E-03
  2.303751E+01 4.320E-03
  2.391119E+01 3.980E-03
  2.481660E+01 3.660E-03
  2.575470E+01 3.380E-03
  2.672650E+01 3.110E-03
  2.773331E+01 2.860E-03
  2.877620E+01 2.640E-03
  2.985651E+01 2.430E-03
  3.097540E+01 2.240E-03
  3.213420E+01 2.060E-03
  3.333420E+01 1.900E-03
  3.457680E+01 1.750E-03
  3.586349E+01 1.610E-03
  3.719560E+01 1.480E-03
  3.857480E+01 1.360E-03
  4.000250E+01 1.250E-03
  4.022940E+01 1.240E-03
  4.240575E+01 1.109E-03
  4.469566E+01 9.852E-04
  4.710487E+01 8.750E-04
  4.963931E+01 7.772E-04
      13  10   3   211    5  -1.79189E+00      97
  1.407890E+00 1.840E+00
  1.535890E+00 1.540E+00
  1.663890E+00 1.300E+00
  1.791890E+00 1.110E+00
  1.862110E+00 1.020E+00
  1.934950E+00 9.440E-01
  2.010520E+00 8.700E-01
  2.088900E+00 8.020E-01
  2.170180E+00 7.380E-01
  2.254470E+00 6.800E-01
  2.341850E+00 6.270E-01
  2.432440E+00 5.770E-01
  2.526340E+00 5.310E-01
  2.623650E+00 4.890E-01
  2.724490E+00 4.510E-01
  2.828960E+00 4.150E-01
  2.937190E+00 3.820E-01
  3.049290E+00 3.520E-01
  3.165390E+00 3.240E-01
  3.285610E+00 2.980E-01
  3.410070E+00 2.750E-01
  3.538920E+00 2.530E-01
  3.672280E+00 2.330E-01
  3.810300E+00 2.140E-01
  3.953100E+00 1.970E-01
  4.100850E+00 1.810E-01
  4.253690E+00 1.670E-01
  4.411760E+00 1.540E-01
  4.575230E+00 1.410E-01
  4.744250E+00 1.300E-01
  4.918990E+00 1.190E-01
  5.099600E+00 1.100E-01
  5.286280E+00 1.010E-01
  5.479170E+00 9.300E-02
  5.678480E+00 8.550E-02
  5.884370E+00 7.860E-02
  6.097020E+00 7.230E-02
  6.316650E+00 6.650E-02
  6.543430E+00 6.110E-02
  6.777560E+00 5.620E-02
  7.019250E+00 5.160E-02
  7.268700E+00 4.750E-02
  7.526130E+00 4.360E-02
  7.791750E+00 4.010E-02
  8.065780E+00 3.690E-02
  8.348450E+00 3.390E-02
  8.639980E+00 3.110E-02
  8.940610E+00 2.860E-02
  9.250580E+00 2.630E-02
  9.570130E+00 2.410E-02
  9.899510E+00 2.220E-02
  1.023900E+01 2.040E-02
  1.058880E+01 1.870E-02
  1.094920E+01 1.720E-02
  1.132050E+01 1.580E-02
  1.170290E+01 1.450E-02
  1.209680E+01 1.330E-02
  1.250230E+01 1.220E-02
  1.291990E+01 1.120E-02
  1.334980E+01 1.030E-02
  1.379220E+01 9.450E-03
  1.424760E+01 8.680E-03
  1.471620E+01 7.970E-03
  1.519830E+01 7.310E-03
  1.569430E+01 6.710E-03
  1.620441E+01 6.160E-03
  1.672910E+01 5.650E-03
  1.726860E+01 5.190E-03
  1.782339E+01 4.760E-03
  1.839371E+01 4.370E-03
  1.897990E+01 4.010E-03
  1.958240E+01 3.680E-03
  2.020160E+01 3.370E-03
  2.083780E+01 3.090E-03
  2.149150E+01 2.840E-03
  2.216290E+01 2.600E-03
  2.285260E+01 2.390E-03
  2.356090E+01 2.190E-03
  2.428830E+01 2.010E-03
  2.503510E+01 1.840E-03
  2.580180E+01 1.690E-03
  2.658870E+01 1.550E-03
  2.739650E+01 1.420E-03
  2.822540E+01 1.300E-03
  2.907600E+01 1.190E-03
  2.994881E+01 1.090E-03
  3.084410E+01 1.000E-03
  3.176250E+01 9.180E-04
  3.270441E+01 8.410E-04
  3.367039E+01 7.710E-04
  3.466090E+01 7.060E-04
  3.567650E+01 6.470E-04
  3.671770E+01 5.930E-04
  3.778490E+01 5.440E-04
  3.887880E+01 4.980E-04
  3.999989E+01 4.560E-04
  4.019189E+01 4.500E-04
      14  10   3   220    4  -1.77861E+00      99
  1.394600E+00 1.990E+00
  1.522600E+00 1.630E+00
  1.650610E+00 1.350E+00
  1.778610E+00 1.130E+00
  1.843590E+00 1.040E+00
  1.910610E+00 9.560E-01
  1.979710E+00 8.790E-01
  2.050950E+00 8.070E-01
  2.124380E+00 7.420E-01
  2.200050E+00 6.810E-01
  2.278020E+00 6.250E-01
  2.358350E+00 5.740E-01
  2.441080E+00 5.270E-01
  2.526280E+00 4.840E-01
  2.614010E+00 4.450E-01
  2.704320E+00 4.080E-01
  2.797280E+00 3.750E-01
  2.892950E+00 3.440E-01
  2.991380E+00 3.160E-01
  3.092650E+00 2.900E-01
  3.196820E+00 2.660E-01
  3.303950E+00 2.440E-01
  3.414110E+00 2.240E-01
  3.527370E+00 2.050E-01
  3.643800E+00 1.880E-01
  3.763470E+00 1.730E-01
  3.886440E+00 1.590E-01
  4.012800E+00 1.450E-01
  4.142610E+00 1.330E-01
  4.275950E+00 1.220E-01
  4.412890E+00 1.120E-01
  4.553520E+00 1.030E-01
  4.697900E+00 9.430E-02
  4.846130E+00 8.650E-02
  4.998280E+00 7.930E-02
  5.154430E+00 7.270E-02
  5.314660E+00 6.660E-02
  5.479070E+00 6.110E-02
  5.647730E+00 5.600E-02
  5.820730E+00 5.130E-02
  5.998160E+00 4.700E-02
  6.180110E+00 4.310E-02
  6.366670E+00 3.950E-02
  6.557940E+00 3.620E-02
  6.754000E+00 3.310E-02
  6.954950E+00 3.040E-02
  7.160900E+00 2.780E-02
  7.371920E+00 2.550E-02
  7.588130E+00 2.330E-02
  7.809630E+00 2.140E-02
  8.036510E+00 1.960E-02
  8.268880E+00 1.790E-02
  8.506850E+00 1.640E-02
  8.750520E+00 1.500E-02
  9.000000E+00 1.380E-02
  9.255400E+00 1.260E-02
  9.516830E+00 1.160E-02
  9.784400E+00 1.060E-02
  1.005820E+01 9.680E-03
  1.033840E+01 8.860E-03
  1.062510E+01 8.110E-03
  1.091840E+01 7.430E-03
  1.121840E+01 6.800E-03
  1.152530E+01 6.220E-03
  1.183910E+01 5.690E-03
  1.216010E+01 5.210E-03
  1.248820E+01 4.770E-03
  1.282370E+01 4.360E-03
  1.316670E+01 3.990E-03
  1.351730E+01 3.650E-03
  1.387570E+01 3.340E-03
  1.424190E+01 3.060E-03
  1.461620E+01 2.800E-03
  1.499860E+01 2.560E-03
  1.538940E+01 2.340E-03
  1.578850E+01 2.140E-03
  1.619630E+01 1.960E-03
  1.661279E+01 1.790E-03
  1.703819E+01 1.640E-03
  1.747260E+01 1.500E-03
  1.791620E+01 1.370E-03
  1.836909E+01 1.260E-03
  1.883150E+01 1.150E-03
  1.930360E+01 1.050E-03
  1.978551E+01 9.590E-04
  2.027740E+01 8.770E-04
  2.077940E+01 8.020E-04
  2.129170E+01 7.340E-04
  2.181450E+01 6.710E-04
  2.234790E+01 6.130E-04
  2.289211E+01 5.600E-04
  2.344730E+01 5.120E-04
  2.401370E+01 4.680E-04
  2.459140E+01 4.280E-04
  2.518069E+01 3.910E-04
  2.578160E+01 3.580E-04
  2.639439E+01 3.270E-04
  2.701930E+01 2.990E-04
  2.737860E+01 2.840E-04
      15  10   3   200    6  -1.33849E+00      92
  1.082490E+00 1.610E+00
  1.210490E+00 1.290E+00
  1.338490E+00 1.050E+00
  1.392650E+00 9.710E-01
  1.449000E+00 8.960E-01
  1.507610E+00 8.270E-01
  1.568570E+00 7.630E-01
  1.631990E+00 7.040E-01
  1.697950E+00 6.500E-01
  1.766560E+00 5.990E-01
  1.837920E+00 5.530E-01
  1.912130E+00 5.100E-01
  1.989310E+00 4.710E-01
  2.069580E+00 4.340E-01
  2.153050E+00 4.010E-01
  2.239850E+00 3.700E-01
  2.330120E+00 3.410E-01
  2.423970E+00 3.150E-01
  2.521550E+00 2.900E-01
  2.623020E+00 2.680E-01
  2.728510E+00 2.470E-01
  2.838170E+00 2.280E-01
  2.952190E+00 2.100E-01
  3.070710E+00 1.940E-01
  3.193910E+00 1.790E-01
  3.321980E+00 1.650E-01
  3.455090E+00 1.520E-01
  3.593440E+00 1.410E-01
  3.737240E+00 1.290E-01
  3.886670E+00 1.190E-01
  4.041970E+00 1.100E-01
  4.203350E+00 1.020E-01
  4.371040E+00 9.380E-02
  4.545290E+00 8.650E-02
  4.726330E+00 7.970E-02
  4.914420E+00 7.350E-02
  5.109830E+00 6.780E-02
  5.312830E+00 6.250E-02
  5.523710E+00 5.770E-02
  5.742750E+00 5.320E-02
  5.970270E+00 4.900E-02
  6.206580E+00 4.520E-02
  6.452000E+00 4.170E-02
  6.706870E+00 3.840E-02
  6.971550E+00 3.540E-02
  7.246380E+00 3.270E-02
  7.531740E+00 3.010E-02
  7.828030E+00 2.780E-02
  8.135640E+00 2.560E-02
  8.454990E+00 2.360E-02
  8.786500E+00 2.180E-02
  9.130620E+00 2.010E-02
  9.487790E+00 1.850E-02
  9.858510E+00 1.700E-02
  1.024320E+01 1.570E-02
  1.064250E+01 1.450E-02
  1.105690E+01 1.330E-02
  1.148680E+01 1.230E-02
  1.193290E+01 1.130E-02
  1.239570E+01 1.050E-02
  1.287580E+01 9.630E-03
  1.337390E+01 8.870E-03
  1.389060E+01 8.180E-03
  1.442650E+01 7.530E-03
  1.498240E+01 6.940E-03
  1.555880E+01 6.400E-03
  1.615660E+01 5.890E-03
  1.677660E+01 5.430E-03
  1.741940E+01 5.000E-03
  1.808580E+01 4.610E-03
  1.877679E+01 4.250E-03
  1.949310E+01 3.910E-03
  2.023570E+01 3.600E-03
  2.100540E+01 3.320E-03
  2.180310E+01 3.060E-03
  2.262990E+01 2.820E-03
  2.348680E+01 2.600E-03
  2.437469E+01 2.390E-03
  2.529480E+01 2.200E-03
  2.624809E+01 2.030E-03
  2.723579E+01 1.870E-03
  2.825900E+01 1.720E-03
  2.931889E+01 1.580E-03
  3.041679E+01 1.460E-03
  3.155389E+01 1.340E-03
  3.273160E+01 1.240E-03
  3.395129E+01 1.140E-03
  3.521429E+01 1.050E-03
  3.652209E+01 9.660E-04
  3.787610E+01 8.890E-04
  3.927800E+01 8.190E-04
  3.973849E+01 7.970E-04
      16  10   3   211    6  -1.31500E+00     104
  1.059000E+00 2.180E+00
  1.187000E+00 1.710E+00
  1.315000E+00 1.380E+00
  1.366240E+00 1.270E+00
  1.419430E+00 1.170E+00
  1.474660E+00 1.080E+00
  1.531980E+00 9.970E-01
  1.591480E+00 9.190E-01
  1.653230E+00 8.470E-01
  1.717310E+00 7.800E-01
  1.783800E+00 7.190E-01
  1.852780E+00 6.630E-01
  1.924340E+00 6.110E-01
  1.998560E+00 5.630E-01
  2.075540E+00 5.180E-01
  2.155370E+00 4.780E-01
  2.238140E+00 4.400E-01
  2.323950E+00 4.050E-01
  2.412900E+00 3.730E-01
  2.505100E+00 3.440E-01
  2.600650E+00 3.170E-01
  2.699660E+00 2.920E-01
  2.802250E+00 2.680E-01
  2.908520E+00 2.470E-01
  3.018600E+00 2.280E-01
  3.132610E+00 2.100E-01
  3.250670E+00 1.930E-01
  3.372900E+00 1.780E-01
  3.499450E+00 1.640E-01
  3.630430E+00 1.500E-01
  3.766000E+00 1.380E-01
  3.906290E+00 1.270E-01
  4.051440E+00 1.170E-01
  4.201600E+00 1.080E-01
  4.356920E+00 9.930E-02
  4.517560E+00 9.140E-02
  4.683680E+00 8.410E-02
  4.855430E+00 7.740E-02
  5.032990E+00 7.120E-02
  5.216510E+00 6.550E-02
  5.406190E+00 6.020E-02
  5.602180E+00 5.540E-02
  5.804680E+00 5.090E-02
  6.013860E+00 4.680E-02
  6.229930E+00 4.300E-02
  6.453060E+00 3.960E-02
  6.683470E+00 3.640E-02
  6.921350E+00 3.340E-02
  7.166900E+00 3.070E-02
  7.420350E+00 2.830E-02
  7.681900E+00 2.600E-02
  7.951770E+00 2.390E-02
  8.230190E+00 2.190E-02
  8.517380E+00 2.020E-02
  8.813590E+00 1.850E-02
  9.119050E+00 1.700E-02
  9.434000E+00 1.560E-02
  9.758680E+00 1.440E-02
  1.009340E+01 1.320E-02
  1.043830E+01 1.210E-02
  1.079370E+01 1.110E-02
  1.116000E+01 1.020E-02
  1.153730E+01 9.400E-03
  1.192590E+01 8.630E-03
  1.232610E+01 7.920E-03
  1.273830E+01 7.280E-03
  1.316260E+01 6.680E-03
  1.359950E+01 6.130E-03
  1.404920E+01 5.630E-03
  1.451200E+01 5.170E-03
  1.498820E+01 4.740E-03
  1.547820E+01 4.350E-03
  1.598230E+01 4.000E-03
  1.650079E+01 3.670E-03
  1.703410E+01 3.370E-03
  1.758250E+01 3.090E-03
  1.814630E+01 2.830E-03
  1.872600E+01 2.600E-03
  1.932190E+01 2.380E-03
  1.993430E+01 2.190E-03
  2.056371E+01 2.010E-03
  2.121049E+01 1.840E-03
  2.187489E+01 1.690E-03
  2.255750E+01 1.550E-03
  2.325850E+01 1.420E-03
  2.397861E+01 1.300E-03
  2.471800E+01 1.200E-03
  2.547710E+01 1.100E-03
  2.625650E+01 1.000E-03
  2.705650E+01 9.210E-04
  2.787759E+01 8.440E-04
  2.872031E+01 7.740E-04
  2.958501E+01 7.100E-04
  3.047220E+01 6.500E-04
  3.138229E+01 5.960E-04
  3.231590E+01 5.470E-04
  3.327341E+01 5.010E-04
  3.425540E+01 4.590E-04
  3.526221E+01 4.210E-04
  3.629460E+01 3.860E-04
  3.735291E+01 3.530E-04
  3.843781E+01 3.240E-04
  3.954970E+01 2.970E-04
  3.971500E+01 2.930E-04
      17  10   3   220    5  -1.30666E+00     106
  1.050660E+00 2.350E+00
  1.178660E+00 1.810E+00
  1.306660E+00 1.440E+00
  1.355500E+00 1.320E+00
  1.405980E+00 1.210E+00
  1.458130E+00 1.120E+00
  1.511990E+00 1.030E+00
  1.567630E+00 9.430E-01
  1.625080E+00 8.670E-01
  1.684390E+00 7.970E-01
  1.745610E+00 7.330E-01
  1.808790E+00 6.740E-01
  1.873980E+00 6.190E-01
  1.941240E+00 5.690E-01
  2.010610E+00 5.230E-01
  2.082150E+00 4.800E-01
  2.155920E+00 4.410E-01
  2.231970E+00 4.050E-01
  2.310350E+00 3.720E-01
  2.391130E+00 3.420E-01
  2.474360E+00 3.140E-01
  2.560110E+00 2.880E-01
  2.648430E+00 2.650E-01
  2.739380E+00 2.430E-01
  2.833030E+00 2.230E-01
  2.929440E+00 2.050E-01
  3.028680E+00 1.880E-01
  3.130810E+00 1.730E-01
  3.235900E+00 1.580E-01
  3.344020E+00 1.450E-01
  3.455230E+00 1.330E-01
  3.569610E+00 1.230E-01
  3.687230E+00 1.120E-01
  3.808160E+00 1.030E-01
  3.932470E+00 9.460E-02
  4.060240E+00 8.680E-02
  4.191540E+00 7.960E-02
  4.326450E+00 7.300E-02
  4.465060E+00 6.700E-02
  4.607430E+00 6.140E-02
  4.753650E+00 5.630E-02
  4.903800E+00 5.160E-02
  5.057970E+00 4.730E-02
  5.216230E+00 4.340E-02
  5.378680E+00 3.980E-02
  5.545400E+00 3.650E-02
  5.716470E+00 3.340E-02
  5.891990E+00 3.070E-02
  6.072050E+00 2.810E-02
  6.256740E+00 2.570E-02
  6.446160E+00 2.360E-02
  6.640390E+00 2.160E-02
  6.839530E+00 1.980E-02
  7.043680E+00 1.820E-02
  7.252940E+00 1.660E-02
  7.467410E+00 1.520E-02
  7.687180E+00 1.400E-02
  7.912370E+00 1.280E-02
  8.143070E+00 1.170E-02
  8.379400E+00 1.070E-02
  8.621450E+00 9.820E-03
  8.869330E+00 9.000E-03
  9.123160E+00 8.240E-03
  9.383050E+00 7.550E-03
  9.649110E+00 6.910E-03
  9.921450E+00 6.320E-03
  1.020020E+01 5.790E-03
  1.048540E+01 5.300E-03
  1.077730E+01 4.850E-03
  1.107600E+01 4.440E-03
  1.138150E+01 4.070E-03
  1.169400E+01 3.720E-03
  1.201360E+01 3.410E-03
  1.234050E+01 3.120E-03
  1.267480E+01 2.850E-03
  1.301660E+01 2.610E-03
  1.336600E+01 2.390E-03
  1.372320E+01 2.190E-03
  1.408820E+01 2.000E-03
  1.446140E+01 1.830E-03
  1.484270E+01 1.670E-03
  1.523230E+01 1.530E-03
  1.563040E+01 1.400E-03
  1.603709E+01 1.280E-03
  1.645250E+01 1.170E-03
  1.687680E+01 1.070E-03
  1.731020E+01 9.810E-04
  1.775281E+01 8.970E-04
  1.820470E+01 8.210E-04
  1.866611E+01 7.510E-04
  1.913721E+01 6.860E-04
  1.961800E+01 6.280E-04
  2.010890E+01 5.740E-04
  2.060980E+01 5.250E-04
  2.112109E+01 4.800E-04
  2.164281E+01 4.390E-04
  2.217520E+01 4.010E-04
  2.271831E+01 3.670E-04
  2.327240E+01 3.350E-04
  2.383760E+01 3.060E-04
  2.441420E+01 2.800E-04
  2.500220E+01 2.560E-04
  2.560190E+01 2.340E-04
  2.621339E+01 2.140E-04
  2.683701E+01 1.960E-04
  2.690669E+01 1.940E-04
      18  10   3   200    7  -1.02161E+00      98
  8.936100E-01 1.670E+00
  1.021610E+00 1.270E+00
  1.062410E+00 1.180E+00
  1.104850E+00 1.080E+00
  1.148990E+00 1.000E+00
  1.194900E+00 9.230E-01
  1.242650E+00 8.520E-01
  1.292300E+00 7.860E-01
  1.343950E+00 7.250E-01
  1.397660E+00 6.690E-01
  1.453520E+00 6.170E-01
  1.511600E+00 5.700E-01
  1.572010E+00 5.250E-01
  1.634830E+00 4.850E-01
  1.700150E+00 4.470E-01
  1.768070E+00 4.130E-01
  1.838700E+00 3.810E-01
  1.912140E+00 3.510E-01
  1.988490E+00 3.240E-01
  2.067890E+00 2.990E-01
  2.150430E+00 2.760E-01
  2.236250E+00 2.540E-01
  2.325470E+00 2.350E-01
  2.418220E+00 2.170E-01
  2.514640E+00 2.000E-01
  2.614870E+00 1.840E-01
  2.719060E+00 1.700E-01
  2.827360E+00 1.570E-01
  2.939930E+00 1.450E-01
  3.056940E+00 1.330E-01
  3.178540E+00 1.230E-01
  3.304930E+00 1.140E-01
  3.436280E+00 1.050E-01
  3.572780E+00 9.660E-02
  3.714630E+00 8.910E-02
  3.862020E+00 8.220E-02
  4.015180E+00 7.580E-02
  4.174320E+00 6.990E-02
  4.339670E+00 6.450E-02
  4.511460E+00 5.950E-02
  4.689930E+00 5.480E-02
  4.875340E+00 5.060E-02
  5.067940E+00 4.660E-02
  5.268010E+00 4.300E-02
  5.475820E+00 3.970E-02
  5.691670E+00 3.660E-02
  5.915850E+00 3.370E-02
  6.148680E+00 3.110E-02
  6.390470E+00 2.870E-02
  6.641560E+00 2.640E-02
  6.902290E+00 2.440E-02
  7.173020E+00 2.250E-02
  7.454120E+00 2.070E-02
  7.745970E+00 1.910E-02
  8.048950E+00 1.760E-02
  8.363490E+00 1.620E-02
  8.690000E+00 1.500E-02
  9.028920E+00 1.380E-02
  9.380710E+00 1.270E-02
  9.745820E+00 1.170E-02
  1.012480E+01 1.080E-02
  1.051800E+01 9.960E-03
  1.092610E+01 9.170E-03
  1.134950E+01 8.460E-03
  1.178880E+01 7.790E-03
  1.224470E+01 7.180E-03
  1.271760E+01 6.620E-03
  1.320820E+01 6.100E-03
  1.371710E+01 5.620E-03
  1.424500E+01 5.180E-03
  1.479250E+01 4.770E-03
  1.536040E+01 4.400E-03
  1.594930E+01 4.050E-03
  1.656000E+01 3.740E-03
  1.719330E+01 3.440E-03
  1.784990E+01 3.170E-03
  1.853070E+01 2.920E-03
  1.923660E+01 2.690E-03
  1.996831E+01 2.480E-03
  2.072681E+01 2.280E-03
  2.151300E+01 2.100E-03
  2.232790E+01 1.940E-03
  2.317239E+01 1.790E-03
  2.404770E+01 1.640E-03
  2.495470E+01 1.510E-03
  2.589450E+01 1.390E-03
  2.686819E+01 1.290E-03
  2.787711E+01 1.180E-03
  2.892230E+01 1.090E-03
  3.000490E+01 1.000E-03
  3.112640E+01 9.240E-04
  3.228810E+01 8.510E-04
  3.349110E+01 7.840E-04
  3.473711E+01 7.220E-04
  3.602730E+01 6.650E-04
  3.736330E+01 6.120E-04
  3.874660E+01 5.630E-04
  3.942160E+01 5.420E-04
      19  10   3   211    7  -1.00594E+00     110
  8.779450E-01 2.220E+00
  1.005950E+00 1.670E+00
  1.044830E+00 1.540E+00
  1.085210E+00 1.420E+00
  1.127160E+00 1.310E+00
  1.170720E+00 1.210E+00
  1.215960E+00 1.110E+00
  1.262930E+00 1.030E+00
  1.311700E+00 9.460E-01
  1.362330E+00 8.720E-01
  1.414900E+00 8.030E-01
  1.469460E+00 7.410E-01
  1.526080E+00 6.830E-01
  1.584860E+00 6.290E-01
  1.645840E+00 5.800E-01
  1.709120E+00 5.340E-01
  1.774780E+00 4.920E-01
  1.842890E+00 4.540E-01
  1.913540E+00 4.180E-01
  1.986810E+00 3.850E-01
  2.062800E+00 3.550E-01
  2.141600E+00 3.270E-01
  2.223300E+00 3.010E-01
  2.308000E+00 2.770E-01
  2.395800E+00 2.560E-01
  2.486800E+00 2.350E-01
  2.581110E+00 2.170E-01
  2.678830E+00 2.000E-01
  2.780070E+00 1.840E-01
  2.884960E+00 1.690E-01
  2.993600E+00 1.560E-01
  3.106120E+00 1.430E-01
  3.222630E+00 1.320E-01
  3.343280E+00 1.220E-01
  3.468180E+00 1.120E-01
  3.597460E+00 1.030E-01
  3.731280E+00 9.480E-02
  3.869750E+00 8.730E-02
  4.013040E+00 8.030E-02
  4.161270E+00 7.390E-02
  4.314610E+00 6.800E-02
  4.473210E+00 6.260E-02
  4.637220E+00 5.760E-02
  4.806810E+00 5.300E-02
  4.982140E+00 4.870E-02
  5.163370E+00 4.480E-02
  5.350690E+00 4.120E-02
  5.544270E+00 3.790E-02
  5.744280E+00 3.490E-02
  5.950920E+00 3.210E-02
  6.164370E+00 2.950E-02
  6.384820E+00 2.710E-02
  6.612480E+00 2.490E-02
  6.847530E+00 2.290E-02
  7.090200E+00 2.110E-02
  7.340680E+00 1.940E-02
  7.599200E+00 1.780E-02
  7.865970E+00 1.640E-02
  8.141210E+00 1.500E-02
  8.425160E+00 1.380E-02
  8.718050E+00 1.270E-02
  9.020110E+00 1.170E-02
  9.331590E+00 1.070E-02
  9.652740E+00 9.850E-03
  9.983800E+00 9.050E-03
  1.032500E+01 8.310E-03
  1.067670E+01 7.640E-03
  1.103910E+01 7.010E-03
  1.141250E+01 6.440E-03
  1.179710E+01 5.920E-03
  1.219320E+01 5.430E-03
  1.260120E+01 4.990E-03
  1.302140E+01 4.580E-03
  1.345390E+01 4.200E-03
  1.389920E+01 3.860E-03
  1.435750E+01 3.540E-03
  1.482920E+01 3.250E-03
  1.531450E+01 2.990E-03
  1.581390E+01 2.740E-03
  1.632761E+01 2.520E-03
  1.685600E+01 2.310E-03
  1.739951E+01 2.120E-03
  1.795830E+01 1.940E-03
  1.853290E+01 1.780E-03
  1.912350E+01 1.640E-03
  1.973070E+01 1.500E-03
  2.035471E+01 1.380E-03
  2.099600E+01 1.260E-03
  2.165491E+01 1.160E-03
  2.233180E+01 1.060E-03
  2.302721E+01 9.750E-04
  2.374150E+01 8.940E-04
  2.447501E+01 8.200E-04
  2.522820E+01 7.520E-04
  2.600150E+01 6.900E-04
  2.679539E+01 6.320E-04
  2.761031E+01 5.800E-04
  2.844670E+01 5.310E-04
  2.930510E+01 4.870E-04
  3.018581E+01 4.470E-04
  3.108940E+01 4.090E-04
  3.201630E+01 3.750E-04
  3.296710E+01 3.440E-04
  3.394231E+01 3.150E-04
  3.494231E+01 2.890E-04
  3.596770E+01 2.650E-04
  3.701900E+01 2.420E-04
  3.809669E+01 2.220E-04
  3.920129E+01 2.040E-04
  3.940590E+01 2.000E-04
      20  10   3   220    6  -1.00036E+00     111
  8.723630E-01 2.380E+00
  1.000360E+00 1.750E+00
  1.038150E+00 1.610E+00
  1.077260E+00 1.480E+00
  1.117730E+00 1.360E+00
  1.159600E+00 1.260E+00
  1.202900E+00 1.150E+00
  1.247690E+00 1.060E+00
  1.293990E+00 9.780E-01
  1.341860E+00 8.990E-01
  1.391340E+00 8.270E-01
  1.442470E+00 7.610E-01
  1.495310E+00 7.000E-01
  1.549890E+00 6.430E-01
  1.606270E+00 5.910E-01
  1.664490E+00 5.440E-01
  1.724600E+00 5.000E-01
  1.786660E+00 4.590E-01
  1.850710E+00 4.220E-01
  1.916810E+00 3.880E-01
  1.985010E+00 3.570E-01
  2.055360E+00 3.280E-01
  2.127930E+00 3.010E-01
  2.202760E+00 2.770E-01
  2.279910E+00 2.540E-01
  2.359450E+00 2.340E-01
  2.441430E+00 2.150E-01
  2.525920E+00 1.970E-01
  2.612960E+00 1.810E-01
  2.702630E+00 1.660E-01
  2.794990E+00 1.520E-01
  2.890110E+00 1.400E-01
  2.988040E+00 1.290E-01
  3.088860E+00 1.180E-01
  3.192630E+00 1.080E-01
  3.299430E+00 9.950E-02
  3.409310E+00 9.130E-02
  3.522360E+00 8.380E-02
  3.638650E+00 7.690E-02
  3.758240E+00 7.060E-02
  3.881210E+00 6.470E-02
  4.007640E+00 5.940E-02
  4.137610E+00 5.450E-02
  4.271190E+00 5.000E-02
  4.408460E+00 4.580E-02
  4.549510E+00 4.210E-02
  4.694400E+00 3.860E-02
  4.843230E+00 3.540E-02
  4.996080E+00 3.240E-02
  5.153030E+00 2.970E-02
  5.314170E+00 2.730E-02
  5.479590E+00 2.500E-02
  5.649370E+00 2.290E-02
  5.823610E+00 2.100E-02
  6.002400E+00 1.930E-02
  6.185820E+00 1.770E-02
  6.373980E+00 1.620E-02
  6.566960E+00 1.480E-02
  6.764870E+00 1.360E-02
  6.967800E+00 1.240E-02
  7.175850E+00 1.140E-02
  7.389120E+00 1.050E-02
  7.607710E+00 9.570E-03
  7.831720E+00 8.770E-03
  8.061270E+00 8.040E-03
  8.296450E+00 7.360E-03
  8.537370E+00 6.740E-03
  8.784140E+00 6.170E-03
  9.036870E+00 5.660E-03
  9.295670E+00 5.180E-03
  9.560650E+00 4.740E-03
  9.831930E+00 4.340E-03
  1.010960E+01 3.980E-03
  1.039390E+01 3.640E-03
  1.068470E+01 3.330E-03
  1.098240E+01 3.050E-03
  1.128690E+01 2.790E-03
  1.159840E+01 2.560E-03
  1.191710E+01 2.340E-03
  1.224310E+01 2.140E-03
  1.257640E+01 1.960E-03
  1.291730E+01 1.790E-03
  1.326580E+01 1.640E-03
  1.362210E+01 1.500E-03
  1.398630E+01 1.370E-03
  1.435850E+01 1.260E-03
  1.473900E+01 1.150E-03
  1.512780E+01 1.050E-03
  1.552500E+01 9.630E-04
  1.593090E+01 8.810E-04
  1.634550E+01 8.060E-04
  1.676900E+01 7.370E-04
  1.720151E+01 6.740E-04
  1.764330E+01 6.170E-04
  1.809441E+01 5.640E-04
  1.855499E+01 5.160E-04
  1.902521E+01 4.720E-04
  1.950529E+01 4.310E-04
  1.999530E+01 3.940E-04
  2.049541E+01 3.610E-04
  2.100580E+01 3.300E-04
  2.152670E+01 3.010E-04
  2.205820E+01 2.760E-04
  2.260040E+01 2.520E-04
  2.315359E+01 2.300E-04
  2.371800E+01 2.110E-04
  2.429359E+01 1.920E-04
  2.488060E+01 1.760E-04
  2.547940E+01 1.610E-04
  2.608990E+01 1.470E-04
  2.660040E+01 1.370E-04
      21  10   3   200    8  -8.05263E-01     104
  6.772630E-01 2.150E+00
  8.052630E-01 1.510E+00
  8.370720E-01 1.390E+00
  8.701510E-01 1.280E+00
  9.045500E-01 1.190E+00
  9.403210E-01 1.090E+00
  9.775200E-01 1.010E+00
  1.016200E+00 9.310E-01
  1.056430E+00 8.590E-01
  1.098260E+00 7.930E-01
  1.141750E+00 7.320E-01
  1.186980E+00 6.750E-01
  1.234010E+00 6.230E-01
  1.282920E+00 5.750E-01
  1.333770E+00 5.300E-01
  1.386640E+00 4.890E-01
  1.441610E+00 4.510E-01
  1.498770E+00 4.160E-01
  1.558200E+00 3.840E-01
  1.619990E+00 3.540E-01
  1.684240E+00 3.270E-01
  1.751030E+00 3.020E-01
  1.820470E+00 2.780E-01
  1.892660E+00 2.570E-01
  1.967700E+00 2.370E-01
  2.045720E+00 2.190E-01
  2.126820E+00 2.010E-01
  2.211130E+00 1.860E-01
  2.298770E+00 1.720E-01
  2.389860E+00 1.580E-01
  2.484540E+00 1.460E-01
  2.582960E+00 1.350E-01
  2.685250E+00 1.240E-01
  2.791560E+00 1.140E-01
  2.902060E+00 1.060E-01
  3.016890E+00 9.750E-02
  3.136220E+00 8.990E-02
  3.260230E+00 8.290E-02
  3.389100E+00 7.650E-02
  3.523020E+00 7.050E-02
  3.662160E+00 6.510E-02
  3.806740E+00 6.000E-02
  3.956960E+00 5.530E-02
  4.113030E+00 5.100E-02
  4.275170E+00 4.710E-02
  4.443620E+00 4.340E-02
  4.618620E+00 4.000E-02
  4.800400E+00 3.690E-02
  4.989230E+00 3.400E-02
  5.185360E+00 3.140E-02
  5.389080E+00 2.890E-02
  5.600670E+00 2.670E-02
  5.820420E+00 2.460E-02
  6.048630E+00 2.270E-02
  6.285620E+00 2.090E-02
  6.531720E+00 1.930E-02
  6.787260E+00 1.780E-02
  7.052590E+00 1.640E-02
  7.328080E+00 1.510E-02
  7.614100E+00 1.390E-02
  7.911040E+00 1.290E-02
  8.219290E+00 1.180E-02
  8.539280E+00 1.090E-02
  8.871420E+00 1.010E-02
  9.216180E+00 9.280E-03
  9.573990E+00 8.550E-03
  9.945350E+00 7.880E-03
  1.033070E+01 7.270E-03
  1.073070E+01 6.700E-03
  1.114570E+01 6.170E-03
  1.157630E+01 5.690E-03
  1.202300E+01 5.240E-03
  1.248660E+01 4.830E-03
  1.296740E+01 4.450E-03
  1.346630E+01 4.100E-03
  1.398370E+01 3.780E-03
  1.452040E+01 3.480E-03
  1.507710E+01 3.210E-03
  1.565450E+01 2.960E-03
  1.625320E+01 2.730E-03
  1.687410E+01 2.510E-03
  1.751790E+01 2.310E-03
  1.818550E+01 2.130E-03
  1.887770E+01 1.970E-03
  1.959520E+01 1.810E-03
  2.033910E+01 1.670E-03
  2.111020E+01 1.540E-03
  2.190950E+01 1.420E-03
  2.273801E+01 1.300E-03
  2.359660E+01 1.200E-03
  2.448640E+01 1.110E-03
  2.540849E+01 1.020E-03
  2.636400E+01 9.390E-04
  2.735390E+01 8.640E-04
  2.837970E+01 7.960E-04
  2.944231E+01 7.330E-04
  3.054311E+01 6.750E-04
  3.168330E+01 6.220E-04
  3.286440E+01 5.730E-04
  3.408771E+01 5.270E-04
  3.535460E+01 4.860E-04
  3.666650E+01 4.470E-04
  3.802510E+01 4.120E-04
  3.920531E+01 3.840E-04
      22  10   3   211    8  -7.94296E-01     116
  6.662960E-01 2.870E+00
  7.942970E-01 1.980E+00
  8.247520E-01 1.820E+00
  8.563920E-01 1.680E+00
  8.892620E-01 1.550E+00
  9.234080E-01 1.430E+00
  9.588770E-01 1.320E+00
  9.957190E-01 1.220E+00
  1.033980E+00 1.120E+00
  1.073720E+00 1.030E+00
  1.114990E+00 9.530E-01
  1.157850E+00 8.780E-01
  1.202350E+00 8.100E-01
  1.248550E+00 7.470E-01
  1.296520E+00 6.880E-01
  1.346320E+00 6.340E-01
  1.398000E+00 5.850E-01
  1.451650E+00 5.390E-01
  1.507330E+00 4.970E-01
  1.565110E+00 4.580E-01
  1.625070E+00 4.220E-01
  1.687280E+00 3.890E-01
  1.751820E+00 3.580E-01
  1.818770E+00 3.300E-01
  1.888210E+00 3.040E-01
  1.960230E+00 2.800E-01
  2.034920E+00 2.580E-01
  2.112370E+00 2.380E-01
  2.192670E+00 2.190E-01
  2.275910E+00 2.020E-01
  2.362190E+00 1.860E-01
  2.451630E+00 1.710E-01
  2.544310E+00 1.580E-01
  2.640340E+00 1.450E-01
  2.739850E+00 1.340E-01
  2.842930E+00 1.230E-01
  2.949700E+00 1.130E-01
  3.060280E+00 1.040E-01
  3.174800E+00 9.610E-02
  3.293370E+00 8.850E-02
  3.416130E+00 8.140E-02
  3.543210E+00 7.500E-02
  3.674740E+00 6.900E-02
  3.810860E+00 6.350E-02
  3.951710E+00 5.840E-02
  4.097430E+00 5.380E-02
  4.248180E+00 4.950E-02
  4.404110E+00 4.550E-02
  4.565370E+00 4.190E-02
  4.732110E+00 3.860E-02
  4.904520E+00 3.550E-02
  5.082740E+00 3.260E-02
  5.266960E+00 3.000E-02
  5.457340E+00 2.760E-02
  5.654070E+00 2.540E-02
  5.857330E+00 2.340E-02
  6.067300E+00 2.150E-02
  6.284180E+00 1.970E-02
  6.508160E+00 1.820E-02
  6.739440E+00 1.670E-02
  6.978230E+00 1.530E-02
  7.224730E+00 1.410E-02
  7.479170E+00 1.300E-02
  7.741740E+00 1.190E-02
  8.012680E+00 1.090E-02
  8.292220E+00 1.010E-02
  8.580580E+00 9.250E-03
  8.878000E+00 8.500E-03
  9.184730E+00 7.810E-03
  9.501000E+00 7.170E-03
  9.827080E+00 6.590E-03
  1.016320E+01 6.060E-03
  1.050970E+01 5.560E-03
  1.086670E+01 5.110E-03
  1.123460E+01 4.690E-03
  1.161360E+01 4.310E-03
  1.200400E+01 3.960E-03
  1.240610E+01 3.630E-03
  1.282030E+01 3.340E-03
  1.324670E+01 3.070E-03
  1.368570E+01 2.810E-03
  1.413760E+01 2.580E-03
  1.460280E+01 2.370E-03
  1.508150E+01 2.180E-03
  1.557410E+01 2.000E-03
  1.608090E+01 1.830E-03
  1.660220E+01 1.680E-03
  1.713840E+01 1.540E-03
  1.768980E+01 1.420E-03
  1.825690E+01 1.300E-03
  1.883990E+01 1.190E-03
  1.943930E+01 1.090E-03
  2.005540E+01 1.000E-03
  2.068860E+01 9.220E-04
  2.133920E+01 8.460E-04
  2.200780E+01 7.750E-04
  2.269460E+01 7.110E-04
  2.340021E+01 6.520E-04
  2.412480E+01 5.980E-04
  2.486900E+01 5.490E-04
  2.563319E+01 5.030E-04
  2.641780E+01 4.610E-04
  2.722330E+01 4.230E-04
  2.805009E+01 3.880E-04
  2.889861E+01 3.560E-04
  2.976939E+01 3.260E-04
  3.066290E+01 2.990E-04
  3.157961E+01 2.740E-04
  3.252000E+01 2.510E-04
  3.348460E+01 2.300E-04
  3.447391E+01 2.110E-04
  3.548840E+01 1.930E-04
  3.652859E+01 1.770E-04
  3.759509E+01 1.620E-04
  3.868840E+01 1.490E-04
  3.919431E+01 1.430E-04
      23  10   3   220    7  -7.90381E-01     117
  6.623810E-01 3.080E+00
  7.903810E-01 2.080E+00
  8.203450E-01 1.920E+00
  8.513870E-01 1.770E+00
  8.835430E-01 1.630E+00
  9.168450E-01 1.500E+00
  9.513310E-01 1.380E+00
  9.870370E-01 1.270E+00
  1.024000E+00 1.170E+00
  1.062250E+00 1.070E+00
  1.101840E+00 9.890E-01
  1.142810E+00 9.100E-01
  1.185190E+00 8.370E-01
  1.229020E+00 7.700E-01
  1.274350E+00 7.090E-01
  1.321220E+00 6.520E-01
  1.369670E+00 6.000E-01
  1.419760E+00 5.520E-01
  1.471520E+00 5.070E-01
  1.525000E+00 4.660E-01
  1.580250E+00 4.290E-01
  1.637320E+00 3.940E-01
  1.696260E+00 3.630E-01
  1.757120E+00 3.330E-01
  1.819950E+00 3.060E-01
  1.884810E+00 2.820E-01
  1.951740E+00 2.590E-01
  2.020800E+00 2.380E-01
  2.092050E+00 2.190E-01
  2.165540E+00 2.010E-01
  2.241330E+00 1.850E-01
  2.319480E+00 1.700E-01
  2.400050E+00 1.560E-01
  2.483100E+00 1.430E-01
  2.568690E+00 1.310E-01
  2.656880E+00 1.210E-01
  2.747740E+00 1.110E-01
  2.841330E+00 1.020E-01
  2.937710E+00 9.350E-02
  3.036970E+00 8.580E-02
  3.139150E+00 7.880E-02
  3.244330E+00 7.230E-02
  3.352590E+00 6.640E-02
  3.463980E+00 6.090E-02
  3.578600E+00 5.590E-02
  3.696490E+00 5.130E-02
  3.817750E+00 4.710E-02
  3.942460E+00 4.320E-02
  4.070670E+00 3.960E-02
  4.202480E+00 3.640E-02
  4.337960E+00 3.340E-02
  4.477190E+00 3.060E-02
  4.620250E+00 2.810E-02
  4.767230E+00 2.570E-02
  4.918210E+00 2.360E-02
  5.073280E+00 2.170E-02
  5.232520E+00 1.990E-02
  5.396020E+00 1.820E-02
  5.563870E+00 1.670E-02
  5.736150E+00 1.530E-02
  5.912960E+00 1.400E-02
  6.094400E+00 1.290E-02
  6.280550E+00 1.180E-02
  6.471510E+00 1.080E-02
  6.667370E+00 9.900E-03
  6.868240E+00 9.070E-03
  7.074220E+00 8.310E-03
  7.285390E+00 7.620E-03
  7.501880E+00 6.980E-03
  7.723770E+00 6.390E-03
  7.951170E+00 5.860E-03
  8.184190E+00 5.360E-03
  8.422930E+00 4.910E-03
  8.667500E+00 4.500E-03
  8.918020E+00 4.120E-03
  9.174590E+00 3.780E-03
  9.437330E+00 3.460E-03
  9.706340E+00 3.170E-03
  9.981750E+00 2.900E-03
  1.026370E+01 2.650E-03
  1.055220E+01 2.430E-03
  1.084750E+01 2.220E-03
  1.114970E+01 2.040E-03
  1.145890E+01 1.860E-03
  1.177520E+01 1.710E-03
  1.209870E+01 1.560E-03
  1.242960E+01 1.430E-03
  1.276800E+01 1.310E-03
  1.311400E+01 1.200E-03
  1.346780E+01 1.100E-03
  1.382940E+01 1.000E-03
  1.419910E+01 9.170E-04
  1.457700E+01 8.390E-04
  1.496320E+01 7.680E-04
  1.535780E+01 7.030E-04
  1.576100E+01 6.430E-04
  1.617290E+01 5.880E-04
  1.659370E+01 5.380E-04
  1.702350E+01 4.920E-04
  1.746240E+01 4.500E-04
  1.791071E+01 4.120E-04
  1.836839E+01 3.760E-04
  1.883580E+01 3.440E-04
  1.931290E+01 3.150E-04
  1.980000E+01 2.880E-04
  2.029710E+01 2.630E-04
  2.080450E+01 2.410E-04
  2.132230E+01 2.200E-04
  2.185060E+01 2.010E-04
  2.238969E+01 1.840E-04
  2.293970E+01 1.680E-04
  2.350070E+01 1.540E-04
  2.407300E+01 1.400E-04
  2.465669E+01 1.280E-04
  2.525200E+01 1.170E-04
  2.585910E+01 1.070E-04
  2.639040E+01 9.930E-05
      24  10   3   200    9  -6.51015E-01       0
      25  10   3   211    9  -6.43041E-01       0
      26  10   3   220    8  -6.40189E-01       0
 ================================================
