# U-code (SimU suite) 1.31.0
# Run as: /home1/fnevgeny/u/bin/u -A /home1/fnevgeny/ucode/adata/adata.xml -C /home1/fnevgeny/u/conf/u/Mg_XII:beta.xml -f /local/fields/Mg/Mg_in_Al/Mg_XII:2.6e22:1300:2500.dat.gz -k 4 -r 500 -t 40000 -w 300000 --degenerate -o Mg_XII:2.6e22:1300:2500:deg.dat 
# PID: 5066
# dt = 9.33765e-19 sec, F0 = 910.664 MV/cm
# w0 = 14072834 1/cm, lambda0 = 7.10589 A, dl/dw = -5.04937e-07 A*cm
# max nonu = 0
# norm = 1.34493e+06
# P = 0.00178225 a.u., S = 0.00183127, A = 1.14905e+12 1/s, f = 0.0782814
-299176 0.0024763
-298283 0.00248722
-297390 0.00246555
-296497 0.00246627
-295604 0.00249548
-294711 0.00251142
-293817 0.00249809
-292924 0.00256126
-292031 0.00261161
-291138 0.00261799
-290245 0.00264468
-289352 0.00267478
-288459 0.00269864
-287566 0.00270228
-286673 0.00271421
-285780 0.00278658
-284887 0.00278561
-283994 0.00278933
-283101 0.00277088
-282208 0.00286
-281315 0.00286157
-280422 0.00285224
-279528 0.00286329
-278635 0.00295655
-277742 0.00296834
-276849 0.00296443
-275956 0.00297804
-275063 0.00296557
-274170 0.00303094
-273277 0.00300509
-272384 0.00304538
-271491 0.003067
-270598 0.00311991
-269705 0.00310079
-268812 0.0031339
-267919 0.00320918
-267026 0.00315711
-266133 0.00320002
-265239 0.00324242
-264346 0.00324918
-263453 0.00334607
-262560 0.00335873
-261667 0.00340418
-260774 0.00336014
-259881 0.00340293
-258988 0.00344752
-258095 0.00351972
-257202 0.00352011
-256309 0.00357308
-255416 0.00360975
-254523 0.00360342
-253630 0.00362066
-252737 0.00364905
-251844 0.00362375
-250950 0.00367726
-250057 0.00374948
-249164 0.00375696
-248271 0.00370473
-247378 0.00382193
-246485 0.00388411
-245592 0.00385355
-244699 0.00385815
-243806 0.0038906
-242913 0.00388434
-242020 0.00396142
-241127 0.00392232
-240234 0.00402579
-239341 0.00404205
-238448 0.00415316
-237555 0.0041472
-236661 0.00431832
-235768 0.00430857
-234875 0.00431379
-233982 0.00442908
-233089 0.00443088
-232196 0.00452945
-231303 0.00456411
-230410 0.00472101
-229517 0.00469928
-228624 0.00479423
-227731 0.00478583
-226838 0.00490464
-225945 0.00491164
-225052 0.00496618
-224159 0.00497762
-223266 0.00503654
-222372 0.00525398
-221479 0.00521935
-220586 0.00523926
-219693 0.00523211
-218800 0.00540418
-217907 0.00539553
-217014 0.00530177
-216121 0.00541624
-215228 0.00543931
-214335 0.00552284
-213442 0.00560764
-212549 0.00561358
-211656 0.00577917
-210763 0.00576634
-209870 0.00580832
-208977 0.00590017
-208083 0.0058704
-207190 0.00592171
-206297 0.0059922
-205404 0.00600733
-204511 0.00609352
-203618 0.00628433
-202725 0.00628167
-201832 0.00629833
-200939 0.00634817
-200046 0.00650636
-199153 0.00671788
-198260 0.00676023
-197367 0.00685101
-196474 0.00698748
-195581 0.00704874
-194688 0.00717676
-193795 0.00722135
-192901 0.00725379
-192008 0.00738288
-191115 0.0076009
-190222 0.00765233
-189329 0.0076788
-188436 0.00776126
-187543 0.00784676
-186650 0.00783474
-185757 0.0079183
-184864 0.00803726
-183971 0.00811768
-183078 0.00822054
-182185 0.0083652
-181292 0.00841387
-180399 0.00849858
-179506 0.00857256
-178612 0.00866088
-177719 0.00893575
-176826 0.00892037
-175933 0.00910562
-175040 0.0094038
-174147 0.00956223
-173254 0.00956431
-172361 0.00977752
-171468 0.0101031
-170575 0.0100383
-169682 0.0104288
-168789 0.0103531
-167896 0.010455
-167003 0.0106419
-166110 0.0107368
-165217 0.0111011
-164323 0.0114184
-163430 0.0112763
-162537 0.0114016
-161644 0.0118288
-160751 0.0118609
-159858 0.011919
-158965 0.0120683
-158072 0.0121244
-157179 0.012588
-156286 0.0126243
-155393 0.0129611
-154500 0.0130277
-153607 0.0131486
-152714 0.0134206
-151821 0.0135828
-150928 0.0135482
-150034 0.0141374
-149141 0.0146675
-148248 0.0146622
-147355 0.014816
-146462 0.0150636
-145569 0.0153771
-144676 0.0156866
-143783 0.0157974
-142890 0.0159666
-141997 0.0163155
-141104 0.0165633
-140211 0.0168036
-139318 0.0173778
-138425 0.0174966
-137532 0.0180192
-136639 0.0183444
-135745 0.0180484
-134852 0.0188241
-133959 0.0189285
-133066 0.0191975
-132173 0.0195593
-131280 0.0199926
-130387 0.020083
-129494 0.0206787
-128601 0.0209908
-127708 0.0212432
-126815 0.0215077
-125922 0.022161
-125029 0.0221532
-124136 0.0226172
-123243 0.0232532
-122350 0.02377
-121456 0.0241806
-120563 0.0245354
-119670 0.0248311
-118777 0.0251537
-117884 0.0258897
-116991 0.0259422
-116098 0.026722
-115205 0.0269027
-114312 0.0274666
-113419 0.0286617
-112526 0.0293738
-111633 0.0297917
-110740 0.0302209
-109847 0.0304399
-108954 0.0314409
-108061 0.0319107
-107167 0.0331405
-106274 0.0336247
-105381 0.0350975
-104488 0.0351681
-103595 0.0363927
-102702 0.0367486
-101809 0.0380428
-100916 0.0387634
-100023 0.0394457
-99129.9 0.0408452
-98236.8 0.0413554
-97343.8 0.042679
-96450.7 0.043137
-95557.7 0.0442616
-94664.6 0.0445357
-93771.5 0.0456807
-92878.5 0.0457604
-91985.4 0.0475127
-91092.3 0.04847
-90199.3 0.0499174
-89306.2 0.0509893
-88413.2 0.0528295
-87520.1 0.0542095
-86627 0.0551517
-85734 0.0566169
-84840.9 0.0576276
-83947.8 0.0587721
-83054.8 0.0609866
-82161.7 0.0635872
-81268.7 0.0659734
-80375.6 0.0669108
-79482.5 0.0682401
-78589.5 0.069917
-77696.4 0.0715451
-76803.4 0.0736782
-75910.3 0.0770209
-75017.2 0.0808304
-74124.2 0.083065
-73231.1 0.0842099
-72338 0.0868546
-71445 0.0891764
-70551.9 0.0912205
-69658.9 0.0943707
-68765.8 0.0980644
-67872.7 0.101544
-66979.7 0.103003
-66086.6 0.106165
-65193.5 0.111914
-64300.5 0.113292
-63407.4 0.117945
-62514.4 0.121322
-61621.3 0.123119
-60728.2 0.129251
-59835.2 0.130575
-58942.1 0.135443
-58049 0.141916
-57156 0.147701
-56262.9 0.152895
-55369.9 0.157976
-54476.8 0.167014
-53583.7 0.173821
-52690.7 0.178097
-51797.6 0.185927
-50904.5 0.1914
-50011.5 0.199049
-49118.4 0.20979
-48225.4 0.213979
-47332.3 0.225863
-46439.2 0.231839
-45546.2 0.242709
-44653.1 0.251185
-43760 0.262897
-42867 0.275466
-41973.9 0.282693
-41080.9 0.294794
-40187.8 0.314497
-39294.7 0.321838
-38401.7 0.335054
-37508.6 0.349147
-36615.6 0.356781
-35722.5 0.379803
-34829.4 0.394128
-33936.4 0.415533
-33043.3 0.435417
-32150.2 0.445154
-31257.2 0.466992
-30364.1 0.484965
-29471.1 0.512863
-28578 0.541197
-27684.9 0.566293
-26791.9 0.594531
-25898.8 0.619575
-25005.7 0.654207
-24112.7 0.679653
-23219.6 0.698677
-22326.6 0.742597
-21433.5 0.791601
-20540.4 0.808599
-19647.4 0.838171
-18754.3 0.879135
-17861.2 0.902212
-16968.2 0.929582
-16075.1 0.952006
-15182.1 1
-14289 0.995406
-13395.9 0.990788
-12502.9 0.995058
-11609.8 0.989441
-10716.7 0.970471
-9823.68 0.93254
-8930.62 0.902802
-8037.56 0.843512
-7144.5 0.792964
-6251.44 0.722279
-5358.37 0.675523
-4465.31 0.630193
-3572.25 0.600445
-2679.19 0.565915
-1786.12 0.534276
-893.062 0.512393
0 0.502896
893.062 0.512393
1786.12 0.534276
2679.19 0.565915
3572.25 0.600445
4465.31 0.630193
5358.37 0.675523
6251.44 0.722279
7144.5 0.792964
8037.56 0.843512
8930.62 0.902802
9823.68 0.93254
10716.7 0.970471
11609.8 0.989441
12502.9 0.995058
13395.9 0.990788
14289 0.995406
15182.1 1
16075.1 0.952006
16968.2 0.929582
17861.2 0.902212
18754.3 0.879135
19647.4 0.838171
20540.4 0.808599
21433.5 0.791601
22326.6 0.742597
23219.6 0.698677
24112.7 0.679653
25005.7 0.654207
25898.8 0.619575
26791.9 0.594531
27684.9 0.566293
28578 0.541197
29471.1 0.512863
30364.1 0.484965
31257.2 0.466992
32150.2 0.445154
33043.3 0.435417
33936.4 0.415533
34829.4 0.394128
35722.5 0.379803
36615.6 0.356781
37508.6 0.349147
38401.7 0.335054
39294.7 0.321838
40187.8 0.314497
41080.9 0.294794
41973.9 0.282693
42867 0.275466
43760 0.262897
44653.1 0.251185
45546.2 0.242709
46439.2 0.231839
47332.3 0.225863
48225.4 0.213979
49118.4 0.20979
50011.5 0.199049
50904.5 0.1914
51797.6 0.185927
52690.7 0.178097
53583.7 0.173821
54476.8 0.167014
55369.9 0.157976
56262.9 0.152895
57156 0.147701
58049 0.141916
58942.1 0.135443
59835.2 0.130575
60728.2 0.129251
61621.3 0.123119
62514.4 0.121322
63407.4 0.117945
64300.5 0.113292
65193.5 0.111914
66086.6 0.106165
66979.7 0.103003
67872.7 0.101544
68765.8 0.0980644
69658.9 0.0943707
70551.9 0.0912205
71445 0.0891764
72338 0.0868546
73231.1 0.0842099
74124.2 0.083065
75017.2 0.0808304
75910.3 0.0770209
76803.4 0.0736782
77696.4 0.0715451
78589.5 0.069917
79482.5 0.0682401
80375.6 0.0669108
81268.7 0.0659734
82161.7 0.0635872
83054.8 0.0609866
83947.8 0.0587721
84840.9 0.0576276
85734 0.0566169
86627 0.0551517
87520.1 0.0542095
88413.2 0.0528295
89306.2 0.0509893
90199.3 0.0499174
91092.3 0.04847
91985.4 0.0475127
92878.5 0.0457604
93771.5 0.0456807
94664.6 0.0445357
95557.7 0.0442616
96450.7 0.043137
97343.8 0.042679
98236.8 0.0413554
99129.9 0.0408452
100023 0.0394457
100916 0.0387634
101809 0.0380428
102702 0.0367486
103595 0.0363927
104488 0.0351681
105381 0.0350975
106274 0.0336247
107167 0.0331405
108061 0.0319107
108954 0.0314409
109847 0.0304399
110740 0.0302209
111633 0.0297917
112526 0.0293738
113419 0.0286617
114312 0.0274666
115205 0.0269027
116098 0.026722
116991 0.0259422
117884 0.0258897
118777 0.0251537
119670 0.0248311
120563 0.0245354
121456 0.0241806
122350 0.02377
123243 0.0232532
124136 0.0226172
125029 0.0221532
125922 0.022161
126815 0.0215077
127708 0.0212432
128601 0.0209908
129494 0.0206787
130387 0.020083
131280 0.0199926
132173 0.0195593
133066 0.0191975
133959 0.0189285
134852 0.0188241
135745 0.0180484
136639 0.0183444
137532 0.0180192
138425 0.0174966
139318 0.0173778
140211 0.0168036
141104 0.0165633
141997 0.0163155
142890 0.0159666
143783 0.0157974
144676 0.0156866
145569 0.0153771
146462 0.0150636
147355 0.014816
148248 0.0146622
149141 0.0146675
150034 0.0141374
150928 0.0135482
151821 0.0135828
152714 0.0134206
153607 0.0131486
154500 0.0130277
155393 0.0129611
156286 0.0126243
157179 0.012588
158072 0.0121244
158965 0.0120683
159858 0.011919
160751 0.0118609
161644 0.0118288
162537 0.0114016
163430 0.0112763
164323 0.0114184
165217 0.0111011
166110 0.0107368
167003 0.0106419
167896 0.010455
168789 0.0103531
169682 0.0104288
170575 0.0100383
171468 0.0101031
172361 0.00977752
173254 0.00956431
174147 0.00956223
175040 0.0094038
175933 0.00910562
176826 0.00892037
177719 0.00893575
178612 0.00866088
179506 0.00857256
180399 0.00849858
181292 0.00841387
182185 0.0083652
183078 0.00822054
183971 0.00811768
184864 0.00803726
185757 0.0079183
186650 0.00783474
187543 0.00784676
188436 0.00776126
189329 0.0076788
190222 0.00765233
191115 0.0076009
192008 0.00738288
192901 0.00725379
193795 0.00722135
194688 0.00717676
195581 0.00704874
196474 0.00698748
197367 0.00685101
198260 0.00676023
199153 0.00671788
200046 0.00650636
200939 0.00634817
201832 0.00629833
202725 0.00628167
203618 0.00628433
204511 0.00609352
205404 0.00600733
206297 0.0059922
207190 0.00592171
208083 0.0058704
208977 0.00590017
209870 0.00580832
210763 0.00576634
211656 0.00577917
212549 0.00561358
213442 0.00560764
214335 0.00552284
215228 0.00543931
216121 0.00541624
217014 0.00530177
217907 0.00539553
218800 0.00540418
219693 0.00523211
220586 0.00523926
221479 0.00521935
222372 0.00525398
223266 0.00503654
224159 0.00497762
225052 0.00496618
225945 0.00491164
226838 0.00490464
227731 0.00478583
228624 0.00479423
229517 0.00469928
230410 0.00472101
231303 0.00456411
232196 0.00452945
233089 0.00443088
233982 0.00442908
234875 0.00431379
235768 0.00430857
236661 0.00431832
237555 0.0041472
238448 0.00415316
239341 0.00404205
240234 0.00402579
241127 0.00392232
242020 0.00396142
242913 0.00388434
243806 0.0038906
244699 0.00385815
245592 0.00385355
246485 0.00388411
247378 0.00382193
248271 0.00370473
249164 0.00375696
250057 0.00374948
250950 0.00367726
251844 0.00362375
252737 0.00364905
253630 0.00362066
254523 0.00360342
255416 0.00360975
256309 0.00357308
257202 0.00352011
258095 0.00351972
258988 0.00344752
259881 0.00340293
260774 0.00336014
261667 0.00340418
262560 0.00335873
263453 0.00334607
264346 0.00324918
265239 0.00324242
266133 0.00320002
267026 0.00315711
267919 0.00320918
268812 0.0031339
269705 0.00310079
270598 0.00311991
271491 0.003067
272384 0.00304538
273277 0.00300509
274170 0.00303094
275063 0.00296557
275956 0.00297804
276849 0.00296443
277742 0.00296834
278635 0.00295655
279528 0.00286329
280422 0.00285224
281315 0.00286157
282208 0.00286
283101 0.00277088
283994 0.00278933
284887 0.00278561
285780 0.00278658
286673 0.00271421
287566 0.00270228
288459 0.00269864
289352 0.00267478
290245 0.00264468
291138 0.00261799
292031 0.00261161
292924 0.00256126
293817 0.00249809
294711 0.00251142
295604 0.00249548
296497 0.00246627
297390 0.00246555
298283 0.00248722
299176 0.0024763
