   hvEV     ShapeJV   ShapeJVTD  ShaJVTD10  ShaJVTD10i   KappaD
 1703.848  .2507E-03  .1427E-03  .4030E-06  .4615E-06    .0000
 1704.033  .2493E-03  .1535E-03  .4658E-06  .5201E-06    .0001
 1704.218  .2529E-03  .1642E-03  .5332E-06  .5822E-06    .0001
 1704.404  .2527E-03  .1749E-03  .6047E-06  .6475E-06    .0001
 1704.589  .2610E-03  .1854E-03  .6798E-06  .7156E-06    .0001
 1704.774  .2646E-03  .1957E-03  .7578E-06  .7862E-06    .0001
 1704.960  .2687E-03  .2058E-03  .8380E-06  .8587E-06    .0001
 1705.145  .2727E-03  .2156E-03  .9197E-06  .9328E-06    .0001
 1705.331  .2738E-03  .2251E-03  .1002E-05  .1008E-05    .0001
 1705.516  .2815E-03  .2342E-03  .1085E-05  .1084E-05    .0001
 1705.701  .2818E-03  .2429E-03  .1167E-05  .1160E-05    .0001
 1705.887  .2802E-03  .2512E-03  .1248E-05  .1236E-05    .0001
 1706.072  .2892E-03  .2591E-03  .1328E-05  .1311E-05    .0001
 1706.258  .2884E-03  .2666E-03  .1406E-05  .1386E-05    .0001
 1706.443  .2944E-03  .2737E-03  .1482E-05  .1460E-05    .0001
 1706.629  .3001E-03  .2805E-03  .1556E-05  .1533E-05    .0001
 1706.814  .3005E-03  .2868E-03  .1627E-05  .1605E-05    .0001
 1707.000  .3003E-03  .2929E-03  .1697E-05  .1675E-05    .0001
 1707.186  .3049E-03  .2987E-03  .1765E-05  .1745E-05    .0001
 1707.371  .3081E-03  .3042E-03  .1831E-05  .1813E-05    .0001
 1707.557  .3133E-03  .3095E-03  .1895E-05  .1880E-05    .0001
 1707.742  .3139E-03  .3146E-03  .1958E-05  .1946E-05    .0001
 1707.928  .3217E-03  .3196E-03  .2020E-05  .2012E-05    .0001
 1708.114  .3199E-03  .3244E-03  .2082E-05  .2077E-05    .0001
 1708.300  .3264E-03  .3291E-03  .2143E-05  .2142E-05    .0001
 1708.485  .3303E-03  .3338E-03  .2204E-05  .2207E-05    .0001
 1708.671  .3392E-03  .3384E-03  .2265E-05  .2272E-05    .0001
 1708.857  .3432E-03  .3430E-03  .2327E-05  .2338E-05    .0001
 1709.043  .3429E-03  .3476E-03  .2390E-05  .2404E-05    .0001
 1709.228  .3503E-03  .3522E-03  .2454E-05  .2472E-05    .0001
 1709.414  .3559E-03  .3569E-03  .2519E-05  .2541E-05    .0001
 1709.600  .3623E-03  .3616E-03  .2586E-05  .2612E-05    .0001
 1709.786  .3645E-03  .3664E-03  .2655E-05  .2684E-05    .0001
 1709.972  .3670E-03  .3713E-03  .2726E-05  .2758E-05    .0001
 1710.158  .3668E-03  .3762E-03  .2800E-05  .2835E-05    .0001
 1710.344  .3743E-03  .3813E-03  .2876E-05  .2914E-05    .0001
 1710.530  .3797E-03  .3866E-03  .2955E-05  .2996E-05    .0001
 1710.716  .3790E-03  .3919E-03  .3038E-05  .3081E-05    .0001
 1710.902  .3920E-03  .3974E-03  .3123E-05  .3169E-05    .0001
 1711.088  .3898E-03  .4030E-03  .3212E-05  .3261E-05    .0001
 1711.274  .3931E-03  .4088E-03  .3305E-05  .3356E-05    .0001
 1711.460  .3962E-03  .4147E-03  .3402E-05  .3454E-05    .0001
 1711.646  .3967E-03  .4208E-03  .3502E-05  .3557E-05    .0001
 1711.832  .4078E-03  .4270E-03  .3607E-05  .3663E-05    .0001
 1712.018  .4199E-03  .4334E-03  .3716E-05  .3774E-05    .0001
 1712.204  .4283E-03  .4400E-03  .3829E-05  .3888E-05    .0001
 1712.390  .4356E-03  .4467E-03  .3946E-05  .4007E-05    .0001
 1712.577  .4426E-03  .4535E-03  .4068E-05  .4131E-05    .0002
 1712.763  .4487E-03  .4605E-03  .4195E-05  .4259E-05    .0002
 1712.949  .4600E-03  .4677E-03  .4326E-05  .4392E-05    .0002
 1713.135  .4771E-03  .4750E-03  .4462E-05  .4530E-05    .0002
 1713.322  .4812E-03  .4824E-03  .4603E-05  .4673E-05    .0002
 1713.508  .4857E-03  .4900E-03  .4749E-05  .4821E-05    .0002
 1713.694  .4964E-03  .4977E-03  .4900E-05  .4975E-05    .0002
 1713.881  .5023E-03  .5056E-03  .5056E-05  .5134E-05    .0002
 1714.067  .5075E-03  .5136E-03  .5218E-05  .5299E-05    .0002
 1714.253  .5304E-03  .5218E-03  .5386E-05  .5471E-05    .0002
 1714.440  .5292E-03  .5302E-03  .5559E-05  .5648E-05    .0002
 1714.626  .5337E-03  .5387E-03  .5739E-05  .5833E-05    .0002
 1714.812  .5457E-03  .5473E-03  .5925E-05  .6025E-05    .0002
 1714.999  .5397E-03  .5562E-03  .6119E-05  .6224E-05    .0002
 1715.185  .5496E-03  .5653E-03  .6320E-05  .6431E-05    .0002
 1715.372  .5614E-03  .5745E-03  .6529E-05  .6647E-05    .0002
 1715.558  .5675E-03  .5840E-03  .6746E-05  .6872E-05    .0002
 1715.745  .5838E-03  .5937E-03  .6972E-05  .7105E-05    .0002
 1715.931  .5869E-03  .6037E-03  .7208E-05  .7349E-05    .0002
 1716.118  .5952E-03  .6139E-03  .7454E-05  .7604E-05    .0002
 1716.305  .5985E-03  .6244E-03  .7711E-05  .7869E-05    .0002
 1716.491  .6066E-03  .6351E-03  .7979E-05  .8147E-05    .0002
 1716.678  .6163E-03  .6462E-03  .8259E-05  .8436E-05    .0002
 1716.864  .6352E-03  .6576E-03  .8552E-05  .8739E-05    .0002
 1717.051  .6371E-03  .6692E-03  .8858E-05  .9057E-05    .0002
 1717.238  .6511E-03  .6812E-03  .9178E-05  .9388E-05    .0002
 1717.425  .6796E-03  .6936E-03  .9514E-05  .9736E-05    .0002
 1717.611  .6892E-03  .7063E-03  .9865E-05  .1010E-04    .0002
 1717.798  .7074E-03  .7193E-03  .1023E-04  .1048E-04    .0002
 1717.985  .7214E-03  .7327E-03  .1062E-04  .1088E-04    .0002
 1718.172  .7308E-03  .7466E-03  .1102E-04  .1130E-04    .0002
 1718.358  .7428E-03  .7608E-03  .1145E-04  .1174E-04    .0003
 1718.545  .7697E-03  .7754E-03  .1189E-04  .1220E-04    .0003
 1718.732  .7757E-03  .7905E-03  .1236E-04  .1269E-04    .0003
 1718.919  .7872E-03  .8060E-03  .1285E-04  .1319E-04    .0003
 1719.106  .7923E-03  .8220E-03  .1336E-04  .1373E-04    .0003
 1719.293  .8047E-03  .8384E-03  .1390E-04  .1429E-04    .0003
 1719.480  .8196E-03  .8554E-03  .1447E-04  .1488E-04    .0003
 1719.667  .8368E-03  .8728E-03  .1507E-04  .1550E-04    .0003
 1719.854  .8503E-03  .8908E-03  .1570E-04  .1615E-04    .0003
 1720.041  .8625E-03  .9094E-03  .1636E-04  .1684E-04    .0003
 1720.228  .8754E-03  .9285E-03  .1705E-04  .1756E-04    .0003
 1720.415  .9027E-03  .9482E-03  .1778E-04  .1832E-04    .0003
 1720.602  .9212E-03  .9685E-03  .1855E-04  .1912E-04    .0003
 1720.789  .9595E-03  .9894E-03  .1936E-04  .1996E-04    .0003
 1720.976  .9685E-03  .1011E-02  .2021E-04  .2085E-04    .0003
 1721.163  .1008E-02  .1033E-02  .2111E-04  .2178E-04    .0003
 1721.350  .1020E-02  .1056E-02  .2205E-04  .2277E-04    .0004
 1721.537  .1049E-02  .1080E-02  .2305E-04  .2380E-04    .0004
 1721.724  .1060E-02  .1104E-02  .2410E-04  .2490E-04    .0004
 1721.912  .1083E-02  .1129E-02  .2520E-04  .2605E-04    .0004
 1722.099  .1130E-02  .1155E-02  .2637E-04  .2726E-04    .0004
 1722.286  .1144E-02  .1181E-02  .2760E-04  .2854E-04    .0004
 1722.473  .1165E-02  .1209E-02  .2889E-04  .2989E-04    .0004
 1722.661  .1199E-02  .1237E-02  .3026E-04  .3132E-04    .0004
 1722.848  .1210E-02  .1266E-02  .3169E-04  .3282E-04    .0004
 1723.035  .1225E-02  .1296E-02  .3321E-04  .3441E-04    .0004
 1723.223  .1274E-02  .1327E-02  .3481E-04  .3608E-04    .0004
 1723.410  .1308E-02  .1359E-02  .3650E-04  .3785E-04    .0005
 1723.597  .1323E-02  .1391E-02  .3829E-04  .3972E-04    .0005
 1723.785  .1356E-02  .1425E-02  .4017E-04  .4169E-04    .0005
 1723.972  .1371E-02  .1460E-02  .4216E-04  .4378E-04    .0005
 1724.160  .1432E-02  .1496E-02  .4427E-04  .4599E-04    .0005
 1724.347  .1483E-02  .1533E-02  .4649E-04  .4833E-04    .0005
 1724.535  .1500E-02  .1572E-02  .4884E-04  .5081E-04    .0005
 1724.722  .1543E-02  .1611E-02  .5133E-04  .5344E-04    .0005
 1724.910  .1588E-02  .1652E-02  .5396E-04  .5622E-04    .0006
 1725.097  .1609E-02  .1694E-02  .5675E-04  .5917E-04    .0006
 1725.285  .1655E-02  .1738E-02  .5970E-04  .6231E-04    .0006
 1725.472  .1693E-02  .1783E-02  .6284E-04  .6564E-04    .0006
 1725.660  .1760E-02  .1829E-02  .6616E-04  .6918E-04    .0006
 1725.848  .1812E-02  .1877E-02  .6970E-04  .7295E-04    .0006
 1726.035  .1845E-02  .1927E-02  .7345E-04  .7696E-04    .0006
 1726.223  .1893E-02  .1979E-02  .7745E-04  .8124E-04    .0007
 1726.411  .1925E-02  .2033E-02  .8170E-04  .8581E-04    .0007
 1726.598  .1975E-02  .2088E-02  .8624E-04  .9069E-04    .0007
 1726.786  .2026E-02  .2146E-02  .9107E-04  .9590E-04    .0007
 1726.974  .2090E-02  .2206E-02  .9624E-04  .1015E-03    .0007
 1727.161  .2136E-02  .2269E-02  .1018E-03  .1074E-03    .0008
 1727.349  .2178E-02  .2333E-02  .1077E-03  .1138E-03    .0008
 1727.537  .2240E-02  .2401E-02  .1140E-03  .1207E-03    .0008
 1727.725  .2295E-02  .2471E-02  .1208E-03  .1281E-03    .0008
 1727.913  .2385E-02  .2545E-02  .1281E-03  .1360E-03    .0009
 1728.101  .2451E-02  .2621E-02  .1359E-03  .1445E-03    .0009
 1728.288  .2502E-02  .2701E-02  .1443E-03  .1537E-03    .0009
 1728.476  .2562E-02  .2785E-02  .1533E-03  .1636E-03    .0009
 1728.664  .2622E-02  .2872E-02  .1630E-03  .1743E-03    .0010
 1728.852  .2708E-02  .2963E-02  .1735E-03  .1858E-03    .0010
 1729.040  .2769E-02  .3058E-02  .1848E-03  .1983E-03    .0010
 1729.228  .2926E-02  .3157E-02  .1971E-03  .2118E-03    .0011
 1729.416  .3009E-02  .3261E-02  .2103E-03  .2264E-03    .0011
 1729.604  .3066E-02  .3370E-02  .2245E-03  .2422E-03    .0011
 1729.792  .3178E-02  .3484E-02  .2400E-03  .2594E-03    .0012
 1729.980  .3291E-02  .3603E-02  .2567E-03  .2781E-03    .0012
 1730.169  .3408E-02  .3729E-02  .2749E-03  .2985E-03    .0012
 1730.357  .3553E-02  .3860E-02  .2946E-03  .3206E-03    .0013
 1730.545  .3684E-02  .3998E-02  .3160E-03  .3448E-03    .0013
 1730.733  .3802E-02  .4143E-02  .3393E-03  .3712E-03    .0014
 1730.921  .3933E-02  .4295E-02  .3647E-03  .4001E-03    .0014
 1731.109  .4092E-02  .4456E-02  .3924E-03  .4317E-03    .0015
 1731.298  .4217E-02  .4624E-02  .4227E-03  .4664E-03    .0015
 1731.486  .4352E-02  .4802E-02  .4558E-03  .5045E-03    .0016
 1731.674  .4484E-02  .4990E-02  .4921E-03  .5464E-03    .0017
 1731.862  .4604E-02  .5187E-02  .5319E-03  .5925E-03    .0017
 1732.051  .4699E-02  .5397E-02  .5756E-03  .6434E-03    .0018
 1732.239  .4895E-02  .5617E-02  .6237E-03  .6995E-03    .0019
 1732.427  .5099E-02  .5851E-02  .6767E-03  .7617E-03    .0020
 1732.616  .5344E-02  .6099E-02  .7351E-03  .8304E-03    .0020
 1732.804  .5534E-02  .6361E-02  .7996E-03  .9068E-03    .0021
 1732.992  .5734E-02  .6639E-02  .8710E-03  .9915E-03    .0022
 1733.181  .5899E-02  .6933E-02  .9500E-03  .1086E-02    .0023
 1733.369  .6210E-02  .7246E-02  .1038E-02  .1191E-02    .0024
 1733.558  .6599E-02  .7579E-02  .1135E-02  .1308E-02    .0025
 1733.746  .6797E-02  .7933E-02  .1243E-02  .1439E-02    .0027
 1733.935  .7031E-02  .8309E-02  .1364E-02  .1585E-02    .0028
 1734.123  .7302E-02  .8710E-02  .1499E-02  .1749E-02    .0029
 1734.312  .7738E-02  .9136E-02  .1649E-02  .1932E-02    .0031
 1734.500  .8261E-02  .9591E-02  .1817E-02  .2138E-02    .0032
 1734.689  .8506E-02  .1008E-01  .2006E-02  .2369E-02    .0034
 1734.878  .8891E-02  .1059E-01  .2217E-02  .2629E-02    .0035
 1735.066  .9225E-02  .1115E-01  .2455E-02  .2921E-02    .0037
 1735.255  .9745E-02  .1174E-01  .2721E-02  .3250E-02    .0039
 1735.444  .1028E-01  .1237E-01  .3022E-02  .3620E-02    .0041
 1735.632  .1061E-01  .1304E-01  .3360E-02  .4037E-02    .0044
 1735.821  .1134E-01  .1377E-01  .3741E-02  .4506E-02    .0046
 1736.010  .1179E-01  .1454E-01  .4172E-02  .5034E-02    .0049
 1736.198  .1231E-01  .1536E-01  .4658E-02  .5628E-02    .0051
 1736.387  .1293E-01  .1624E-01  .5207E-02  .6296E-02    .0054
 1736.576  .1336E-01  .1718E-01  .5827E-02  .7046E-02    .0058
 1736.765  .1426E-01  .1819E-01  .6527E-02  .7887E-02    .0061
 1736.954  .1515E-01  .1926E-01  .7317E-02  .8828E-02    .0064
 1737.142  .1594E-01  .2040E-01  .8209E-02  .9880E-02    .0068
 1737.331  .1722E-01  .2161E-01  .9214E-02  .1105E-01    .0072
 1737.520  .1803E-01  .2290E-01  .1034E-01  .1236E-01    .0077
 1737.709  .1911E-01  .2427E-01  .1162E-01  .1380E-01    .0081
 1737.898  .2024E-01  .2572E-01  .1304E-01  .1540E-01    .0086
 1738.087  .2149E-01  .2725E-01  .1463E-01  .1716E-01    .0091
 1738.276  .2295E-01  .2885E-01  .1641E-01  .1909E-01    .0097
 1738.465  .2424E-01  .3054E-01  .1838E-01  .2120E-01    .0102
 1738.654  .2572E-01  .3231E-01  .2057E-01  .2349E-01    .0108
 1738.843  .2762E-01  .3415E-01  .2297E-01  .2597E-01    .0114
 1739.032  .2902E-01  .3606E-01  .2561E-01  .2864E-01    .0121
 1739.221  .3160E-01  .3804E-01  .2848E-01  .3150E-01    .0127
 1739.410  .3313E-01  .4007E-01  .3160E-01  .3455E-01    .0134
 1739.599  .3528E-01  .4215E-01  .3496E-01  .3777E-01    .0141
 1739.789  .3730E-01  .4427E-01  .3855E-01  .4116E-01    .0148
 1739.978  .4000E-01  .4641E-01  .4236E-01  .4470E-01    .0155
 1740.167  .4325E-01  .4856E-01  .4637E-01  .4837E-01    .0163
 1740.356  .4536E-01  .5072E-01  .5056E-01  .5216E-01    .0170
 1740.545  .4849E-01  .5285E-01  .5489E-01  .5603E-01    .0177
 1740.735  .5256E-01  .5496E-01  .5934E-01  .5997E-01    .0184
 1740.924  .5672E-01  .5702E-01  .6384E-01  .6393E-01    .0191
 1741.113  .6095E-01  .5901E-01  .6837E-01  .6789E-01    .0198
 1741.302  .6571E-01  .6093E-01  .7287E-01  .7181E-01    .0204
 1741.492  .6953E-01  .6276E-01  .7729E-01  .7567E-01    .0210
 1741.681  .7493E-01  .6448E-01  .8158E-01  .7943E-01    .0216
 1741.870  .8091E-01  .6609E-01  .8570E-01  .8306E-01    .0221
 1742.060  .8497E-01  .6759E-01  .8959E-01  .8653E-01    .0226
 1742.249  .9029E-01  .6895E-01  .9324E-01  .8982E-01    .0231
 1742.439  .9432E-01  .7019E-01  .9660E-01  .9291E-01    .0235
 1742.628  .9961E-01  .7130E-01  .9966E-01  .9578E-01    .0239
 1742.818  .1005E+00  .7228E-01  .1024E+00  .9841E-01    .0242
 1743.007  .1005E+00  .7313E-01  .1048E+00  .1008E+00    .0245
 1743.197  .9941E-01  .7387E-01  .1069E+00  .1029E+00    .0247
 1743.386  .9476E-01  .7449E-01  .1087E+00  .1048E+00    .0249
 1743.576  .8875E-01  .7501E-01  .1102E+00  .1064E+00    .0251
 1743.765  .8034E-01  .7543E-01  .1115E+00  .1078E+00    .0252
 1743.955  .7060E-01  .7576E-01  .1125E+00  .1089E+00    .0254
 1744.144  .6353E-01  .7601E-01  .1132E+00  .1098E+00    .0254
 1744.334  .5859E-01  .7619E-01  .1137E+00  .1105E+00    .0255
 1744.524  .5368E-01  .7630E-01  .1140E+00  .1109E+00    .0255
 1744.713  .5113E-01  .7634E-01  .1142E+00  .1110E+00    .0256
 1744.903  .5236E-01  .7632E-01  .1141E+00  .1109E+00    .0255
 1745.093  .5657E-01  .7623E-01  .1139E+00  .1106E+00    .0255
 1745.283  .6174E-01  .7608E-01  .1134E+00  .1101E+00    .0255
 1745.472  .6780E-01  .7585E-01  .1127E+00  .1092E+00    .0254
 1745.662  .7617E-01  .7554E-01  .1118E+00  .1082E+00    .0253
 1745.852  .8522E-01  .7515E-01  .1107E+00  .1069E+00    .0252
 1746.042  .9289E-01  .7466E-01  .1092E+00  .1054E+00    .0250
 1746.232  .9828E-01  .7408E-01  .1075E+00  .1036E+00    .0248
 1746.421  .1004E+00  .7338E-01  .1055E+00  .1015E+00    .0246
 1746.611  .1003E+00  .7256E-01  .1032E+00  .9918E-01    .0243
 1746.801  .1010E+00  .7162E-01  .1006E+00  .9662E-01    .0240
 1746.991  .9561E-01  .7056E-01  .9760E-01  .9383E-01    .0236
 1747.181  .9169E-01  .6936E-01  .9434E-01  .9081E-01    .0232
 1747.371  .8731E-01  .6803E-01  .9078E-01  .8758E-01    .0228
 1747.561  .8196E-01  .6658E-01  .8696E-01  .8416E-01    .0223
 1747.751  .7766E-01  .6500E-01  .8290E-01  .8058E-01    .0218
 1747.941  .7058E-01  .6331E-01  .7866E-01  .7686E-01    .0212
 1748.131  .6722E-01  .6152E-01  .7428E-01  .7304E-01    .0206
 1748.321  .6231E-01  .5963E-01  .6980E-01  .6914E-01    .0200
 1748.511  .5816E-01  .5765E-01  .6528E-01  .6519E-01    .0193
 1748.701  .5405E-01  .5562E-01  .6076E-01  .6123E-01    .0186
 1748.892  .4964E-01  .5352E-01  .5629E-01  .5729E-01    .0179
 1749.082  .4648E-01  .5140E-01  .5191E-01  .5340E-01    .0172
 1749.272  .4414E-01  .4924E-01  .4767E-01  .4958E-01    .0165
 1749.462  .4107E-01  .4709E-01  .4360E-01  .4587E-01    .0158
 1749.652  .3842E-01  .4494E-01  .3972E-01  .4229E-01    .0150
 1749.843  .3565E-01  .4281E-01  .3606E-01  .3885E-01    .0143
 1750.033  .3375E-01  .4072E-01  .3262E-01  .3558E-01    .0136
 1750.223  .3206E-01  .3866E-01  .2943E-01  .3248E-01    .0129
 1750.413  .2956E-01  .3667E-01  .2647E-01  .2956E-01    .0123
 1750.604  .2803E-01  .3473E-01  .2376E-01  .2683E-01    .0116
 1750.794  .2622E-01  .3286E-01  .2127E-01  .2428E-01    .0110
 1750.984  .2466E-01  .3107E-01  .1902E-01  .2193E-01    .0104
 1751.175  .2319E-01  .2935E-01  .1698E-01  .1976E-01    .0098
 1751.365  .2168E-01  .2771E-01  .1514E-01  .1777E-01    .0093
 1751.556  .2065E-01  .2616E-01  .1349E-01  .1596E-01    .0088
 1751.746  .1931E-01  .2468E-01  .1201E-01  .1431E-01    .0083
 1751.936  .1831E-01  .2328E-01  .1069E-01  .1281E-01    .0078
 1752.127  .1745E-01  .2196E-01  .9516E-02  .1146E-01    .0074
 1752.317  .1622E-01  .2072E-01  .8472E-02  .1024E-01    .0069
 1752.508  .1531E-01  .1956E-01  .7546E-02  .9150E-02    .0065
 1752.699  .1444E-01  .1846E-01  .6725E-02  .8172E-02    .0062
 1752.889  .1350E-01  .1743E-01  .5998E-02  .7298E-02    .0058
 1753.080  .1307E-01  .1647E-01  .5354E-02  .6518E-02    .0055
 1753.270  .1236E-01  .1557E-01  .4785E-02  .5823E-02    .0052
 1753.461  .1190E-01  .1472E-01  .4280E-02  .5204E-02    .0049
 1753.652  .1137E-01  .1393E-01  .3834E-02  .4654E-02    .0047
 1753.842  .1068E-01  .1320E-01  .3439E-02  .4166E-02    .0044
 1754.033  .1031E-01  .1251E-01  .3089E-02  .3732E-02    .0042
 1754.224  .9811E-02  .1186E-01  .2778E-02  .3347E-02    .0040
 1754.414  .9276E-02  .1126E-01  .2503E-02  .3005E-02    .0038
 1754.605  .8925E-02  .1069E-01  .2258E-02  .2701E-02    .0036
 1754.796  .8528E-02  .1016E-01  .2040E-02  .2431E-02    .0034
 1754.987  .8285E-02  .9666E-02  .1846E-02  .2191E-02    .0032
 1755.177  .7767E-02  .9201E-02  .1673E-02  .1977E-02    .0031
 1755.368  .7316E-02  .8766E-02  .1518E-02  .1787E-02    .0029
 1755.559  .7040E-02  .8357E-02  .1380E-02  .1618E-02    .0028
 1755.750  .6801E-02  .7974E-02  .1256E-02  .1467E-02    .0027
 1755.941  .6601E-02  .7613E-02  .1145E-02  .1331E-02    .0025
 1756.132  .6207E-02  .7275E-02  .1046E-02  .1211E-02    .0024
 1756.323  .5896E-02  .6956E-02  .9562E-03  .1102E-02    .0023
 1756.514  .5728E-02  .6656E-02  .8756E-03  .1005E-02    .0022
 1756.705  .5527E-02  .6374E-02  .8029E-03  .9181E-03    .0021
 1756.896  .5327E-02  .6107E-02  .7372E-03  .8397E-03    .0020
 1757.087  .5087E-02  .5856E-02  .6778E-03  .7691E-03    .0020
 1757.278  .4882E-02  .5619E-02  .6241E-03  .7054E-03    .0019
 1757.469  .4671E-02  .5395E-02  .5753E-03  .6479E-03    .0018
 1757.660  .4583E-02  .5183E-02  .5310E-03  .5960E-03    .0017
 1757.851  .4479E-02  .4983E-02  .4907E-03  .5489E-03    .0017
 1758.042  .4342E-02  .4793E-02  .4541E-03  .5062E-03    .0016
 1758.233  .4183E-02  .4613E-02  .4206E-03  .4674E-03    .0015
 1758.424  .4053E-02  .4442E-02  .3901E-03  .4321E-03    .0015
 1758.616  .3912E-02  .4280E-02  .3621E-03  .4000E-03    .0014
 1758.807  .3759E-02  .4126E-02  .3366E-03  .3707E-03    .0014
 1758.998  .3652E-02  .3980E-02  .3131E-03  .3439E-03    .0013
 1759.189  .3550E-02  .3840E-02  .2916E-03  .3194E-03    .0013
 1759.381  .3383E-02  .3708E-02  .2718E-03  .2970E-03    .0012
 1759.572  .3238E-02  .3582E-02  .2536E-03  .2765E-03    .0012
 1759.763  .3132E-02  .3461E-02  .2369E-03  .2576E-03    .0012
 1759.955  .3054E-02  .3346E-02  .2214E-03  .2402E-03    .0011
 1760.146  .2987E-02  .3237E-02  .2071E-03  .2243E-03    .0011
 1760.337  .2880E-02  .3132E-02  .1940E-03  .2096E-03    .0010
 1760.529  .2737E-02  .3032E-02  .1818E-03  .1960E-03    .0010
 1760.720  .2680E-02  .2936E-02  .1705E-03  .1835E-03    .0010
 1760.912  .2618E-02  .2845E-02  .1600E-03  .1720E-03    .0010
 1761.103  .2530E-02  .2757E-02  .1503E-03  .1613E-03    .0009
 1761.294  .2482E-02  .2674E-02  .1413E-03  .1514E-03    .0009
 1761.486  .2423E-02  .2593E-02  .1330E-03  .1422E-03    .0009
 1761.678  .2346E-02  .2517E-02  .1252E-03  .1336E-03    .0008
 1761.869  .2257E-02  .2443E-02  .1180E-03  .1257E-03    .0008
 1762.061  .2227E-02  .2372E-02  .1113E-03  .1184E-03    .0008
 1762.252  .2154E-02  .2304E-02  .1050E-03  .1115E-03    .0008
 1762.444  .2112E-02  .2239E-02  .9912E-04  .1051E-03    .0007
 1762.635  .2037E-02  .2176E-02  .9365E-04  .9920E-04    .0007
 1762.827  .2001E-02  .2116E-02  .8854E-04  .9366E-04    .0007
 1763.019  .1940E-02  .2058E-02  .8375E-04  .8848E-04    .0007
 1763.210  .1908E-02  .2002E-02  .7927E-04  .8363E-04    .0007
 1763.402  .1829E-02  .1948E-02  .7507E-04  .7910E-04    .0007
 1763.594  .1831E-02  .1897E-02  .7113E-04  .7486E-04    .0006
 1763.786  .1766E-02  .1846E-02  .6742E-04  .7089E-04    .0006
 1763.977  .1708E-02  .1798E-02  .6394E-04  .6716E-04    .0006
 1764.169  .1664E-02  .1752E-02  .6067E-04  .6365E-04    .0006
 1764.361  .1615E-02  .1707E-02  .5759E-04  .6037E-04    .0006
 1764.553  .1591E-02  .1663E-02  .5469E-04  .5727E-04    .0006
 1764.745  .1552E-02  .1621E-02  .5196E-04  .5436E-04    .0005
 1764.937  .1506E-02  .1580E-02  .4938E-04  .5163E-04    .0005
 1765.128  .1483E-02  .1541E-02  .4695E-04  .4904E-04    .0005
 1765.320  .1440E-02  .1503E-02  .4465E-04  .4661E-04    .0005
 1765.512  .1371E-02  .1466E-02  .4248E-04  .4432E-04    .0005
 1765.704  .1358E-02  .1430E-02  .4043E-04  .4215E-04    .0005
 1765.896  .1323E-02  .1395E-02  .3849E-04  .4011E-04    .0005
 1766.088  .1308E-02  .1362E-02  .3666E-04  .3818E-04    .0005
 1766.280  .1274E-02  .1329E-02  .3493E-04  .3635E-04    .0004
 1766.472  .1225E-02  .1297E-02  .3329E-04  .3462E-04    .0004
 1766.664  .1209E-02  .1267E-02  .3173E-04  .3299E-04    .0004
 1766.856  .1198E-02  .1237E-02  .3026E-04  .3145E-04    .0004
 1767.049  .1157E-02  .1208E-02  .2887E-04  .2999E-04    .0004
 1767.241  .1147E-02  .1180E-02  .2755E-04  .2860E-04    .0004
 1767.433  .1121E-02  .1153E-02  .2630E-04  .2729E-04    .0004
 1767.625  .1080E-02  .1127E-02  .2511E-04  .2605E-04    .0004
 1767.817  .1055E-02  .1101E-02  .2399E-04  .2487E-04    .0004
 1768.009  .1052E-02  .1077E-02  .2292E-04  .2376E-04    .0004
 1768.202  .1017E-02  .1052E-02  .2191E-04  .2270E-04    .0004
 1768.394  .9929E-03  .1029E-02  .2095E-04  .2170E-04    .0003
 1768.586  .9669E-03  .1007E-02  .2004E-04  .2074E-04    .0003
 1768.778  .9506E-03  .9846E-03  .1917E-04  .1984E-04    .0003
 1768.971  .9099E-03  .9633E-03  .1835E-04  .1899E-04    .0003
 1769.163  .8995E-03  .9426E-03  .1757E-04  .1817E-04    .0003
 1769.355  .8693E-03  .9226E-03  .1683E-04  .1740E-04    .0003
 1769.548  .8568E-03  .9032E-03  .1613E-04  .1667E-04    .0003
 1769.740  .8465E-03  .8843E-03  .1547E-04  .1597E-04    .0003
 1769.933  .8268E-03  .8660E-03  .1483E-04  .1531E-04    .0003
 1770.125  .8127E-03  .8482E-03  .1423E-04  .1468E-04    .0003
 1770.318  .7959E-03  .8310E-03  .1366E-04  .1409E-04    .0003
 1770.510  .7922E-03  .8143E-03  .1311E-04  .1352E-04    .0003
 1770.703  .7789E-03  .7980E-03  .1260E-04  .1298E-04    .0003
 1770.895  .7723E-03  .7823E-03  .1210E-04  .1247E-04    .0003
 1771.088  .7500E-03  .7670E-03  .1163E-04  .1198E-04    .0003
 1771.280  .7320E-03  .7521E-03  .1119E-04  .1151E-04    .0003
 1771.473  .7257E-03  .7377E-03  .1076E-04  .1107E-04    .0002
 1771.665  .7092E-03  .7237E-03  .1036E-04  .1065E-04    .0002
 1771.858  .6915E-03  .7101E-03  .9972E-05  .1025E-04    .0002
 1772.051  .6805E-03  .6969E-03  .9605E-05  .9865E-05    .0002
 1772.243  .6535E-03  .6840E-03  .9254E-05  .9500E-05    .0002
 1772.436  .6376E-03  .6716E-03  .8919E-05  .9152E-05    .0002
 1772.629  .6352E-03  .6594E-03  .8600E-05  .8820E-05    .0002
 1772.821  .6164E-03  .6476E-03  .8295E-05  .8503E-05    .0002
 1773.014  .6065E-03  .6362E-03  .8004E-05  .8200E-05    .0002
 1773.207  .5980E-03  .6250E-03  .7726E-05  .7911E-05    .0002
 1773.400  .5956E-03  .6141E-03  .7460E-05  .7634E-05    .0002
 1773.593  .5861E-03  .6036E-03  .7205E-05  .7370E-05    .0002
 1773.785  .5841E-03  .5933E-03  .6961E-05  .7116E-05    .0002
 1773.978  .5673E-03  .5832E-03  .6727E-05  .6873E-05    .0002
 1774.171  .5584E-03  .5734E-03  .6503E-05  .6641E-05    .0002
 1774.364  .5486E-03  .5638E-03  .6287E-05  .6417E-05    .0002
 1774.557  .5374E-03  .5544E-03  .6080E-05  .6203E-05    .0002
 1774.750  .5461E-03  .5453E-03  .5881E-05  .5997E-05    .0002
 1774.943  .5292E-03  .5363E-03  .5689E-05  .5800E-05    .0002
 1775.136  .5280E-03  .5276E-03  .5505E-05  .5610E-05    .0002
 1775.329  .5216E-03  .5190E-03  .5327E-05  .5427E-05    .0002
 1775.522  .5032E-03  .5106E-03  .5155E-05  .5251E-05    .0002
 1775.715  .4989E-03  .5023E-03  .4990E-05  .5082E-05    .0002
 1775.908  .4939E-03  .4942E-03  .4831E-05  .4919E-05    .0002
 1776.101  .4845E-03  .4863E-03  .4677E-05  .4762E-05    .0002
 1776.294  .4758E-03  .4785E-03  .4529E-05  .4611E-05    .0002
 1776.487  .4632E-03  .4709E-03  .4386E-05  .4465E-05    .0002
 1776.680  .4533E-03  .4634E-03  .4248E-05  .4325E-05    .0002
 1776.874  .4474E-03  .4561E-03  .4115E-05  .4190E-05    .0002
 1777.067  .4358E-03  .4490E-03  .3987E-05  .4060E-05    .0002
 1777.260  .4333E-03  .4420E-03  .3864E-05  .3935E-05    .0001
 1777.453  .4198E-03  .4352E-03  .3746E-05  .3815E-05    .0001
 1777.647  .4081E-03  .4286E-03  .3633E-05  .3699E-05    .0001
 1777.840  .3974E-03  .4221E-03  .3523E-05  .3588E-05    .0001
 1778.033  .3967E-03  .4157E-03  .3419E-05  .3480E-05    .0001
 1778.226  .3931E-03  .4096E-03  .3318E-05  .3377E-05    .0001
 1778.420  .3898E-03  .4036E-03  .3221E-05  .3278E-05    .0001
 1778.613  .3913E-03  .3977E-03  .3129E-05  .3182E-05    .0001
 1778.807  .3769E-03  .3920E-03  .3040E-05  .3090E-05    .0001
 1779.000  .3796E-03  .3865E-03  .2954E-05  .3002E-05    .0001
 1779.193  .3721E-03  .3810E-03  .2872E-05  .2916E-05    .0001
 1779.387  .3678E-03  .3757E-03  .2792E-05  .2833E-05    .0001
 1779.580  .3659E-03  .3706E-03  .2716E-05  .2753E-05    .0001
 1779.774  .3648E-03  .3655E-03  .2642E-05  .2675E-05    .0001
 1779.967  .3598E-03  .3605E-03  .2570E-05  .2599E-05    .0001
 1780.161  .3559E-03  .3556E-03  .2500E-05  .2525E-05    .0001
 1780.354  .3466E-03  .3507E-03  .2432E-05  .2453E-05    .0001
 1780.548  .3398E-03  .3459E-03  .2366E-05  .2382E-05    .0001
 1780.741  .3415E-03  .3410E-03  .2300E-05  .2312E-05    .0001
 1780.935  .3367E-03  .3362E-03  .2236E-05  .2243E-05    .0001
 1781.129  .3280E-03  .3313E-03  .2171E-05  .2174E-05    .0001
 1781.322  .3221E-03  .3264E-03  .2107E-05  .2106E-05    .0001
 1781.516  .3240E-03  .3214E-03  .2043E-05  .2037E-05    .0001
 1781.710  .3152E-03  .3163E-03  .1979E-05  .1969E-05    .0001
 1781.903  .3151E-03  .3110E-03  .1913E-05  .1899E-05    .0001
 1782.097  .3087E-03  .3055E-03  .1846E-05  .1830E-05    .0001
 1782.291  .3044E-03  .2999E-03  .1778E-05  .1759E-05    .0001
 1782.485  .3011E-03  .2939E-03  .1709E-05  .1688E-05    .0001
 1782.679  .3006E-03  .2877E-03  .1637E-05  .1615E-05    .0001
 1782.872  .3001E-03  .2812E-03  .1564E-05  .1542E-05    .0001
 1783.066  .2937E-03  .2743E-03  .1488E-05  .1468E-05    .0001
 1783.260  .2885E-03  .2671E-03  .1411E-05  .1392E-05    .0001
 1783.454  .2892E-03  .2595E-03  .1332E-05  .1317E-05    .0001
 1783.648  .2807E-03  .2515E-03  .1251E-05  .1240E-05    .0001
 1783.842  .2817E-03  .2431E-03  .1169E-05  .1164E-05    .0001
 1784.036  .2784E-03  .2343E-03  .1086E-05  .1087E-05    .0001
 1784.230  .2732E-03  .2251E-03  .1002E-05  .1011E-05    .0001
 1784.424  .2713E-03  .2156E-03  .9192E-06  .9360E-06    .0001
 1784.618  .2668E-03  .2057E-03  .8370E-06  .8621E-06    .0001
 1784.812  .2642E-03  .1956E-03  .7565E-06  .7898E-06    .0001
 1785.006  .2566E-03  .1852E-03  .6783E-06  .7196E-06    .0001
 1785.200  .2539E-03  .1746E-03  .6031E-06  .6518E-06    .0001
 1785.394  .2507E-03  .1639E-03  .5315E-06  .5869E-06    .0001
 1785.588  .2495E-03  .1532E-03  .4641E-06  .5252E-06    .0001
 1785.782  .2507E-03  .1425E-03  .4014E-06  .4669E-06    .0000
