 ====================================================================
      i NZ NE iSLP iLV iCONF                 E(RYD)      TE(RYD)   gi
 ====================================================================
      1  9  9  211   1 2s2 2p5         -1.28016E+00  0.00000E+00  6.0
      2  9  9  410   1 2p4(3PE) 3s     -3.36840E-01  9.43320E-01 12.0
      3  9  9  210   1 2p4(3PE) 3s     -3.16874E-01  9.63286E-01  6.0
      4  9  9  411   1 2p4(3PE) 3p     -2.19368E-01  1.06079E+00 12.0
      5  9  9  421   1 2p4(3PE) 3p     -2.10767E-01  1.06939E+00 20.0
      6  9  9  221   1 2p4(3PE) 3p     -2.06231E-01  1.07393E+00 10.0
      7  9  9  201   1 2p4(3PE) 3p     -2.01303E-01  1.07886E+00  2.0
      8  9  9  401   1 2p4(3PE) 3p     -2.00807E-01  1.07935E+00  4.0
      9  9  9  211   2 2p4(3PE) 3p     -1.93184E-01  1.08698E+00  6.0
     10  9  9  220   1 2p4(1DE) 3s     -1.41262E-01  1.13890E+00 10.0
     11  9  9  410   2 2p4(3PE) 4s     -1.33479E-01  1.14668E+00 12.0
     12  9  9  210   2 2p4(3PE) 4s     -1.28530E-01  1.15163E+00  6.0
     13  9  9  420   1 2p4(3PE) 3d     -1.12594E-01  1.16757E+00 20.0
     14  9  9  220   2 2p4(3PE) 3d     -1.11841E-01  1.16832E+00 10.0
     15  9  9  430   1 2p4(3PE) 3d     -1.11543E-01  1.16862E+00 28.0
     16  9  9  230   1 2p4(3PE) 3d     -1.11398E-01  1.16876E+00 14.0
     17  9  9  410   3 2p4(3PE) 3d     -1.10938E-01  1.16922E+00 12.0
     18  9  9  210   3 2p4(3PE) 3d     -1.10722E-01  1.16944E+00  6.0
     19  9  9  411   2 2p4(3PE) 4p     -1.00449E-01  1.17971E+00 12.0
     20  9  9  421   2 2p4(3PE) 4p     -9.79875E-02  1.18217E+00 20.0
     21  9  9  221   2 2p4(3PE) 4p     -9.64763E-02  1.18368E+00 10.0
     22  9  9  201   2 2p4(3PE) 4p     -9.51627E-02  1.18500E+00  2.0
     23  9  9  401   2 2p4(3PE) 4p     -9.49849E-02  1.18518E+00  4.0
     24  9  9  211   3 2p4(3PE) 4p     -9.30952E-02  1.18706E+00  6.0
     25  9  9  410   4 2p4(3PE) 5s     -7.14300E-02  1.20873E+00 12.0
     26  9  9  210   4 2p4(3PE) 5s     -6.94904E-02  1.21067E+00  6.0
     27  9  9  420   2 2p4(3PE) 4d     -6.33025E-02  1.21686E+00 20.0
     28  9  9  220   3 2p4(3PE) 4d     -6.28796E-02  1.21728E+00 10.0
     29  9  9  430   2 2p4(3PE) 4d     -6.27586E-02  1.21740E+00 28.0
     30  9  9  230   2 2p4(3PE) 4d     -6.26742E-02  1.21749E+00 14.0
     31  9  9  431   1 2p4(3PE) 4f     -6.25205E-02  1.21764E+00 28.0
     32  9  9  231   1 2p4(3PE) 4f     -6.25191E-02  1.21764E+00 14.0
     33  9  9  441   1 2p4(3PE) 4f     -6.24988E-02  1.21766E+00 36.0
     34  9  9  241   1 2p4(3PE) 4f     -6.24984E-02  1.21766E+00 18.0
     35  9  9  421   3 2p4(3PE) 4f     -6.24924E-02  1.21767E+00 20.0
     36  9  9  221   3 2p4(3PE) 4f     -6.24914E-02  1.21767E+00 10.0
     37  9  9  410   5 2p4(3PE) 4d     -6.24467E-02  1.21771E+00 12.0
     38  9  9  210   5 2p4(3PE) 4d     -6.23201E-02  1.21784E+00  6.0
     39  9  9  411   3 2p4(3PE) 5p     -5.77344E-02  1.22243E+00 12.0
     40  9  9  421   4 2p4(3PE) 5p     -5.66806E-02  1.22348E+00 20.0
     41  9  9  221   4 2p4(3PE) 5p     -5.60086E-02  1.22415E+00 10.0
     42  9  9  201   3 2p4(3PE) 5p     -5.54605E-02  1.22470E+00  2.0
     43  9  9  401   3 2p4(3PE) 5p     -5.53791E-02  1.22478E+00  4.0
     44  9  9  211   4 2p4(3PE) 5p     -5.52407E-02  1.22492E+00  6.0
     45  9  9  410   6 2p4(3PE) 6s     -4.44416E-02  1.23572E+00 12.0
     46  9  9  210   6 2p4(3PE) 6s     -4.34879E-02  1.23667E+00  6.0
     47  9  9  420   3 2p4(3PE) 5d     -4.04498E-02  1.23971E+00 20.0
     48  9  9  220   4 2p4(3PE) 5d     -4.02079E-02  1.23995E+00 10.0
     49  9  9  430   3 2p4(3PE) 5d     -4.01522E-02  1.24001E+00 28.0
     50  9  9  230   3 2p4(3PE) 5d     -4.01034E-02  1.24006E+00 14.0
     51  9  9  431   2 2p4(3PE) 5f     -4.00163E-02  1.24014E+00 28.0
     52  9  9  231   2 2p4(3PE) 5f     -4.00151E-02  1.24014E+00 14.0
     53  9  9  440   1 2p4(3PE) 5g     -4.00002E-02  1.24016E+00 36.0
     54  9  9  240   1 2p4(3PE) 5g     -4.00002E-02  1.24016E+00 18.0
     55  9  9  430   4 2p4(3PE) 5g     -3.99996E-02  1.24016E+00 28.0
     56  9  9  230   4 2p4(3PE) 5g     -3.99995E-02  1.24016E+00 14.0
     57  9  9  441   2 2p4(3PE) 5f     -3.99989E-02  1.24016E+00 36.0
     58  9  9  241   2 2p4(3PE) 5f     -3.99986E-02  1.24016E+00 18.0
     59  9  9  421   5 2p4(3PE) 5f     -3.99937E-02  1.24017E+00 20.0
     60  9  9  221   5 2p4(3PE) 5f     -3.99929E-02  1.24017E+00 10.0
     61  9  9  410   7 2p4(3PE) 5d     -3.99809E-02  1.24018E+00 12.0
     62  9  9  210   7 2p4(3PE) 5d     -3.99075E-02  1.24025E+00  6.0
     63  9  9  411   4 2p4(3PE) 6p     -3.74874E-02  1.24267E+00 12.0
     64  9  9  211   5 2p4(3PE) 6p     -3.69551E-02  1.24320E+00  6.0
     65  9  9  421   6 2p4(3PE) 6p     -3.69394E-02  1.24322E+00 20.0
     66  9  9  221   6 2p4(3PE) 6p     -3.65872E-02  1.24357E+00 10.0
     67  9  9  201   4 2p4(3PE) 6p     -3.63021E-02  1.24386E+00  2.0
     68  9  9  401   4 2p4(3PE) 6p     -3.62585E-02  1.24390E+00  4.0
     69  9  9  410   8 2p4(3PE) 7s     -3.03027E-02  1.24986E+00 12.0
     70  9  9  210   8 2p4(3PE) 7s     -2.97649E-02  1.25040E+00  6.0
     71  9  9  420   4 2p4(3PE) 6d     -2.80499E-02  1.25211E+00 20.0
     72  9  9  220   5 2p4(3PE) 6d     -2.79020E-02  1.25226E+00 10.0
     73  9  9  430   5 2p4(3PE) 6d     -2.78723E-02  1.25229E+00 28.0
     74  9  9  230   5 2p4(3PE) 6d     -2.78423E-02  1.25232E+00 14.0
     75  9  9  431   3 2p4(3PE) 6f     -2.77891E-02  1.25237E+00 28.0
     76  9  9  231   3 2p4(3PE) 6f     -2.77883E-02  1.25237E+00 14.0
     77  9  9  440   2 2p4(3PE) 6g     -2.77780E-02  1.25238E+00 36.0
     78  9  9  240   2 2p4(3PE) 6g     -2.77780E-02  1.25238E+00 18.0
     79  9  9  251   1 2p4(3PE) 6h     -2.77778E-02  1.25238E+00 22.0
     80  9  9  430   6 2p4(3PE) 6g     -2.77774E-02  1.25238E+00 28.0
     81  9  9  230   6 2p4(3PE) 6g     -2.77773E-02  1.25238E+00 14.0
     82  9  9  441   3 2p4(3PE) 6f     -2.77770E-02  1.25238E+00 36.0
     83  9  9  241   3 2p4(3PE) 6f     -2.77767E-02  1.25238E+00 18.0
     84  9  9  421   7 2p4(3PE) 6f     -2.77733E-02  1.25239E+00 20.0
     85  9  9  221   7 2p4(3PE) 6f     -2.77727E-02  1.25239E+00 10.0
     86  9  9  410   9 2p4(3PE) 6d     -2.77698E-02  1.25239E+00 12.0
     87  9  9  210   9 2p4(3PE) 6d     -2.77246E-02  1.25244E+00  6.0
     88  9  9  211   6 2p4(3PE) 7p     -2.70195E-02  1.25314E+00  6.0
     89  9  9  411   5 2p4(3PE) 7p     -2.62981E-02  1.25386E+00 12.0
     90  9  9  421   8 2p4(3PE) 7p     -2.59769E-02  1.25418E+00 20.0
     91  9  9  221   8 2p4(3PE) 7p     -2.57735E-02  1.25439E+00 10.0
     92  9  9  201   5 2p4(3PE) 7p     -2.56024E-02  1.25456E+00  2.0
     93  9  9  401   5 2p4(3PE) 7p     -2.55763E-02  1.25458E+00  4.0
     94  9  9  231   4 2p4(1DE) 3p     -2.35694E-02  1.25659E+00 14.0
     95  9  9  410  10 2p4(3PE) 8s     -2.19792E-02  1.25818E+00 12.0
     96  9  9  210  10 2p4(3PE) 8s     -2.16465E-02  1.25851E+00  6.0
     97  9  9  211   7 2p4(1DE) 3p     -2.12197E-02  1.25894E+00  6.0
     98  9  9  420   5 2p4(3PE) 7d     -2.05838E-02  1.25958E+00 20.0
     99  9  9  220   6 2p4(3PE) 7d     -2.04878E-02  1.25967E+00 10.0
    100  9  9  430   7 2p4(3PE) 7d     -2.04702E-02  1.25969E+00 28.0
    101  9  9  230   7 2p4(3PE) 7d     -2.04507E-02  1.25971E+00 14.0
    102  9  9  431   4 2p4(3PE) 7f     -2.04161E-02  1.25974E+00 28.0
    103  9  9  231   5 2p4(3PE) 7f     -2.04154E-02  1.25974E+00 14.0
    104  9  9  440   3 2p4(3PE) 7g     -2.04083E-02  1.25975E+00 36.0
    105  9  9  240   3 2p4(3PE) 7g     -2.04083E-02  1.25975E+00 18.0
    106  9  9  251   2 2p4(3PE) 7h     -2.04082E-02  1.25975E+00 22.0
    107  9  9  430   8 2p4(3PE) 7g     -2.04078E-02  1.25975E+00 28.0
    108  9  9  230   8 2p4(3PE) 7g     -2.04078E-02  1.25975E+00 14.0
    109  9  9  441   4 2p4(3PE) 7f     -2.04076E-02  1.25975E+00 36.0
    110  9  9  241   4 2p4(3PE) 7f     -2.04074E-02  1.25975E+00 18.0
    111  9  9  421   9 2p4(3PE) 7f     -2.04050E-02  1.25975E+00 20.0
    112  9  9  221   9 2p4(3PE) 7f     -2.04046E-02  1.25976E+00 10.0
    113  9  9  410  11 2p4(3PE) 7d     -2.04044E-02  1.25976E+00 12.0
    114  9  9  210  11 2p4(3PE) 7d     -2.03749E-02  1.25979E+00  6.0
    115  9  9  411   6 2p4(3PE) 8p     -1.94655E-02  1.26069E+00 12.0
    116  9  9  421  10 2p4(3PE) 8p     -1.92612E-02  1.26090E+00 20.0
    117  9  9  221  10 2p4(3PE) 8p     -1.91416E-02  1.26102E+00 10.0
    118  9  9  201   6 2p4(3PE) 8p     -1.90225E-02  1.26114E+00  2.0
    119  9  9  401   6 2p4(3PE) 8p     -1.90058E-02  1.26115E+00  4.0
    120  9  9  211   8 2p4(3PE) 8p     -1.70683E-02  1.26309E+00  6.0
    121  9  9  410  12 2p4(3PE) 9s     -1.66684E-02  1.26349E+00 12.0
    122  9  9  210  12 2p4(3PE) 9s     -1.64484E-02  1.26371E+00  6.0
    123  9  9  420   6 2p4(3PE) 8d     -1.57445E-02  1.26442E+00 20.0
    124  9  9  220   7 2p4(3PE) 8d     -1.56790E-02  1.26448E+00 10.0
    125  9  9  430   9 2p4(3PE) 8d     -1.56676E-02  1.26449E+00 28.0
    126  9  9  230   9 2p4(3PE) 8d     -1.56543E-02  1.26451E+00 14.0
    127  9  9  431   5 2p4(3PE) 8f     -1.56306E-02  1.26453E+00 28.0
    128  9  9  231   6 2p4(3PE) 8f     -1.56301E-02  1.26453E+00 14.0
    129  9  9  440   4 2p4(3PE) 8g     -1.56251E-02  1.26453E+00 36.0
    130  9  9  240   4 2p4(3PE) 8g     -1.56251E-02  1.26453E+00 18.0
    131  9  9  251   3 2p4(3PE) 8h     -1.56250E-02  1.26453E+00 22.0
    132  9  9  430  10 2p4(3PE) 8g     -1.56248E-02  1.26454E+00 28.0
    133  9  9  230  10 2p4(3PE) 8g     -1.56247E-02  1.26454E+00 14.0
    134  9  9  441   5 2p4(3PE) 8f     -1.56246E-02  1.26454E+00 36.0
    135  9  9  241   5 2p4(3PE) 8f     -1.56244E-02  1.26454E+00 18.0
    136  9  9  410  13 2p4(3PE) 8d     -1.56231E-02  1.26454E+00 12.0
    137  9  9  421  11 2p4(3PE) 8f     -1.56227E-02  1.26454E+00 20.0
    138  9  9  221  11 2p4(3PE) 8f     -1.56225E-02  1.26454E+00 10.0
    139  9  9  210  13 2p4(3PE) 8d     -1.56028E-02  1.26456E+00  6.0
    140  9  9  221  12 2p4(1DE) 3p     -1.50536E-02  1.26511E+00 10.0
    141  9  9  411   7 2p4(3PE) 9p     -1.49884E-02  1.26517E+00 12.0
    142  9  9  421  12 2p4(3PE) 9p     -1.48504E-02  1.26531E+00 20.0
    143  9  9  201   7 2p4(3PE) 9p     -1.46890E-02  1.26547E+00  2.0
    144  9  9  401   7 2p4(3PE) 9p     -1.46776E-02  1.26548E+00  4.0
    145  9  9  221  13 2p4(3PE) 9p     -1.45902E-02  1.26557E+00 10.0
    146  9  9  211   9 2p4(3PE) 9p     -1.36979E-02  1.26646E+00  6.0
    147  9  9  410  14 2p4(3PE)10s     -1.30737E-02  1.26709E+00 12.0
    148  9  9  210  14 2p4(3PE)10s     -1.29208E-02  1.26724E+00  6.0
    149  9  9  420   7 2p4(3PE) 9d     -1.24305E-02  1.26773E+00 20.0
    150  9  9  220   8 2p4(3PE) 9d     -1.23839E-02  1.26778E+00 10.0
    151  9  9  430  11 2p4(3PE) 9d     -1.23761E-02  1.26778E+00 28.0
    152  9  9  230  11 2p4(3PE) 9d     -1.23666E-02  1.26779E+00 14.0
    153  9  9  431   6 2p4(3PE) 9f     -1.23498E-02  1.26781E+00 28.0
    154  9  9  231   7 2p4(3PE) 9f     -1.23494E-02  1.26781E+00 14.0
    155  9  9  440   5 2p4(3PE) 9g     -1.23458E-02  1.26781E+00 36.0
    156  9  9  240   5 2p4(3PE) 9g     -1.23458E-02  1.26781E+00 18.0
    157  9  9  241   6 2p4(3PE) 9h     -1.23457E-02  1.26781E+00 18.0
    158  9  9  251   4 2p4(3PE) 9h     -1.23457E-02  1.26781E+00 22.0
    159  9  9  430  12 2p4(3PE) 9g     -1.23455E-02  1.26781E+00 28.0
    160  9  9  441   6 2p4(3PE) 9f     -1.23454E-02  1.26781E+00 36.0
    161  9  9  230  12 2p4(3PE) 9g     -1.23454E-02  1.26781E+00 14.0
    162  9  9  241   7 2p4(3PE) 9f     -1.23453E-02  1.26781E+00 18.0
    163  9  9  410  15 2p4(3PE) 9d     -1.23446E-02  1.26782E+00 12.0
    164  9  9  421  13 2p4(3PE) 9f     -1.23440E-02  1.26782E+00 20.0
    165  9  9  221  14 2p4(3PE) 9f     -1.23438E-02  1.26782E+00 10.0
    166  9  9  210  15 2p4(3PE) 9d     -1.23302E-02  1.26783E+00  6.0
    167  9  9  411   8 2p4(3PE)10p     -1.18959E-02  1.26826E+00 12.0
    168  9  9  421  14 2p4(3PE)10p     -1.17983E-02  1.26836E+00 20.0
    169  9  9  221  15 2p4(3PE)10p     -1.17212E-02  1.26844E+00 10.0
    170  9  9  201   8 2p4(3PE)10p     -1.16841E-02  1.26848E+00  2.0
    171  9  9  401   8 2p4(3PE)10p     -1.16760E-02  1.26848E+00  4.0
    172  9  9  211  10 2p4(3PE)10p     -1.10970E-02  1.26906E+00  6.0
    173  9  9  410  16 2p4(3PE)11s     -1.05280E-02  1.26963E+00 12.0
    174  9  9  210  16 2p4(3PE)11s     -1.04174E-02  1.26974E+00  6.0
    175  9  9  420   8 2p4(3PE)10d     -1.00623E-02  1.27010E+00 20.0
    176  9  9  220   9 2p4(3PE)10d     -1.00280E-02  1.27013E+00 10.0
    177  9  9  430  13 2p4(3PE)10d     -1.00225E-02  1.27014E+00 28.0
    178  9  9  230  13 2p4(3PE)10d     -1.00155E-02  1.27014E+00 14.0
    179  9  9  431   7 2p4(3PE)10f     -1.00031E-02  1.27016E+00 28.0
    180  9  9  231   8 2p4(3PE)10f     -1.00028E-02  1.27016E+00 14.0
    181  9  9  440   6 2p4(3PE)10g     -1.00001E-02  1.27016E+00 36.0
    182  9  9  240   6 2p4(3PE)10g     -1.00001E-02  1.27016E+00 18.0
    183  9  9  251   5 2p4(3PE)10h     -1.00000E-02  1.27016E+00 22.0
    184  9  9  241   8 2p4(3PE)10h     -1.00000E-02  1.27016E+00 18.0
    185  9  9  441   7 2p4(3PE)10h     -1.00000E-02  1.27016E+00 36.0
    186  9  9  200   1 2p4(1SE) 3s      6.88519E-02  1.34901E+00  2.0
    187  9  9  200   2 2p4(1DE) 3d      7.72583E-02  1.35742E+00  2.0
    188  9  9  200   3 2p4(1DE) 4d      1.24398E-01  1.40456E+00  2.0
    189  9  9  200   4 2p4(1DE) 5d      1.47555E-01  1.42771E+00  2.0
    190  9  9  200   5 2p4(1DE) 6d      1.60176E-01  1.44034E+00  2.0
    191  9  9  200   6 2p4(1DE) 7d      1.67784E-01  1.44794E+00  2.0
    192  9  9  200   7 2p4(1DE) 8d      1.72714E-01  1.45287E+00  2.0
    193  9  9  200   8 2p4(1DE) 9d      1.76089E-01  1.45625E+00  2.0
    194  9  9  200   9 2p4(1DE)10d      1.78499E-01  1.45866E+00  2.0
    195  9  9  400   1 2p5(3PO) 3p      1.27775E+00  2.55791E+00  4.0
    196  9  9  400   2 2p5(3PO) 4p      1.40008E+00  2.68024E+00  4.0
    197  9  9  400   3 2p5(3PO) 5p      1.44348E+00  2.72364E+00  4.0
    198  9  9  400   4 2p5(3PO) 6p      1.46396E+00  2.74412E+00  4.0
    199  9  9  400   5 2p5(3PO) 7p      1.47525E+00  2.75541E+00  4.0
    200  9  9  400   6 2p5(3PO) 8p      1.48213E+00  2.76229E+00  4.0
    201  9  9  400   7 2p5(3PO) 9p      1.48664E+00  2.76680E+00  4.0
    202  9  9  400   8 2p5(3PO)10p      1.48975E+00  2.76991E+00  4.0
 ====================================================================
