 ====================================================================
      i NZ NE iSLP iLV iCONF                 E(RYD)      TE(RYD)   gi
 ====================================================================
      1  9  8  310   1 2s2 2p4         -2.56920E+00  0.00000E+00  9.0
      2  9  8  120   1 2s2 2p4         -2.37164E+00  1.97560E-01  5.0
      3  9  8  100   1 2s2 2p4         -2.14191E+00  4.27290E-01  1.0
      4  9  8  311   1 2s 2p5          -1.05584E+00  1.51336E+00  9.0
      5  9  8  501   1 2p3(4SO) 3s     -9.51232E-01  1.61797E+00  5.0
      6  9  8  301   1 2p3(4SO) 3s     -8.91232E-01  1.67797E+00  3.0
      7  9  8  510   1 2p3(4SO) 3p     -7.17604E-01  1.85160E+00 15.0
      8  9  8  310   2 2p3(4SO) 3p     -6.67876E-01  1.90132E+00  9.0
      9  9  8  321   1 2p3(2DO) 3s     -6.25204E-01  1.94400E+00 15.0
     10  9  8  121   1 2p3(2DO) 3s     -5.95164E-01  1.97404E+00  5.0
     11  9  8  111   1 2p3(2PO) 3s     -4.76908E-01  2.09229E+00  3.0
     12  9  8  311   2 2p3(2PO) 3s     -4.62852E-01  2.10635E+00  9.0
     13  9  8  521   1 2p3(4SO) 3d     -4.61308E-01  2.10789E+00 25.0
     14  9  8  321   2 2p3(4SO) 3d     -4.50004E-01  2.11920E+00 15.0
     15  9  8  501   2 2p3(4SO) 4s     -4.24488E-01  2.14471E+00  5.0
     16  9  8  110   1 2p3(2DO) 3p     -4.13664E-01  2.15554E+00  3.0
     17  9  8  320   1 2p3(2DO) 3p     -4.07964E-01  2.16124E+00 15.0
     18  9  8  301   2 2p3(4SO) 4s     -4.07488E-01  2.16171E+00  3.0
     19  9  8  330   1 2p3(2DO) 3p     -3.96624E-01  2.17258E+00 21.0
     20  9  8  130   1 2p3(2DO) 3p     -3.89027E-01  2.18017E+00  7.0
     21  9  8  310   3 2p3(2DO) 3p     -3.74506E-01  2.19469E+00  9.0
     22  9  8  111   2 2s 2p5          -3.68206E-01  2.20099E+00  3.0
     23  9  8  510   2 2p3(4SO) 4p     -3.49579E-01  2.21962E+00 15.0
     24  9  8  310   4 2p3(4SO) 4p     -3.16960E-01  2.25224E+00  9.0
     25  9  8  120   2 2p3(2DO) 3p     -3.14349E-01  2.25485E+00  5.0
     26  9  8  521   2 2p3(4SO) 4d     -2.59135E-01  2.31007E+00 25.0
     27  9  8  321   3 2p3(4SO) 4d     -2.53390E-01  2.31581E+00 15.0
     28  9  8  530   1 2p3(4SO) 4f     -2.50215E-01  2.31898E+00 35.0
     29  9  8  300   1 2p3(2PO) 3p     -2.50209E-01  2.31899E+00  3.0
     30  9  8  330   2 2p3(4SO) 4f     -2.50134E-01  2.31907E+00 21.0
     31  9  8  501   3 2p3(4SO) 5s     -2.40707E-01  2.32849E+00  5.0
     32  9  8  320   2 2p3(2PO) 3p     -2.38873E-01  2.33033E+00 15.0
     33  9  8  301   3 2p3(4SO) 5s     -2.33512E-01  2.33569E+00  3.0
     34  9  8  110   2 2p3(2PO) 3p     -2.32211E-01  2.33699E+00  3.0
     35  9  8  310   5 2p3(2PO) 3p     -2.16935E-01  2.35227E+00  9.0
     36  9  8  510   3 2p3(4SO) 5p     -2.07475E-01  2.36173E+00 15.0
     37  9  8  120   3 2p3(2PO) 3p     -1.99181E-01  2.37002E+00  5.0
     38  9  8  310   6 2p3(4SO) 5p     -1.93200E-01  2.37600E+00  9.0
     39  9  8  521   3 2p3(4SO) 5d     -1.65084E-01  2.40412E+00 25.0
     40  9  8  321   4 2p3(4SO) 5d     -1.62646E-01  2.40655E+00 15.0
     41  9  8  530   2 2p3(4SO) 5f     -1.60158E-01  2.40904E+00 35.0
     42  9  8  330   3 2p3(4SO) 5f     -1.60093E-01  2.40911E+00 21.0
     43  9  8  501   4 2p3(4SO) 6s     -1.55025E-01  2.41418E+00  5.0
     44  9  8  301   4 2p3(4SO) 6s     -1.51356E-01  2.41784E+00  3.0
     45  9  8  101   1 2p3(2DO) 3d     -1.51016E-01  2.41818E+00  1.0
     46  9  8  331   1 2p3(2DO) 3d     -1.50709E-01  2.41849E+00 21.0
     47  9  8  341   1 2p3(2DO) 3d     -1.47922E-01  2.42128E+00 27.0
     48  9  8  141   1 2p3(2DO) 3d     -1.46780E-01  2.42242E+00  9.0
     49  9  8  321   5 2p3(2DO) 3d     -1.46324E-01  2.42288E+00 15.0
     50  9  8  301   5 2p3(2DO) 3d     -1.38411E-01  2.43079E+00  3.0
     51  9  8  121   2 2p3(2DO) 3d     -1.38261E-01  2.43094E+00  5.0
     52  9  8  311   3 2p3(2DO) 3d     -1.37538E-01  2.43166E+00  9.0
     53  9  8  510   4 2p3(4SO) 6p     -1.37442E-01  2.43176E+00 15.0
     54  9  8  131   1 2p3(2DO) 3d     -1.35271E-01  2.43393E+00  7.0
     55  9  8  310   7 2p3(4SO) 6p     -1.32305E-01  2.43690E+00  9.0
     56  9  8  100   2 2p3(2PO) 3p     -1.29731E-01  2.43947E+00  1.0
     57  9  8  111   3 2p3(2DO) 3d     -1.27544E-01  2.44166E+00  3.0
     58  9  8  521   4 2p3(4SO) 6d     -1.14164E-01  2.45504E+00 25.0
     59  9  8  321   6 2p3(4SO) 6d     -1.12264E-01  2.45694E+00 15.0
     60  9  8  530   3 2p3(4SO) 6f     -1.11219E-01  2.45798E+00 35.0
     61  9  8  330   4 2p3(4SO) 6f     -1.11173E-01  2.45803E+00 21.0
     62  9  8  321   7 2p3(2DO) 4s     -1.09585E-01  2.45961E+00 15.0
     63  9  8  501   5 2p3(4SO) 7s     -1.08161E-01  2.46104E+00  5.0
     64  9  8  301   6 2p3(4SO) 7s     -1.05977E-01  2.46322E+00  3.0
     65  9  8  121   3 2p3(2DO) 4s     -1.01131E-01  2.46807E+00  5.0
     66  9  8  510   5 2p3(4SO) 7p     -9.77504E-02  2.47145E+00 15.0
     67  9  8  310   8 2p3(4SO) 7p     -9.50824E-02  2.47412E+00  9.0
     68  9  8  521   5 2p3(4SO) 7d     -8.35940E-02  2.48561E+00 25.0
     69  9  8  321   8 2p3(4SO) 7d     -8.22988E-02  2.48690E+00 15.0
     70  9  8  530   4 2p3(4SO) 7f     -8.17072E-02  2.48749E+00 35.0
     71  9  8  330   5 2p3(4SO) 7f     -8.16752E-02  2.48752E+00 21.0
     72  9  8  501   6 2p3(4SO) 8s     -7.97468E-02  2.48945E+00  5.0
     73  9  8  301   7 2p3(4SO) 8s     -7.83668E-02  2.49083E+00  3.0
     74  9  8  510   6 2p3(4SO) 8p     -7.30808E-02  2.49612E+00 15.0
     75  9  8  310   9 2p3(4SO) 8p     -7.15888E-02  2.49761E+00  9.0
     76  9  8  521   6 2p3(4SO) 8d     -6.38292E-02  2.50537E+00 25.0
     77  9  8  321   9 2p3(4SO) 8d     -6.29764E-02  2.50622E+00 15.0
     78  9  8  530   5 2p3(4SO) 8f     -6.25528E-02  2.50665E+00 35.0
     79  9  8  330   6 2p3(4SO) 8f     -6.25304E-02  2.50667E+00 21.0
     80  9  8  501   7 2p3(4SO) 9s     -6.12240E-02  2.50798E+00  5.0
     81  9  8  301   8 2p3(4SO) 9s     -6.02956E-02  2.50890E+00  3.0
     82  9  8  510   7 2p3(4SO) 9p     -5.67012E-02  2.51250E+00 15.0
     83  9  8  310  10 2p3(4SO) 9p     -5.58708E-02  2.51333E+00  9.0
     84  9  8  521   7 2p3(4SO) 9d     -5.03232E-02  2.51888E+00 25.0
     85  9  8  321  10 2p3(4SO) 9d     -4.97304E-02  2.51947E+00 15.0
     86  9  8  530   6 2p3(4SO) 9f     -4.94212E-02  2.51978E+00 35.0
     87  9  8  330   7 2p3(4SO) 9f     -4.94048E-02  2.51980E+00 21.0
     88  9  8  501   8 2p3(4SO)10s     -4.84804E-02  2.52072E+00  5.0
     89  9  8  301   9 2p3(4SO)10s     -4.78256E-02  2.52137E+00  3.0
     90  9  8  510   8 2p3(4SO)10p     -4.52720E-02  2.52393E+00 15.0
     91  9  8  310  11 2p3(4SO)10p     -4.48672E-02  2.52433E+00  9.0
     92  9  8  521   8 2p3(4SO)10d     -4.06892E-02  2.52851E+00 25.0
     93  9  8  321  11 2p3(4SO)10d     -4.02608E-02  2.52894E+00 15.0
     94  9  8  530   7 2p3(4SO)10f     -4.00288E-02  2.52917E+00 35.0
     95  9  8  330   8 2p3(4SO)10f     -4.00172E-02  2.52918E+00 21.0
     96  9  8  320   3 2p3(2DO) 4p     -3.84123E-02  2.53079E+00 15.0
     97  9  8  110   3 2p3(2DO) 4p     -3.74627E-02  2.53174E+00  3.0
     98  9  8  130   2 2p3(2DO) 4p     -3.27505E-02  2.53645E+00  7.0
     99  9  8  120   4 2p3(2DO) 4p     -4.97356E-03  2.56423E+00  5.0
    100  9  8  331   2 2p3(2PO) 3d      1.01000E-02  2.57930E+00 21.0
    101  9  8  121   4 2p3(2PO) 3d      1.23506E-02  2.58155E+00  5.0
    102  9  8  311   4 2p3(2PO) 3d      1.35101E-02  2.58271E+00  9.0
    103  9  8  131   2 2p3(2PO) 3d      1.91913E-02  2.58839E+00  7.0
    104  9  8  111   4 2p3(2PO) 3d      2.53536E-02  2.59455E+00  3.0
    105  9  8  311   5 2p3(2PO) 4s      4.66492E-02  2.61585E+00  9.0
    106  9  8  101   2 2p3(2DO) 4d      5.13932E-02  2.62059E+00  1.0
    107  9  8  111   5 2p3(2DO) 4d:     5.23684E-02  2.62157E+00  3.0
    108  9  8  331   3 2p3(2DO) 4d      5.27392E-02  2.62194E+00 21.0
    109  9  8  141   2 2p3(2DO) 4d      5.36260E-02  2.62283E+00  9.0
    110  9  8  121   5 2p3(2DO) 4d      5.96492E-02  2.62885E+00  5.0
    111  9  8  131   3 2p3(2DO) 4d      5.98204E-02  2.62902E+00  7.0
    112  9  8  340   1 2p3(2DO) 4f      6.05400E-02  2.62974E+00 27.0
    113  9  8  320   4 2p3(2DO) 4f      6.05576E-02  2.62976E+00 15.0
    114  9  8  110   4 2p3(2DO) 4f      6.05588E-02  2.62976E+00  3.0
    115  9  8  120   5 2p3(2DO) 4f      6.05772E-02  2.62978E+00  5.0
    116  9  8  150   1 2p3(2DO) 4f      6.05852E-02  2.62979E+00 11.0
    117  9  8  130   3 2p3(2DO) 4f      6.06336E-02  2.62983E+00  7.0
    118  9  8  140   1 2p3(2DO) 4f      6.06356E-02  2.62984E+00  9.0
    119  9  8  311   6 2p3(2DO) 4d      6.19128E-02  2.63111E+00  9.0
    120  9  8  111   6 2p3(2PO) 4s:     6.86216E-02  2.63782E+00  3.0
    121  9  8  121   6 2p3(2DO) 5s      7.56148E-02  2.64481E+00  5.0
    122  9  8  110   5 2p3(2DO) 5p      1.01586E-01  2.67079E+00  3.0
    123  9  8  320   5 2p3(2DO) 5p      1.02917E-01  2.67212E+00 15.0
    124  9  8  130   4 2p3(2DO) 5p      1.06076E-01  2.67528E+00  7.0
    125  9  8  120   6 2p3(2DO) 5p      1.17120E-01  2.68632E+00  5.0
    126  9  8  300   2 2p3(2PO) 4p      1.19534E-01  2.68873E+00  3.0
    127  9  8  320   6 2p3(2PO) 4p      1.23334E-01  2.69253E+00 15.0
    128  9  8  110   6 2p3(2PO) 4p      1.25533E-01  2.69473E+00  3.0
    129  9  8  120   7 2p3(2PO) 4p      1.36971E-01  2.70617E+00  5.0
    130  9  8  101   3 2p3(2DO) 5d      1.45552E-01  2.71475E+00  1.0
    131  9  8  331   4 2p3(2DO) 5d      1.45804E-01  2.71500E+00 21.0
    132  9  8  141   3 2p3(2DO) 5d      1.46773E-01  2.71597E+00  9.0
    133  9  8  311   7 2p3(2DO) 5d      1.49221E-01  2.71842E+00  9.0
    134  9  8  121   7 2p3(2DO) 5d      1.49496E-01  2.71870E+00  5.0
    135  9  8  111   7 2p3(2DO) 5d      1.50002E-01  2.71920E+00  3.0
    136  9  8  131   4 2p3(2DO) 5d      1.50172E-01  2.71937E+00  7.0
    137  9  8  340   2 2p3(2DO) 5f      1.50594E-01  2.71979E+00 27.0
    138  9  8  150   2 2p3(2DO) 5f      1.50635E-01  2.71984E+00 11.0
    139  9  8  110   7 2p3(2DO) 5f      1.50669E-01  2.71987E+00  3.0
    140  9  8  320   7 2p3(2DO) 5f      1.50670E-01  2.71987E+00 15.0
    141  9  8  130   5 2p3(2DO) 5f      1.50671E-01  2.71987E+00  7.0
    142  9  8  140   2 2p3(2DO) 5f      1.50672E-01  2.71987E+00  9.0
    143  9  8  120   8 2p3(2DO) 5f      1.50734E-01  2.71993E+00  5.0
    144  9  8  331   5 2p3(2DO) 5g      1.50755E-01  2.71995E+00 21.0
    145  9  8  121   8 2p3(2DO) 6s      1.58511E-01  2.72771E+00  5.0
    146  9  8  100   3 2p3(2PO) 4p      1.62110E-01  2.73131E+00  1.0
    147  9  8  320   8 2p3(2DO) 6p      1.73469E-01  2.74267E+00 15.0
    148  9  8  110   8 2p3(2DO) 6p      1.73874E-01  2.74307E+00  3.0
    149  9  8  130   6 2p3(2DO) 6p      1.74830E-01  2.74403E+00  7.0
    150  9  8  120   9 2p3(2DO) 6p      1.82072E-01  2.75127E+00  5.0
    151  9  8  331   6 2p3(2DO) 6d      1.96399E-01  2.76560E+00 21.0
    152  9  8  101   4 2p3(2DO) 6d      1.96522E-01  2.76572E+00  1.0
    153  9  8  141   4 2p3(2DO) 6d      1.97248E-01  2.76645E+00  9.0
    154  9  8  121   9 2p3(2PO) 4d      1.98424E-01  2.76762E+00  5.0
    155  9  8  311   8 2p3(2DO) 6d      1.98436E-01  2.76764E+00  9.0
    156  9  8  111   8 2p3(2DO) 6d      1.98651E-01  2.76785E+00  3.0
    157  9  8  131   5 2p3(2DO) 6d      1.99280E-01  2.76848E+00  7.0
    158  9  8  340   3 2p3(2DO) 6f      1.99528E-01  2.76873E+00 27.0
    159  9  8  320   9 2p3(2DO) 6f      1.99546E-01  2.76875E+00 15.0
    160  9  8  120  10 2p3(2DO) 6f      1.99557E-01  2.76876E+00  5.0
    161  9  8  110   9 2p3(2DO) 6f      1.99561E-01  2.76876E+00  3.0
    162  9  8  150   3 2p3(2DO) 6f      1.99564E-01  2.76876E+00 11.0
    163  9  8  140   3 2p3(2DO) 6f      1.99583E-01  2.76878E+00  9.0
    164  9  8  130   7 2p3(2DO) 6f      1.99586E-01  2.76879E+00  7.0
    165  9  8  121  10 2p3(2DO) 6d      2.04090E-01  2.77329E+00  5.0
    166  9  8  331   7 2p3(2PO) 4d      2.12049E-01  2.78125E+00 21.0
    167  9  8  320  10 2p3(2DO) 7p      2.13050E-01  2.78225E+00 15.0
    168  9  8  110  10 2p3(2DO) 7p      2.13123E-01  2.78232E+00  3.0
    169  9  8  121  11 2p3(2DO) 7s      2.13360E-01  2.78256E+00  5.0
    170  9  8  311   9 2p3(2PO) 4d      2.13436E-01  2.78264E+00  9.0
    171  9  8  130   8 2p3(2DO) 7p      2.13903E-01  2.78310E+00  7.0
    172  9  8  131   6 2p3(2PO) 4d      2.16362E-01  2.78556E+00  7.0
    173  9  8  120  11 2p3(2DO) 7p      2.18110E-01  2.78731E+00  5.0
    174  9  8  320  11 2p3(2PO) 4f      2.19651E-01  2.78885E+00 15.0
    175  9  8  340   4 2p3(2PO) 4f      2.19674E-01  2.78887E+00 27.0
    176  9  8  140   4 2p3(2PO) 4f      2.19735E-01  2.78893E+00  9.0
    177  9  8  120  12 2p3(2PO) 4f      2.19741E-01  2.78894E+00  5.0
    178  9  8  130   9 2p3(2PO) 4f      2.19770E-01  2.78897E+00  7.0
    179  9  8  111   9 2p3(2PO) 4d      2.19826E-01  2.78903E+00  3.0
    180  9  8  101   5 2p3(2DO) 7d      2.27118E-01  2.79632E+00  1.0
    181  9  8  331   8 2p3(2DO) 7d      2.27407E-01  2.79661E+00 21.0
    182  9  8  141   5 2p3(2DO) 7d      2.27582E-01  2.79678E+00  9.0
    183  9  8  311  10 2p3(2DO) 7d      2.27652E-01  2.79685E+00  9.0
    184  9  8  111  10 2p3(2DO) 7d      2.28297E-01  2.79750E+00  3.0
    185  9  8  121  12 2p3(2DO) 7d      2.28921E-01  2.79812E+00  5.0
    186  9  8  110  11 2p3(2DO) 7f      2.29060E-01  2.79826E+00  3.0
    187  9  8  340   5 2p3(2DO) 7f      2.29064E-01  2.79826E+00 27.0
    188  9  8  150   4 2p3(2DO) 7f      2.29069E-01  2.79827E+00 11.0
    189  9  8  320  12 2p3(2DO) 7f      2.29082E-01  2.79828E+00 15.0
    190  9  8  120  13 2p3(2DO) 7f      2.29090E-01  2.79829E+00  5.0
    191  9  8  130  10 2p3(2DO) 7f      2.29092E-01  2.79829E+00  7.0
    192  9  8  140   5 2p3(2DO) 7f      2.29100E-01  2.79830E+00  9.0
    193  9  8  311  11 2p3(2PO) 5s      2.31986E-01  2.80119E+00  9.0
    194  9  8  121  13 2p3(2DO) 8s      2.32093E-01  2.80129E+00  5.0
    195  9  8  111  11 2p3(2PO) 5s      2.35712E-01  2.80491E+00  3.0
    196  9  8  110  12 2p3(2DO) 8p      2.37637E-01  2.80684E+00  3.0
    197  9  8  320  13 2p3(2DO) 8p      2.37682E-01  2.80688E+00 15.0
    198  9  8  130  11 2p3(2DO) 8p      2.38275E-01  2.80748E+00  7.0
    199  9  8  120  14 2p3(2DO) 8p      2.40919E-01  2.81012E+00  5.0
    200  9  8  101   6 2p3(2DO) 8d      2.46898E-01  2.81610E+00  1.0
    201  9  8  331   9 2p3(2DO) 8d      2.47012E-01  2.81621E+00 21.0
    202  9  8  141   6 2p3(2DO) 8d      2.47211E-01  2.81641E+00  9.0
    203  9  8  311  12 2p3(2DO) 8d      2.47931E-01  2.81713E+00  9.0
    204  9  8  121  14 2p3(2DO) 8d      2.48001E-01  2.81720E+00  5.0
    205  9  8  131   7 2p3(2DO) 7d      2.48094E-01  2.81729E+00  7.0
    206  9  8  111  12 2p3(2DO) 8d      2.48181E-01  2.81738E+00  3.0
    207  9  8  110  13 2p3(2DO) 8f      2.48206E-01  2.81741E+00  3.0
    208  9  8  340   6 2p3(2DO) 8f      2.48207E-01  2.81741E+00 27.0
    209  9  8  320  14 2p3(2DO) 8f      2.48209E-01  2.81741E+00 15.0
    210  9  8  120  15 2p3(2DO) 8f      2.48216E-01  2.81742E+00  5.0
    211  9  8  150   5 2p3(2DO) 8f      2.48218E-01  2.81742E+00 11.0
    212  9  8  130  12 2p3(2DO) 8f      2.48232E-01  2.81743E+00  7.0
    213  9  8  140   6 2p3(2DO) 8f      2.48234E-01  2.81743E+00  9.0
    214  9  8  121  15 2p3(2DO) 9s      2.50242E-01  2.81944E+00  5.0
    215  9  8  110  14 2p3(2DO) 9p      2.53842E-01  2.82304E+00  3.0
    216  9  8  320  15 2p3(2DO) 9p      2.54015E-01  2.82322E+00 15.0
    217  9  8  130  13 2p3(2DO) 9p      2.54465E-01  2.82367E+00  7.0
    218  9  8  120  16 2p3(2DO) 9p      2.56175E-01  2.82538E+00  5.0
    219  9  8  101   7 2p3(2DO) 9d      2.60413E-01  2.82961E+00  1.0
    220  9  8  331  10 2p3(2DO) 9d      2.60476E-01  2.82968E+00 21.0
    221  9  8  141   7 2p3(2DO) 9d      2.60634E-01  2.82983E+00  9.0
    222  9  8  311  13 2p3(2DO) 9d      2.61091E-01  2.83029E+00  9.0
    223  9  8  121  16 2p3(2DO) 9d      2.61166E-01  2.83037E+00  5.0
    224  9  8  111  13 2p3(2DO) 9d      2.61200E-01  2.83040E+00  3.0
    225  9  8  131   8 2p3(2DO) 8d      2.61258E-01  2.83046E+00  7.0
    226  9  8  320  16 2p3(2DO) 9f      2.61294E-01  2.83049E+00 15.0
    227  9  8  110  15 2p3(2DO) 9f      2.61305E-01  2.83051E+00  3.0
    228  9  8  120  17 2p3(2DO) 9f      2.61333E-01  2.83053E+00  5.0
    229  9  8  340   7 2p3(2DO) 9f      2.61337E-01  2.83054E+00 27.0
    230  9  8  150   6 2p3(2DO) 9f      2.61346E-01  2.83055E+00 11.0
    231  9  8  130  14 2p3(2DO) 9f      2.61356E-01  2.83056E+00  7.0
    232  9  8  140   7 2p3(2DO) 9f      2.61357E-01  2.83056E+00  9.0
    233  9  8  131   9 2p3(2DO) 9d      2.61374E-01  2.83057E+00  7.0
    234  9  8  300   3 2p3(2PO) 5p      2.62071E-01  2.83127E+00  3.0
    235  9  8  121  17 2p3(2DO)10s      2.62772E-01  2.83197E+00  5.0
    236  9  8  110  16 2p3(2PO) 5p      2.63338E-01  2.83254E+00  3.0
    237  9  8  320  17 2p3(2PO) 5p      2.63491E-01  2.83269E+00 15.0
    238  9  8  320  18 2p3(2DO)10p      2.65719E-01  2.83492E+00 15.0
    239  9  8  130  15 2p3(2DO)10p      2.65777E-01  2.83498E+00  7.0
    240  9  8  110  17 2p3(2DO)10p      2.66383E-01  2.83558E+00  3.0
    241  9  8  120  18 2p3(2DO)10p      2.66557E-01  2.83576E+00  5.0
    242  9  8  120  19 2p3(2PO) 5p      2.69766E-01  2.83897E+00  5.0
    243  9  8  101   8 2p3(2DO)10d      2.70053E-01  2.83925E+00  1.0
    244  9  8  141   8 2p3(2DO)10d      2.70214E-01  2.83941E+00  9.0
    245  9  8  311  14 2p3(2DO)10d      2.70534E-01  2.83973E+00  9.0
    246  9  8  121  18 2p3(2DO)10d      2.70591E-01  2.83979E+00  5.0
    247  9  8  111  14 2p3(2DO)10d      2.70596E-01  2.83980E+00  3.0
    248  9  8  110  18 2p3(2DO)10f      2.70744E-01  2.83994E+00  3.0
    249  9  8  320  19 2p3(2DO)10f      2.70746E-01  2.83995E+00 15.0
    250  9  8  100   4 2p3(2PO) 5p      2.81908E-01  2.85111E+00  1.0
    251  9  8  300   4 2p3(2PO) 6p      3.32264E-01  2.90146E+00  3.0
    252  9  8  100   5 2p3(2PO) 6p      3.43090E-01  2.91229E+00  1.0
    253  9  8  300   5 2p3(2PO) 7p      3.72026E-01  2.94123E+00  3.0
    254  9  8  100   6 2p3(2PO) 7p      3.78576E-01  2.94778E+00  1.0
    255  9  8  300   6 2p3(2PO) 8p      3.96732E-01  2.96593E+00  3.0
    256  9  8  100   7 2p3(2PO) 8p      4.00992E-01  2.97019E+00  1.0
    257  9  8  300   7 2p3(2PO) 9p      4.13132E-01  2.98233E+00  3.0
    258  9  8  100   8 2p3(2PO) 9p      4.16060E-01  2.98526E+00  1.0
    259  9  8  300   8 2p3(2PO)10p      4.24572E-01  2.99377E+00  3.0
    260  9  8  100   9 2p3(2PO)10p      4.26668E-01  2.99587E+00  1.0
    261  9  8  511   1 2p4(4PE) 3p      6.58116E-01  3.22732E+00 15.0
    262  9  8  520   1 2p4(4PE) 3d      9.18600E-01  3.48780E+00 25.0
    263  9  8  511   2 2p4(4PE) 4p      1.03401E+00  3.60321E+00 15.0
    264  9  8  520   2 2p4(4PE) 4d      1.12436E+00  3.69356E+00 25.0
    265  9  8  531   1 2p4(4PE) 4f      1.13519E+00  3.70439E+00 35.0
    266  9  8  511   3 2p4(4PE) 5p      1.17743E+00  3.74663E+00 15.0
    267  9  8  520   3 2p4(4PE) 5d      1.21956E+00  3.78876E+00 25.0
    268  9  8  531   2 2p4(4PE) 5f      1.22537E+00  3.79457E+00 35.0
    269  9  8  511   4 2p4(4PE) 6p      1.24790E+00  3.81710E+00 15.0
    270  9  8  520   4 2p4(4PE) 6d      1.27097E+00  3.84017E+00 25.0
    271  9  8  531   3 2p4(4PE) 6f      1.27440E+00  3.84360E+00 35.0
    272  9  8  511   5 2p4(4PE) 7p      1.28778E+00  3.85698E+00 15.0
    273  9  8  520   5 2p4(4PE) 7d      1.30178E+00  3.87098E+00 25.0
    274  9  8  531   4 2p4(4PE) 7f      1.30397E+00  3.87317E+00 35.0
    275  9  8  511   6 2p4(4PE) 8p      1.31254E+00  3.88174E+00 15.0
    276  9  8  520   6 2p4(4PE) 8d      1.32168E+00  3.89088E+00 25.0
    277  9  8  531   5 2p4(4PE) 8f      1.32316E+00  3.89236E+00 35.0
    278  9  8  511   7 2p4(4PE) 9p      1.32897E+00  3.89817E+00 15.0
    279  9  8  520   7 2p4(4PE) 9d      1.33527E+00  3.90447E+00 25.0
    280  9  8  531   6 2p4(4PE) 9f      1.33631E+00  3.90551E+00 35.0
    281  9  8  511   8 2p4(4PE)10p      1.34043E+00  3.90963E+00 15.0
    282  9  8  520   8 2p4(4PE)10d      1.34495E+00  3.91415E+00 25.0
    283  9  8  531   7 2p4(4PE)10f      1.34571E+00  3.91491E+00 35.0
 ====================================================================
