 ====================================================================
      i NZ NE iSLP iLV iCONF                 E(RYD)      TE(RYD)   gi
 ====================================================================
      1  9  7  401   1 2s2 2p3         -4.63597E+00  0.00000E+00  4.0
      2  9  7  221   1 2s2 2p3         -4.31449E+00  3.21480E-01 10.0
      3  9  7  211   1 2s2 2p3         -4.14741E+00  4.88560E-01  6.0
      4  9  7  410   1 2s 2p4          -3.25546E+00  1.38051E+00 12.0
      5  9  7  220   1 2s 2p4          -2.70532E+00  1.93065E+00 10.0
      6  9  7  200   1 2s 2p4          -2.34097E+00  2.29500E+00  2.0
      7  9  7  210   1 2s 2p4          -2.17169E+00  2.46428E+00  6.0
      8  9  7  410   2 2p2(3PE) 3s     -1.71508E+00  2.92089E+00 12.0
      9  9  7  210   2 2p2(3PE) 3s     -1.64211E+00  2.99386E+00  6.0
     10  9  7  201   1 2p2(3PE) 3p     -1.46813E+00  3.16784E+00  2.0
     11  9  7  220   2 2p2(1DE) 3s     -1.45553E+00  3.18044E+00 10.0
     12  9  7  421   1 2p2(3PE) 3p     -1.42573E+00  3.21024E+00 20.0
     13  9  7  411   1 2p2(3PE) 3p     -1.40316E+00  3.23281E+00 12.0
     14  9  7  221   2 2p2(3PE) 3p     -1.35772E+00  3.27825E+00 10.0
     15  9  7  401   2 2p2(3PE) 3p     -1.34635E+00  3.28962E+00  4.0
     16  9  7  211   2 2p5             -1.31752E+00  3.31845E+00  6.0
     17  9  7  200   2 2p2(1SE) 3s     -1.17576E+00  3.46021E+00  2.0
     18  9  7  231   1 2p2(1DE) 3p     -1.16474E+00  3.47123E+00 14.0
     19  9  7  221   3 2p2(1DE) 3p     -1.13215E+00  3.50382E+00 10.0
     20  9  7  211   3 2p2(1DE) 3p     -1.09314E+00  3.54283E+00  6.0
     21  9  7  430   1 2p2(3PE) 3d     -1.07322E+00  3.56275E+00 28.0
     22  9  7  210   3 2p2(3PE) 3d     -1.05297E+00  3.58300E+00  6.0
     23  9  7  420   1 2p2(3PE) 3d     -1.04889E+00  3.58708E+00 20.0
     24  9  7  601   1 2p3(5SO) 3s     -1.04856E+00  3.58741E+00  6.0
     25  9  7  410   3 2p2(3PE) 3d     -1.04252E+00  3.59345E+00 12.0
     26  9  7  230   1 2p2(3PE) 3d     -1.03669E+00  3.59928E+00 14.0
     27  9  7  220   3 2p2(3PE) 3d     -1.00003E+00  3.63594E+00 10.0
     28  9  7  211   4 2p3(3DO) 3d     -9.57321E-01  3.67865E+00  6.0
     29  9  7  401   3 2p3(5SO) 3s     -9.17263E-01  3.71871E+00  4.0
     30  9  7  211   5 2p2(1SE) 3p     -8.79790E-01  3.75618E+00  6.0
     31  9  7  230   2 2p2(1DE) 3d     -8.36931E-01  3.79904E+00 14.0
     32  9  7  410   4 2p2(3PE) 4s     -8.23518E-01  3.81245E+00 12.0
     33  9  7  240   1 2p2(1DE) 3d     -8.19135E-01  3.81684E+00 18.0
     34  9  7  220   4 2p2(1DE) 3d     -8.09301E-01  3.82667E+00 10.0
     35  9  7  210   4 2p2(3PE) 4s     -8.01272E-01  3.83470E+00  6.0
     36  9  7  210   5 2p2(1DE) 3d     -7.88559E-01  3.84741E+00  6.0
     37  9  7  200   3 2p2(1DE) 3d     -7.63791E-01  3.87218E+00  2.0
     38  9  7  610   1 2p3(5SO) 3p     -7.42104E-01  3.89387E+00 18.0
     39  9  7  201   2 2p2(3PE) 4p     -7.32427E-01  3.90354E+00  2.0
     40  9  7  421   2 2p2(3PE) 4p     -7.21273E-01  3.91470E+00 20.0
     41  9  7  411   2 2p2(3PE) 4p     -7.14403E-01  3.92157E+00 12.0
     42  9  7  221   4 2p2(3PE) 4p     -6.88605E-01  3.94737E+00 10.0
     43  9  7  401   4 2p2(3PE) 4p     -6.74469E-01  3.96150E+00  4.0
     44  9  7  211   6 2p2(3PE) 3p     -6.72243E-01  3.96373E+00  6.0
     45  9  7  410   5 2p3(5SO) 3p     -6.45696E-01  3.99027E+00 12.0
     46  9  7  430   2 2p2(3PE) 4d     -5.96693E-01  4.03928E+00 28.0
     47  9  7  220   5 2p2(1DE) 4s     -5.89593E-01  4.04638E+00 10.0
     48  9  7  420   2 2p2(3PE) 4d     -5.88792E-01  4.04718E+00 20.0
     49  9  7  210   6 2p2(3PE) 4d     -5.86269E-01  4.04970E+00  6.0
     50  9  7  410   6 2p2(3PE) 4d     -5.79216E-01  4.05675E+00 12.0
     51  9  7  230   3 2p2(3PE) 4d     -5.77048E-01  4.05892E+00 14.0
     52  9  7  220   6 2p2(3PE) 4d     -5.69643E-01  4.06633E+00 10.0
     53  9  7  421   3 2p2(3PE) 4f     -5.66085E-01  4.06989E+00 20.0
     54  9  7  221   5 2p2(3PE) 4f     -5.66036E-01  4.06993E+00 10.0
     55  9  7  441   1 2p2(3PE) 4f     -5.65087E-01  4.07088E+00 36.0
     56  9  7  241   1 2p2(3PE) 4f     -5.64563E-01  4.07141E+00 18.0
     57  9  7  431   1 2p2(3PE) 4f     -5.61862E-01  4.07411E+00 28.0
     58  9  7  231   2 2p2(3PE) 4f     -5.61256E-01  4.07471E+00 14.0
     59  9  7  220   7 2p2(1SE) 3d     -5.45877E-01  4.09009E+00 10.0
     60  9  7  221   6 2p2(1DE) 4p     -4.86057E-01  4.14991E+00 10.0
     61  9  7  410   7 2p2(3PE) 5s     -4.83931E-01  4.15204E+00 12.0
     62  9  7  231   3 2p2(1DE) 4p     -4.82661E-01  4.15331E+00 14.0
     63  9  7  210   7 2p2(3PE) 5s     -4.74466E-01  4.16150E+00  6.0
     64  9  7  211   7 2p2(1DE) 4p     -4.70104E-01  4.16587E+00  6.0
     65  9  7  201   3 2p2(3PE) 5p     -4.41967E-01  4.19400E+00  2.0
     66  9  7  421   4 2p2(3PE) 5p     -4.39370E-01  4.19660E+00 20.0
     67  9  7  411   3 2p2(3PE) 5p     -4.33969E-01  4.20200E+00 12.0
     68  9  7  401   5 2p2(3PE) 5p     -4.19083E-01  4.21689E+00  4.0
     69  9  7  221   7 2p2(3PE) 5p     -4.18657E-01  4.21731E+00 10.0
     70  9  7  211   8 2p2(3PE) 4p     -4.09997E-01  4.22597E+00  6.0
     71  9  7  621   1 2p3(5SO) 3d     -3.95842E-01  4.24013E+00 30.0
     72  9  7  430   3 2p2(3PE) 5d     -3.78102E-01  4.25787E+00 28.0
     73  9  7  230   4 2p2(3PE) 5d     -3.76593E-01  4.25938E+00 14.0
     74  9  7  210   8 2p2(3PE) 5d     -3.74601E-01  4.26137E+00  6.0
     75  9  7  420   3 2p2(3PE) 5d     -3.74281E-01  4.26169E+00 20.0
     76  9  7  410   8 2p2(3PE) 5d     -3.69642E-01  4.26633E+00 12.0
     77  9  7  421   5 2p2(3PE) 5f     -3.62355E-01  4.27361E+00 20.0
     78  9  7  221   8 2p2(3PE) 5f     -3.62261E-01  4.27371E+00 10.0
     79  9  7  441   2 2p2(3PE) 5f     -3.61790E-01  4.27418E+00 36.0
     80  9  7  220   8 2p2(3PE) 5d     -3.61452E-01  4.27452E+00 10.0
     81  9  7  241   2 2p2(3PE) 5f     -3.61354E-01  4.27462E+00 18.0
     82  9  7  230   5 2p2(3PE) 5g     -3.60211E-01  4.27576E+00 14.0
     83  9  7  430   4 2p2(3PE) 5g     -3.60205E-01  4.27576E+00 28.0
     84  9  7  431   2 2p2(3PE) 5f     -3.59939E-01  4.27603E+00 28.0
     85  9  7  440   1 2p2(3PE) 5g     -3.59867E-01  4.27610E+00 36.0
     86  9  7  240   2 2p2(3PE) 5g     -3.59814E-01  4.27616E+00 18.0
     87  9  7  240   3 2p2(1DE) 4d     -3.59814E-01  4.27616E+00 18.0
     88  9  7  231   4 2p2(3PE) 5f     -3.59436E-01  4.27653E+00 14.0
     89  9  7  230   6 2p2(1DE) 4d     -3.56248E-01  4.27972E+00 14.0
     90  9  7  220   9 2p2(1DE) 4d     -3.52577E-01  4.28339E+00 10.0
     91  9  7  200   4 2p2(1DE) 4d     -3.49898E-01  4.28607E+00  2.0
     92  9  7  210   9 2p2(1DE) 4d     -3.44908E-01  4.29106E+00  6.0
     93  9  7  241   3 2p2(1DE) 4f     -3.40455E-01  4.29552E+00 18.0
     94  9  7  421   6 2p3(5SO) 3d     -3.40296E-01  4.29567E+00 20.0
     95  9  7  231   5 2p2(1DE) 4f     -3.39904E-01  4.29607E+00 14.0
     96  9  7  421   7 2p3(3DO) 3s     -3.39537E-01  4.29643E+00 20.0
     97  9  7  221   9 2p2(1DE) 4f     -3.36838E-01  4.29913E+00 10.0
     98  9  7  211   9 2p2(1DE) 4f     -3.33774E-01  4.30220E+00  6.0
     99  9  7  410   9 2p2(3PE) 6s     -3.18832E-01  4.31714E+00 12.0
    100  9  7  200   5 2p2(1SE) 4s     -3.14313E-01  4.32166E+00  2.0
    101  9  7  210  10 2p2(3PE) 6s     -3.13617E-01  4.32235E+00  6.0
    102  9  7  201   4 2p2(3PE) 6p     -2.95832E-01  4.34014E+00  2.0
    103  9  7  411   4 2p2(3PE) 6p     -2.91792E-01  4.34418E+00 12.0
    104  9  7  421   8 2p2(3PE) 6p     -2.88373E-01  4.34760E+00 20.0
    105  9  7  221  10 2p2(3PE) 6p     -2.86177E-01  4.34979E+00 10.0
    106  9  7  401   6 2p2(3PE) 6p     -2.84472E-01  4.35150E+00  4.0
    107  9  7  211  10 2p2(3PE) 5p     -2.81793E-01  4.35418E+00  6.0
    108  9  7  430   5 2p2(3PE) 6d     -2.60632E-01  4.37534E+00 28.0
    109  9  7  420   4 2p2(3PE) 6d     -2.58477E-01  4.37749E+00 20.0
    110  9  7  221  11 2p3(3DO) 3s     -2.58357E-01  4.37761E+00 10.0
    111  9  7  210  11 2p2(3PE) 6d     -2.57603E-01  4.37837E+00  6.0
    112  9  7  410  10 2p2(3PE) 6d     -2.55753E-01  4.38022E+00 12.0
    113  9  7  230   7 2p2(3PE) 6d     -2.54607E-01  4.38136E+00 14.0
    114  9  7  220  10 2p2(1DE) 5s     -2.54120E-01  4.38185E+00 10.0
    115  9  7  421   9 2p2(3PE) 6f     -2.51432E-01  4.38454E+00 20.0
    116  9  7  221  12 2p2(3PE) 6f     -2.51386E-01  4.38458E+00 10.0
    117  9  7  441   3 2p2(3PE) 6f     -2.51199E-01  4.38477E+00 36.0
    118  9  7  220  11 2p2(3PE) 6d     -2.50977E-01  4.38499E+00 10.0
    119  9  7  241   4 2p2(3PE) 6f     -2.50877E-01  4.38509E+00 18.0
    120  9  7  430   6 2p2(3PE) 6g     -2.50188E-01  4.38578E+00 28.0
    121  9  7  230   8 2p2(3PE) 6g     -2.50185E-01  4.38579E+00 14.0
    122  9  7  431   3 2p2(3PE) 6f     -2.50084E-01  4.38589E+00 28.0
    123  9  7  441   4 2p2(3PE) 6h     -2.50002E-01  4.38597E+00 36.0
    124  9  7  241   5 2p2(3PE) 6h     -2.50000E-01  4.38597E+00 18.0
    125  9  7  440   2 2p2(3PE) 6g     -2.49887E-01  4.38608E+00 36.0
    126  9  7  240   4 2p2(3PE) 6g     -2.49882E-01  4.38609E+00 18.0
    127  9  7  231   6 2p2(3PE) 6f     -2.49726E-01  4.38624E+00 14.0
    128  9  7  410  11 2p2(3PE) 7s     -2.25831E-01  4.41014E+00 12.0
    129  9  7  210  12 2p2(3PE) 7s     -2.22651E-01  4.41332E+00  6.0
    130  9  7  211  11 2p2(1SE) 4p     -2.21305E-01  4.41467E+00  6.0
    131  9  7  201   5 2p2(3PE) 7p     -2.11892E-01  4.42408E+00  2.0
    132  9  7  411   5 2p2(3PE) 7p     -2.09755E-01  4.42622E+00 12.0
    133  9  7  421  10 2p2(3PE) 7p     -2.08852E-01  4.42712E+00 20.0
    134  9  7  221  13 2p2(3PE) 7p     -2.08808E-01  4.42716E+00 10.0
    135  9  7  401   7 2p2(3PE) 7p     -2.05896E-01  4.43007E+00  4.0
    136  9  7  231   7 2p2(1DE) 5p     -2.04753E-01  4.43122E+00 14.0
    137  9  7  211  12 2p2(3PE) 6p     -2.04065E-01  4.43191E+00  6.0
    138  9  7  211  13 2p2(1DE) 5p     -1.93639E-01  4.44233E+00  6.0
    139  9  7  430   7 2p2(3PE) 7d     -1.90425E-01  4.44555E+00 28.0
    140  9  7  420   5 2p2(3PE) 7d     -1.89084E-01  4.44689E+00 20.0
    141  9  7  210  13 2p2(3PE) 7d     -1.88801E-01  4.44717E+00  6.0
    142  9  7  410  12 2p2(3PE) 7d     -1.87360E-01  4.44861E+00 12.0
    143  9  7  230   9 2p2(3PE) 7d     -1.87176E-01  4.44879E+00 14.0
    144  9  7  221  14 2p2(1DE) 5p     -1.85997E-01  4.44997E+00 10.0
    145  9  7  421  11 2p2(3PE) 7f     -1.84626E-01  4.45134E+00 20.0
    146  9  7  221  15 2p2(3PE) 7f     -1.84546E-01  4.45142E+00 10.0
    147  9  7  441   5 2p2(3PE) 7f     -1.84498E-01  4.45147E+00 36.0
    148  9  7  220  12 2p2(3PE) 7d     -1.84442E-01  4.45153E+00 10.0
    149  9  7  241   6 2p2(3PE) 7f     -1.84267E-01  4.45170E+00 18.0
    150  9  7  430   8 2p2(3PE) 7g     -1.83819E-01  4.45215E+00 28.0
    151  9  7  230  10 2p2(3PE) 7g     -1.83816E-01  4.45215E+00 14.0
    152  9  7  431   4 2p2(3PE) 7f     -1.83779E-01  4.45219E+00 28.0
    153  9  7  441   6 2p2(3PE) 7h     -1.83676E-01  4.45229E+00 36.0
    154  9  7  241   7 2p2(3PE) 7h     -1.83674E-01  4.45230E+00 18.0
    155  9  7  440   3 2p2(3PE) 7g     -1.83590E-01  4.45238E+00 36.0
    156  9  7  240   5 2p2(3PE) 7g     -1.83586E-01  4.45238E+00 18.0
    157  9  7  231   8 2p2(3PE) 7f     -1.83521E-01  4.45245E+00 14.0
    158  9  7  410  13 2p2(3PE) 8s     -1.68316E-01  4.46765E+00 12.0
    159  9  7  210  14 2p2(3PE) 8s     -1.66221E-01  4.46975E+00  6.0
    160  9  7  201   6 2p2(3PE) 8p     -1.59230E-01  4.47674E+00  2.0
    161  9  7  411   6 2p2(3PE) 8p     -1.58165E-01  4.47781E+00 12.0
    162  9  7  421  12 2p2(3PE) 8p     -1.57416E-01  4.47855E+00 20.0
    163  9  7  401   8 2p2(3PE) 8p     -1.56496E-01  4.47947E+00  4.0
    164  9  7  221  16 2p2(3PE) 8p     -1.53531E-01  4.48244E+00 10.0
    165  9  7  211  14 2p2(3PE) 7p     -1.52623E-01  4.48335E+00  6.0
    166  9  7  601   2 2p3(5SO) 4s     -1.50549E-01  4.48542E+00  6.0
    167  9  7  230  11 2p2(1DE) 5d     -1.50174E-01  4.48580E+00 14.0
    168  9  7  240   6 2p2(1DE) 5d     -1.46681E-01  4.48929E+00 18.0
    169  9  7  430   9 2p2(3PE) 8d     -1.45177E-01  4.49079E+00 28.0
    170  9  7  210  15 2p2(3PE) 8d     -1.45129E-01  4.49084E+00  6.0
    171  9  7  420   6 2p2(3PE) 8d     -1.44280E-01  4.49169E+00 20.0
    172  9  7  220  13 2p2(1DE) 5d     -1.43811E-01  4.49216E+00 10.0
    173  9  7  410  14 2p2(3PE) 8d     -1.43123E-01  4.49285E+00 12.0
    174  9  7  421  13 2p2(3PE) 8f     -1.41285E-01  4.49469E+00 20.0
    175  9  7  221  17 2p2(3PE) 8f     -1.41277E-01  4.49469E+00 10.0
    176  9  7  441   7 2p2(3PE) 8f     -1.41212E-01  4.49476E+00 36.0
    177  9  7  230  12 2p2(3PE) 8d     -1.41113E-01  4.49486E+00 14.0
    178  9  7  241   8 2p2(3PE) 8f     -1.41048E-01  4.49492E+00 18.0
    179  9  7  220  14 2p2(3PE) 8d     -1.40981E-01  4.49499E+00 10.0
    180  9  7  430  10 2p2(3PE) 8g     -1.40733E-01  4.49524E+00 28.0
    181  9  7  230  13 2p2(3PE) 8g     -1.40723E-01  4.49525E+00 14.0
    182  9  7  431   5 2p2(3PE) 8f     -1.40721E-01  4.49525E+00 28.0
    183  9  7  441   8 2p2(3PE) 8h     -1.40628E-01  4.49534E+00 36.0
    184  9  7  241   9 2p2(3PE) 8h     -1.40626E-01  4.49534E+00 18.0
    185  9  7  440   4 2p2(3PE) 8g     -1.40565E-01  4.49541E+00 36.0
    186  9  7  240   7 2p2(3PE) 8g     -1.40561E-01  4.49541E+00 18.0
    187  9  7  231   9 2p2(3PE) 8f     -1.40536E-01  4.49543E+00 14.0
    188  9  7  210  16 2p2(1DE) 5d     -1.38493E-01  4.49748E+00  6.0
    189  9  7  200   6 2p2(1DE) 5d     -1.36431E-01  4.49954E+00  2.0
    190  9  7  241  10 2p2(1DE) 5f     -1.36390E-01  4.49958E+00 18.0
    191  9  7  231  10 2p2(1DE) 5f     -1.36273E-01  4.49970E+00 14.0
    192  9  7  221  18 2p2(1DE) 5f     -1.34352E-01  4.50162E+00 10.0
    193  9  7  240   8 2p2(1DE) 5g     -1.34071E-01  4.50190E+00 18.0
    194  9  7  230  14 2p2(1DE) 5g     -1.33866E-01  4.50210E+00 14.0
    195  9  7  220  15 2p2(1DE) 5g     -1.33605E-01  4.50237E+00 10.0
    196  9  7  211  15 2p2(1DE) 5f     -1.32475E-01  4.50350E+00  6.0
    197  9  7  410  15 2p2(3PE) 9s     -1.30279E-01  4.50569E+00 12.0
    198  9  7  210  17 2p2(3PE) 9s     -1.28815E-01  4.50715E+00  6.0
    199  9  7  401   9 2p2(3PE) 9p     -1.24980E-01  4.51099E+00  4.0
    200  9  7  201   7 2p2(3PE) 9p     -1.24022E-01  4.51195E+00  2.0
    201  9  7  411   7 2p2(3PE) 9p     -1.23691E-01  4.51228E+00 12.0
    202  9  7  421  14 2p2(3PE) 9p     -1.22820E-01  4.51315E+00 20.0
    203  9  7  221  19 2p2(3PE) 9p     -1.20734E-01  4.51524E+00 10.0
    204  9  7  211  16 2p2(3PE) 8p     -1.19802E-01  4.51617E+00  6.0
    205  9  7  430  11 2p2(3PE) 9d     -1.14328E-01  4.52164E+00 28.0
    206  9  7  420   7 2p2(3PE) 9d     -1.13693E-01  4.52228E+00 20.0
    207  9  7  210  18 2p2(3PE) 9d     -1.13429E-01  4.52254E+00  6.0
    208  9  7  410  16 2p2(3PE) 9d     -1.12881E-01  4.52309E+00 12.0
    209  9  7  230  15 2p2(3PE) 9d     -1.12447E-01  4.52352E+00 14.0
    210  9  7  220  16 2p2(3PE) 9d     -1.11782E-01  4.52419E+00 10.0
    211  9  7  421  15 2p2(3PE) 9f     -1.11585E-01  4.52438E+00 20.0
    212  9  7  221  20 2p2(3PE) 9f     -1.11578E-01  4.52439E+00 10.0
    213  9  7  441   9 2p2(3PE) 9f     -1.11541E-01  4.52443E+00 36.0
    214  9  7  241  11 2p2(3PE) 9f     -1.11412E-01  4.52456E+00 18.0
    215  9  7  430  12 2p2(3PE) 9g     -1.11193E-01  4.52478E+00 28.0
    216  9  7  431   6 2p2(3PE) 9f     -1.11192E-01  4.52478E+00 28.0
    217  9  7  230  16 2p2(3PE) 9g     -1.11191E-01  4.52478E+00 14.0
    218  9  7  441  10 2p2(3PE) 9h     -1.11114E-01  4.52486E+00 36.0
    219  9  7  241  12 2p2(3PE) 9h     -1.11113E-01  4.52486E+00 18.0
    220  9  7  440   5 2p2(3PE) 9g     -1.11067E-01  4.52490E+00 36.0
    221  9  7  240   9 2p2(3PE) 9g     -1.11064E-01  4.52491E+00 18.0
    222  9  7  231  11 2p2(3PE) 9f     -1.11055E-01  4.52492E+00 14.0
    223  9  7  401  10 2p3(5SO) 4s     -1.08632E-01  4.52734E+00  4.0
    224  9  7  410  17 2p2(3PE)10s     -1.03820E-01  4.53215E+00 12.0
    225  9  7  210  19 2p2(3PE)10s     -1.02754E-01  4.53322E+00  6.0
    226  9  7  411   8 2p2(3PE)10p     -9.96915E-02  4.53628E+00 12.0
    227  9  7  201   8 2p2(3PE)10p     -9.93249E-02  4.53665E+00  2.0
    228  9  7  421  16 2p2(3PE)10p     -9.84789E-02  4.53749E+00 20.0
    229  9  7  220  17 2p2(1SE) 4d     -9.83553E-02  4.53761E+00 10.0
    230  9  7  221  21 2p2(3PE)10p     -9.72124E-02  4.53876E+00 10.0
    231  9  7  211  17 2p2(3PE) 9p     -9.64592E-02  4.53951E+00  6.0
    232  9  7  401  11 2p2(3PE)10p     -9.39966E-02  4.54197E+00  4.0
    233  9  7  430  13 2p2(3PE)10d     -9.23644E-02  4.54361E+00 28.0
    234  9  7  420   8 2p2(3PE)10d     -9.18917E-02  4.54408E+00 20.0
    235  9  7  210  20 2p2(3PE)10d     -9.18115E-02  4.54416E+00  6.0
    236  9  7  410  18 2p2(3PE)10d     -9.12991E-02  4.54467E+00 12.0
    237  9  7  230  17 2p2(3PE)10d     -9.10980E-02  4.54487E+00 14.0
    238  9  7  421  17 2p2(3PE)10f     -9.03513E-02  4.54562E+00 20.0
    239  9  7  221  22 2p2(3PE)10f     -9.03466E-02  4.54562E+00 10.0
    240  9  7  220  18 2p2(3PE)10d     -9.03357E-02  4.54563E+00 10.0
    241  9  7  441  11 2p2(3PE)10f     -9.03234E-02  4.54565E+00 36.0
    242  9  7  241  13 2p2(3PE)10f     -9.02255E-02  4.54574E+00 18.0
    243  9  7  431   7 2p2(3PE)10f     -9.00660E-02  4.54590E+00 28.0
    244  9  7  430  14 2p2(3PE)10g     -9.00621E-02  4.54591E+00 28.0
    245  9  7  230  18 2p2(3PE)10g     -9.00610E-02  4.54591E+00 14.0
    246  9  7  441  12 2p2(3PE)10h     -9.00028E-02  4.54597E+00 36.0
    247  9  7  241  14 2p2(3PE)10h     -9.00015E-02  4.54597E+00 18.0
    248  9  7  610   2 2p3(5SO) 4p     -4.38250E-02  4.59214E+00 18.0
    249  9  7  200   7 2p2(1DE) 6d     -2.65934E-02  4.60938E+00  2.0
    250  9  7  200   8 2p2(1SE) 5s      6.44906E-03  4.64242E+00  2.0
    251  9  7  200   9 2p2(1DE) 7d      4.16607E-02  4.67763E+00  2.0
    252  9  7  621   2 2p3(5SO) 4d      7.62147E-02  4.71218E+00 30.0
    253  9  7  200  10 2p2(1DE) 8d      8.46856E-02  4.72066E+00  2.0
    254  9  7  630   1 2p3(5SO) 4f      1.09191E-01  4.74516E+00 42.0
    255  9  7  200  11 2p2(1DE) 9d      1.14356E-01  4.75033E+00  2.0
    256  9  7  200  12 2p2(1DE)10d      1.35588E-01  4.77156E+00  2.0
    257  9  7  601   3 2p3(5SO) 5s      1.88716E-01  4.82469E+00  6.0
    258  9  7  400   1 2p3(3PO) 3p      1.96628E-01  4.83260E+00  4.0
    259  9  7  610   3 2p3(5SO) 5p      2.38170E-01  4.87414E+00 18.0
    260  9  7  621   3 2p3(5SO) 5d      2.94391E-01  4.93036E+00 30.0
    261  9  7  630   2 2p3(5SO) 5f      3.11822E-01  4.94779E+00 42.0
    262  9  7  641   1 2p3(5SO) 5g      3.12297E-01  4.94827E+00 54.0
    263  9  7  601   4 2p3(5SO) 6s      3.53972E-01  4.98994E+00  6.0
    264  9  7  610   4 2p3(5SO) 6p      3.80846E-01  5.01682E+00 18.0
    265  9  7  621   4 2p3(5SO) 6d      4.11769E-01  5.04774E+00 30.0
    266  9  7  630   3 2p3(5SO) 6f      4.21969E-01  5.05794E+00 42.0
    267  9  7  641   2 2p3(5SO) 6g      4.22297E-01  5.05827E+00 54.0
    268  9  7  601   5 2p3(5SO) 7s      4.46901E-01  5.08287E+00  6.0
    269  9  7  610   5 2p3(5SO) 7p      4.63101E-01  5.09907E+00 18.0
    270  9  7  621   5 2p3(5SO) 7d      4.81945E-01  5.11792E+00 30.0
    271  9  7  630   4 2p3(5SO) 7f      4.88398E-01  5.12437E+00 42.0
    272  9  7  641   3 2p3(5SO) 7g      4.88624E-01  5.12459E+00 54.0
    273  9  7  601   6 2p3(5SO) 8s      5.04335E-01  5.14031E+00  6.0
    274  9  7  610   6 2p3(5SO) 8p      5.14845E-01  5.15082E+00 18.0
    275  9  7  621   6 2p3(5SO) 8d      5.27182E-01  5.16315E+00 30.0
    276  9  7  630   5 2p3(5SO) 8f      5.31513E-01  5.16748E+00 42.0
    277  9  7  641   4 2p3(5SO) 8g      5.31674E-01  5.16764E+00 54.0
    278  9  7  601   7 2p3(5SO) 9s      5.42307E-01  5.17828E+00  6.0
    279  9  7  610   7 2p3(5SO) 9p      5.49509E-01  5.18548E+00 18.0
    280  9  7  621   7 2p3(5SO) 9d      5.58027E-01  5.19400E+00 30.0
    281  9  7  630   6 2p3(5SO) 9f      5.61071E-01  5.19704E+00 42.0
    282  9  7  641   5 2p3(5SO) 9g      5.61188E-01  5.19716E+00 54.0
    283  9  7  601   8 2p3(5SO)10s      5.68715E-01  5.20469E+00  6.0
    284  9  7  610   8 2p3(5SO)10p      5.73863E-01  5.20983E+00 18.0
    285  9  7  621   8 2p3(5SO)10d      5.79993E-01  5.21596E+00 30.0
    286  9  7  630   7 2p3(5SO)10f      5.82213E-01  5.21818E+00 42.0
    287  9  7  641   6 2p3(5SO)10g      5.82300E-01  5.21827E+00 54.0
    288  9  7  400   2 2p3(3PO) 4p      8.82335E-01  5.51831E+00  4.0
    289  9  7  400   3 2p3(3PO) 5p      1.16128E+00  5.79725E+00  4.0
    290  9  7  400   4 2p3(3PO) 6p      1.30284E+00  5.93881E+00  4.0
    291  9  7  400   5 2p3(3PO) 7p      1.38460E+00  6.02057E+00  4.0
    292  9  7  400   6 2p3(3PO) 8p      1.43608E+00  6.07205E+00  4.0
    293  9  7  400   7 2p3(3PO) 9p      1.47060E+00  6.10657E+00  4.0
    294  9  7  400   8 2p3(3PO)10p      1.49486E+00  6.13083E+00  4.0
 ====================================================================
