 ====================================================================
      i NZ NE iSLP iLV iCONF                 E(RYD)      TE(RYD)   gi
 ====================================================================
      1  9  6  310   1 2s2 2p2         -6.40413E+00  0.00000E+00  9.0
      2  9  6  120   1 2s2 2p2         -6.17093E+00  2.33200E-01  5.0
      3  9  6  100   1 2s2 2p2         -5.89999E+00  5.04140E-01  1.0
      4  9  6  501   1 2s 2p3          -5.75446E+00  6.49670E-01  5.0
      5  9  6  321   1 2s 2p3          -5.06234E+00  1.34179E+00 15.0
      6  9  6  311   1 2s 2p3          -4.80234E+00  1.60179E+00  9.0
      7  9  6  121   1 2s 2p3          -4.30011E+00  2.10402E+00  5.0
      8  9  6  301   1 2s 2p3          -4.20935E+00  2.19478E+00  3.0
      9  9  6  111   1 2s 2p3          -4.02842E+00  2.37571E+00  3.0
     10  9  6  310   2 2p4             -3.22643E+00  3.17770E+00  9.0
     11  9  6  120   2 2p4             -3.04984E+00  3.35429E+00  5.0
     12  9  6  311   2 2s2 2p 3s       -2.60563E+00  3.79850E+00  9.0
     13  9  6  111   2 2s2 2p 3s       -2.54085E+00  3.86328E+00  3.0
     14  9  6  100   2 2p4             -2.53124E+00  3.87289E+00  1.0
     15  9  6  110   1 2s2 2p 3p       -2.32371E+00  4.08042E+00  3.0
     16  9  6  320   1 2s2 2p 3p       -2.28481E+00  4.11932E+00 15.0
     17  9  6  300   1 2s2 2p 3p       -2.24073E+00  4.16340E+00  3.0
     18  9  6  310   3 2s2 2p 3p       -2.21046E+00  4.19367E+00  9.0
     19  9  6  120   3 2s2 2p 3p       -2.12273E+00  4.28140E+00  5.0
     20  9  6  100   3 2s2 2p 3p       -2.01916E+00  4.38497E+00  1.0
     21  9  6  121   2 2s2 2p 3d       -1.91619E+00  4.48794E+00  5.0
     22  9  6  331   1 2s2 2p 3d       -1.91400E+00  4.49013E+00 21.0
     23  9  6  321   2 2s2 2p 3d       -1.86915E+00  4.53498E+00 15.0
     24  9  6  510   1 2s2p2(4PE) 3s   -1.84524E+00  4.55889E+00 15.0
     25  9  6  311   3 2s2 2p 3d       -1.84216E+00  4.56197E+00  9.0
     26  9  6  131   1 2s2 2p 3d       -1.79552E+00  4.60861E+00  7.0
     27  9  6  111   3 2s2 2p 3d       -1.78056E+00  4.62357E+00  3.0
     28  9  6  310   4 2s2p2(4PE) 3s   -1.68493E+00  4.71920E+00  9.0
     29  9  6  301   2 2s2p2(4PE) 3p   -1.55641E+00  4.84772E+00  3.0
     30  9  6  521   1 2s2p2(4PE) 3p   -1.52000E+00  4.88413E+00 25.0
     31  9  6  511   1 2s2p2(4PE) 3p   -1.48301E+00  4.92112E+00 15.0
     32  9  6  321   3 2s2p2(4PE) 3p   -1.40085E+00  5.00328E+00 15.0
     33  9  6  501   2 2s2p2(4PE) 3p   -1.38806E+00  5.01607E+00  5.0
     34  9  6  311   4 2s2 2p 4s       -1.35066E+00  5.05347E+00  9.0
     35  9  6  311   5 2s2p2(4PE) 3p   -1.30753E+00  5.09660E+00  9.0
     36  9  6  111   4 2s2 2p 4s       -1.29471E+00  5.10942E+00  3.0
     37  9  6  320   2 2s2p2(2DE) 3s   -1.22818E+00  5.17595E+00 15.0
     38  9  6  110   2 2s2 2p 4p       -1.20763E+00  5.19650E+00  3.0
     39  9  6  300   2 2s2 2p 4p       -1.18241E+00  5.22172E+00  3.0
     40  9  6  530   1 2s2p2(4PE) 3d   -1.17414E+00  5.22999E+00 35.0
     41  9  6  120   4 2s2 2p 4p       -1.15600E+00  5.24813E+00  5.0
     42  9  6  310   5 2s2 2p 4p       -1.15435E+00  5.24978E+00  9.0
     43  9  6  320   3 2s2 2p 4p       -1.14878E+00  5.25535E+00 15.0
     44  9  6  520   1 2s2p2(4PE) 3d   -1.12797E+00  5.27616E+00 25.0
     45  9  6  510   2 2s2p2(4PE) 3d   -1.10720E+00  5.29693E+00 15.0
     46  9  6  100   4 2s2 2p 4p       -1.09869E+00  5.30544E+00  1.0
     47  9  6  310   6 2s2p2(4PE) 3d   -1.08928E+00  5.31485E+00  9.0
     48  9  6  120   5 2s2p2(2DE) 3s   -1.06351E+00  5.34062E+00  5.0
     49  9  6  330   1 2s2p2(4PE) 3d   -1.06172E+00  5.34241E+00 21.0
     50  9  6  331   2 2s2 2p 4d       -1.06061E+00  5.34352E+00 21.0
     51  9  6  121   3 2s2 2p 4d       -1.06004E+00  5.34409E+00  5.0
     52  9  6  321   4 2s2 2p 4d       -1.03770E+00  5.36643E+00 15.0
     53  9  6  311   6 2s2 2p 4d       -1.03338E+00  5.37075E+00  9.0
     54  9  6  130   1 2s2 2p 4f       -1.01337E+00  5.39076E+00  7.0
     55  9  6  330   2 2s2 2p 4f       -1.01243E+00  5.39170E+00 21.0
     56  9  6  131   2 2s2 2p 4d       -1.01165E+00  5.39248E+00  7.0
     57  9  6  111   5 2s2 2p 4d       -1.00638E+00  5.39775E+00  3.0
     58  9  6  340   1 2s2 2p 4f       -1.00552E+00  5.39861E+00 27.0
     59  9  6  320   4 2s2 2p 4f       -1.00243E+00  5.40170E+00 15.0
     60  9  6  140   1 2s2 2p 4f       -1.00199E+00  5.40214E+00  9.0
     61  9  6  120   6 2s2 2p 4f       -1.00031E+00  5.40382E+00  5.0
     62  9  6  320   5 2s2p2(4PE) 3d   -9.90943E-01  5.41319E+00 15.0
     63  9  6  331   3 2s2p2(2DE) 3p   -8.53157E-01  5.55097E+00 21.0
     64  9  6  121   4 2s2p2(2DE) 3p   -8.38727E-01  5.56540E+00  5.0
     65  9  6  321   5 2s2p2(2DE) 3p   -8.20169E-01  5.58396E+00 15.0
     66  9  6  131   3 2s2p2(2DE) 3p   -8.10568E-01  5.59356E+00  7.0
     67  9  6  311   7 2s2 2p 5s       -8.06313E-01  5.59782E+00  9.0
     68  9  6  111   6 2s2 2p 5s       -7.87170E-01  5.61696E+00  3.0
     69  9  6  300   3 2s2p2(2SE) 3s   -7.75599E-01  5.62853E+00  3.0
     70  9  6  111   7 2s2p2(2DE) 3p   -7.68664E-01  5.63547E+00  3.0
     71  9  6  311   8 2s2p2(2DE) 3p   -7.46884E-01  5.65725E+00  9.0
     72  9  6  110   3 2s2 2p 5p       -7.46786E-01  5.65734E+00  3.0
     73  9  6  320   6 2s2 2p 5p       -7.32289E-01  5.67184E+00 15.0
     74  9  6  310   7 2s2 2p 5p       -7.23005E-01  5.68113E+00  9.0
     75  9  6  300   4 2s2 2p 5p       -7.12792E-01  5.69134E+00  3.0
     76  9  6  120   7 2s2 2p 5p       -7.05976E-01  5.69815E+00  5.0
     77  9  6  100   5 2s2 2p 5p       -6.97616E-01  5.70651E+00  1.0
     78  9  6  331   4 2s2 2p 5d       -6.70970E-01  5.73316E+00 21.0
     79  9  6  121   5 2s2 2p 5d       -6.68916E-01  5.73521E+00  5.0
     80  9  6  100   6 2s2p2(2SE) 3s   -6.62132E-01  5.74200E+00  1.0
     81  9  6  321   6 2s2 2p 5d       -6.59948E-01  5.74418E+00 15.0
     82  9  6  311   9 2s2 2p 5d       -6.57737E-01  5.74639E+00  9.0
     83  9  6  130   2 2s2 2p 5f       -6.50225E-01  5.75390E+00  7.0
     84  9  6  330   3 2s2 2p 5f       -6.49826E-01  5.75430E+00 21.0
     85  9  6  340   2 2s2 2p 5f       -6.48794E-01  5.75534E+00 27.0
     86  9  6  131   4 2s2 2p 5d       -6.44271E-01  5.75986E+00  7.0
     87  9  6  111   8 2s2 2p 5d       -6.43768E-01  5.76036E+00  3.0
     88  9  6  320   7 2s2 2p 5f       -6.43014E-01  5.76112E+00 15.0
     89  9  6  140   2 2s2 2p 5f       -6.42841E-01  5.76129E+00  9.0
     90  9  6  120   8 2s2 2p 5f       -6.41631E-01  5.76250E+00  5.0
     91  9  6  141   1 2s2 2p 5g       -6.40977E-01  5.76315E+00  9.0
     92  9  6  341   1 2s2 2p 5g       -6.40972E-01  5.76316E+00 27.0
     93  9  6  351   1 2s2 2p 5g       -6.40081E-01  5.76405E+00 33.0
     94  9  6  151   1 2s2 2p 5g       -6.40054E-01  5.76408E+00 11.0
     95  9  6  331   5 2s2 2p 5g       -6.39890E-01  5.76424E+00 21.0
     96  9  6  131   5 2s2 2p 5g       -6.39868E-01  5.76426E+00  7.0
     97  9  6  310   8 2s2p2(2PE) 3s   -6.02143E-01  5.80199E+00  9.0
     98  9  6  110   4 2s2p2(2PE) 3s   -5.58021E-01  5.84611E+00  3.0
     99  9  6  510   3 2s2p2(4PE) 4s   -5.54268E-01  5.84986E+00 15.0
    100  9  6  311  10 2s2 2p 6s       -5.30802E-01  5.87333E+00  9.0
    101  9  6  330   4 2s2p2(2DE) 3d   -5.29888E-01  5.87424E+00 21.0
    102  9  6  111   9 2s2 2p 6s       -5.26170E-01  5.87796E+00  3.0
    103  9  6  310   9 2s2p2(4PE) 4s   -5.16447E-01  5.88768E+00  9.0
    104  9  6  340   3 2s2p2(2DE) 3d   -5.03169E-01  5.90096E+00 27.0
    105  9  6  320   8 2s2 2p 6p       -4.98421E-01  5.90571E+00 15.0
    106  9  6  300   5 2s2 2p 6p       -4.93902E-01  5.91023E+00  3.0
    107  9  6  110   5 2s2 2p 6p       -4.88396E-01  5.91573E+00  3.0
    108  9  6  120   9 2s2 2p 6p       -4.82846E-01  5.92128E+00  5.0
    109  9  6  130   3 2s2p2(2DE) 3d   -4.81973E-01  5.92216E+00  7.0
    110  9  6  310  10 2s2 2p 6p       -4.77310E-01  5.92682E+00  9.0
    111  9  6  100   7 2s2 2p 6p       -4.72131E-01  5.93200E+00  1.0
    112  9  6  320   9 2s2p2(2DE) 3d   -4.69403E-01  5.93473E+00 15.0
    113  9  6  331   6 2s2 2p 6d       -4.62485E-01  5.94165E+00 21.0
    114  9  6  121   6 2s2 2p 6d       -4.61736E-01  5.94239E+00  5.0
    115  9  6  140   3 2s2p2(2DE) 3d   -4.61503E-01  5.94263E+00  9.0
    116  9  6  321   7 2s2 2p 6d       -4.56473E-01  5.94766E+00 15.0
    117  9  6  311  11 2s2 2p 6d       -4.55356E-01  5.94877E+00  9.0
    118  9  6  301   3 2s2p2(4PE) 4p   -4.54007E-01  5.95012E+00  3.0
    119  9  6  111  10 2s2 2p 6d       -4.48051E-01  5.95608E+00  3.0
    120  9  6  330   5 2s2 2p 6f       -4.47764E-01  5.95637E+00 21.0
    121  9  6  131   6 2s2 2p 6d       -4.47575E-01  5.95655E+00  7.0
    122  9  6  320  10 2s2 2p 6f       -4.46369E-01  5.95776E+00 15.0
    123  9  6  120  10 2s2 2p 6f       -4.46222E-01  5.95791E+00  5.0
    124  9  6  141   2 2s2 2p 6g       -4.45276E-01  5.95885E+00  9.0
    125  9  6  341   2 2s2 2p 6g       -4.45271E-01  5.95886E+00 27.0
    126  9  6  351   2 2s2 2p 6g       -4.44526E-01  5.95960E+00 33.0
    127  9  6  151   2 2s2 2p 6g       -4.44497E-01  5.95963E+00 11.0
    128  9  6  150   1 2s2 2p 6h       -4.44487E-01  5.95964E+00 11.0
    129  9  6  350   1 2s2 2p 6h       -4.44487E-01  5.95964E+00 33.0
    130  9  6  160   1 2s2 2p 6h       -4.44438E-01  5.95969E+00 13.0
    131  9  6  360   1 2s2 2p 6h       -4.44438E-01  5.95969E+00 39.0
    132  9  6  340   4 2s2 2p 6h       -4.44432E-01  5.95970E+00 27.0
    133  9  6  140   4 2s2 2p 6h       -4.44428E-01  5.95970E+00  9.0
    134  9  6  331   7 2s2 2p 6g       -4.44371E-01  5.95976E+00 21.0
    135  9  6  131   7 2s2 2p 6g       -4.44350E-01  5.95978E+00  7.0
    136  9  6  130   4 2s2 2p 6f       -4.41869E-01  5.96226E+00  7.0
    137  9  6  340   5 2s2 2p 6f       -4.35325E-01  5.96880E+00 27.0
    138  9  6  521   2 2s2p2(4PE) 4p   -4.32406E-01  5.97172E+00 25.0
    139  9  6  140   5 2s2 2p 6f       -4.29402E-01  5.97473E+00  9.0
    140  9  6  310  11 2s2p2(2DE) 3d   -4.24264E-01  5.97987E+00  9.0
    141  9  6  511   2 2s2p2(4PE) 4p   -4.21081E-01  5.98305E+00 15.0
    142  9  6  311  12 2s2p2(2SE) 3p   -4.13754E-01  5.99038E+00  9.0
    143  9  6  120  11 2s2p2(2DE) 3d   -3.97730E-01  6.00640E+00  5.0
    144  9  6  321   8 2s2p2(4PE) 4p   -3.88217E-01  6.01591E+00 15.0
    145  9  6  501   3 2s2p2(4PE) 4p   -3.85029E-01  6.01910E+00  5.0
    146  9  6  300   6 2s2p2(2DE) 3d   -3.83171E-01  6.02096E+00  3.0
    147  9  6  111  11 2s2p2(2SE) 3p   -3.82705E-01  6.02142E+00  3.0
    148  9  6  110   6 2s2p2(2DE) 3d   -3.80586E-01  6.02354E+00  3.0
    149  9  6  111  12 2s2 2p 7s       -3.77328E-01  6.02680E+00  3.0
    150  9  6  311  13 2s2 2p 7s       -3.76869E-01  6.02726E+00  9.0
    151  9  6  320  11 2s2 2p 7p       -3.58947E-01  6.04518E+00 15.0
    152  9  6  311  14 2s2p2(4PE) 4p   -3.56907E-01  6.04722E+00  9.0
    153  9  6  101   1 2s2p2(2PE) 3p   -3.56324E-01  6.04781E+00  1.0
    154  9  6  110   7 2s2 2p 7p       -3.55758E-01  6.04837E+00  3.0
    155  9  6  310  12 2s2 2p 7p       -3.52195E-01  6.05194E+00  9.0
    156  9  6  300   7 2s2 2p 7p       -3.52187E-01  6.05194E+00  3.0
    157  9  6  120  12 2s2 2p 7p       -3.50078E-01  6.05405E+00  5.0
    158  9  6  100   8 2s2 2p 7p       -3.45183E-01  6.05895E+00  1.0
    159  9  6  331   8 2s2 2p 7d       -3.37917E-01  6.06621E+00 21.0
    160  9  6  121   7 2s2 2p 7d       -3.37589E-01  6.06654E+00  5.0
    161  9  6  321   9 2s2 2p 7d       -3.33843E-01  6.07029E+00 15.0
    162  9  6  311  15 2s2 2p 7d       -3.32976E-01  6.07115E+00  9.0
    163  9  6  330   6 2s2 2p 7f       -3.29953E-01  6.07418E+00 21.0
    164  9  6  130   5 2s2 2p 7f       -3.29098E-01  6.07503E+00  7.0
    165  9  6  320  12 2s2 2p 7f       -3.28811E-01  6.07532E+00 15.0
    166  9  6  131   8 2s2 2p 7d       -3.28667E-01  6.07546E+00  7.0
    167  9  6  120  13 2s2 2p 7f       -3.28076E-01  6.07605E+00  5.0
    168  9  6  141   3 2s2 2p 7g       -3.27152E-01  6.07698E+00  9.0
    169  9  6  341   3 2s2 2p 7g       -3.27147E-01  6.07698E+00 27.0
    170  9  6  111  13 2s2 2p 7d       -3.27084E-01  6.07705E+00  3.0
    171  9  6  150   2 2s2 2p 7h       -3.26582E-01  6.07755E+00 11.0
    172  9  6  350   2 2s2 2p 7h       -3.26582E-01  6.07755E+00 33.0
    173  9  6  140   6 2s2 2p 7h       -3.26534E-01  6.07760E+00  9.0
    174  9  6  361   1 2s2 2p 7i       -3.26533E-01  6.07760E+00 39.0
    175  9  6  161   1 2s2 2p 7i       -3.26533E-01  6.07760E+00 13.0
    176  9  6  340   6 2s2 2p 7h       -3.26528E-01  6.07760E+00 27.0
    177  9  6  360   2 2s2 2p 7h       -3.26525E-01  6.07760E+00 39.0
    178  9  6  351   4 2s2 2p 7g       -3.26524E-01  6.07761E+00 33.0
    179  9  6  351   3 2s2 2p 7i       -3.26524E-01  6.07761E+00 33.0
    180  9  6  160   2 2s2 2p 7h       -3.26524E-01  6.07761E+00 13.0
    181  9  6  151   4 2s2 2p 7g       -3.26522E-01  6.07761E+00 11.0
    182  9  6  151   3 2s2 2p 7i       -3.26522E-01  6.07761E+00 11.0
    183  9  6  331   9 2s2 2p 7g       -3.26495E-01  6.07763E+00 21.0
    184  9  6  131   9 2s2 2p 7g       -3.26478E-01  6.07765E+00  7.0
    185  9  6  140   7 2s2 2p 7f       -3.25377E-01  6.07875E+00  9.0
    186  9  6  340   7 2s2 2p 7f       -3.24952E-01  6.07918E+00 27.0
    187  9  6  100   9 2s2p2(2DE) 3d   -3.15967E-01  6.08816E+00  1.0
    188  9  6  530   2 2s2p2(4PE) 4d   -3.10306E-01  6.09382E+00 35.0
    189  9  6  520   2 2s2p2(4PE) 4d   -2.96653E-01  6.10748E+00 25.0
    190  9  6  321  10 2s2p2(2PE) 3p   -2.92651E-01  6.11148E+00 15.0
    191  9  6  311  16 2s2 2p 8s       -2.86945E-01  6.11719E+00  9.0
    192  9  6  111  14 2s2 2p 8s       -2.84087E-01  6.12004E+00  3.0
    193  9  6  510   4 2s2p2(4PE) 4d   -2.81265E-01  6.12287E+00 15.0
    194  9  6  320  13 2s2 2p 8p       -2.71666E-01  6.13246E+00 15.0
    195  9  6  110   8 2s2 2p 8p       -2.71408E-01  6.13272E+00  3.0
    196  9  6  310  13 2s2p2(4PE) 4d   -2.70091E-01  6.13404E+00  9.0
    197  9  6  300   8 2s2 2p 8p       -2.69242E-01  6.13489E+00  3.0
    198  9  6  310  14 2s2 2p 8p       -2.67279E-01  6.13685E+00  9.0
    199  9  6  120  14 2s2 2p 8p       -2.65884E-01  6.13825E+00  5.0
    200  9  6  100  10 2s2 2p 8p       -2.61058E-01  6.14307E+00  1.0
    201  9  6  331  10 2s2 2p 8d       -2.57658E-01  6.14647E+00 21.0
    202  9  6  121   8 2s2 2p 8d       -2.57579E-01  6.14655E+00  5.0
    203  9  6  330   7 2s2p2(4PE) 4d   -2.56736E-01  6.14739E+00 21.0
    204  9  6  321  11 2s2 2p 8d       -2.55022E-01  6.14911E+00 15.0
    205  9  6  311  17 2s2 2p 8d       -2.54558E-01  6.14957E+00  9.0
    206  9  6  521   3 2s2p2(4PE) 4f   -2.53680E-01  6.15045E+00 25.0
    207  9  6  321  12 2s2p2(4PE) 4f   -2.52850E-01  6.15128E+00 15.0
    208  9  6  130   6 2s2 2p 8f       -2.52246E-01  6.15188E+00  7.0
    209  9  6  320  14 2s2 2p 8f       -2.52099E-01  6.15203E+00 15.0
    210  9  6  131  10 2s2 2p 8d       -2.51498E-01  6.15263E+00  7.0
    211  9  6  120  15 2s2 2p 8f       -2.51392E-01  6.15274E+00  5.0
    212  9  6  111  15 2s2 2p 8d       -2.50815E-01  6.15332E+00  3.0
    213  9  6  330   8 2s2 2p 8f       -2.50556E-01  6.15357E+00 21.0
    214  9  6  141   4 2s2 2p 8g       -2.50458E-01  6.15367E+00  9.0
    215  9  6  341   4 2s2 2p 8g       -2.50456E-01  6.15367E+00 27.0
    216  9  6  311  18 2s2p2(2PE) 3p   -2.50438E-01  6.15369E+00  9.0
    217  9  6  150   3 2s2 2p 8h       -2.50047E-01  6.15408E+00 11.0
    218  9  6  350   3 2s2 2p 8h       -2.50047E-01  6.15408E+00 33.0
    219  9  6  140   8 2s2 2p 8h       -2.50017E-01  6.15411E+00  9.0
    220  9  6  340   8 2s2 2p 8h       -2.50008E-01  6.15412E+00 27.0
    221  9  6  361   2 2s2 2p 8i       -2.50003E-01  6.15413E+00 39.0
    222  9  6  161   2 2s2 2p 8i       -2.50003E-01  6.15413E+00 13.0
    223  9  6  360   3 2s2 2p 8h       -2.49995E-01  6.15413E+00 39.0
    224  9  6  160   3 2s2 2p 8h       -2.49995E-01  6.15413E+00 13.0
    225  9  6  351   6 2s2 2p 8g       -2.49993E-01  6.15414E+00 33.0
    226  9  6  351   5 2s2 2p 8i       -2.49993E-01  6.15414E+00 33.0
    227  9  6  151   6 2s2 2p 8g       -2.49990E-01  6.15414E+00 11.0
    228  9  6  151   5 2s2 2p 8i       -2.49990E-01  6.15414E+00 11.0
    229  9  6  331  11 2s2 2p 8g       -2.49986E-01  6.15414E+00 21.0
    230  9  6  131  11 2s2 2p 8g       -2.49972E-01  6.15416E+00  7.0
    231  9  6  140   9 2s2 2p 8f       -2.49583E-01  6.15455E+00  9.0
    232  9  6  340   9 2s2 2p 8f       -2.49454E-01  6.15468E+00 27.0
    233  9  6  541   1 2s2p2(4PE) 4f   -2.49219E-01  6.15491E+00 45.0
    234  9  6  341   5 2s2p2(4PE) 4f   -2.47447E-01  6.15668E+00 27.0
    235  9  6  531   1 2s2p2(4PE) 4f   -2.40412E-01  6.16372E+00 35.0
    236  9  6  320  15 2s2p2(4PE) 4d   -2.38833E-01  6.16530E+00 15.0
    237  9  6  331  12 2s2p2(4PE) 4f   -2.38307E-01  6.16582E+00 21.0
    238  9  6  111  16 2s2 2p 9s       -2.21691E-01  6.18244E+00  3.0
    239  9  6  311  19 2s2 2p 9s       -2.18734E-01  6.18540E+00  9.0
    240  9  6  301   4 2s2p2(2PE) 3p   -2.16679E-01  6.18745E+00  3.0
    241  9  6  110   9 2s2 2p 9p       -2.12697E-01  6.19143E+00  3.0
    242  9  6  320  16 2s2 2p 9p       -2.12661E-01  6.19147E+00 15.0
    243  9  6  300   9 2s2 2p 9p       -2.11142E-01  6.19299E+00  3.0
    244  9  6  310  15 2s2 2p 9p       -2.10078E-01  6.19405E+00  9.0
    245  9  6  120  16 2s2 2p 9p       -2.08683E-01  6.19545E+00  5.0
    246  9  6  100  11 2s2 2p 9p       -2.05450E-01  6.19868E+00  1.0
    247  9  6  121   9 2s2 2p 9d       -2.03363E-01  6.20077E+00  5.0
    248  9  6  331  13 2s2 2p 9d       -2.02871E-01  6.20126E+00 21.0
    249  9  6  321  13 2s2 2p 9d       -2.00975E-01  6.20316E+00 15.0
    250  9  6  311  20 2s2 2p 9d       -2.00771E-01  6.20336E+00  9.0
    251  9  6  330   9 2s2 2p 9f       -1.99536E-01  6.20459E+00 21.0
    252  9  6  130   7 2s2 2p 9f       -1.99348E-01  6.20478E+00  7.0
    253  9  6  320  17 2s2 2p 9f       -1.99305E-01  6.20482E+00 15.0
    254  9  6  120  17 2s2 2p 9f       -1.98767E-01  6.20536E+00  5.0
    255  9  6  131  12 2s2 2p 9d       -1.98614E-01  6.20552E+00  7.0
    256  9  6  111  17 2s2 2p 9d       -1.98188E-01  6.20594E+00  3.0
    257  9  6  141   5 2s2 2p 9g       -1.97873E-01  6.20626E+00  9.0
    258  9  6  341   6 2s2 2p 9g       -1.97871E-01  6.20626E+00 27.0
    259  9  6  150   4 2s2 2p 9h       -1.97571E-01  6.20656E+00 11.0
    260  9  6  350   4 2s2 2p 9h       -1.97571E-01  6.20656E+00 33.0
    261  9  6  140  10 2s2 2p 9h       -1.97554E-01  6.20658E+00  9.0
    262  9  6  340  10 2s2 2p 9h       -1.97547E-01  6.20658E+00 27.0
    263  9  6  361   3 2s2 2p 9i       -1.97534E-01  6.20660E+00 39.0
    264  9  6  161   3 2s2 2p 9i       -1.97534E-01  6.20660E+00 13.0
    265  9  6  360   4 2s2 2p 9h       -1.97527E-01  6.20660E+00 39.0
    266  9  6  160   4 2s2 2p 9h       -1.97527E-01  6.20660E+00 13.0
    267  9  6  331  14 2s2 2p 9g       -1.97527E-01  6.20660E+00 21.0
    268  9  6  351   8 2s2 2p 9g       -1.97524E-01  6.20661E+00 33.0
    269  9  6  351   7 2s2 2p 9i       -1.97524E-01  6.20661E+00 33.0
    270  9  6  151   8 2s2 2p 9g       -1.97522E-01  6.20661E+00 11.0
    271  9  6  151   7 2s2 2p 9i       -1.97522E-01  6.20661E+00 11.0
    272  9  6  131  13 2s2 2p 9g       -1.97516E-01  6.20661E+00  7.0
    273  9  6  140  11 2s2 2p 9f       -1.97316E-01  6.20681E+00  9.0
    274  9  6  340  11 2s2 2p 9f       -1.97292E-01  6.20684E+00 27.0
    275  9  6  340  12 2s2p2(2DE) 4d   -1.88848E-01  6.21528E+00 27.0
    276  9  6  121  10 2s2p2(2PE) 3p   -1.81121E-01  6.22301E+00  5.0
    277  9  6  111  18 2s2 2p10s       -1.78033E-01  6.22610E+00  3.0
    278  9  6  311  21 2s2 2p10s       -1.76378E-01  6.22775E+00  9.0
    279  9  6  110  10 2s2 2p10p       -1.71076E-01  6.23305E+00  3.0
    280  9  6  320  18 2s2 2p10p       -1.71023E-01  6.23311E+00 15.0
    281  9  6  300  10 2s2 2p10p       -1.69923E-01  6.23421E+00  3.0
    282  9  6  310  16 2s2 2p10p       -1.69210E-01  6.23492E+00  9.0
    283  9  6  120  18 2s2 2p10p       -1.68124E-01  6.23601E+00  5.0
    284  9  6  100  12 2s2 2p10p       -1.65796E-01  6.23833E+00  1.0
    285  9  6  331  15 2s2 2p10d       -1.63896E-01  6.24023E+00 21.0
    286  9  6  121  11 2s2 2p10d       -1.63102E-01  6.24103E+00  5.0
    287  9  6  321  14 2s2 2p10d       -1.62530E-01  6.24160E+00 15.0
    288  9  6  311  22 2s2 2p10d       -1.62378E-01  6.24175E+00  9.0
    289  9  6  330  10 2s2 2p10f       -1.61684E-01  6.24245E+00 21.0
    290  9  6  320  19 2s2 2p10f       -1.61618E-01  6.24251E+00 15.0
    291  9  6  130   8 2s2 2p10f       -1.61466E-01  6.24266E+00  7.0
    292  9  6  120  19 2s2 2p10f       -1.61100E-01  6.24303E+00  5.0
    293  9  6  131  14 2s2 2p10d       -1.60806E-01  6.24332E+00  7.0
    294  9  6  111  19 2s2 2p10d       -1.60512E-01  6.24362E+00  3.0
    295  9  6  141   6 2s2 2p10g       -1.60260E-01  6.24387E+00  9.0
    296  9  6  341   7 2s2 2p10g       -1.60258E-01  6.24387E+00 27.0
    297  9  6  150   5 2s2 2p10h       -1.60033E-01  6.24410E+00 11.0
    298  9  6  350   5 2s2 2p10h       -1.60033E-01  6.24410E+00 33.0
    299  9  6  140  12 2s2 2p10h       -1.60024E-01  6.24411E+00  9.0
    300  9  6  361   4 2s2 2p10i       -1.60003E-01  6.24413E+00 39.0
    301  9  6  161   4 2s2 2p10i       -1.60003E-01  6.24413E+00 13.0
    302  9  6  331  16 2s2 2p10g       -1.60001E-01  6.24413E+00 21.0
    303  9  6  351   9 2s2 2p10i       -1.59994E-01  6.24414E+00 33.0
    304  9  6  151   9 2s2 2p10i       -1.59993E-01  6.24414E+00 11.0
    305  9  6  510   5 2s2p2(4PE) 5s   -3.46104E-02  6.36952E+00 15.0
    306  9  6  501   4 2p3(4SO) 3s     -2.70640E-02  6.37707E+00  5.0
    307  9  6  301   5 2s2p2(4PE) 5p   -2.28702E-03  6.40184E+00  3.0
    308  9  6  521   4 2s2p2(4PE) 5p    2.38046E-02  6.42793E+00 25.0
    309  9  6  511   3 2s2p2(4PE) 5p    2.93602E-02  6.43349E+00 15.0
    310  9  6  501   5 2s2p2(4PE) 5p    4.72743E-02  6.45140E+00  5.0
    311  9  6  530   3 2s2p2(4PE) 5d    8.19101E-02  6.48604E+00 35.0
    312  9  6  520   3 2s2p2(4PE) 5d    8.83768E-02  6.49251E+00 25.0
    313  9  6  510   6 2s2p2(4PE) 5d    9.59396E-02  6.50007E+00 15.0
    314  9  6  521   5 2s2p2(4PE) 5f    1.09160E-01  6.51329E+00 25.0
    315  9  6  541   2 2s2p2(4PE) 5f    1.12668E-01  6.51680E+00 45.0
    316  9  6  530   4 2s2p2(4PE) 5g    1.15130E-01  6.51926E+00 35.0
    317  9  6  550   1 2s2p2(4PE) 5g    1.15447E-01  6.51958E+00 55.0
    318  9  6  540   1 2s2p2(4PE) 5g    1.16429E-01  6.52056E+00 45.0
    319  9  6  531   2 2s2p2(4PE) 5f    1.17204E-01  6.52133E+00 35.0
    320  9  6  301   6 2p3(4SO) 3s      1.50842E-01  6.55497E+00  3.0
    321  9  6  510   7 2s2p2(4PE) 6s    2.26085E-01  6.63022E+00 15.0
    322  9  6  521   6 2s2p2(4PE) 6p    2.59413E-01  6.66354E+00 25.0
    323  9  6  511   4 2s2p2(4PE) 6p    2.62630E-01  6.66676E+00 15.0
    324  9  6  301   7 2s2p2(4PE) 6p    2.69226E-01  6.67336E+00  3.0
    325  9  6  501   6 2s2p2(4PE) 6p    2.71758E-01  6.67589E+00  5.0
    326  9  6  510   8 2p3(4SO) 3p      2.83471E-01  6.68760E+00 15.0
    327  9  6  530   5 2s2p2(4PE) 6d    2.91758E-01  6.69589E+00 35.0
    328  9  6  520   4 2s2p2(4PE) 6d    2.95329E-01  6.69946E+00 25.0
    329  9  6  510   9 2s2p2(4PE) 6d    3.03659E-01  6.70779E+00 15.0
    330  9  6  521   7 2s2p2(4PE) 6f    3.06287E-01  6.71042E+00 25.0
    331  9  6  541   3 2s2p2(4PE) 6f    3.09363E-01  6.71349E+00 45.0
    332  9  6  530   6 2s2p2(4PE) 6g    3.10799E-01  6.71493E+00 35.0
    333  9  6  550   2 2s2p2(4PE) 6g    3.11080E-01  6.71521E+00 55.0
    334  9  6  541   4 2s2p2(4PE) 6h    3.11374E-01  6.71550E+00 45.0
    335  9  6  540   2 2s2p2(4PE) 6g    3.11895E-01  6.71602E+00 45.0
    336  9  6  531   3 2s2p2(4PE) 6f    3.11979E-01  6.71611E+00 35.0
    337  9  6  510  10 2s2p2(4PE) 7s    3.78209E-01  6.78234E+00 15.0
    338  9  6  521   8 2s2p2(4PE) 7p    3.97000E-01  6.80113E+00 25.0
    339  9  6  301   8 2s2p2(4PE) 7p    3.98839E-01  6.80297E+00  3.0
    340  9  6  511   5 2s2p2(4PE) 7p    3.99107E-01  6.80324E+00 15.0
    341  9  6  501   7 2s2p2(4PE) 7p    4.04571E-01  6.80870E+00  5.0
    342  9  6  530   7 2s2p2(4PE) 7d    4.16953E-01  6.82108E+00 35.0
    343  9  6  520   5 2s2p2(4PE) 7d    4.19133E-01  6.82326E+00 25.0
    344  9  6  510  11 2s2p2(4PE) 7d    4.22361E-01  6.82649E+00 15.0
    345  9  6  521   9 2s2p2(4PE) 7f    4.24979E-01  6.82911E+00 25.0
    346  9  6  541   5 2s2p2(4PE) 7f    4.27953E-01  6.83208E+00 45.0
    347  9  6  530   8 2s2p2(4PE) 7g    4.28862E-01  6.83299E+00 35.0
    348  9  6  541   6 2s2p2(4PE) 7h    4.29280E-01  6.83341E+00 45.0
    349  9  6  550   3 2s2p2(4PE) 7i    4.29291E-01  6.83342E+00 55.0
    350  9  6  550   4 2s2p2(4PE) 7g    4.29291E-01  6.83342E+00 55.0
    351  9  6  531   4 2s2p2(4PE) 7f    4.29596E-01  6.83373E+00 35.0
    352  9  6  540   3 2s2p2(4PE) 7g    4.29665E-01  6.83380E+00 45.0
    353  9  6  510  12 2s2p2(4PE) 8s    4.71972E-01  6.87610E+00 15.0
    354  9  6  521  10 2s2p2(4PE) 8p    4.84295E-01  6.88842E+00 25.0
    355  9  6  301   9 2s2p2(4PE) 8p    4.84912E-01  6.88904E+00  3.0
    356  9  6  511   6 2s2p2(4PE) 8p    4.85839E-01  6.88997E+00 15.0
    357  9  6  501   8 2s2p2(4PE) 8p    4.89380E-01  6.89351E+00  5.0
    358  9  6  530   9 2s2p2(4PE) 8d    4.97570E-01  6.90170E+00 35.0
    359  9  6  520   6 2s2p2(4PE) 8d    4.99000E-01  6.90313E+00 25.0
    360  9  6  510  13 2s2p2(4PE) 8d    5.01080E-01  6.90521E+00 15.0
    361  9  6  521  11 2s2p2(4PE) 8f    5.01767E-01  6.90590E+00 25.0
    362  9  6  541   7 2s2p2(4PE) 8f    5.04896E-01  6.90903E+00 45.0
    363  9  6  530  10 2s2p2(4PE) 8g    5.05505E-01  6.90964E+00 35.0
    364  9  6  541   8 2s2p2(4PE) 8h    5.05808E-01  6.90994E+00 45.0
    365  9  6  550   6 2s2p2(4PE) 8g    5.05822E-01  6.90995E+00 55.0
    366  9  6  550   5 2s2p2(4PE) 8i    5.05822E-01  6.90995E+00 55.0
    367  9  6  531   5 2s2p2(4PE) 8f    5.05994E-01  6.91012E+00 35.0
    368  9  6  540   4 2s2p2(4PE) 8g    5.06088E-01  6.91022E+00 45.0
    369  9  6  510  14 2s2p2(4PE) 9s    5.34777E-01  6.93891E+00 15.0
    370  9  6  521  12 2s2p2(4PE) 9p    5.43083E-01  6.94721E+00 25.0
    371  9  6  301  10 2s2p2(4PE) 9p    5.43490E-01  6.94762E+00  3.0
    372  9  6  511   7 2s2p2(4PE) 9p    5.44379E-01  6.94851E+00 15.0
    373  9  6  501   9 2s2p2(4PE) 9p    5.46808E-01  6.95094E+00  5.0
    374  9  6  530  11 2s2p2(4PE) 9d    5.52505E-01  6.95663E+00 35.0
    375  9  6  520   7 2s2p2(4PE) 9d    5.53493E-01  6.95762E+00 25.0
    376  9  6  521  13 2s2p2(4PE) 9f    5.54007E-01  6.95814E+00 25.0
    377  9  6  510  15 2s2p2(4PE) 9d    5.54931E-01  6.95906E+00 15.0
    378  9  6  541   9 2s2p2(4PE) 9f    5.57626E-01  6.96176E+00 45.0
    379  9  6  530  12 2s2p2(4PE) 9g    5.58054E-01  6.96218E+00 35.0
    380  9  6  541  10 2s2p2(4PE) 9h    5.58277E-01  6.96241E+00 45.0
    381  9  6  550   8 2s2p2(4PE) 9g    5.58292E-01  6.96242E+00 55.0
    382  9  6  550   7 2s2p2(4PE) 9i    5.58292E-01  6.96242E+00 55.0
    383  9  6  531   6 2s2p2(4PE) 9f    5.58397E-01  6.96253E+00 35.0
    384  9  6  540   5 2s2p2(4PE) 9g    5.58484E-01  6.96261E+00 45.0
    385  9  6  510  16 2s2p2(4PE)10s    5.78834E-01  6.98296E+00 15.0
    386  9  6  521  14 2s2p2(4PE)10p    5.84340E-01  6.98847E+00 25.0
    387  9  6  301  11 2s2p2(4PE)10p    5.85001E-01  6.98913E+00  3.0
    388  9  6  511   8 2s2p2(4PE)10p    5.85748E-01  6.98988E+00 15.0
    389  9  6  501  10 2s2p2(4PE)10p    5.87488E-01  6.99162E+00  5.0
    390  9  6  521  15 2s2p2(4PE)10f    5.90647E-01  6.99478E+00 25.0
    391  9  6  530  13 2s2p2(4PE)10d    5.91610E-01  6.99574E+00 35.0
    392  9  6  520   8 2s2p2(4PE)10d    5.92322E-01  6.99645E+00 25.0
    393  9  6  510  17 2s2p2(4PE)10d    5.93360E-01  6.99749E+00 15.0
    394  9  6  541  11 2s2p2(4PE)10f    5.95330E-01  6.99946E+00 45.0
    395  9  6  530  14 2s2p2(4PE)10g    5.95641E-01  6.99977E+00 35.0
    396  9  6  550   9 2s2p2(4PE)10g    5.95727E-01  6.99986E+00 55.0
    397  9  6  541  12 2s2p2(4PE)10h    5.95809E-01  6.99994E+00 45.0
    398  9  6  101   2 2s2p2(2PE) 4p    7.60766E-01  7.16490E+00  1.0
    399  9  6  101   3 2p3(2DO) 3d      9.26457E-01  7.33059E+00  1.0
    400  9  6  101   4 2s2p2(2PE) 5p    1.23886E+00  7.64299E+00  1.0
    401  9  6  101   5 2s2p2(2PE) 6p    1.47592E+00  7.88005E+00  1.0
    402  9  6  101   6 2s2p2(2PE) 7p    1.61445E+00  8.01858E+00  1.0
    403  9  6  101   7 2s2p2(2PE) 8p    1.70171E+00  8.10584E+00  1.0
    404  9  6  101   8 2s2p2(2PE) 9p    1.75271E+00  8.15684E+00  1.0
    405  9  6  101   9 2p3(2DO) 4d      1.76960E+00  8.17373E+00  1.0
    406  9  6  101  10 2s2p2(2PE)10p    1.80592E+00  8.21005E+00  1.0
 ====================================================================
