 ====================================================================
      i NZ NE iSLP iLV iCONF                 E(RYD)      TE(RYD)   gi
 ====================================================================
      1  9  5  211   1 2s2 2p          -8.37604E+00  0.00000E+00  6.0
      2  9  5  410   1 2s 2p2          -7.60610E+00  7.69940E-01 12.0
      3  9  5  220   1 2s 2p2          -6.98395E+00  1.39209E+00 10.0
      4  9  5  200   1 2s 2p2          -6.56208E+00  1.81396E+00  2.0
      5  9  5  210   1 2s 2p2          -6.40529E+00  1.97075E+00  6.0
      6  9  5  401   1 2p3             -5.86433E+00  2.51171E+00  4.0
      7  9  5  221   1 2p3             -5.57825E+00  2.79779E+00 10.0
      8  9  5  211   2 2p3             -5.19919E+00  3.17685E+00  6.0
      9  9  5  200   2 2s2 3s          -3.60630E+00  4.76974E+00  2.0
     10  9  5  211   3 2s2 3p          -3.23749E+00  5.13855E+00  6.0
     11  9  5  220   2 2s2 3d          -2.90016E+00  5.47588E+00 10.0
     12  9  5  411   1 2s2p(3PO) 3s    -2.73092E+00  5.64512E+00 12.0
     13  9  5  211   4 2s2p(3PO) 3s    -2.56263E+00  5.81341E+00  6.0
     14  9  5  210   2 2s2p(3PO) 3p    -2.41480E+00  5.96124E+00  6.0
     15  9  5  420   1 2s2p(3PO) 3p    -2.39835E+00  5.97769E+00 20.0
     16  9  5  400   1 2s2p(3PO) 3p    -2.32720E+00  6.04884E+00  4.0
     17  9  5  410   2 2s2p(3PO) 3p    -2.27574E+00  6.10030E+00 12.0
     18  9  5  220   3 2s2p(3PO) 3p    -2.22859E+00  6.14745E+00 10.0
     19  9  5  200   3 2s2p(3PO) 3p    -2.11384E+00  6.26220E+00  2.0
     20  9  5  431   1 2s2p(3PO) 3d    -2.10111E+00  6.27493E+00 28.0
     21  9  5  421   1 2s2p(3PO) 3d    -2.04015E+00  6.33589E+00 20.0
     22  9  5  221   2 2s2p(3PO) 3d    -2.02279E+00  6.35325E+00 10.0
     23  9  5  411   2 2s2p(3PO) 3d    -1.99071E+00  6.38533E+00 12.0
     24  9  5  200   4 2s2 4s          -1.89729E+00  6.47875E+00  2.0
     25  9  5  231   1 2s2p(3PO) 3d    -1.89179E+00  6.48425E+00 14.0
     26  9  5  211   5 2s2p(1PO) 3s    -1.88196E+00  6.49408E+00  6.0
     27  9  5  211   6 2s2p(3PO) 3d    -1.83592E+00  6.54012E+00  6.0
     28  9  5  211   7 2s2 4p          -1.72869E+00  6.64735E+00  6.0
     29  9  5  220   4 2s2 4d          -1.61486E+00  6.76118E+00 10.0
     30  9  5  231   2 2s2 4f:         -1.59222E+00  6.78382E+00 14.0
     31  9  5  220   5 2s2p(1PO) 3p    -1.53160E+00  6.84444E+00 10.0
     32  9  5  210   3 2s2p(1PO) 3p    -1.50958E+00  6.86646E+00  6.0
     33  9  5  200   5 2s2p(1PO) 3p    -1.44621E+00  6.92983E+00  2.0
     34  9  5  231   3 2s2p(1PO) 3d:   -1.23999E+00  7.13605E+00 14.0
     35  9  5  410   3 2p2(3PE) 3s     -1.23770E+00  7.13834E+00 12.0
     36  9  5  221   3 2s2p(1PO) 3d    -1.20163E+00  7.17441E+00 10.0
     37  9  5  211   8 2s2p(1PO) 3d    -1.15039E+00  7.22565E+00  6.0
     38  9  5  200   6 2s2 5s          -1.14730E+00  7.22874E+00  2.0
     39  9  5  210   4 2p2(3PE) 3s     -1.11554E+00  7.26050E+00  6.0
     40  9  5  211   9 2s2 5p          -1.07124E+00  7.30480E+00  6.0
     41  9  5  220   6 2s2 5d          -1.02689E+00  7.34915E+00 10.0
     42  9  5  411   3 2s2p(3PO) 4s    -1.01836E+00  7.35768E+00 12.0
     43  9  5  201   1 2p2(3PE) 3p     -1.01377E+00  7.36227E+00  2.0
     44  9  5  240   1 2s2 5g          -1.00200E+00  7.37404E+00 18.0
     45  9  5  220   7 2p2(1DE) 3s     -9.90666E-01  7.38537E+00 10.0
     46  9  5  231   4 2s2 5f:         -9.89029E-01  7.38701E+00 14.0
     47  9  5  211  10 2s2p(3PO) 4s    -9.68794E-01  7.40725E+00  6.0
     48  9  5  421   2 2p2(3PE) 3p     -9.50920E-01  7.42512E+00 20.0
     49  9  5  411   4 2p2(3PE) 3p     -8.87635E-01  7.48841E+00 12.0
     50  9  5  420   2 2s2p(3PO) 4p    -8.78097E-01  7.49794E+00 20.0
     51  9  5  221   4 2p2(3PE) 3p     -8.73644E-01  7.50240E+00 10.0
     52  9  5  400   2 2s2p(3PO) 4p    -8.46103E-01  7.52994E+00  4.0
     53  9  5  410   4 2s2p(3PO) 4p    -8.35156E-01  7.54088E+00 12.0
     54  9  5  210   5 2s2p(3PO) 4p    -8.34550E-01  7.54149E+00  6.0
     55  9  5  220   8 2s2p(3PO) 4p    -7.97546E-01  7.57849E+00 10.0
     56  9  5  200   7 2s2 6s          -7.88690E-01  7.58735E+00  2.0
     57  9  5  401   2 2p2(3PE) 3p     -7.82141E-01  7.59390E+00  4.0
     58  9  5  211  11 2p2(3PE) 3p     -7.77308E-01  7.59873E+00  6.0
     59  9  5  430   1 2p2(3PE) 3d     -7.75981E-01  7.60006E+00 28.0
     60  9  5  431   2 2s2p(3PO) 4d    -7.64204E-01  7.61184E+00 28.0
     61  9  5  200   8 2s2p(3PO) 4p    -7.55082E-01  7.62096E+00  2.0
     62  9  5  230   1 2p2(3PE) 3d:    -7.51632E-01  7.62441E+00 14.0
     63  9  5  211  12 2s2 6p          -7.39996E-01  7.63604E+00  6.0
     64  9  5  421   3 2s2p(3PO) 4d    -7.37289E-01  7.63875E+00 20.0
     65  9  5  221   5 2s2p(3PO) 4d    -7.29220E-01  7.64682E+00 10.0
     66  9  5  411   5 2s2p(3PO) 4d    -7.25003E-01  7.65104E+00 12.0
     67  9  5  420   3 2p2(3PE) 3d:    -7.15242E-01  7.66080E+00 20.0
     68  9  5  220   9 2s2 6d          -7.10006E-01  7.66603E+00 10.0
     69  9  5  231   5 2s2 6f          -6.97647E-01  7.67839E+00 14.0
     70  9  5  240   2 2s2 6g          -6.95983E-01  7.68006E+00 18.0
     71  9  5  231   6 2s2p(3PO) 4d:   -6.95206E-01  7.68083E+00 14.0
     72  9  5  220  10 2s2p(3PO) 4f    -6.92517E-01  7.68352E+00 10.0
     73  9  5  440   1 2s2p(3PO) 4f    -6.85171E-01  7.69087E+00 36.0
     74  9  5  240   3 2s2p(3PO) 4f    -6.80970E-01  7.69507E+00 18.0
     75  9  5  231   7 2p2(1DE) 3p:    -6.69767E-01  7.70627E+00 14.0
     76  9  5  211  13 2s2p(3PO) 4d    -6.66941E-01  7.70910E+00  6.0
     77  9  5  210   6 2p2(3PE) 3d     -6.16193E-01  7.75985E+00  6.0
     78  9  5  430   2 2s2p(3PO) 4f    -6.12240E-01  7.76380E+00 28.0
     79  9  5  221   6 2p2(1DE) 3p     -5.92077E-01  7.78396E+00 10.0
     80  9  5  420   4 2s2p(3PO) 4f:   -5.74300E-01  7.80174E+00 20.0
     81  9  5  230   2 2s2p(3PO) 4f:   -5.65527E-01  7.81051E+00 14.0
     82  9  5  200   9 2s2 7s          -5.64455E-01  7.81159E+00  2.0
     83  9  5  410   5 2p2(3PE) 3d     -5.53394E-01  7.82265E+00 12.0
     84  9  5  211  14 2s2 7p          -5.39645E-01  7.83640E+00  6.0
     85  9  5  220  11 2s2 7d          -5.20041E-01  7.85600E+00 10.0
     86  9  5  211  15 2p2(1DE) 3p     -5.12124E-01  7.86392E+00  6.0
     87  9  5  240   4 2s2 7g          -5.11697E-01  7.86434E+00 18.0
     88  9  5  231   8 2s2 7f          -5.10017E-01  7.86602E+00 14.0
     89  9  5  240   5 2p2(1DE) 3d     -4.31929E-01  7.94411E+00 18.0
     90  9  5  200  10 2s2 8s          -4.27218E-01  7.94882E+00  2.0
     91  9  5  220  12 2p2(3PE) 3d     -4.22223E-01  7.95382E+00 10.0
     92  9  5  211  16 2s2 8p          -4.10645E-01  7.96540E+00  6.0
     93  9  5  200  11 2p2(1SE) 3s     -3.98479E-01  7.97756E+00  2.0
     94  9  5  220  13 2s2 8d          -3.97101E-01  7.97894E+00 10.0
     95  9  5  231   9 2s2 8f          -3.90947E-01  7.98509E+00 14.0
     96  9  5  240   6 2s2 8g          -3.90637E-01  7.98540E+00 18.0
     97  9  5  230   3 2p2(1DE) 3d:    -3.67962E-01  8.00808E+00 14.0
     98  9  5  220  14 2p2(1DE) 3d     -3.38997E-01  8.03704E+00 10.0
     99  9  5  200  12 2s2 9s          -3.34412E-01  8.04163E+00  2.0
    100  9  5  211  17 2s2 9p          -3.23105E-01  8.05294E+00  6.0
    101  9  5  220  15 2s2 9d          -3.13142E-01  8.06290E+00 10.0
    102  9  5  231  10 2s2 9f          -3.09066E-01  8.06697E+00 14.0
    103  9  5  240   7 2s2 9g          -3.09035E-01  8.06701E+00 18.0
    104  9  5  411   6 2s2p(3PO) 5s    -2.74638E-01  8.10140E+00 12.0
    105  9  5  210   7 2p2(1DE) 3d     -2.71012E-01  8.10503E+00  6.0
    106  9  5  200  13 2s210s          -2.69062E-01  8.10698E+00  2.0
    107  9  5  211  18 2s210p          -2.62420E-01  8.11362E+00  6.0
    108  9  5  220  16 2s210d          -2.53338E-01  8.12270E+00 10.0
    109  9  5  231  11 2s210f          -2.50422E-01  8.12562E+00 14.0
    110  9  5  240   8 2s210g          -2.50360E-01  8.12568E+00 18.0
    111  9  5  210   8 2s2p(3PO) 5p    -2.10840E-01  8.16520E+00  6.0
    112  9  5  420   5 2s2p(3PO) 5p    -2.10111E-01  8.16593E+00 20.0
    113  9  5  400   3 2s2p(3PO) 5p    -2.00218E-01  8.17582E+00  4.0
    114  9  5  410   6 2s2p(3PO) 5p    -1.93723E-01  8.18232E+00 12.0
    115  9  5  431   3 2s2p(3PO) 5d    -1.60482E-01  8.21556E+00 28.0
    116  9  5  421   4 2s2p(3PO) 5d    -1.48065E-01  8.22798E+00 20.0
    117  9  5  221   7 2s2p(3PO) 5d    -1.45748E-01  8.23029E+00 10.0
    118  9  5  411   7 2s2p(3PO) 5d    -1.42318E-01  8.23372E+00 12.0
    119  9  5  241   1 2s2p(3PO) 5g    -1.24374E-01  8.25167E+00 18.0
    120  9  5  441   1 2s2p(3PO) 5g    -1.24371E-01  8.25167E+00 36.0
    121  9  5  430   3 2s2p(3PO) 5f    -1.22685E-01  8.25336E+00 28.0
    122  9  5  440   2 2s2p(3PO) 5f    -1.22089E-01  8.25395E+00 36.0
    123  9  5  431   4 2s2p(3PO) 5g    -1.18203E-01  8.25784E+00 28.0
    124  9  5  230   4 2s2p(3PO) 5f    -1.15849E-01  8.26019E+00 14.0
    125  9  5  420   6 2s2p(3PO) 5f    -1.13121E-01  8.26292E+00 20.0
    126  9  5  210   9 2s2p(1PO) 4p    -1.68012E-03  8.37436E+00  6.0
    127  9  5  221   8 2s2p(1PO) 4d     9.31936E-02  8.46923E+00 10.0
    128  9  5  411   8 2s2p(3PO) 6s     9.80563E-02  8.47410E+00 12.0
    129  9  5  210  10 2s2p(3PO) 6p     1.33239E-01  8.50928E+00  6.0
    130  9  5  420   7 2s2p(3PO) 6p     1.34220E-01  8.51026E+00 20.0
    131  9  5  400   4 2s2p(3PO) 6p     1.40022E-01  8.51606E+00  4.0
    132  9  5  230   5 2s2p(1PO) 4f     1.41273E-01  8.51731E+00 14.0
    133  9  5  410   7 2s2p(3PO) 6p     1.43542E-01  8.51958E+00 12.0
    134  9  5  431   5 2s2p(3PO) 6d     1.62650E-01  8.53869E+00 28.0
    135  9  5  421   5 2s2p(3PO) 6d     1.69815E-01  8.54586E+00 20.0
    136  9  5  411   9 2s2p(3PO) 6d     1.72525E-01  8.54857E+00 12.0
    137  9  5  221   9 2s2p(3PO) 6d     1.74714E-01  8.55075E+00 10.0
    138  9  5  430   4 2s2p(3PO) 6f     1.82727E-01  8.55877E+00 28.0
    139  9  5  241   2 2s2p(3PO) 6g     1.82916E-01  8.55896E+00 18.0
    140  9  5  441   2 2s2p(3PO) 6g     1.82923E-01  8.55896E+00 36.0
    141  9  5  440   3 2s2p(3PO) 6f     1.84272E-01  8.56031E+00 36.0
    142  9  5  230   6 2s2p(3PO) 6f     1.84286E-01  8.56033E+00 14.0
    143  9  5  431   6 2s2p(3PO) 6g     1.86518E-01  8.56256E+00 28.0
    144  9  5  440   4 2s2p(3PO) 6h     1.86718E-01  8.56276E+00 36.0
    145  9  5  420   8 2s2p(3PO) 6f     1.88243E-01  8.56428E+00 20.0
    146  9  5  411  10 2s2p(3PO) 7s     3.15502E-01  8.69154E+00 12.0
    147  9  5  210  11 2s2p(3PO) 7p     3.34146E-01  8.71019E+00  6.0
    148  9  5  420   9 2s2p(3PO) 7p     3.37988E-01  8.71403E+00 20.0
    149  9  5  400   5 2s2p(3PO) 7p     3.41828E-01  8.71787E+00  4.0
    150  9  5  410   8 2s2p(3PO) 7p     3.43524E-01  8.71956E+00 12.0
    151  9  5  431   7 2s2p(3PO) 7d     3.55782E-01  8.73182E+00 28.0
    152  9  5  421   6 2s2p(3PO) 7d     3.60112E-01  8.73615E+00 20.0
    153  9  5  221  10 2s2p(3PO) 7d     3.61660E-01  8.73770E+00 10.0
    154  9  5  411  11 2s2p(3PO) 7d     3.61837E-01  8.73788E+00 12.0
    155  9  5  430   5 2s2p(3PO) 7f     3.67587E-01  8.74363E+00 28.0
    156  9  5  230   7 2s2p(3PO) 7f     3.67947E-01  8.74399E+00 14.0
    157  9  5  241   3 2s2p(3PO) 7g     3.67994E-01  8.74403E+00 18.0
    158  9  5  441   3 2s2p(3PO) 7g     3.68002E-01  8.74404E+00 36.0
    159  9  5  440   5 2s2p(3PO) 7f     3.69147E-01  8.74519E+00 36.0
    160  9  5  431   8 2s2p(3PO) 7g     3.70422E-01  8.74646E+00 28.0
    161  9  5  440   6 2s2p(3PO) 7h     3.70686E-01  8.74673E+00 36.0
    162  9  5  420  10 2s2p(3PO) 7f     3.71312E-01  8.74735E+00 20.0
    163  9  5  410   9 2p2(3PE) 4s      4.35737E-01  8.81178E+00 12.0
    164  9  5  411  12 2s2p(3PO) 8s     4.53146E-01  8.82919E+00 12.0
    165  9  5  210  12 2s2p(3PO) 8p:    4.53607E-01  8.82965E+00  6.0
    166  9  5  420  11 2s2p(3PO) 8p     4.68331E-01  8.84437E+00 20.0
    167  9  5  400   6 2s2p(3PO) 8p     4.71078E-01  8.84712E+00  4.0
    168  9  5  410  10 2s2p(3PO) 8p     4.72592E-01  8.84863E+00 12.0
    169  9  5  431   9 2s2p(3PO) 8d     4.80281E-01  8.85632E+00 28.0
    170  9  5  421   7 2s2p(3PO) 8d     4.83033E-01  8.85907E+00 20.0
    171  9  5  221  11 2s2p(3PO) 8d     4.83875E-01  8.85992E+00 10.0
    172  9  5  411  13 2s2p(3PO) 8d     4.84271E-01  8.86031E+00 12.0
    173  9  5  230   8 2s2p(3PO) 8f     4.87599E-01  8.86364E+00 14.0
    174  9  5  430   6 2s2p(3PO) 8f     4.87625E-01  8.86367E+00 28.0
    175  9  5  241   4 2s2p(3PO) 8g     4.88096E-01  8.86414E+00 18.0
    176  9  5  441   4 2s2p(3PO) 8g     4.88102E-01  8.86414E+00 36.0
    177  9  5  440   7 2s2p(3PO) 8f     4.89118E-01  8.86516E+00 36.0
    178  9  5  431  10 2s2p(3PO) 8g     4.89790E-01  8.86583E+00 28.0
    179  9  5  440   8 2s2p(3PO) 8h     4.90183E-01  8.86622E+00 36.0
    180  9  5  420  12 2s2p(3PO) 8f     4.90317E-01  8.86636E+00 20.0
    181  9  5  210  13 2p2(3PE) 4s:     4.91022E-01  8.86706E+00  6.0
    182  9  5  201   2 2p2(3PE) 4p      5.29813E-01  8.90585E+00  2.0
    183  9  5  411  14 2s2p(3PO) 9s     5.43974E-01  8.92001E+00 12.0
    184  9  5  421   8 2p2(3PE) 4p      5.50432E-01  8.92647E+00 20.0
    185  9  5  420  13 2s2p(3PO) 9p     5.56664E-01  8.93270E+00 20.0
    186  9  5  400   7 2s2p(3PO) 9p     5.58808E-01  8.93485E+00  4.0
    187  9  5  210  14 2s2p(3PO) 9p     5.59206E-01  8.93525E+00  6.0
    188  9  5  410  11 2s2p(3PO) 9p     5.59538E-01  8.93558E+00 12.0
    189  9  5  431  11 2s2p(3PO) 9d     5.65202E-01  8.94124E+00 28.0
    190  9  5  221  12 2s2p(3PO) 9d     5.67513E-01  8.94355E+00 10.0
    191  9  5  411  15 2s2p(3PO) 9d     5.67524E-01  8.94356E+00 12.0
    192  9  5  421   9 2s2p(3PO) 9d     5.67575E-01  8.94361E+00 20.0
    193  9  5  230   9 2s2p(3PO) 9f     5.69590E-01  8.94563E+00 14.0
    194  9  5  430   7 2s2p(3PO) 9f     5.69664E-01  8.94570E+00 28.0
    195  9  5  411  16 2p2(3PE) 4p      5.70257E-01  8.94630E+00 12.0
    196  9  5  241   5 2s2p(3PO) 9g     5.70337E-01  8.94638E+00 18.0
    197  9  5  441   5 2s2p(3PO) 9g     5.70337E-01  8.94638E+00 36.0
    198  9  5  440   9 2s2p(3PO) 9f     5.71353E-01  8.94739E+00 36.0
    199  9  5  431  12 2s2p(3PO) 9g     5.71637E-01  8.94768E+00 28.0
    200  9  5  420  14 2s2p(3PO) 9f     5.71894E-01  8.94793E+00 20.0
    201  9  5  440  10 2s2p(3PO) 9h     5.72128E-01  8.94817E+00 36.0
    202  9  5  221  13 2p2(3PE) 4p      5.94653E-01  8.97069E+00 10.0
    203  9  5  401   3 2p2(3PE) 4p      6.06654E-01  8.98269E+00  4.0
    204  9  5  411  17 2s2p(3PO)10s     6.13619E-01  8.98966E+00 12.0
    205  9  5  210  15 2s2p(3PO)10p     6.18539E-01  8.99458E+00  6.0
    206  9  5  420  15 2s2p(3PO)10p     6.19081E-01  8.99512E+00 20.0
    207  9  5  400   8 2s2p(3PO)10p     6.21083E-01  8.99712E+00  4.0
    208  9  5  410  12 2s2p(3PO)10p     6.21459E-01  8.99750E+00 12.0
    209  9  5  431  13 2s2p(3PO)10d     6.25706E-01  9.00175E+00 28.0
    210  9  5  430   8 2s2p(3PO)10f     6.26755E-01  9.00280E+00 28.0
    211  9  5  221  14 2s2p(3PO)10d     6.27145E-01  9.00319E+00 10.0
    212  9  5  421  10 2s2p(3PO)10d     6.27219E-01  9.00326E+00 20.0
    213  9  5  411  18 2s2p(3PO)10d     6.27746E-01  9.00379E+00 12.0
    214  9  5  230  10 2s2p(3PO)10f     6.27905E-01  9.00395E+00 14.0
    215  9  5  441   6 2s2p(3PO)10g     6.29014E-01  9.00505E+00 36.0
    216  9  5  241   6 2s2p(3PO)10g     6.29029E-01  9.00507E+00 18.0
    217  9  5  420  16 2s2p(3PO)10f     6.29971E-01  9.00601E+00 20.0
    218  9  5  431  14 2s2p(3PO)10g     6.30151E-01  9.00619E+00 28.0
    219  9  5  440  11 2s2p(3PO)10f     6.30165E-01  9.00621E+00 36.0
    220  9  5  201   3 2p2(3PE) 5p      1.19444E+00  9.57048E+00  2.0
    221  9  5  401   4 2p2(3PE) 5p      1.22972E+00  9.60576E+00  4.0
    222  9  5  201   4 2p2(3PE) 6p      1.54277E+00  9.91881E+00  2.0
    223  9  5  401   5 2p2(3PE) 6p      1.56201E+00  9.93805E+00  4.0
    224  9  5  201   5 2p2(3PE) 7p      1.74770E+00  1.01237E+01  2.0
    225  9  5  401   6 2p2(3PE) 7p      1.75938E+00  1.01354E+01  4.0
    226  9  5  201   6 2p2(3PE) 8p      1.87867E+00  1.02547E+01  2.0
    227  9  5  401   7 2p2(3PE) 8p      1.88629E+00  1.02623E+01  4.0
    228  9  5  201   7 2p2(3PE) 9p      1.96746E+00  1.03435E+01  2.0
    229  9  5  401   8 2p2(3PE) 9p      1.97271E+00  1.03488E+01  4.0
    230  9  5  201   8 2p2(3PE)10p      2.03041E+00  1.04065E+01  2.0
    231  9  5  401   9 2p2(3PE)10p      2.03418E+00  1.04102E+01  4.0
 ====================================================================
