 ====================================================================
      i NZ NE iSLP iLV iCONF                 E(RYD)      TE(RYD)   gi
 ====================================================================
      1  9  4  100   1 2s2             -1.15319E+01  0.00000E+00  1.0
      2  9  4  311   1 2s 2p           -1.06501E+01  8.81801E-01  9.0
      3  9  4  111   1 2s 2p           -9.81151E+00  1.72039E+00  3.0
      4  9  4  310   1 2p2             -9.23009E+00  2.30181E+00  9.0
      5  9  4  120   1 2p2             -9.01994E+00  2.51196E+00  5.0
      6  9  4  100   2 2p2             -8.38070E+00  3.15120E+00  1.0
      7  9  4  300   1 2s 3s           -4.73598E+00  6.79592E+00  3.0
      8  9  4  100   3 2s 3s           -4.57881E+00  6.95309E+00  1.0
      9  9  4  111   2 2s 3p           -4.36667E+00  7.16523E+00  3.0
     10  9  4  311   2 2s 3p           -4.34317E+00  7.18873E+00  9.0
     11  9  4  320   1 2s 3d           -4.14812E+00  7.38378E+00 15.0
     12  9  4  120   2 2s 3d           -4.00922E+00  7.52268E+00  5.0
     13  9  4  311   3 2p 3s           -3.60320E+00  7.92870E+00  9.0
     14  9  4  111   3 2p 3s           -3.46613E+00  8.06577E+00  3.0
     15  9  4  110   1 2p 3p           -3.38970E+00  8.14220E+00  3.0
     16  9  4  320   2 2p 3p           -3.33689E+00  8.19501E+00 15.0
     17  9  4  300   2 2p 3p           -3.26041E+00  8.27149E+00  3.0
     18  9  4  310   2 2p 3p           -3.19980E+00  8.33210E+00  9.0
     19  9  4  331   1 2p 3d           -3.16465E+00  8.36725E+00 21.0
     20  9  4  121   1 2p 3d           -3.15069E+00  8.38121E+00  5.0
     21  9  4  120   3 2p 3p           -3.11004E+00  8.42186E+00  5.0
     22  9  4  321   1 2p 3d           -3.03968E+00  8.49222E+00 15.0
     23  9  4  311   4 2p 3d           -2.99270E+00  8.53920E+00  9.0
     24  9  4  100   4 2p 3p           -2.94717E+00  8.58473E+00  1.0
     25  9  4  131   1 2p 3d           -2.91572E+00  8.61618E+00  7.0
     26  9  4  111   4 2p 3d           -2.85226E+00  8.67964E+00  3.0
     27  9  4  300   3 2s 4s           -2.52753E+00  9.00437E+00  3.0
     28  9  4  100   5 2s 4s           -2.45334E+00  9.07856E+00  1.0
     29  9  4  311   5 2s 4p           -2.37910E+00  9.15280E+00  9.0
     30  9  4  111   5 2s 4p           -2.36383E+00  9.16807E+00  3.0
     31  9  4  320   3 2s 4d           -2.30586E+00  9.22604E+00 15.0
     32  9  4  120   4 2s 4d           -2.25894E+00  9.27296E+00  5.0
     33  9  4  331   2 2s 4f           -2.25048E+00  9.28142E+00 21.0
     34  9  4  131   2 2s 4f           -2.23341E+00  9.29849E+00  7.0
     35  9  4  300   4 2s 5s           -1.58599E+00  9.94591E+00  3.0
     36  9  4  100   6 2s 5s           -1.56537E+00  9.96653E+00  1.0
     37  9  4  111   6 2s 5p           -1.53275E+00  9.99915E+00  3.0
     38  9  4  311   6 2s 5p           -1.51031E+00  1.00216E+01  9.0
     39  9  4  311   7 2p 4s           -1.47114E+00  1.00608E+01  9.0
     40  9  4  320   4 2s 5d           -1.46833E+00  1.00636E+01 15.0
     41  9  4  340   1 2s 5g           -1.44962E+00  1.00823E+01 27.0
     42  9  4  140   1 2s 5g           -1.44955E+00  1.00824E+01  9.0
     43  9  4  120   5 2s 5d           -1.44567E+00  1.00862E+01  5.0
     44  9  4  331   3 2s 5f           -1.44511E+00  1.00868E+01 21.0
     45  9  4  131   3 2s 5f           -1.44335E+00  1.00886E+01  7.0
     46  9  4  111   7 2p 4s           -1.41110E+00  1.01208E+01  3.0
     47  9  4  110   2 2p 4p           -1.38058E+00  1.01513E+01  3.0
     48  9  4  320   5 2p 4p           -1.36274E+00  1.01692E+01 15.0
     49  9  4  300   5 2p 4p           -1.32975E+00  1.02022E+01  3.0
     50  9  4  310   3 2p 4p           -1.31991E+00  1.02120E+01  9.0
     51  9  4  331   4 2p 4d           -1.29118E+00  1.02407E+01 21.0
     52  9  4  121   2 2p 4d           -1.29074E+00  1.02412E+01  5.0
     53  9  4  120   6 2p 4p           -1.28632E+00  1.02456E+01  5.0
     54  9  4  321   2 2p 4d           -1.25195E+00  1.02800E+01 15.0
     55  9  4  130   1 2p 4f           -1.24382E+00  1.02881E+01  7.0
     56  9  4  330   1 2p 4f           -1.24220E+00  1.02897E+01 21.0
     57  9  4  311   8 2p 4d           -1.23738E+00  1.02945E+01  9.0
     58  9  4  340   2 2p 4f           -1.22543E+00  1.03065E+01 27.0
     59  9  4  140   2 2p 4f           -1.21951E+00  1.03124E+01  9.0
     60  9  4  100   7 2p 4p           -1.21929E+00  1.03126E+01  1.0
     61  9  4  320   6 2p 4f           -1.20901E+00  1.03229E+01 15.0
     62  9  4  120   7 2p 4f           -1.20286E+00  1.03290E+01  5.0
     63  9  4  131   4 2p 4d           -1.19970E+00  1.03322E+01  7.0
     64  9  4  111   8 2p 4d           -1.18108E+00  1.03508E+01  3.0
     65  9  4  300   6 2s 6s           -1.07643E+00  1.04555E+01  3.0
     66  9  4  100   8 2s 6s           -1.05450E+00  1.04774E+01  1.0
     67  9  4  311   9 2s 6p           -1.03568E+00  1.04962E+01  9.0
     68  9  4  111   9 2s 6p           -1.03017E+00  1.05017E+01  3.0
     69  9  4  320   7 2s 6d           -1.01551E+00  1.05164E+01 15.0
     70  9  4  120   8 2s 6d           -1.00361E+00  1.05283E+01  5.0
     71  9  4  331   5 2s 6f           -1.00123E+00  1.05307E+01 21.0
     72  9  4  340   3 2s 6g           -9.96826E-01  1.05351E+01 27.0
     73  9  4  140   3 2s 6g           -9.96544E-01  1.05354E+01  9.0
     74  9  4  131   5 2s 6f           -9.94344E-01  1.05376E+01  7.0
     75  9  4  300   7 2s 7s           -7.84319E-01  1.07476E+01  3.0
     76  9  4  100   9 2s 7s           -7.75973E-01  1.07559E+01  1.0
     77  9  4  311  10 2s 7p           -7.58187E-01  1.07737E+01  9.0
     78  9  4  111  10 2s 7p           -7.57450E-01  1.07745E+01  3.0
     79  9  4  320   8 2s 7d           -7.44515E-01  1.07874E+01 15.0
     80  9  4  120   9 2s 7d           -7.37149E-01  1.07948E+01  5.0
     81  9  4  331   6 2s 7f           -7.35927E-01  1.07960E+01 21.0
     82  9  4  340   4 2s 7g           -7.34606E-01  1.07973E+01 27.0
     83  9  4  140   4 2s 7g           -7.34545E-01  1.07974E+01  9.0
     84  9  4  131   6 2s 7f           -7.33437E-01  1.07985E+01  7.0
     85  9  4  300   8 2s 8s           -5.97008E-01  1.09349E+01  3.0
     86  9  4  100  10 2s 8s           -5.92537E-01  1.09394E+01  1.0
     87  9  4  111  11 2s 8p           -5.82808E-01  1.09491E+01  3.0
     88  9  4  311  11 2s 8p           -5.79111E-01  1.09528E+01  9.0
     89  9  4  320   9 2s 8d           -5.69210E-01  1.09627E+01 15.0
     90  9  4  120  10 2s 8d           -5.64240E-01  1.09677E+01  5.0
     91  9  4  331   7 2s 8f           -5.63556E-01  1.09683E+01 21.0
     92  9  4  340   5 2s 8g           -5.63279E-01  1.09686E+01 27.0
     93  9  4  140   5 2s 8g           -5.63267E-01  1.09686E+01  9.0
     94  9  4  131   7 2s 8f           -5.62556E-01  1.09693E+01  7.0
     95  9  4  311  12 2p 5s           -5.37234E-01  1.09947E+01  9.0
     96  9  4  111  12 2p 5s           -5.20529E-01  1.10114E+01  3.0
     97  9  4  110   3 2p 5p           -4.89734E-01  1.10422E+01  3.0
     98  9  4  320  10 2p 5p           -4.82610E-01  1.10493E+01 15.0
     99  9  4  300   9 2p 5p:          -4.81003E-01  1.10509E+01  3.0
    100  9  4  100  11 2s 9s           -4.70273E-01  1.10616E+01  1.0
    101  9  4  310   4 2p 5p           -4.62273E-01  1.10696E+01  9.0
    102  9  4  311  13 2s 9p           -4.57506E-01  1.10744E+01  9.0
    103  9  4  300  10 2s 9s:          -4.54503E-01  1.10774E+01  3.0
    104  9  4  111  13 2s 9p           -4.52365E-01  1.10795E+01  3.0
    105  9  4  331   8 2p 5d           -4.50388E-01  1.10815E+01 21.0
    106  9  4  320  11 2s 9d           -4.48831E-01  1.10831E+01 15.0
    107  9  4  120  11 2p 5p           -4.48399E-01  1.10835E+01  5.0
    108  9  4  340   6 2s 9g           -4.47808E-01  1.10841E+01 27.0
    109  9  4  140   6 2s 9g           -4.47606E-01  1.10843E+01  9.0
    110  9  4  131   8 2s 9f           -4.46505E-01  1.10854E+01  7.0
    111  9  4  121   3 2p 5d           -4.45900E-01  1.10860E+01  5.0
    112  9  4  120  12 2s 9d           -4.44198E-01  1.10877E+01  5.0
    113  9  4  331   9 2s 9f           -4.42036E-01  1.10899E+01 21.0
    114  9  4  321   3 2p 5d           -4.27713E-01  1.11042E+01 15.0
    115  9  4  130   2 2p 5f           -4.23442E-01  1.11085E+01  7.0
    116  9  4  330   2 2p 5f           -4.22413E-01  1.11095E+01 21.0
    117  9  4  311  14 2p 5d           -4.21070E-01  1.11108E+01  9.0
    118  9  4  340   7 2p 5f           -4.15563E-01  1.11163E+01 27.0
    119  9  4  100  12 2p 5p           -4.12721E-01  1.11192E+01  1.0
    120  9  4  140   7 2p 5f           -4.11981E-01  1.11199E+01  9.0
    121  9  4  331  10 2p 5g           -4.08927E-01  1.11230E+01 21.0
    122  9  4  131   9 2p 5g           -4.08920E-01  1.11230E+01  7.0
    123  9  4  320  12 2p 5f           -4.07188E-01  1.11247E+01 15.0
    124  9  4  120  13 2p 5f           -4.02890E-01  1.11290E+01  5.0
    125  9  4  131  10 2p 5d           -4.02743E-01  1.11292E+01  7.0
    126  9  4  111  14 2p 5d           -3.94786E-01  1.11371E+01  3.0
    127  9  4  300  11 2s10s           -3.75189E-01  1.11567E+01  3.0
    128  9  4  100  13 2s10s           -3.68017E-01  1.11639E+01  1.0
    129  9  4  311  15 2s10p           -3.66753E-01  1.11651E+01  9.0
    130  9  4  111  15 2s10p           -3.64502E-01  1.11674E+01  3.0
    131  9  4  320  13 2s10d           -3.63104E-01  1.11688E+01 15.0
    132  9  4  120  14 2s10d           -3.60871E-01  1.11710E+01  5.0
    133  9  4  331  11 2s10f           -3.60359E-01  1.11715E+01 21.0
    134  9  4  340   8 2s10g           -3.58775E-01  1.11731E+01 27.0
    135  9  4  140   8 2s10g           -3.58572E-01  1.11733E+01  9.0
    136  9  4  131  11 2s10f           -3.57957E-01  1.11739E+01  7.0
    137  9  4  110   4 2p 6p           -1.62793E-02  1.15156E+01  3.0
    138  9  4  310   5 2p 6p           -1.47426E-03  1.15304E+01  9.0
    139  9  4  121   4 2p 6d            8.42722E-03  1.15403E+01  5.0
    140  9  4  321   4 2p 6d            1.84206E-02  1.15503E+01 15.0
    141  9  4  130   3 2p 6f            2.10757E-02  1.15530E+01  7.0
    142  9  4  330   3 2p 6f            2.17116E-02  1.15536E+01 21.0
    143  9  4  110   5 2p 7p            2.65479E-01  1.17974E+01  3.0
    144  9  4  310   6 2p 7p            2.74416E-01  1.18063E+01  9.0
    145  9  4  121   5 2p 7d            2.80788E-01  1.18127E+01  5.0
    146  9  4  321   5 2p 7d            2.86894E-01  1.18188E+01 15.0
    147  9  4  130   4 2p 7f            2.88592E-01  1.18205E+01  7.0
    148  9  4  330   4 2p 7f            2.89006E-01  1.18209E+01 21.0
    149  9  4  110   6 2p 8p            4.46712E-01  1.19786E+01  3.0
    150  9  4  310   7 2p 8p            4.52538E-01  1.19844E+01  9.0
    151  9  4  121   6 2p 8d            4.56858E-01  1.19888E+01  5.0
    152  9  4  321   6 2p 8d            4.60870E-01  1.19928E+01 15.0
    153  9  4  130   5 2p 8f            4.62012E-01  1.19939E+01  7.0
    154  9  4  330   5 2p 8f            4.62294E-01  1.19942E+01 21.0
    155  9  4  110   7 2p 9p            5.70153E-01  1.21021E+01  3.0
    156  9  4  310   8 2p 9p            5.74168E-01  1.21061E+01  9.0
    157  9  4  121   7 2p 9d            5.77224E-01  1.21091E+01  5.0
    158  9  4  321   7 2p 9d            5.80005E-01  1.21119E+01 15.0
    159  9  4  130   6 2p 9f            5.80808E-01  1.21127E+01  7.0
    160  9  4  330   6 2p 9f            5.81008E-01  1.21129E+01 21.0
    161  9  4  110   8 2p10p            6.58008E-01  1.21899E+01  3.0
    162  9  4  310   9 2p10p            6.60895E-01  1.21928E+01  9.0
    163  9  4  121   8 2p10d            6.63133E-01  1.21950E+01  5.0
    164  9  4  321   8 2p10d            6.65142E-01  1.21970E+01 15.0
    165  9  4  130   7 2p10f            6.65727E-01  1.21976E+01  7.0
    166  9  4  330   7 2p10f            6.65874E-01  1.21978E+01 21.0
 ====================================================================
