 ====================================================================
      i NZ NE iSLP iLV iCONF                 E(RYD)      TE(RYD)   gi
 ====================================================================
      1  9  3  200   1 1s2 2s          -1.35937E+01  0.00000E+00  2.0
      2  9  3  211   1 1s2 2p          -1.25726E+01  1.02110E+00  6.0
      3  9  3  200   2 1s2 3s          -5.81758E+00  7.77612E+00  2.0
      4  9  3  211   2 1s2 3p          -5.53990E+00  8.05380E+00  6.0
      5  9  3  220   1 1s2 3d          -5.44840E+00  8.14530E+00 10.0
      6  9  3  200   3 1s2 4s          -3.21616E+00  1.03775E+01  2.0
      7  9  3  211   3 1s2 4p          -3.10280E+00  1.04909E+01  6.0
      8  9  3  220   2 1s2 4d          -3.06455E+00  1.05292E+01 10.0
      9  9  3  200   4 1s2 5s          -2.03770E+00  1.15560E+01  2.0
     10  9  3  211   4 1s2 5p          -1.98062E+00  1.16131E+01  6.0
     11  9  3  220   3 1s2 5d          -1.96114E+00  1.16326E+01 10.0
     12  9  3  200   5 1s2 6s          -1.40573E+00  1.21880E+01  2.0
     13  9  3  211   5 1s2 6p          -1.37304E+00  1.22207E+01  6.0
     14  9  3  220   4 1s2 6d          -1.36180E+00  1.22319E+01 10.0
     15  9  3  200   6 1s2 7s          -1.02796E+00  1.25657E+01  2.0
     16  9  3  211   6 1s2 7p          -1.00751E+00  1.25862E+01  6.0
     17  9  3  220   5 1s2 7d          -1.00044E+00  1.25933E+01 10.0
     18  9  3  200   7 1s2 8s          -7.84286E-01  1.28094E+01  2.0
     19  9  3  211   7 1s2 8p          -7.70650E-01  1.28231E+01  6.0
     20  9  3  220   6 1s2 8d          -7.65925E-01  1.28278E+01 10.0
     21  9  3  200   8 1s2 9s          -6.18009E-01  1.29757E+01  2.0
     22  9  3  211   8 1s2 9p          -6.08466E-01  1.29852E+01  6.0
     23  9  3  220   7 1s2 9d          -6.05151E-01  1.29885E+01 10.0
     24  9  3  200   9 1s210s          -4.99508E-01  1.30942E+01  2.0
     25  9  3  211   9 1s210p          -4.92571E-01  1.31011E+01  6.0
     26  9  3  220   8 1s210d          -4.90156E-01  1.31035E+01 10.0
 ====================================================================
