 ====================================================================
      i NZ NE iSLP iLV iCONF                 E(RYD)      TE(RYD)   gi
 ====================================================================
      1  9  2  100   1 1s2             -7.00236E+01  0.00000E+00  1.0
      2  9  2  300   1 1s 2s           -1.69629E+01  5.30607E+01  3.0
      3  9  2  311   1 1s 2p           -1.63370E+01  5.36866E+01  9.0
      4  9  2  100   2 1s 2s           -1.62953E+01  5.37283E+01  1.0
      5  9  2  111   1 1s 2p           -1.58790E+01  5.41446E+01  3.0
      6  9  2  300   2 1s 3s           -7.37824E+00  6.26454E+01  3.0
      7  9  2  311   2 1s 3p           -7.20671E+00  6.28169E+01  9.0
      8  9  2  100   3 1s 3s           -7.20164E+00  6.28220E+01  1.0
      9  9  2  320   1 1s 3d           -7.11541E+00  6.29082E+01 15.0
     10  9  2  120   1 1s 3d           -7.11090E+00  6.29127E+01  5.0
     11  9  2  111   2 1s 3p           -7.07990E+00  6.29437E+01  3.0
     12  9  2  300   3 1s 4s           -4.11002E+00  6.59136E+01  3.0
     13  9  2  311   3 1s 4p           -4.03985E+00  6.59837E+01  9.0
     14  9  2  100   4 1s 4s           -4.03851E+00  6.59851E+01  1.0
     15  9  2  320   2 1s 4d           -4.00227E+00  6.60213E+01 15.0
     16  9  2  120   2 1s 4d           -3.99981E+00  6.60238E+01  5.0
     17  9  2  111   3 1s 4p           -3.98767E+00  6.60359E+01  3.0
     18  9  2  300   4 1s 5s           -2.61567E+00  6.74079E+01  3.0
     19  9  2  311   4 1s 5p           -2.58033E+00  6.74433E+01  9.0
     20  9  2  100   5 1s 5s           -2.57982E+00  6.74438E+01  1.0
     21  9  2  320   3 1s 5d           -2.56129E+00  6.74623E+01 15.0
     22  9  2  120   3 1s 5d           -2.55991E+00  6.74637E+01  5.0
     23  9  2  111   4 1s 5p           -2.55393E+00  6.74697E+01  3.0
     24  9  2  300   5 1s 6s           -1.80979E+00  6.82138E+01  3.0
     25  9  2  311   5 1s 6p           -1.78948E+00  6.82341E+01  9.0
     26  9  2  100   6 1s 6s           -1.78926E+00  6.82343E+01  1.0
     27  9  2  320   4 1s 6d           -1.77853E+00  6.82451E+01 15.0
     28  9  2  120   4 1s 6d           -1.77770E+00  6.82459E+01  5.0
     29  9  2  111   5 1s 6p           -1.77431E+00  6.82493E+01  3.0
     30  9  2  300   6 1s 7s           -1.32620E+00  6.86974E+01  3.0
     31  9  2  311   6 1s 7p           -1.31347E+00  6.87101E+01  9.0
     32  9  2  100   7 1s 7s           -1.31336E+00  6.87102E+01  1.0
     33  9  2  320   5 1s 7d           -1.30661E+00  6.87170E+01 15.0
     34  9  2  120   5 1s 7d           -1.30607E+00  6.87175E+01  5.0
     35  9  2  111   6 1s 7p           -1.30395E+00  6.87197E+01  3.0
     36  9  2  300   7 1s 8s           -1.01341E+00  6.90102E+01  3.0
     37  9  2  311   7 1s 8p           -1.00491E+00  6.90187E+01  9.0
     38  9  2  100   8 1s 8s           -1.00485E+00  6.90187E+01  1.0
     39  9  2  320   6 1s 8d           -1.00033E+00  6.90233E+01 15.0
     40  9  2  120   6 1s 8d           -9.99967E-01  6.90236E+01  5.0
     41  9  2  111   7 1s 8p           -9.98554E-01  6.90250E+01  3.0
     42  9  2  300   8 1s 9s           -7.99525E-01  6.92241E+01  3.0
     43  9  2  311   8 1s 9p           -7.93571E-01  6.92300E+01  9.0
     44  9  2  100   9 1s 9s           -7.93528E-01  6.92301E+01  1.0
     45  9  2  320   7 1s 9d           -7.90362E-01  6.92332E+01 15.0
     46  9  2  120   7 1s 9d           -7.90102E-01  6.92335E+01  5.0
     47  9  2  111   8 1s 9p           -7.89112E-01  6.92345E+01  3.0
     48  9  2  300   9 1s10s           -6.46843E-01  6.93768E+01  3.0
     49  9  2  311   9 1s10p           -6.42511E-01  6.93811E+01  9.0
     50  9  2  100  10 1s10s           -6.42482E-01  6.93811E+01  1.0
     51  9  2  320   8 1s10d           -6.40176E-01  6.93834E+01 15.0
     52  9  2  120   8 1s10d           -6.39985E-01  6.93836E+01  5.0
     53  9  2  111   9 1s10p           -6.39265E-01  6.93843E+01  3.0
 ====================================================================
