 ================================================
       I  NZ  NE  ISLP  ILV        E(RYD)      NP
 ================================================
       1  16  11   200    1  -6.43692E+00      57
  6.076914E+00 2.562E-01
  6.148914E+00 2.527E-01
  6.220914E+00 2.493E-01
  6.292914E+00 2.459E-01
  6.364914E+00 2.427E-01
  6.436914E+00 2.394E-01
  6.796914E+00 2.243E-01
  7.156914E+00 2.106E-01
  7.516914E+00 1.981E-01
  7.876914E+00 1.867E-01
  8.236914E+00 1.763E-01
  8.596914E+00 1.668E-01
  8.956914E+00 1.579E-01
  9.316914E+00 1.498E-01
  1.045061E+01 1.288E-01
  1.172226E+01 1.108E-01
  1.314865E+01 9.533E-02
  1.474860E+01 8.199E-02
  1.654323E+01 7.053E-02
  1.855624E+01 6.066E-02
  2.081421E+01 5.218E-02
  2.334691E+01 4.488E-02
  2.618781E+01 3.860E-02
  2.937437E+01 3.320E-02
  3.294870E+01 2.856E-02
  3.695796E+01 2.457E-02
  4.145506E+01 2.113E-02
  4.649939E+01 1.817E-02
  5.215752E+01 1.563E-02
  5.850418E+01 1.345E-02
  6.562306E+01 1.157E-02
  7.360818E+01 9.948E-03
  8.256497E+01 8.557E-03
  9.261162E+01 7.360E-03
  1.038808E+02 6.330E-03
  1.165211E+02 5.445E-03
  1.306996E+02 4.683E-03
  1.466035E+02 4.028E-03
  1.644425E+02 3.465E-03
  1.844522E+02 2.980E-03
  2.068966E+02 2.564E-03
  2.320721E+02 2.205E-03
  2.603108E+02 1.897E-03
  2.919858E+02 1.631E-03
  3.275154E+02 1.403E-03
  3.673682E+02 1.207E-03
  4.120703E+02 1.038E-03
  4.622117E+02 8.929E-04
  5.184546E+02 7.680E-04
  5.815408E+02 6.606E-04
  6.523037E+02 5.682E-04
  7.316772E+02 4.887E-04
  8.207090E+02 4.204E-04
  9.205752E+02 3.616E-04
  1.032592E+03 3.110E-04
  1.158240E+03 2.675E-04
  1.299176E+03 2.301E-04
       2  16  11   211    1  -5.47147E+00      55
  5.111473E+00 4.831E-01
  5.183472E+00 4.758E-01
  5.255472E+00 4.687E-01
  5.327472E+00 4.616E-01
  5.399472E+00 4.547E-01
  5.471472E+00 4.478E-01
  5.831472E+00 4.151E-01
  6.191472E+00 3.848E-01
  6.551472E+00 3.568E-01
  6.911472E+00 3.310E-01
  7.271472E+00 3.070E-01
  7.631472E+00 2.849E-01
  7.991472E+00 2.644E-01
  8.351472E+00 2.454E-01
  9.220806E+00 2.098E-01
  1.018063E+01 1.794E-01
  1.124035E+01 1.534E-01
  1.241040E+01 1.312E-01
  1.370224E+01 1.122E-01
  1.512854E+01 9.594E-02
  1.670332E+01 8.204E-02
  1.844202E+01 7.015E-02
  2.036171E+01 5.999E-02
  2.248123E+01 5.130E-02
  2.482135E+01 4.386E-02
  2.740511E+01 3.751E-02
  3.025777E+01 3.207E-02
  3.340741E+01 2.743E-02
  3.688487E+01 2.345E-02
  4.072435E+01 2.006E-02
  4.496347E+01 1.715E-02
  4.964388E+01 1.466E-02
  5.481143E+01 1.254E-02
  6.051695E+01 1.072E-02
  6.681633E+01 9.169E-03
  7.377147E+01 7.841E-03
  8.145055E+01 6.705E-03
  8.992903E+01 5.733E-03
  9.928998E+01 4.903E-03
  1.096254E+02 4.192E-03
  1.210366E+02 3.585E-03
  1.336358E+02 3.065E-03
  1.475463E+02 2.621E-03
  1.629049E+02 2.241E-03
  1.798621E+02 1.917E-03
  1.985846E+02 1.639E-03
  2.192558E+02 1.402E-03
  2.420789E+02 1.198E-03
  2.672773E+02 1.025E-03
  2.950994E+02 8.763E-04
  3.258169E+02 7.494E-04
  3.597324E+02 6.408E-04
  3.971780E+02 5.479E-04
  4.385217E+02 4.685E-04
  4.841687E+02 4.007E-04
       3  16  11   220    1  -4.22309E+00      44
  3.863095E+00 9.141E-01
  3.935095E+00 8.629E-01
  4.007095E+00 8.153E-01
  4.079095E+00 7.708E-01
  4.151095E+00 7.294E-01
  4.223095E+00 6.907E-01
  4.583095E+00 5.316E-01
  4.943095E+00 4.157E-01
  5.303095E+00 3.297E-01
  5.663095E+00 2.648E-01
  6.023095E+00 2.152E-01
  6.383095E+00 1.768E-01
  6.743095E+00 1.466E-01
  7.103095E+00 1.227E-01
  7.480490E+00 1.029E-01
  7.877930E+00 8.633E-02
  8.296491E+00 7.241E-02
  8.737284E+00 6.074E-02
  9.201502E+00 5.095E-02
  9.690385E+00 4.274E-02
  1.020525E+01 3.585E-02
  1.074745E+01 3.007E-02
  1.131848E+01 2.522E-02
  1.191984E+01 2.116E-02
  1.255314E+01 1.775E-02
  1.322010E+01 1.488E-02
  1.392249E+01 1.249E-02
  1.466220E+01 1.047E-02
  1.544121E+01 8.784E-03
  1.626161E+01 7.368E-03
  1.712561E+01 6.181E-03
  1.803549E+01 5.184E-03
  1.899373E+01 4.349E-03
  2.000288E+01 3.648E-03
  2.106564E+01 3.060E-03
  2.218488E+01 2.566E-03
  2.336359E+01 2.153E-03
  2.460490E+01 1.806E-03
  2.591217E+01 1.515E-03
  2.728888E+01 1.270E-03
  2.873877E+01 1.066E-03
  3.026567E+01 8.939E-04
  3.187370E+01 7.498E-04
  3.356718E+01 6.289E-04
       4  16  11   200    2  -3.15189E+00      52
  2.791885E+00 3.880E-01
  2.863885E+00 3.750E-01
  2.935885E+00 3.627E-01
  3.007885E+00 3.509E-01
  3.079885E+00 3.397E-01
  3.151885E+00 3.289E-01
  3.511885E+00 2.821E-01
  3.871885E+00 2.445E-01
  4.231885E+00 2.139E-01
  4.591885E+00 1.888E-01
  4.951885E+00 1.679E-01
  5.311885E+00 1.504E-01
  5.671885E+00 1.355E-01
  6.031885E+00 1.228E-01
  6.660978E+00 1.050E-01
  7.355685E+00 8.981E-02
  8.122849E+00 7.680E-02
  8.970019E+00 6.568E-02
  9.905547E+00 5.616E-02
  1.093865E+01 4.803E-02
  1.207949E+01 4.107E-02
  1.333932E+01 3.512E-02
  1.473055E+01 3.004E-02
  1.626686E+01 2.569E-02
  1.796341E+01 2.197E-02
  1.983691E+01 1.879E-02
  2.190579E+01 1.606E-02
  2.419046E+01 1.374E-02
  2.671339E+01 1.175E-02
  2.949950E+01 1.005E-02
  3.257613E+01 8.592E-03
  3.597365E+01 7.347E-03
  3.972552E+01 6.283E-03
  4.386868E+01 5.373E-03
  4.844395E+01 4.595E-03
  5.349648E+01 3.930E-03
  5.907587E+01 3.360E-03
  6.523717E+01 2.874E-03
  7.204108E+01 2.458E-03
  7.955458E+01 2.102E-03
  8.785179E+01 1.797E-03
  9.701425E+01 1.537E-03
  1.071324E+02 1.314E-03
  1.183057E+02 1.124E-03
  1.306444E+02 9.612E-04
  1.442701E+02 8.220E-04
  1.593167E+02 7.029E-04
  1.759326E+02 6.011E-04
  1.942814E+02 5.141E-04
  2.145440E+02 4.396E-04
  2.369197E+02 3.759E-04
  2.616294E+02 3.215E-04
       5  16  11   211    2  -2.80300E+00      52
  2.443002E+00 6.410E-01
  2.515002E+00 6.193E-01
  2.587002E+00 5.986E-01
  2.659002E+00 5.788E-01
  2.731002E+00 5.600E-01
  2.803002E+00 5.421E-01
  3.163002E+00 4.633E-01
  3.523002E+00 3.997E-01
  3.883002E+00 3.476E-01
  4.243002E+00 3.044E-01
  4.603002E+00 2.682E-01
  4.963002E+00 2.376E-01
  5.323002E+00 2.115E-01
  5.683002E+00 1.892E-01
  6.260068E+00 1.616E-01
  6.895727E+00 1.381E-01
  7.595935E+00 1.180E-01
  8.367239E+00 1.008E-01
  9.216868E+00 8.612E-02
  1.015276E+01 7.358E-02
  1.118370E+01 6.286E-02
  1.231931E+01 5.371E-02
  1.357025E+01 4.589E-02
  1.494820E+01 3.920E-02
  1.646605E+01 3.349E-02
  1.813806E+01 2.861E-02
  1.997983E+01 2.445E-02
  2.200864E+01 2.089E-02
  2.424344E+01 1.784E-02
  2.670517E+01 1.525E-02
  2.941684E+01 1.303E-02
  3.240388E+01 1.113E-02
  3.569424E+01 9.507E-03
  3.931873E+01 8.123E-03
  4.331123E+01 6.940E-03
  4.770915E+01 5.929E-03
  5.255363E+01 5.065E-03
  5.789005E+01 4.328E-03
  6.376833E+01 3.697E-03
  7.024350E+01 3.159E-03
  7.737617E+01 2.699E-03
  8.523312E+01 2.306E-03
  9.388789E+01 1.970E-03
  1.034214E+02 1.683E-03
  1.139231E+02 1.438E-03
  1.254911E+02 1.228E-03
  1.382336E+02 1.050E-03
  1.522701E+02 8.967E-04
  1.677320E+02 7.661E-04
  1.847638E+02 6.545E-04
  2.035252E+02 5.592E-04
  2.241916E+02 4.778E-04
       6  16  11   220    2  -2.35500E+00      44
  1.994999E+00 1.880E+00
  2.066999E+00 1.724E+00
  2.138999E+00 1.585E+00
  2.210999E+00 1.460E+00
  2.282999E+00 1.348E+00
  2.354999E+00 1.247E+00
  2.714999E+00 8.650E-01
  3.074999E+00 6.217E-01
  3.434999E+00 4.598E-01
  3.794999E+00 3.483E-01
  4.154999E+00 2.693E-01
  4.514999E+00 2.119E-01
  4.874999E+00 1.694E-01
  5.234999E+00 1.373E-01
  5.556355E+00 1.156E-01
  5.897441E+00 9.725E-02
  6.259466E+00 8.185E-02
  6.643712E+00 6.889E-02
  7.051543E+00 5.798E-02
  7.484412E+00 4.880E-02
  7.943855E+00 4.107E-02
  8.431500E+00 3.456E-02
  8.949077E+00 2.909E-02
  9.498429E+00 2.448E-02
  1.008151E+01 2.061E-02
  1.070038E+01 1.734E-02
  1.135723E+01 1.460E-02
  1.205441E+01 1.228E-02
  1.279439E+01 1.034E-02
  1.357979E+01 8.701E-03
  1.441340E+01 7.323E-03
  1.529819E+01 6.163E-03
  1.623729E+01 5.187E-03
  1.723402E+01 4.366E-03
  1.829196E+01 3.674E-03
  1.941484E+01 3.092E-03
  2.060666E+01 2.603E-03
  2.187163E+01 2.191E-03
  2.321425E+01 1.844E-03
  2.463928E+01 1.552E-03
  2.615181E+01 1.306E-03
  2.775717E+01 1.099E-03
  2.946109E+01 9.250E-04
  3.126961E+01 7.785E-04
       7  16  11   231    1  -2.25467E+00      38
  1.894670E+00 2.589E-02
  1.966670E+00 2.317E-02
  2.038670E+00 2.080E-02
  2.110670E+00 1.873E-02
  2.182670E+00 1.692E-02
  2.254670E+00 1.532E-02
  2.614670E+00 9.644E-03
  2.974670E+00 6.359E-03
  3.334670E+00 4.345E-03
  3.694670E+00 3.055E-03
  4.054670E+00 2.200E-03
  4.414670E+00 1.618E-03
  4.774670E+00 1.212E-03
  5.134670E+00 9.250E-04
  5.391292E+00 7.749E-04
  5.660743E+00 6.491E-04
  5.943661E+00 5.438E-04
  6.240716E+00 4.555E-04
  6.552617E+00 3.816E-04
  6.880111E+00 3.196E-04
  7.223969E+00 2.678E-04
  7.585011E+00 2.243E-04
  7.964102E+00 1.879E-04
  8.362133E+00 1.574E-04
  8.780061E+00 1.319E-04
  9.218878E+00 1.105E-04
  9.679623E+00 9.253E-05
  1.016340E+01 7.751E-05
  1.067135E+01 6.493E-05
  1.120469E+01 5.439E-05
  1.176469E+01 4.557E-05
  1.235267E+01 3.817E-05
  1.297004E+01 3.198E-05
  1.361826E+01 2.679E-05
  1.429889E+01 2.244E-05
  1.501351E+01 1.880E-05
  1.576387E+01 1.575E-05
  1.655173E+01 1.319E-05
       8  16  11   200    3  -1.87278E+00      50
  1.512778E+00 5.843E-01
  1.584777E+00 5.473E-01
  1.656777E+00 5.136E-01
  1.728777E+00 4.828E-01
  1.800777E+00 4.547E-01
  1.872777E+00 4.289E-01
  2.232777E+00 3.280E-01
  2.592777E+00 2.591E-01
  2.952777E+00 2.100E-01
  3.312777E+00 1.739E-01
  3.672777E+00 1.465E-01
  4.032777E+00 1.252E-01
  4.392777E+00 1.083E-01
  4.752777E+00 9.466E-02
  5.221339E+00 8.079E-02
  5.736093E+00 6.895E-02
  6.301599E+00 5.885E-02
  6.922854E+00 5.023E-02
  7.605356E+00 4.287E-02
  8.355147E+00 3.659E-02
  9.178858E+00 3.123E-02
  1.008377E+01 2.665E-02
  1.107790E+01 2.274E-02
  1.217003E+01 1.941E-02
  1.336984E+01 1.657E-02
  1.468793E+01 1.414E-02
  1.613596E+01 1.207E-02
  1.772675E+01 1.030E-02
  1.947438E+01 8.791E-03
  2.139432E+01 7.503E-03
  2.350351E+01 6.403E-03
  2.582065E+01 5.465E-03
  2.836623E+01 4.664E-03
  3.116277E+01 3.981E-03
  3.423500E+01 3.398E-03
  3.761012E+01 2.900E-03
  4.131799E+01 2.475E-03
  4.539145E+01 2.112E-03
  4.986644E+01 1.803E-03
  5.478262E+01 1.539E-03
  6.018346E+01 1.313E-03
  6.611676E+01 1.121E-03
  7.263501E+01 9.565E-04
  7.979582E+01 8.164E-04
  8.766267E+01 6.968E-04
  9.630516E+01 5.947E-04
  1.057996E+02 5.075E-04
  1.162300E+02 4.332E-04
  1.276888E+02 3.697E-04
  1.402772E+02 3.155E-04
       9  16  11   211    3  -1.70886E+00      48
  1.348862E+00 8.994E-01
  1.420861E+00 8.377E-01
  1.492861E+00 7.826E-01
  1.564861E+00 7.332E-01
  1.636861E+00 6.886E-01
  1.708861E+00 6.482E-01
  2.068861E+00 4.928E-01
  2.428861E+00 3.885E-01
  2.788861E+00 3.145E-01
  3.148861E+00 2.597E-01
  3.508861E+00 2.179E-01
  3.868861E+00 1.852E-01
  4.228861E+00 1.591E-01
  4.588861E+00 1.379E-01
  5.042283E+00 1.177E-01
  5.540504E+00 1.005E-01
  6.087960E+00 8.575E-02
  6.689506E+00 7.319E-02
  7.350491E+00 6.247E-02
  8.076791E+00 5.332E-02
  8.874849E+00 4.551E-02
  9.751768E+00 3.885E-02
  1.071533E+01 3.316E-02
  1.177410E+01 2.830E-02
  1.293748E+01 2.416E-02
  1.421584E+01 2.062E-02
  1.562049E+01 1.760E-02
  1.716393E+01 1.502E-02
  1.885988E+01 1.282E-02
  2.072342E+01 1.094E-02
  2.277109E+01 9.341E-03
  2.502107E+01 7.973E-03
  2.749338E+01 6.805E-03
  3.021001E+01 5.808E-03
  3.319502E+01 4.958E-03
  3.647499E+01 4.232E-03
  4.007906E+01 3.612E-03
  4.403926E+01 3.083E-03
  4.839075E+01 2.631E-03
  5.317218E+01 2.246E-03
  5.842607E+01 1.917E-03
  6.419914E+01 1.636E-03
  7.054260E+01 1.397E-03
  7.751286E+01 1.192E-03
  8.517184E+01 1.018E-03
  9.358768E+01 8.685E-04
  1.028349E+02 7.413E-04
  1.129959E+02 6.327E-04
      10  16  11   220    3  -1.49404E+00      39
  1.134041E+00 3.212E+00
  1.206041E+00 2.811E+00
  1.278041E+00 2.476E+00
  1.350041E+00 2.193E+00
  1.422041E+00 1.953E+00
  1.494041E+00 1.746E+00
  1.854041E+00 1.058E+00
  2.214041E+00 6.892E-01
  2.574041E+00 4.730E-01
  2.934041E+00 3.379E-01
  3.294041E+00 2.491E-01
  3.654041E+00 1.885E-01
  4.014041E+00 1.457E-01
  4.374041E+00 1.148E-01
  4.659393E+00 9.677E-02
  4.963365E+00 8.157E-02
  5.287162E+00 6.875E-02
  5.632083E+00 5.795E-02
  5.999510E+00 4.885E-02
  6.390904E+00 4.118E-02
  6.807837E+00 3.471E-02
  7.251963E+00 2.926E-02
  7.725067E+00 2.466E-02
  8.229033E+00 2.079E-02
  8.765881E+00 1.752E-02
  9.337748E+00 1.477E-02
  9.946923E+00 1.245E-02
  1.059584E+01 1.049E-02
  1.128709E+01 8.846E-03
  1.202343E+01 7.457E-03
  1.280782E+01 6.285E-03
  1.364337E+01 5.298E-03
  1.453343E+01 4.466E-03
  1.548156E+01 3.764E-03
  1.649155E+01 3.173E-03
  1.756741E+01 2.675E-03
  1.871347E+01 2.254E-03
  1.993430E+01 1.900E-03
  2.123477E+01 1.602E-03
      11  16  11   231    2  -1.44303E+00      33
  1.083033E+00 1.060E-01
  1.155032E+00 8.839E-02
  1.227032E+00 7.442E-02
  1.299032E+00 6.318E-02
  1.371032E+00 5.403E-02
  1.443032E+00 4.653E-02
  1.803032E+00 2.391E-02
  2.163032E+00 1.361E-02
  2.523032E+00 8.330E-03
  2.883032E+00 5.376E-03
  3.243032E+00 3.614E-03
  3.603032E+00 2.509E-03
  3.963032E+00 1.790E-03
  4.323032E+00 1.307E-03
  4.547001E+00 1.096E-03
  4.782568E+00 9.186E-04
  5.030346E+00 7.701E-04
  5.290954E+00 6.456E-04
  5.565068E+00 5.412E-04
  5.853382E+00 4.537E-04
  6.156635E+00 3.804E-04
  6.475597E+00 3.189E-04
  6.811084E+00 2.673E-04
  7.163951E+00 2.241E-04
  7.535103E+00 1.879E-04
  7.925479E+00 1.575E-04
  8.336082E+00 1.320E-04
  8.767958E+00 1.107E-04
  9.222204E+00 9.280E-05
  9.699987E+00 7.780E-05
  1.020252E+01 6.522E-05
  1.073110E+01 5.468E-05
  1.128705E+01 4.584E-05
      12  16  11   200    4  -1.24045E+00      45
  9.303374E-01 1.066E+01
  9.524545E-01 8.038E-01
  1.024455E+00 7.208E-01
  1.096455E+00 6.499E-01
  1.168455E+00 5.889E-01
  1.240455E+00 5.361E-01
  1.600455E+00 3.552E-01
  1.960455E+00 2.532E-01
  2.320455E+00 1.902E-01
  2.680455E+00 1.485E-01
  3.040455E+00 1.194E-01
  3.400455E+00 9.825E-02
  3.760455E+00 8.238E-02
  4.120455E+00 7.015E-02
  4.514881E+00 5.981E-02
  4.947063E+00 5.100E-02
  5.420612E+00 4.348E-02
  5.939496E+00 3.707E-02
  6.508046E+00 3.161E-02
  7.131021E+00 2.695E-02
  7.813631E+00 2.298E-02
  8.561582E+00 1.959E-02
  9.381129E+00 1.670E-02
  1.027913E+01 1.424E-02
  1.126308E+01 1.214E-02
  1.234123E+01 1.035E-02
  1.352257E+01 8.827E-03
  1.481700E+01 7.526E-03
  1.623534E+01 6.417E-03
  1.778946E+01 5.471E-03
  1.949231E+01 4.665E-03
  2.135820E+01 3.977E-03
  2.340269E+01 3.391E-03
  2.564290E+01 2.891E-03
  2.809752E+01 2.465E-03
  3.078712E+01 2.102E-03
  3.373419E+01 1.792E-03
  3.696336E+01 1.528E-03
  4.050162E+01 1.303E-03
  4.437859E+01 1.111E-03
  4.862669E+01 9.470E-04
  5.328145E+01 8.074E-04
  5.838170E+01 6.884E-04
  6.397025E+01 5.869E-04
  7.009375E+01 5.004E-04
      13  16  11   211    4  -1.15074E+00      44
  8.630548E-01 1.410E+01
  9.347445E-01 1.075E+00
  1.006745E+00 9.580E-01
  1.078745E+00 8.608E-01
  1.150745E+00 7.787E-01
  1.510745E+00 5.090E-01
  1.870745E+00 3.627E-01
  2.230745E+00 2.731E-01
  2.590745E+00 2.136E-01
  2.950745E+00 1.718E-01
  3.310745E+00 1.412E-01
  3.670745E+00 1.180E-01
  4.030745E+00 9.998E-02
  4.421769E+00 8.528E-02
  4.850723E+00 7.275E-02
  5.321296E+00 6.205E-02
  5.837517E+00 5.293E-02
  6.403813E+00 4.515E-02
  7.025049E+00 3.851E-02
  7.706552E+00 3.285E-02
  8.454166E+00 2.802E-02
  9.274307E+00 2.390E-02
  1.017401E+01 2.039E-02
  1.116099E+01 1.739E-02
  1.224372E+01 1.484E-02
  1.343149E+01 1.266E-02
  1.473448E+01 1.079E-02
  1.616386E+01 9.208E-03
  1.773193E+01 7.854E-03
  1.945212E+01 6.700E-03
  2.133917E+01 5.715E-03
  2.340929E+01 4.875E-03
  2.568022E+01 4.158E-03
  2.817146E+01 3.547E-03
  3.090439E+01 3.026E-03
  3.390242E+01 2.581E-03
  3.719135E+01 2.201E-03
  4.079929E+01 1.878E-03
  4.475722E+01 1.602E-03
  4.909914E+01 1.366E-03
  5.386224E+01 1.165E-03
  5.908743E+01 9.942E-04
  6.481947E+01 8.480E-04
  7.110768E+01 7.234E-04
      14  16  11   220    4  -1.03151E+00      39
  7.736328E-01 4.231E+01
  8.155085E-01 3.695E+00
  8.875085E-01 3.094E+00
  9.595085E-01 2.622E+00
  1.031509E+00 2.244E+00
  1.391509E+00 1.158E+00
  1.751509E+00 6.806E-01
  2.111509E+00 4.353E-01
  2.471509E+00 2.952E-01
  2.831509E+00 2.093E-01
  3.191509E+00 1.535E-01
  3.551509E+00 1.157E-01
  3.911509E+00 8.930E-02
  4.175326E+00 7.534E-02
  4.456935E+00 6.356E-02
  4.757538E+00 5.362E-02
  5.078419E+00 4.524E-02
  5.420938E+00 3.817E-02
  5.786561E+00 3.220E-02
  6.176845E+00 2.716E-02
  6.593449E+00 2.292E-02
  7.038153E+00 1.933E-02
  7.512849E+00 1.631E-02
  8.019563E+00 1.376E-02
  8.560453E+00 1.161E-02
  9.137822E+00 9.795E-03
  9.754136E+00 8.264E-03
  1.041202E+01 6.972E-03
  1.111427E+01 5.882E-03
  1.186388E+01 4.962E-03
  1.266406E+01 4.186E-03
  1.351820E+01 3.532E-03
  1.442995E+01 2.980E-03
  1.540320E+01 2.514E-03
  1.644209E+01 2.121E-03
  1.755104E+01 1.789E-03
  1.873479E+01 1.509E-03
  1.999838E+01 1.273E-03
  2.134720E+01 1.074E-03
      15  16  11   231    3  -1.00198E+00      29
  7.514849E-01 2.091E+00
  7.859818E-01 1.891E-01
  8.579818E-01 1.485E-01
  9.299818E-01 1.186E-01
  1.001982E+00 9.606E-02
  1.361982E+00 3.944E-02
  1.721982E+00 1.945E-02
  2.081982E+00 1.078E-02
  2.441982E+00 6.477E-03
  2.801982E+00 4.130E-03
  3.161982E+00 2.755E-03
  3.521982E+00 1.906E-03
  3.881982E+00 1.358E-03
  4.089657E+00 1.139E-03
  4.308439E+00 9.558E-04
  4.538927E+00 8.018E-04
  4.781747E+00 6.727E-04
  5.037559E+00 5.643E-04
  5.307053E+00 4.734E-04
  5.590962E+00 3.972E-04
  5.890062E+00 3.332E-04
  6.205163E+00 2.795E-04
  6.537120E+00 2.345E-04
  6.886836E+00 1.967E-04
  7.255259E+00 1.650E-04
  7.643395E+00 1.385E-04
  8.052294E+00 1.162E-04
  8.483068E+00 9.744E-05
  8.936885E+00 8.175E-05
      16  16  11   200    5  -8.81984E-01      41
  6.614880E-01 9.475E+00
  6.659840E-01 1.023E+00
  7.379840E-01 8.708E-01
  8.099840E-01 7.498E-01
  8.819840E-01 6.523E-01
  1.241984E+00 3.663E-01
  1.601984E+00 2.354E-01
  1.961984E+00 1.648E-01
  2.321984E+00 1.222E-01
  2.681984E+00 9.454E-02
  3.041984E+00 7.550E-02
  3.401984E+00 6.180E-02
  3.761984E+00 5.160E-02
  4.114738E+00 4.396E-02
  4.500570E+00 3.746E-02
  4.922585E+00 3.192E-02
  5.384166E+00 2.719E-02
  5.889031E+00 2.317E-02
  6.441236E+00 1.974E-02
  7.045223E+00 1.682E-02
  7.705843E+00 1.433E-02
  8.428407E+00 1.221E-02
  9.218728E+00 1.040E-02
  1.008315E+01 8.863E-03
  1.102863E+01 7.552E-03
  1.206277E+01 6.434E-03
  1.319388E+01 5.482E-03
  1.443105E+01 4.671E-03
  1.578423E+01 3.980E-03
  1.726427E+01 3.391E-03
  1.888312E+01 2.889E-03
  2.065376E+01 2.462E-03
  2.259044E+01 2.097E-03
  2.470871E+01 1.787E-03
  2.702562E+01 1.522E-03
  2.955977E+01 1.297E-03
  3.233154E+01 1.105E-03
  3.536320E+01 9.417E-04
  3.867915E+01 8.023E-04
  4.230605E+01 6.836E-04
  4.627303E+01 5.824E-04
      17  16  11   211    5  -8.27643E-01      40
  6.207315E-01 1.238E+01
  6.836424E-01 1.280E+00
  7.556424E-01 1.082E+00
  8.276424E-01 9.295E-01
  1.187642E+00 5.092E-01
  1.547642E+00 3.275E-01
  1.907642E+00 2.306E-01
  2.267642E+00 1.721E-01
  2.627642E+00 1.337E-01
  2.987642E+00 1.069E-01
  3.347642E+00 8.750E-02
  3.707642E+00 7.287E-02
  4.061957E+00 6.213E-02
  4.450130E+00 5.297E-02
  4.875401E+00 4.516E-02
  5.341314E+00 3.850E-02
  5.851750E+00 3.282E-02
  6.410965E+00 2.798E-02
  7.023620E+00 2.386E-02
  7.694822E+00 2.034E-02
  8.430166E+00 1.734E-02
  9.235785E+00 1.479E-02
  1.011838E+01 1.261E-02
  1.108534E+01 1.075E-02
  1.214468E+01 9.162E-03
  1.330529E+01 7.812E-03
  1.457678E+01 6.660E-03
  1.596980E+01 5.678E-03
  1.749591E+01 4.841E-03
  1.916788E+01 4.127E-03
  2.099965E+01 3.519E-03
  2.300644E+01 3.000E-03
  2.520503E+01 2.558E-03
  2.761371E+01 2.180E-03
  3.025259E+01 1.859E-03
  3.314362E+01 1.585E-03
  3.631093E+01 1.351E-03
  3.978096E+01 1.152E-03
  4.358255E+01 9.822E-04
  4.774748E+01 8.374E-04
      18  16  11   220    5  -7.54650E-01      36
  5.659875E-01 3.708E+01
  6.106496E-01 4.281E+00
  6.826496E-01 3.398E+00
  7.546496E-01 2.754E+00
  1.114650E+00 1.186E+00
  1.474650E+00 6.311E-01
  1.834650E+00 3.788E-01
  2.194650E+00 2.460E-01
  2.554650E+00 1.689E-01
  2.914650E+00 1.209E-01
  3.274650E+00 8.945E-02
  3.634650E+00 6.796E-02
  3.884475E+00 5.736E-02
  4.151467E+00 4.842E-02
  4.436814E+00 4.087E-02
  4.741777E+00 3.450E-02
  5.067697E+00 2.912E-02
  5.416019E+00 2.458E-02
  5.788283E+00 2.075E-02
  6.186135E+00 1.751E-02
  6.611336E+00 1.478E-02
  7.065757E+00 1.248E-02
  7.551413E+00 1.053E-02
  8.070453E+00 8.889E-03
  8.625167E+00 7.503E-03
  9.218011E+00 6.333E-03
  9.851601E+00 5.346E-03
  1.052874E+01 4.512E-03
  1.125241E+01 3.809E-03
  1.202584E+01 3.215E-03
  1.285243E+01 2.714E-03
  1.373583E+01 2.291E-03
  1.467994E+01 1.933E-03
  1.568894E+01 1.632E-03
  1.676730E+01 1.378E-03
  1.791978E+01 1.163E-03
      19  16  11   231    4  -7.36032E-01      30
  5.520240E-01 2.510E+00
  5.920319E-01 2.969E-01
  6.640319E-01 2.175E-01
  7.360319E-01 1.639E-01
  1.096032E+00 5.297E-02
  1.456032E+00 2.283E-02
  1.816032E+00 1.160E-02
  2.176032E+00 6.569E-03
  2.536032E+00 4.013E-03
  2.896032E+00 2.593E-03
  3.256032E+00 1.751E-03
  3.616032E+00 1.225E-03
  3.812841E+00 1.028E-03
  4.020359E+00 8.628E-04
  4.239178E+00 7.241E-04
  4.469901E+00 6.077E-04
  4.713183E+00 5.100E-04
  4.969708E+00 4.280E-04
  5.240192E+00 3.592E-04
  5.525399E+00 3.015E-04
  5.826130E+00 2.530E-04
  6.143229E+00 2.123E-04
  6.477586E+00 1.782E-04
  6.830138E+00 1.496E-04
  7.201881E+00 1.255E-04
  7.593857E+00 1.053E-04
  8.007165E+00 8.841E-05
  8.442971E+00 7.420E-05
  8.902496E+00 6.227E-05
  9.387031E+00 5.226E-05
      20  16  11   200    6  -6.59219E-01      37
  4.944143E-01 8.472E+00
  5.152191E-01 1.171E+00
  5.872191E-01 9.435E-01
  6.592191E-01 7.765E-01
  1.019219E+00 3.637E-01
  1.379219E+00 2.117E-01
  1.739219E+00 1.392E-01
  2.099219E+00 9.892E-02
  2.459219E+00 7.420E-02
  2.819219E+00 5.788E-02
  3.179219E+00 4.652E-02
  3.539219E+00 3.827E-02
  3.866177E+00 3.259E-02
  4.223340E+00 2.775E-02
  4.613497E+00 2.364E-02
  5.039698E+00 2.013E-02
  5.505272E+00 1.714E-02
  6.013856E+00 1.460E-02
  6.569427E+00 1.243E-02
  7.176320E+00 1.059E-02
  7.839279E+00 9.015E-03
  8.563481E+00 7.677E-03
  9.354586E+00 6.538E-03
  1.021878E+01 5.568E-03
  1.116280E+01 4.741E-03
  1.219403E+01 4.038E-03
  1.332053E+01 3.439E-03
  1.455111E+01 2.928E-03
  1.589535E+01 2.494E-03
  1.736378E+01 2.124E-03
  1.896786E+01 1.808E-03
  2.072015E+01 1.540E-03
  2.263431E+01 1.312E-03
  2.472530E+01 1.117E-03
  2.700945E+01 9.511E-04
  2.950464E+01 8.100E-04
  3.223032E+01 6.898E-04
      21  16  11   211    6  -6.23841E-01      42
  4.678815E-01 1.176E+01
  4.798415E-01 1.750E+00
  5.518415E-01 1.364E+00
  6.238415E-01 1.098E+00
  9.838415E-01 4.953E-01
  1.343842E+00 2.888E-01
  1.703842E+00 1.917E-01
  2.063842E+00 1.375E-01
  2.423842E+00 1.039E-01
  2.783842E+00 8.137E-02
  3.143842E+00 6.551E-02
  3.503842E+00 5.385E-02
  3.834927E+00 4.589E-02
  4.197295E+00 3.911E-02
  4.593904E+00 3.333E-02
  5.027991E+00 2.841E-02
  5.503096E+00 2.421E-02
  6.023094E+00 2.063E-02
  6.592226E+00 1.758E-02
  7.215137E+00 1.499E-02
  7.896908E+00 1.277E-02
  8.643100E+00 1.088E-02
  9.459802E+00 9.276E-03
  1.035367E+01 7.906E-03
  1.133200E+01 6.737E-03
  1.240279E+01 5.742E-03
  1.357475E+01 4.893E-03
  1.485746E+01 4.170E-03
  1.626137E+01 3.554E-03
  1.779793E+01 3.029E-03
  1.947969E+01 2.581E-03
  2.132036E+01 2.200E-03
  2.333495E+01 1.875E-03
  2.553992E+01 1.598E-03
  2.795322E+01 1.362E-03
  3.059457E+01 1.161E-03
  3.348550E+01 9.891E-04
  3.664961E+01 8.429E-04
  4.011270E+01 7.184E-04
  4.390302E+01 6.122E-04
  4.805148E+01 5.218E-04
  5.259195E+01 4.447E-04
      22  16  11   220    6  -5.75921E-01      28
  4.319407E-01 3.190E+01
  5.039210E-01 4.328E+00
  5.759210E-01 3.281E+00
  9.359210E-01 1.164E+00
  1.295921E+00 5.643E-01
  1.655921E+00 3.206E-01
  2.015921E+00 2.008E-01
  2.375921E+00 1.344E-01
  2.735921E+00 9.446E-02
  3.095921E+00 6.888E-02
  3.455921E+00 5.173E-02
  3.696299E+00 4.368E-02
  3.953399E+00 3.688E-02
  4.228379E+00 3.114E-02
  4.522486E+00 2.629E-02
  4.837052E+00 2.220E-02
  5.173496E+00 1.875E-02
  5.533340E+00 1.583E-02
  5.918217E+00 1.336E-02
  6.329862E+00 1.128E-02
  6.770142E+00 9.528E-03
  7.241042E+00 8.045E-03
  7.744697E+00 6.793E-03
  8.283385E+00 5.735E-03
  8.859542E+00 4.843E-03
  9.475768E+00 4.089E-03
  1.013486E+01 3.452E-03
  1.083979E+01 2.915E-03
      23  16  11   231    5  -5.63436E-01      20
  4.225770E-01 2.645E+00
  4.914360E-01 3.611E-01
  5.634360E-01 2.499E-01
  9.234360E-01 6.292E-02
  1.283436E+00 2.399E-02
  1.643436E+00 1.133E-02
  2.003436E+00 6.111E-03
  2.363436E+00 3.608E-03
  2.723436E+00 2.274E-03
  3.083436E+00 1.507E-03
  3.443436E+00 1.039E-03
  3.632688E+00 8.722E-04
  3.832343E+00 7.321E-04
  4.042974E+00 6.146E-04
  4.265176E+00 5.159E-04
  4.499592E+00 4.331E-04
  4.746894E+00 3.635E-04
  5.007785E+00 3.052E-04
  5.283016E+00 2.562E-04
  5.573374E+00 2.150E-04
      24  16  11   200    7  -5.11353E-01      33
  3.835148E-01 7.522E+00
  4.393534E-01 1.180E+00
  5.113534E-01 9.079E-01
  8.713534E-01 3.507E-01
  1.231353E+00 1.862E-01
  1.591353E+00 1.161E-01
  1.951353E+00 7.968E-02
  2.311353E+00 5.831E-02
  2.671353E+00 4.467E-02
  3.031353E+00 3.540E-02
  3.391353E+00 2.880E-02
  3.701267E+00 2.452E-02
  4.039501E+00 2.087E-02
  4.408646E+00 1.777E-02
  4.811522E+00 1.513E-02
  5.251218E+00 1.288E-02
  5.731093E+00 1.096E-02
  6.254821E+00 9.331E-03
  6.826409E+00 7.944E-03
  7.450233E+00 6.762E-03
  8.131062E+00 5.757E-03
  8.874107E+00 4.901E-03
  9.685049E+00 4.172E-03
  1.057010E+01 3.552E-03
  1.153604E+01 3.023E-03
  1.259024E+01 2.574E-03
  1.374080E+01 2.191E-03
  1.499648E+01 1.865E-03
  1.636690E+01 1.588E-03
  1.786256E+01 1.352E-03
  1.949492E+01 1.151E-03
  2.127643E+01 9.796E-04
  2.322075E+01 8.339E-04
      25  16  11   211    7  -4.87047E-01      33
  3.652852E-01 1.045E+01
  4.150471E-01 1.725E+00
  4.870471E-01 1.283E+00
  8.470471E-01 4.707E-01
  1.207047E+00 2.507E-01
  1.567047E+00 1.582E-01
  1.927047E+00 1.099E-01
  2.287047E+00 8.117E-02
  2.647047E+00 6.256E-02
  3.007047E+00 4.974E-02
  3.367047E+00 4.050E-02
  3.682499E+00 3.451E-02
  4.027506E+00 2.940E-02
  4.404832E+00 2.505E-02
  4.817512E+00 2.134E-02
  5.268856E+00 1.818E-02
  5.762484E+00 1.549E-02
  6.302357E+00 1.320E-02
  6.892814E+00 1.124E-02
  7.538585E+00 9.581E-03
  8.244859E+00 8.163E-03
  9.017303E+00 6.955E-03
  9.862109E+00 5.925E-03
  1.078607E+01 5.048E-03
  1.179659E+01 4.301E-03
  1.290180E+01 3.665E-03
  1.411054E+01 3.122E-03
  1.543252E+01 2.660E-03
  1.687836E+01 2.266E-03
  1.845966E+01 1.931E-03
  2.018910E+01 1.645E-03
  2.208058E+01 1.402E-03
  2.414926E+01 1.194E-03
      26  16  11   220    7  -4.53895E-01      25
  3.404212E-01 3.070E+01
  3.818952E-01 5.472E+00
  4.538952E-01 3.831E+00
  8.138952E-01 1.110E+00
  1.173895E+00 4.939E-01
  1.533895E+00 2.679E-01
  1.893895E+00 1.629E-01
  2.253895E+00 1.069E-01
  2.613895E+00 7.403E-02
  2.973895E+00 5.339E-02
  3.333895E+00 3.975E-02
  3.567590E+00 3.357E-02
  3.817667E+00 2.835E-02
  4.085272E+00 2.394E-02
  4.371634E+00 2.022E-02
  4.678074E+00 1.708E-02
  5.005989E+00 1.442E-02
  5.356893E+00 1.218E-02
  5.732395E+00 1.029E-02
  6.134217E+00 8.687E-03
  6.564206E+00 7.337E-03
  7.024332E+00 6.196E-03
  7.516718E+00 5.233E-03
  8.043613E+00 4.419E-03
  8.607444E+00 3.732E-03
      27  16  11   231    6  -4.45121E-01      17
  3.338407E-01 3.153E+00
  3.731211E-01 5.642E-01
  4.451211E-01 3.536E-01
  8.051211E-01 6.899E-02
  1.165121E+00 2.357E-02
  1.525121E+00 1.048E-02
  1.885121E+00 5.434E-03
  2.245121E+00 3.122E-03
  2.605121E+00 1.930E-03
  2.965121E+00 1.261E-03
  3.325121E+00 8.593E-04
  3.508989E+00 7.214E-04
  3.703028E+00 6.057E-04
  3.907794E+00 5.085E-04
  4.123884E+00 4.269E-04
  4.351923E+00 3.584E-04
  4.592573E+00 3.009E-04
      28  16  11   200    8  -4.08202E-01      30
  3.061514E-01 7.181E+00
  3.362023E-01 1.471E+00
  4.082023E-01 1.046E+00
  7.682023E-01 3.308E-01
  1.128202E+00 1.617E-01
  1.488202E+00 9.636E-02
  1.848202E+00 6.428E-02
  2.208202E+00 4.614E-02
  2.568202E+00 3.484E-02
  2.928202E+00 2.732E-02
  3.288202E+00 2.204E-02
  3.586357E+00 1.876E-02
  3.911545E+00 1.596E-02
  4.266221E+00 1.359E-02
  4.653056E+00 1.156E-02
  5.074969E+00 9.841E-03
  5.535137E+00 8.376E-03
  6.037027E+00 7.128E-03
  6.584432E+00 6.067E-03
  7.181468E+00 5.163E-03
  7.832639E+00 4.394E-03
  8.542857E+00 3.740E-03
  9.317466E+00 3.183E-03
  1.016232E+01 2.709E-03
  1.108377E+01 2.305E-03
  1.208878E+01 1.962E-03
  1.318494E+01 1.670E-03
  1.438047E+01 1.421E-03
  1.568440E+01 1.210E-03
  1.710655E+01 1.029E-03
      29  16  11   211    8  -3.90789E-01      30
  2.930917E-01 1.020E+01
  3.187894E-01 2.190E+00
  3.907894E-01 1.484E+00
  7.507894E-01 4.393E-01
  1.110789E+00 2.157E-01
  1.470789E+00 1.304E-01
  1.830789E+00 8.822E-02
  2.190789E+00 6.401E-02
  2.550789E+00 4.871E-02
  2.910789E+00 3.836E-02
  3.270789E+00 3.100E-02
  3.575273E+00 2.641E-02
  3.908099E+00 2.249E-02
  4.271912E+00 1.916E-02
  4.669590E+00 1.632E-02
  5.104288E+00 1.390E-02
  5.579455E+00 1.184E-02
  6.098857E+00 1.009E-02
  6.666608E+00 8.593E-03
  7.287213E+00 7.319E-03
  7.965592E+00 6.235E-03
  8.707120E+00 5.311E-03
  9.517680E+00 4.524E-03
  1.040369E+01 3.853E-03
  1.137219E+01 3.282E-03
  1.243085E+01 2.796E-03
  1.358806E+01 2.382E-03
  1.485298E+01 2.029E-03
  1.623567E+01 1.728E-03
  1.774707E+01 1.472E-03
      30  16  11   220    8  -3.66902E-01      32
  2.751765E-01 2.976E+01
  2.949018E-01 6.910E+00
  3.669018E-01 4.403E+00
  7.269018E-01 1.036E+00
  1.086902E+00 4.273E-01
  1.446902E+00 2.228E-01
  1.806902E+00 1.323E-01
  2.166902E+00 8.545E-02
  2.526902E+00 5.850E-02
  2.886902E+00 4.183E-02
  3.246902E+00 3.093E-02
  3.475686E+00 2.613E-02
  3.720587E+00 2.207E-02
  3.982748E+00 1.864E-02
  4.263380E+00 1.574E-02
  4.563786E+00 1.330E-02
  4.885359E+00 1.123E-02
  5.229592E+00 9.487E-03
  5.598078E+00 8.013E-03
  5.992530E+00 6.768E-03
  6.414776E+00 5.717E-03
  6.866774E+00 4.829E-03
  7.350618E+00 4.079E-03
  7.868558E+00 3.445E-03
  8.422991E+00 2.910E-03
  9.016491E+00 2.458E-03
  9.651810E+00 2.076E-03
  1.033189E+01 1.753E-03
  1.105989E+01 1.481E-03
  1.183920E+01 1.251E-03
  1.267342E+01 1.057E-03
  1.356641E+01 8.925E-04
      31  16  11   231    7  -3.60503E-01      14
  2.703772E-01 3.635E+00
  2.885033E-01 8.496E-01
  3.605033E-01 4.746E-01
  7.205033E-01 7.163E-02
  1.080503E+00 2.223E-02
  1.440503E+00 9.387E-03
  1.800503E+00 4.718E-03
  2.160503E+00 2.654E-03
  2.520503E+00 1.616E-03
  2.880503E+00 1.043E-03
  3.240503E+00 7.050E-04
  3.420428E+00 5.919E-04
  3.610345E+00 4.970E-04
  3.810802E+00 4.173E-04
 ================================================
