 ====================================================================
      i NZ NE iSLP iLV iCONF                 E(RYD)      TE(RYD)   gi
 ====================================================================
      1  6  6  310   1 2s2 2p2         -8.46461E-01  0.00000E+00  9.0
      2  6  6  120   1 2s2 2p2         -7.48402E-01  9.80590E-02  5.0
      3  6  6  100   1 2s2 2p2         -6.35936E-01  2.10525E-01  1.0
      4  6  6  501   1 2s 2p3          -5.50551E-01  2.95910E-01  5.0
      5  6  6  311   1 2s2 2p 3s       -2.96421E-01  5.50040E-01  9.0
      6  6  6  111   1 2s2 2p 3s       -2.80533E-01  5.65928E-01  3.0
      7  6  6  321   1 2s 2p3          -2.62496E-01  5.83965E-01 15.0
      8  6  6  110   1 2s2 2p 3p       -2.16248E-01  6.30213E-01  3.0
      9  6  6  320   1 2s2 2p 3p       -2.07689E-01  6.38772E-01 15.0
     10  6  6  300   1 2s2 2p 3p       -1.96709E-01  6.49752E-01  3.0
     11  6  6  310   2 2s2 2p 3p       -1.89330E-01  6.57131E-01  9.0
     12  6  6  120   2 2s2 2p 3p       -1.75374E-01  6.71087E-01  5.0
     13  6  6  100   2 2s2 2p 3p       -1.59115E-01  6.87346E-01  1.0
     14  6  6  311   2 2s 2p3          -1.52982E-01  6.93479E-01  9.0
     15  6  6  121   1 2s2 2p 3d       -1.22613E-01  7.23848E-01  5.0
     16  6  6  311   3 2s2 2p 4s       -1.17444E-01  7.29017E-01  9.0
     17  6  6  331   1 2s2 2p 3d       -1.16793E-01  7.29668E-01 21.0
     18  6  6  111   2 2s2 2p 4s       -1.15623E-01  7.30838E-01  3.0
     19  6  6  321   2 2s2 2p 3d       -1.15589E-01  7.30872E-01 15.0
     20  6  6  131   1 2s2 2p 3d       -1.13385E-01  7.33076E-01  7.0
     21  6  6  111   3 2s2 2p 3d       -1.10991E-01  7.35470E-01  3.0
     22  6  6  311   4 2s2 2p 3d       -1.07168E-01  7.39293E-01  9.0
     23  6  6  110   2 2s2 2p 4p       -9.57750E-02  7.50686E-01  3.0
     24  6  6  320   2 2s2 2p 4p       -9.36608E-02  7.52800E-01 15.0
     25  6  6  300   2 2s2 2p 4p       -9.11288E-02  7.55332E-01  3.0
     26  6  6  310   3 2s2 2p 4p       -8.90611E-02  7.57400E-01  9.0
     27  6  6  120   3 2s2 2p 4p       -8.48612E-02  7.61600E-01  5.0
     28  6  6  100   3 2s2 2p 4p       -8.00323E-02  7.66429E-01  1.0
     29  6  6  121   2 2s2 2p 4d       -6.82600E-02  7.78201E-01  5.0
     30  6  6  331   2 2s2 2p 4d       -6.54102E-02  7.81051E-01 21.0
     31  6  6  311   5 2s2 2p 5s       -6.50440E-02  7.81417E-01  9.0
     32  6  6  321   3 2s2 2p 4d       -6.44899E-02  7.81971E-01 15.0
     33  6  6  111   4 2s2 2p 5s       -6.42691E-02  7.82192E-01  3.0
     34  6  6  131   2 2s2 2p 4d       -6.35609E-02  7.82900E-01  7.0
     35  6  6  130   1 2s2 2p 4f       -6.29373E-02  7.83524E-01  7.0
     36  6  6  330   1 2s2 2p 4f       -6.29346E-02  7.83526E-01 21.0
     37  6  6  340   1 2s2 2p 4f       -6.25193E-02  7.83942E-01 27.0
     38  6  6  140   1 2s2 2p 4f       -6.25127E-02  7.83948E-01  9.0
     39  6  6  111   5 2s2 2p 4d       -6.24426E-02  7.84018E-01  3.0
     40  6  6  320   3 2s2 2p 4f       -6.23704E-02  7.84091E-01 15.0
     41  6  6  120   4 2s2 2p 4f       -6.23658E-02  7.84095E-01  5.0
     42  6  6  311   6 2s2 2p 4d       -6.20564E-02  7.84405E-01  9.0
     43  6  6  110   3 2s2 2p 5p       -5.53334E-02  7.91128E-01  3.0
     44  6  6  320   4 2s2 2p 5p       -5.44484E-02  7.92013E-01 15.0
     45  6  6  300   3 2s2 2p 5p       -5.33939E-02  7.93067E-01  3.0
     46  6  6  310   4 2s2 2p 5p       -5.25151E-02  7.93946E-01  9.0
     47  6  6  120   5 2s2 2p 5p       -5.05820E-02  7.95879E-01  5.0
     48  6  6  100   4 2s2 2p 5p       -4.83888E-02  7.98072E-01  1.0
     49  6  6  121   3 2s2 2p 5d       -4.32302E-02  8.03231E-01  5.0
     50  6  6  331   3 2s2 2p 5d       -4.15804E-02  8.04881E-01 21.0
     51  6  6  311   7 2s2 2p 6s       -4.12436E-02  8.05217E-01  9.0
     52  6  6  321   4 2s2 2p 5d       -4.10604E-02  8.05401E-01 15.0
     53  6  6  111   6 2s2 2p 6s       -4.08698E-02  8.05591E-01  3.0
     54  6  6  131   3 2s2 2p 5d       -4.05524E-02  8.05909E-01  7.0
     55  6  6  130   2 2s2 2p 5f       -4.02543E-02  8.06207E-01  7.0
     56  6  6  330   2 2s2 2p 5f       -4.02521E-02  8.06209E-01 21.0
     57  6  6  341   1 2s2 2p 5g       -4.00328E-02  8.06428E-01 27.0
     58  6  6  141   1 2s2 2p 5g       -4.00328E-02  8.06428E-01  9.0
     59  6  6  340   2 2s2 2p 5f       -4.00206E-02  8.06440E-01 27.0
     60  6  6  140   2 2s2 2p 5f       -4.00150E-02  8.06446E-01  9.0
     61  6  6  151   1 2s2 2p 5g       -3.99974E-02  8.06464E-01 11.0
     62  6  6  351   1 2s2 2p 5g       -3.99974E-02  8.06464E-01 33.0
     63  6  6  331   4 2s2 2p 5g       -3.99882E-02  8.06473E-01 21.0
     64  6  6  131   4 2s2 2p 5g       -3.99879E-02  8.06473E-01  7.0
     65  6  6  111   7 2s2 2p 5d       -3.99533E-02  8.06508E-01  3.0
     66  6  6  320   5 2s2 2p 5f       -3.99354E-02  8.06526E-01 15.0
     67  6  6  120   6 2s2 2p 5f       -3.99323E-02  8.06529E-01  5.0
     68  6  6  311   8 2s2 2p 5d       -3.99213E-02  8.06540E-01  9.0
     69  6  6  110   4 2s2 2p 6p       -3.61488E-02  8.10312E-01  3.0
     70  6  6  320   6 2s2 2p 6p       -3.56899E-02  8.10771E-01 15.0
     71  6  6  300   4 2s2 2p 6p       -3.51454E-02  8.11316E-01  3.0
     72  6  6  310   5 2s2 2p 6p       -3.46911E-02  8.11770E-01  9.0
     73  6  6  120   7 2s2 2p 6p       -3.36361E-02  8.12825E-01  5.0
     74  6  6  100   5 2s2 2p 6p       -3.24511E-02  8.14010E-01  1.0
     75  6  6  121   4 2s2 2p 6d       -2.97432E-02  8.16718E-01  5.0
     76  6  6  331   5 2s2 2p 6d       -2.87173E-02  8.17744E-01 21.0
     77  6  6  311   9 2s2 2p 7s       -2.84788E-02  8.17982E-01  9.0
     78  6  6  321   5 2s2 2p 6d       -2.84038E-02  8.18057E-01 15.0
     79  6  6  111   8 2s2 2p 7s       -2.82702E-02  8.18191E-01  3.0
     80  6  6  131   5 2s2 2p 6d       -2.80996E-02  8.18361E-01  7.0
     81  6  6  130   3 2s2 2p 6f       -2.79306E-02  8.18530E-01  7.0
     82  6  6  330   3 2s2 2p 6f       -2.79290E-02  8.18532E-01 21.0
     83  6  6  341   2 2s2 2p 6g       -2.78070E-02  8.18654E-01 27.0
     84  6  6  141   2 2s2 2p 6g       -2.78070E-02  8.18654E-01  9.0
     85  6  6  340   3 2s2 2p 6f       -2.77978E-02  8.18663E-01 27.0
     86  6  6  140   3 2s2 2p 6f       -2.77946E-02  8.18666E-01  9.0
     87  6  6  350   1 2s2 2p 6h       -2.77791E-02  8.18682E-01 33.0
     88  6  6  150   1 2s2 2p 6h       -2.77791E-02  8.18682E-01 11.0
     89  6  6  160   1 2s2 2p 6h       -2.77776E-02  8.18683E-01 13.0
     90  6  6  360   1 2s2 2p 6h       -2.77776E-02  8.18683E-01 39.0
     91  6  6  351   2 2s2 2p 6g       -2.77757E-02  8.18685E-01 33.0
     92  6  6  151   2 2s2 2p 6g       -2.77757E-02  8.18685E-01 11.0
     93  6  6  340   4 2s2 2p 6h       -2.77727E-02  8.18688E-01 27.0
     94  6  6  140   4 2s2 2p 6h       -2.77718E-02  8.18689E-01  9.0
     95  6  6  311  10 2s2 2p 6d       -2.77704E-02  8.18691E-01  9.0
     96  6  6  331   6 2s2 2p 6g       -2.77677E-02  8.18693E-01 21.0
     97  6  6  131   6 2s2 2p 6g       -2.77675E-02  8.18694E-01  7.0
     98  6  6  111   9 2s2 2p 6d       -2.77459E-02  8.18715E-01  3.0
     99  6  6  320   7 2s2 2p 6f       -2.77425E-02  8.18718E-01 15.0
    100  6  6  120   8 2s2 2p 6f       -2.77404E-02  8.18721E-01  5.0
    101  6  6  110   5 2s2 2p 7p       -2.54854E-02  8.20976E-01  3.0
    102  6  6  320   8 2s2 2p 7p       -2.52158E-02  8.21245E-01 15.0
    103  6  6  300   5 2s2 2p 7p       -2.48968E-02  8.21564E-01  3.0
    104  6  6  310   6 2s2 2p 7p       -2.46324E-02  8.21829E-01  9.0
    105  6  6  120   9 2s2 2p 7p       -2.39929E-02  8.22468E-01  5.0
    106  6  6  100   6 2s2 2p 7p       -2.32798E-02  8.23181E-01  1.0
    107  6  6  121   5 2s2 2p 7d       -2.16837E-02  8.24777E-01  5.0
    108  6  6  331   7 2s2 2p 7d       -2.10084E-02  8.25453E-01 21.0
    109  6  6  311  11 2s2 2p 8s       -2.08427E-02  8.25618E-01  9.0
    110  6  6  321   6 2s2 2p 7d       -2.08068E-02  8.25654E-01 15.0
    111  6  6  111  10 2s2 2p 8s       -2.07143E-02  8.25747E-01  3.0
    112  6  6  131   7 2s2 2p 7d       -2.06115E-02  8.25849E-01  7.0
    113  6  6  130   4 2s2 2p 7f       -2.05062E-02  8.25955E-01  7.0
    114  6  6  330   4 2s2 2p 7f       -2.05051E-02  8.25956E-01 21.0
    115  6  6  341   3 2s2 2p 7g       -2.04302E-02  8.26031E-01 27.0
    116  6  6  141   3 2s2 2p 7g       -2.04302E-02  8.26031E-01  9.0
    117  6  6  340   5 2s2 2p 7f       -2.04234E-02  8.26038E-01 27.0
    118  6  6  140   5 2s2 2p 7f       -2.04212E-02  8.26040E-01  9.0
    119  6  6  311  12 2s2 2p 7d       -2.04168E-02  8.26044E-01  9.0
    120  6  6  150   2 2s2 2p 7h       -2.04097E-02  8.26051E-01 11.0
    121  6  6  350   2 2s2 2p 7h       -2.04097E-02  8.26051E-01 33.0
    122  6  6  151   4 2s2 2p 7g       -2.04085E-02  8.26052E-01 11.0
    123  6  6  351   4 2s2 2p 7i       -2.04085E-02  8.26052E-01 33.0
    124  6  6  351   3 2s2 2p 7g       -2.04085E-02  8.26052E-01 33.0
    125  6  6  151   3 2s2 2p 7i       -2.04085E-02  8.26052E-01 11.0
    126  6  6  361   1 2s2 2p 7i       -2.04082E-02  8.26053E-01 39.0
    127  6  6  161   1 2s2 2p 7i       -2.04082E-02  8.26053E-01 13.0
    128  6  6  160   2 2s2 2p 7h       -2.04079E-02  8.26053E-01 13.0
    129  6  6  360   2 2s2 2p 7h       -2.04079E-02  8.26053E-01 39.0
    130  6  6  340   6 2s2 2p 7h       -2.04034E-02  8.26058E-01 27.0
    131  6  6  140   6 2s2 2p 7h       -2.04027E-02  8.26058E-01  9.0
    132  6  6  331   8 2s2 2p 7g       -2.04007E-02  8.26060E-01 21.0
    133  6  6  131   8 2s2 2p 7g       -2.04006E-02  8.26060E-01  7.0
    134  6  6  320   9 2s2 2p 7f       -2.03868E-02  8.26074E-01 15.0
    135  6  6  111  11 2s2 2p 7d       -2.03864E-02  8.26075E-01  3.0
    136  6  6  120  10 2s2 2p 7f       -2.03854E-02  8.26076E-01  5.0
    137  6  6  110   6 2s2 2p 8p       -1.89378E-02  8.27523E-01  3.0
    138  6  6  320  10 2s2 2p 8p       -1.87657E-02  8.27695E-01 15.0
    139  6  6  300   6 2s2 2p 8p       -1.85625E-02  8.27899E-01  3.0
    140  6  6  310   7 2s2 2p 8p       -1.83953E-02  8.28066E-01  9.0
    141  6  6  120  11 2s2 2p 8p       -1.79786E-02  8.28482E-01  5.0
    142  6  6  100   7 2s2 2p 8p       -1.75160E-02  8.28945E-01  1.0
    143  6  6  121   6 2s2 2p 8d       -1.64961E-02  8.29965E-01  5.0
    144  6  6  331   9 2s2 2p 8d       -1.60305E-02  8.30431E-01 21.0
    145  6  6  311  13 2s2 2p 9s       -1.59131E-02  8.30548E-01  9.0
    146  6  6  321   7 2s2 2p 8d       -1.58939E-02  8.30567E-01 15.0
    147  6  6  111  12 2s2 2p 9s       -1.58284E-02  8.30633E-01  3.0
    148  6  6  131   9 2s2 2p 8d       -1.57615E-02  8.30700E-01  7.0
    149  6  6  130   5 2s2 2p 8f       -1.56914E-02  8.30770E-01  7.0
    150  6  6  330   5 2s2 2p 8f       -1.56906E-02  8.30770E-01 21.0
    151  6  6  341   4 2s2 2p 8g       -1.56412E-02  8.30820E-01 27.0
    152  6  6  141   4 2s2 2p 8g       -1.56412E-02  8.30820E-01  9.0
    153  6  6  311  14 2s2 2p 8d       -1.56363E-02  8.30825E-01  9.0
    154  6  6  340   7 2s2 2p 8f       -1.56362E-02  8.30825E-01 27.0
    155  6  6  140   7 2s2 2p 8f       -1.56346E-02  8.30826E-01  9.0
    156  6  6  350   3 2s2 2p 8h       -1.56265E-02  8.30835E-01 33.0
    157  6  6  150   3 2s2 2p 8h       -1.56265E-02  8.30835E-01 11.0
    158  6  6  351   5 2s2 2p 8g       -1.56255E-02  8.30836E-01 33.0
    159  6  6  151   6 2s2 2p 8g       -1.56255E-02  8.30836E-01 11.0
    160  6  6  151   5 2s2 2p 8i       -1.56255E-02  8.30836E-01 11.0
    161  6  6  351   6 2s2 2p 8i       -1.56255E-02  8.30836E-01 33.0
    162  6  6  360   4 2s2 2p 8k       -1.56250E-02  8.30836E-01 39.0
    163  6  6  360   3 2s2 2p 8h       -1.56250E-02  8.30836E-01 39.0
    164  6  6  160   4 2s2 2p 8k       -1.56250E-02  8.30836E-01 13.0
    165  6  6  160   3 2s2 2p 8h       -1.56250E-02  8.30836E-01 13.0
    166  6  6  361   2 2s2 2p 8i       -1.56250E-02  8.30836E-01 39.0
    167  6  6  161   2 2s2 2p 8i       -1.56250E-02  8.30836E-01 13.0
    168  6  6  340   8 2s2 2p 8h       -1.56212E-02  8.30840E-01 27.0
    169  6  6  140   8 2s2 2p 8h       -1.56207E-02  8.30840E-01  9.0
    170  6  6  331  10 2s2 2p 8g       -1.56196E-02  8.30841E-01 21.0
    171  6  6  131  10 2s2 2p 8g       -1.56195E-02  8.30841E-01  7.0
    172  6  6  320  11 2s2 2p 8f       -1.56111E-02  8.30850E-01 15.0
    173  6  6  120  12 2s2 2p 8f       -1.56101E-02  8.30851E-01  5.0
    174  6  6  111  13 2s2 2p 8d       -1.56098E-02  8.30851E-01  3.0
    175  6  6  110   7 2s2 2p 9p       -1.46272E-02  8.31834E-01  3.0
    176  6  6  320  12 2s2 2p 9p       -1.45106E-02  8.31950E-01 15.0
    177  6  6  300   7 2s2 2p 9p       -1.43730E-02  8.32088E-01  3.0
    178  6  6  310   8 2s2 2p 9p       -1.42606E-02  8.32200E-01  9.0
    179  6  6  120  13 2s2 2p 9p       -1.39741E-02  8.32487E-01  5.0
    180  6  6  100   8 2s2 2p 9p       -1.36570E-02  8.32804E-01  1.0
    181  6  6  121   7 2s2 2p 9d       -1.29654E-02  8.33496E-01  5.0
    182  6  6  331  11 2s2 2p 9d       -1.26320E-02  8.33829E-01 21.0
    183  6  6  311  15 2s2 2p10s       -1.25466E-02  8.33914E-01  9.0
    184  6  6  321   8 2s2 2p 9d       -1.25353E-02  8.33926E-01 15.0
    185  6  6  111  14 2s2 2p10s       -1.24878E-02  8.33973E-01  3.0
    186  6  6  131  11 2s2 2p 9d       -1.24417E-02  8.34019E-01  7.0
    187  6  6  130   6 2s2 2p 9f       -1.23927E-02  8.34068E-01  7.0
    188  6  6  330   6 2s2 2p 9f       -1.23921E-02  8.34069E-01 21.0
    189  6  6  341   5 2s2 2p 9g       -1.23577E-02  8.34103E-01 27.0
    190  6  6  141   5 2s2 2p 9g       -1.23577E-02  8.34103E-01  9.0
    191  6  6  311  16 2s2 2p 9d       -1.23562E-02  8.34105E-01  9.0
    192  6  6  340   9 2s2 2p 9f       -1.23540E-02  8.34107E-01 27.0
    193  6  6  140   9 2s2 2p 9f       -1.23529E-02  8.34108E-01  9.0
    194  6  6  350   4 2s2 2p 9h       -1.23469E-02  8.34114E-01 33.0
    195  6  6  150   4 2s2 2p 9h       -1.23469E-02  8.34114E-01 11.0
    196  6  6  151   8 2s2 2p 9g       -1.23461E-02  8.34115E-01 11.0
    197  6  6  151   7 2s2 2p 9i       -1.23461E-02  8.34115E-01 11.0
    198  6  6  351   8 2s2 2p 9i       -1.23461E-02  8.34115E-01 33.0
    199  6  6  351   7 2s2 2p 9g       -1.23461E-02  8.34115E-01 33.0
    200  6  6  361   3 2s2 2p 9i       -1.23457E-02  8.34115E-01 39.0
    201  6  6  360   6 2s2 2p 9k       -1.23457E-02  8.34115E-01 39.0
    202  6  6  360   5 2s2 2p 9h       -1.23457E-02  8.34115E-01 39.0
    203  6  6  160   6 2s2 2p 9k       -1.23457E-02  8.34115E-01 13.0
    204  6  6  160   5 2s2 2p 9h       -1.23457E-02  8.34115E-01 13.0
    205  6  6  161   3 2s2 2p 9i       -1.23457E-02  8.34115E-01 13.0
    206  6  6  340  10 2s2 2p 9h       -1.23428E-02  8.34118E-01 27.0
    207  6  6  140  10 2s2 2p 9h       -1.23424E-02  8.34119E-01  9.0
    208  6  6  331  12 2s2 2p 9g       -1.23417E-02  8.34119E-01 21.0
    209  6  6  131  12 2s2 2p 9g       -1.23416E-02  8.34119E-01  7.0
    210  6  6  320  13 2s2 2p 9f       -1.23361E-02  8.34125E-01 15.0
    211  6  6  120  14 2s2 2p 9f       -1.23354E-02  8.34126E-01  5.0
    212  6  6  111  15 2s2 2p 9d       -1.23347E-02  8.34126E-01  3.0
    213  6  6  110   8 2s2 2p10p       -1.16381E-02  8.34823E-01  3.0
    214  6  6  320  14 2s2 2p10p       -1.15555E-02  8.34906E-01 15.0
    215  6  6  300   8 2s2 2p10p       -1.14581E-02  8.35003E-01  3.0
    216  6  6  310   9 2s2 2p10p       -1.13789E-02  8.35082E-01  9.0
    217  6  6  120  15 2s2 2p10p       -1.11735E-02  8.35288E-01  5.0
    218  6  6  100   9 2s2 2p10p       -1.09466E-02  8.35514E-01  1.0
    219  6  6  121   8 2s2 2p10d       -1.04558E-02  8.36005E-01  5.0
    220  6  6  331  13 2s2 2p10d       -1.02095E-02  8.36251E-01 21.0
    221  6  6  311  17 2s2 2p11s       -1.01457E-02  8.36315E-01  9.0
    222  6  6  321   9 2s2 2p10d       -1.01386E-02  8.36322E-01 15.0
    223  6  6  111  16 2s2 2p11s       -1.01032E-02  8.36358E-01  3.0
    224  6  6  131  13 2s2 2p10d       -1.00701E-02  8.36391E-01  7.0
    225  6  6  130   7 2s2 2p10f       -1.00344E-02  8.36427E-01  7.0
    226  6  6  330   7 2s2 2p10f       -1.00340E-02  8.36427E-01 21.0
    227  6  6  341   6 2s2 2p10g       -1.00091E-02  8.36452E-01 27.0
    228  6  6  141   6 2s2 2p10g       -1.00091E-02  8.36452E-01  9.0
    229  6  6  311  18 2s2 2p10d       -1.00090E-02  8.36452E-01  9.0
    230  6  6  340  11 2s2 2p10f       -1.00063E-02  8.36455E-01 27.0
    231  6  6  140  11 2s2 2p10f       -1.00054E-02  8.36456E-01  9.0
    232  6  6  350   5 2s2 2p10h       -1.00010E-02  8.36460E-01 33.0
    233  6  6  150   5 2s2 2p10h       -1.00010E-02  8.36460E-01 11.0
    234  6  6  351   9 2s2 2p10g       -1.00004E-02  8.36461E-01 33.0
    235  6  6  151   9 2s2 2p10i       -1.00004E-02  8.36461E-01 11.0
    236  6  6  361   4 2s2 2p10i       -1.00000E-02  8.36461E-01 39.0
    237  6  6  161   4 2s2 2p10i       -1.00000E-02  8.36461E-01 13.0
    238  6  6  360   7 2s2 2p10h       -1.00000E-02  8.36461E-01 39.0
    239  6  6  160   7 2s2 2p10h       -1.00000E-02  8.36461E-01 13.0
    240  6  6  510   1 2s2p2(4PE) 3s    9.35423E-02  9.40003E-01 15.0
    241  6  6  301   1 2s 2p3:          1.19456E-01  9.65917E-01  3.0
    242  6  6  521   1 2s2p2(4PE) 3p    1.77785E-01  1.02425E+00 25.0
    243  6  6  511   1 2s2p2(4PE) 3p    1.86789E-01  1.03325E+00 15.0
    244  6  6  501   2 2s2p2(4PE) 3p    1.99453E-01  1.04591E+00  5.0
    245  6  6  301   2 2s2p2(4PE) 3p    2.37656E-01  1.08412E+00  3.0
    246  6  6  510   2 2s2p2(4PE) 4s    2.60733E-01  1.10719E+00 15.0
    247  6  6  530   1 2s2p2(4PE) 3d    2.61953E-01  1.10841E+00 35.0
    248  6  6  510   3 2s2p2(4PE) 3d    2.63472E-01  1.10993E+00 15.0
    249  6  6  520   1 2s2p2(4PE) 3d    2.66736E-01  1.11320E+00 25.0
    250  6  6  521   2 2s2p2(4PE) 4p    2.85975E-01  1.13244E+00 25.0
    251  6  6  511   2 2s2p2(4PE) 4p    2.88206E-01  1.13467E+00 15.0
    252  6  6  501   3 2s2p2(4PE) 4p    2.92745E-01  1.13921E+00  5.0
    253  6  6  301   3 2s2p2(4PE) 4p    2.95367E-01  1.14183E+00  3.0
    254  6  6  510   4 2s2p2(4PE) 5s    3.13529E-01  1.15999E+00 15.0
    255  6  6  530   2 2s2p2(4PE) 4d    3.13532E-01  1.15999E+00 35.0
    256  6  6  510   5 2s2p2(4PE) 4d    3.14960E-01  1.16142E+00 15.0
    257  6  6  520   2 2s2p2(4PE) 4d    3.15418E-01  1.16188E+00 25.0
    258  6  6  521   3 2s2p2(4PE) 4f    3.16190E-01  1.16265E+00 25.0
    259  6  6  541   1 2s2p2(4PE) 4f    3.16349E-01  1.16281E+00 45.0
    260  6  6  531   1 2s2p2(4PE) 4f    3.16827E-01  1.16329E+00 35.0
    261  6  6  521   4 2s2p2(4PE) 5p    3.24751E-01  1.17121E+00 25.0
    262  6  6  511   3 2s2p2(4PE) 5p    3.25684E-01  1.17215E+00 15.0
    263  6  6  301   4 2s2p2(4PE) 5p    3.27497E-01  1.17396E+00  3.0
    264  6  6  501   4 2s2p2(4PE) 5p    3.27781E-01  1.17424E+00  5.0
    265  6  6  530   3 2s2p2(4PE) 5d    3.37387E-01  1.18385E+00 35.0
    266  6  6  510   6 2s2p2(4PE) 6s    3.37502E-01  1.18396E+00 15.0
    267  6  6  510   7 2s2p2(4PE) 5d    3.38256E-01  1.18472E+00 15.0
    268  6  6  520   3 2s2p2(4PE) 5d    3.38349E-01  1.18481E+00 25.0
    269  6  6  521   5 2s2p2(4PE) 5f    3.38826E-01  1.18529E+00 25.0
    270  6  6  541   2 2s2p2(4PE) 5f    3.38914E-01  1.18537E+00 45.0
    271  6  6  530   4 2s2p2(4PE) 5g    3.38986E-01  1.18545E+00 35.0
    272  6  6  550   1 2s2p2(4PE) 5g    3.38996E-01  1.18546E+00 55.0
    273  6  6  540   1 2s2p2(4PE) 5g    3.39037E-01  1.18550E+00 45.0
    274  6  6  531   2 2s2p2(4PE) 5f    3.39185E-01  1.18565E+00 35.0
    275  6  6  521   6 2s2p2(4PE) 6p    3.43404E-01  1.18986E+00 25.0
    276  6  6  511   4 2s2p2(4PE) 6p    3.43886E-01  1.19035E+00 15.0
    277  6  6  301   5 2s2p2(4PE) 6p    3.44583E-01  1.19104E+00  3.0
    278  6  6  501   5 2s2p2(4PE) 6p    3.45027E-01  1.19149E+00  5.0
    279  6  6  530   5 2s2p2(4PE) 6d    3.50265E-01  1.19673E+00 35.0
    280  6  6  510   8 2s2p2(4PE) 7s    3.50365E-01  1.19683E+00 15.0
    281  6  6  510   9 2s2p2(4PE) 6d    3.50807E-01  1.19727E+00 15.0
    282  6  6  520   4 2s2p2(4PE) 6d    3.50820E-01  1.19728E+00 25.0
    283  6  6  521   7 2s2p2(4PE) 6f    3.51122E-01  1.19758E+00 25.0
    284  6  6  541   3 2s2p2(4PE) 6f    3.51171E-01  1.19763E+00 45.0
    285  6  6  530   6 2s2p2(4PE) 6g    3.51210E-01  1.19767E+00 35.0
    286  6  6  550   2 2s2p2(4PE) 6g    3.51219E-01  1.19768E+00 55.0
    287  6  6  551   1 2s2p2(4PE) 6h    3.51232E-01  1.19769E+00 55.0
    288  6  6  541   4 2s2p2(4PE) 6h    3.51232E-01  1.19769E+00 45.0
    289  6  6  540   2 2s2p2(4PE) 6g    3.51255E-01  1.19772E+00 45.0
    290  6  6  531   3 2s2p2(4PE) 6f    3.51334E-01  1.19780E+00 35.0
    291  6  6  521   8 2s2p2(4PE) 7p    3.53839E-01  1.20030E+00 25.0
    292  6  6  511   5 2s2p2(4PE) 7p    3.54121E-01  1.20058E+00 15.0
    293  6  6  301   6 2s2p2(4PE) 7p    3.54460E-01  1.20092E+00  3.0
    294  6  6  501   6 2s2p2(4PE) 7p    3.54809E-01  1.20127E+00  5.0
    295  6  6  530   7 2s2p2(4PE) 7d    3.57982E-01  1.20444E+00 35.0
    296  6  6  510  10 2s2p2(4PE) 8s    3.58057E-01  1.20452E+00 15.0
    297  6  6  520   5 2s2p2(4PE) 7d    3.58330E-01  1.20479E+00 25.0
    298  6  6  510  11 2s2p2(4PE) 7d    3.58338E-01  1.20480E+00 15.0
    299  6  6  521   9 2s2p2(4PE) 7f    3.58531E-01  1.20499E+00 25.0
    300  6  6  541   5 2s2p2(4PE) 7f    3.58561E-01  1.20502E+00 45.0
    301  6  6  530   8 2s2p2(4PE) 7g    3.58585E-01  1.20505E+00 35.0
    302  6  6  550   4 2s2p2(4PE) 7i    3.58600E-01  1.20506E+00 55.0
    303  6  6  550   3 2s2p2(4PE) 7g    3.58600E-01  1.20506E+00 55.0
    304  6  6  551   2 2s2p2(4PE) 7h    3.58602E-01  1.20506E+00 55.0
    305  6  6  541   6 2s2p2(4PE) 7h    3.58602E-01  1.20506E+00 45.0
    306  6  6  540   3 2s2p2(4PE) 7g    3.58619E-01  1.20508E+00 45.0
    307  6  6  531   4 2s2p2(4PE) 7f    3.58665E-01  1.20513E+00 35.0
    308  6  6  521  10 2s2p2(4PE) 8p    3.60271E-01  1.20673E+00 25.0
    309  6  6  511   6 2s2p2(4PE) 8p    3.60450E-01  1.20691E+00 15.0
    310  6  6  301   7 2s2p2(4PE) 8p    3.60641E-01  1.20710E+00  3.0
    311  6  6  501   7 2s2p2(4PE) 8p    3.60897E-01  1.20736E+00  5.0
    312  6  6  530   9 2s2p2(4PE) 8d    3.62966E-01  1.20943E+00 35.0
    313  6  6  510  12 2s2p2(4PE) 9s    3.63021E-01  1.20948E+00 15.0
    314  6  6  520   6 2s2p2(4PE) 8d    3.63198E-01  1.20966E+00 25.0
    315  6  6  510  13 2s2p2(4PE) 8d    3.63209E-01  1.20967E+00 15.0
    316  6  6  521  11 2s2p2(4PE) 8f    3.63336E-01  1.20980E+00 25.0
    317  6  6  541   7 2s2p2(4PE) 8f    3.63356E-01  1.20982E+00 45.0
    318  6  6  530  10 2s2p2(4PE) 8g    3.63372E-01  1.20983E+00 35.0
    319  6  6  550   6 2s2p2(4PE) 8i    3.63383E-01  1.20984E+00 55.0
    320  6  6  550   5 2s2p2(4PE) 8g    3.63383E-01  1.20984E+00 55.0
    321  6  6  541   8 2s2p2(4PE) 8h    3.63384E-01  1.20985E+00 45.0
    322  6  6  551   3 2s2p2(4PE) 8h    3.63385E-01  1.20985E+00 55.0
    323  6  6  540   4 2s2p2(4PE) 8g    3.63397E-01  1.20986E+00 45.0
    324  6  6  531   5 2s2p2(4PE) 8f    3.63427E-01  1.20989E+00 35.0
    325  6  6  521  12 2s2p2(4PE) 9p    3.64516E-01  1.21098E+00 25.0
    326  6  6  511   7 2s2p2(4PE) 9p    3.64638E-01  1.21110E+00 15.0
    327  6  6  301   8 2s2p2(4PE) 9p    3.64756E-01  1.21122E+00  3.0
    328  6  6  501   8 2s2p2(4PE) 9p    3.64944E-01  1.21141E+00  5.0
    329  6  6  530  11 2s2p2(4PE) 9d    3.66368E-01  1.21283E+00 35.0
    330  6  6  510  14 2s2p2(4PE)10s    3.66409E-01  1.21287E+00 15.0
    331  6  6  520   7 2s2p2(4PE) 9d    3.66530E-01  1.21299E+00 25.0
    332  6  6  510  15 2s2p2(4PE) 9d    3.66541E-01  1.21300E+00 15.0
    333  6  6  521  13 2s2p2(4PE) 9f    3.66629E-01  1.21309E+00 25.0
    334  6  6  541   9 2s2p2(4PE) 9f    3.66643E-01  1.21310E+00 45.0
    335  6  6  530  12 2s2p2(4PE) 9g    3.66654E-01  1.21311E+00 35.0
    336  6  6  550   8 2s2p2(4PE) 9i    3.66663E-01  1.21312E+00 55.0
    337  6  6  550   7 2s2p2(4PE) 9g    3.66663E-01  1.21312E+00 55.0
    338  6  6  551   4 2s2p2(4PE) 9h    3.66664E-01  1.21312E+00 55.0
    339  6  6  541  10 2s2p2(4PE) 9h    3.66664E-01  1.21312E+00 45.0
    340  6  6  540   5 2s2p2(4PE) 9g    3.66673E-01  1.21313E+00 45.0
    341  6  6  531   6 2s2p2(4PE) 9f    3.66693E-01  1.21315E+00 35.0
    342  6  6  521  14 2s2p2(4PE)10p    3.67465E-01  1.21393E+00 25.0
    343  6  6  511   8 2s2p2(4PE)10p    3.67552E-01  1.21401E+00 15.0
    344  6  6  301   9 2s2p2(4PE)10p    3.67630E-01  1.21409E+00  3.0
    345  6  6  501   9 2s2p2(4PE)10p    3.67770E-01  1.21423E+00  5.0
    346  6  6  530  13 2s2p2(4PE)10d    3.68792E-01  1.21525E+00 35.0
    347  6  6  510  16 2s2p2(4PE)11s    3.68824E-01  1.21529E+00 15.0
    348  6  6  520   8 2s2p2(4PE)10d    3.68910E-01  1.21537E+00 25.0
    349  6  6  510  17 2s2p2(4PE)10d    3.68920E-01  1.21538E+00 15.0
    350  6  6  521  15 2s2p2(4PE)10f    3.68984E-01  1.21545E+00 25.0
    351  6  6  541  11 2s2p2(4PE)10f    3.68994E-01  1.21546E+00 45.0
    352  6  6  530  14 2s2p2(4PE)10g    3.69002E-01  1.21546E+00 35.0
    353  6  6  550   9 2s2p2(4PE)10g    3.69008E-01  1.21547E+00 55.0
    354  6  6  101   1 2s2p2(2PE) 3p    7.93461E-01  1.63992E+00  1.0
    355  6  6  101   2 2s2p2(2PE) 4p    9.29071E-01  1.77553E+00  1.0
    356  6  6  101   3 2s2p2(2PE) 5p    9.71635E-01  1.81810E+00  1.0
    357  6  6  101   4 2s2p2(2PE) 6p    9.91503E-01  1.83796E+00  1.0
    358  6  6  101   5 2s2p2(2PE) 7p    1.00246E+00  1.84892E+00  1.0
    359  6  6  101   6 2s2p2(2PE) 8p    1.00916E+00  1.85562E+00  1.0
    360  6  6  101   7 2s2p2(2PE) 9p    1.01355E+00  1.86001E+00  1.0
    361  6  6  101   8 2s2p2(2PE)10p    1.01659E+00  1.86305E+00  1.0
 ====================================================================
