 ====================================================================
      i NZ NE iSLP iLV iCONF                 E(RYD)      TE(RYD)   gi
 ====================================================================
      1  6  5  211   1 2s2 2p          -1.78769E+00  0.00000E+00  6.0
      2  6  5  410   1 2s 2p2          -1.39940E+00  3.88290E-01 12.0
      3  6  5  220   1 2s 2p2          -1.09975E+00  6.87940E-01 10.0
      4  6  5  200   1 2s 2p2          -8.93962E-01  8.93728E-01  2.0
      5  6  5  210   1 2s 2p2          -7.66486E-01  1.02120E+00  6.0
      6  6  5  200   2 2s2 3s          -7.25253E-01  1.06244E+00  2.0
      7  6  5  211   2 2s2 3p          -5.90082E-01  1.19761E+00  6.0
      8  6  5  401   1 2p3             -4.87900E-01  1.29979E+00  4.0
      9  6  5  220   2 2s2 3d          -4.63979E-01  1.32371E+00 10.0
     10  6  5  221   1 2p3             -4.10622E-01  1.37707E+00 10.0
     11  6  5  200   3 2s2 4s          -3.58541E-01  1.42915E+00  2.0
     12  6  5  211   3 2s2 4p          -3.10093E-01  1.47760E+00  6.0
     13  6  5  411   1 2s2p(3PO) 3s    -2.67141E-01  1.52055E+00 12.0
     14  6  5  220   3 2s2 4d          -2.59310E-01  1.52838E+00 10.0
     15  6  5  231   1 2s2 4f          -2.52053E-01  1.53564E+00 14.0
     16  6  5  211   4 2p3             -2.42561E-01  1.54513E+00  6.0
     17  6  5  200   4 2s2 5s          -2.12125E-01  1.57557E+00  2.0
     18  6  5  211   5 2s2 5p          -1.89475E-01  1.59822E+00  6.0
     19  6  5  220   4 2s2 5d          -1.65207E-01  1.62248E+00 10.0
     20  6  5  211   6 2s2p(3PO) 3s    -1.63384E-01  1.62431E+00  6.0
     21  6  5  231   2 2s2 5f          -1.61225E-01  1.62647E+00 14.0
     22  6  5  240   1 2s2 5g          -1.60175E-01  1.62752E+00 18.0
     23  6  5  200   5 2s2 6s          -1.40143E-01  1.64755E+00  2.0
     24  6  5  420   1 2s2p(3PO) 3p    -1.34692E-01  1.65300E+00 20.0
     25  6  5  210   2 2s2p(3PO) 3p    -1.31032E-01  1.65666E+00  6.0
     26  6  5  211   7 2s2 6p          -1.24104E-01  1.66359E+00  6.0
     27  6  5  220   5 2s2 6d          -1.14466E-01  1.67322E+00 10.0
     28  6  5  231   3 2s2 6f          -1.11881E-01  1.67581E+00 14.0
     29  6  5  240   2 2s2 6g          -1.11256E-01  1.67643E+00 18.0
     30  6  5  400   1 2s2p(3PO) 3p    -1.04769E-01  1.68292E+00  4.0
     31  6  5  200   6 2s2 7s          -9.94760E-02  1.68821E+00  2.0
     32  6  5  211   8 2s2 7p          -9.01943E-02  1.69750E+00  6.0
     33  6  5  410   2 2s2p(3PO) 3p    -9.01524E-02  1.69754E+00 12.0
     34  6  5  220   6 2s2 7d          -8.44072E-02  1.70328E+00 10.0
     35  6  5  231   4 2s2 7f          -8.21428E-02  1.70555E+00 14.0
     36  6  5  240   3 2s2 7g          -8.17375E-02  1.70595E+00 18.0
     37  6  5  200   7 2s2 8s          -7.42722E-02  1.71342E+00  2.0
     38  6  5  220   7 2s2p(3PO) 3p    -6.97017E-02  1.71799E+00 10.0
     39  6  5  211   9 2s2 8p          -6.82796E-02  1.71941E+00  6.0
     40  6  5  231   5 2s2 8f          -6.28536E-02  1.72484E+00 14.0
     41  6  5  240   4 2s2 8g          -6.25755E-02  1.72511E+00 18.0
     42  6  5  220   8 2s2 8d          -6.22036E-02  1.72549E+00 10.0
     43  6  5  200   8 2s2 9s          -5.75835E-02  1.73011E+00  2.0
     44  6  5  211  10 2s2 9p          -5.34454E-02  1.73424E+00  6.0
     45  6  5  220   9 2s2 9d          -4.98605E-02  1.73783E+00 10.0
     46  6  5  231   6 2s2 9f          -4.96370E-02  1.73805E+00 14.0
     47  6  5  240   5 2s2 9g          -4.94380E-02  1.73825E+00 18.0
     48  6  5  200   9 2s210s          -4.59740E-02  1.74172E+00  2.0
     49  6  5  211  11 2s210p          -4.29586E-02  1.74473E+00  6.0
     50  6  5  220  10 2s210d          -4.04418E-02  1.74725E+00 10.0
     51  6  5  231   7 2s210f          -4.01886E-02  1.74750E+00 14.0
     52  6  5  240   6 2s210g          -4.00415E-02  1.74765E+00 18.0
     53  6  5  431   1 2s2p(3PO) 3d    -8.16360E-03  1.77953E+00 28.0
     54  6  5  421   1 2s2p(3PO) 3d     1.00906E-03  1.78870E+00 20.0
     55  6  5  221   2 2s2p(3PO) 3d     1.82143E-02  1.80590E+00 10.0
     56  6  5  411   2 2s2p(3PO) 3d     2.35298E-02  1.81122E+00 12.0
     57  6  5  411   3 2s2p(3PO) 4s     1.18862E-01  1.90655E+00 12.0
     58  6  5  210   3 2s2p(3PO) 4p     1.62771E-01  1.95046E+00  6.0
     59  6  5  420   2 2s2p(3PO) 4p     1.65933E-01  1.95362E+00 20.0
     60  6  5  400   2 2s2p(3PO) 4p     1.75316E-01  1.96301E+00  4.0
     61  6  5  410   3 2s2p(3PO) 4p     1.81062E-01  1.96875E+00 12.0
     62  6  5  431   2 2s2p(3PO) 4d     2.08837E-01  1.99653E+00 28.0
     63  6  5  421   2 2s2p(3PO) 4d     2.14838E-01  2.00253E+00 20.0
     64  6  5  221   3 2s2p(3PO) 4d     2.19217E-01  2.00691E+00 10.0
     65  6  5  411   4 2s2p(3PO) 4d     2.20992E-01  2.00868E+00 12.0
     66  6  5  230   1 2s2p(3PO) 4f     2.22898E-01  2.01059E+00 14.0
     67  6  5  430   1 2s2p(3PO) 4f     2.23012E-01  2.01070E+00 28.0
     68  6  5  440   1 2s2p(3PO) 4f     2.27710E-01  2.01540E+00 36.0
     69  6  5  420   3 2s2p(3PO) 4f     2.29186E-01  2.01688E+00 20.0
     70  6  5  411   5 2s2p(3PO) 5s     2.66041E-01  2.05373E+00 12.0
     71  6  5  210   4 2s2p(3PO) 5p     2.85208E-01  2.07290E+00  6.0
     72  6  5  420   4 2s2p(3PO) 5p     2.87927E-01  2.07562E+00 20.0
     73  6  5  400   3 2s2p(3PO) 5p     2.92344E-01  2.08003E+00  4.0
     74  6  5  410   4 2s2p(3PO) 5p     2.94811E-01  2.08250E+00 12.0
     75  6  5  431   3 2s2p(3PO) 5d     3.07979E-01  2.09567E+00 28.0
     76  6  5  421   3 2s2p(3PO) 5d     3.11114E-01  2.09880E+00 20.0
     77  6  5  221   4 2s2p(3PO) 5d     3.12624E-01  2.10031E+00 10.0
     78  6  5  411   6 2s2p(3PO) 5d     3.14022E-01  2.10171E+00 12.0
     79  6  5  230   2 2s2p(3PO) 5f     3.15235E-01  2.10293E+00 14.0
     80  6  5  430   2 2s2p(3PO) 5f     3.15323E-01  2.10301E+00 28.0
     81  6  5  441   1 2s2p(3PO) 5g     3.17122E-01  2.10481E+00 36.0
     82  6  5  241   1 2s2p(3PO) 5g     3.17122E-01  2.10481E+00 18.0
     83  6  5  440   2 2s2p(3PO) 5f     3.17596E-01  2.10529E+00 36.0
     84  6  5  431   4 2s2p(3PO) 5g     3.18090E-01  2.10578E+00 28.0
     85  6  5  420   5 2s2p(3PO) 5f     3.18268E-01  2.10596E+00 20.0
     86  6  5  411   7 2s2p(3PO) 6s     3.38021E-01  2.12571E+00 12.0
     87  6  5  210   5 2s2p(3PO) 6p     3.46370E-01  2.13406E+00  6.0
     88  6  5  420   6 2s2p(3PO) 6p     3.49954E-01  2.13764E+00 20.0
     89  6  5  400   4 2s2p(3PO) 6p     3.52314E-01  2.14000E+00  4.0
     90  6  5  410   5 2s2p(3PO) 6p     3.53730E-01  2.14142E+00 12.0
     91  6  5  210   6 2s2p(1PO) 3p     3.58687E-01  2.14638E+00  6.0
     92  6  5  431   5 2s2p(3PO) 6d     3.60984E-01  2.14867E+00 28.0
     93  6  5  421   4 2s2p(3PO) 6d     3.62847E-01  2.15054E+00 20.0
     94  6  5  221   5 2s2p(3PO) 6d     3.63392E-01  2.15108E+00 10.0
     95  6  5  411   8 2s2p(3PO) 6d     3.64385E-01  2.15208E+00 12.0
     96  6  5  230   3 2s2p(3PO) 6f     3.65165E-01  2.15285E+00 14.0
     97  6  5  430   3 2s2p(3PO) 6f     3.65225E-01  2.15292E+00 28.0
     98  6  5  241   2 2s2p(3PO) 6g     3.66192E-01  2.15388E+00 18.0
     99  6  5  441   2 2s2p(3PO) 6g     3.66193E-01  2.15388E+00 36.0
    100  6  5  440   3 2s2p(3PO) 6f     3.66499E-01  2.15419E+00 36.0
    101  6  5  440   4 2s2p(3PO) 6h     3.66756E-01  2.15445E+00 36.0
    102  6  5  420   7 2s2p(3PO) 6f     3.66870E-01  2.15456E+00 20.0
    103  6  5  431   6 2s2p(3PO) 6g     3.66885E-01  2.15458E+00 28.0
    104  6  5  411   9 2s2p(3PO) 7s     3.78631E-01  2.16632E+00 12.0
    105  6  5  210   7 2s2p(3PO) 7p     3.85347E-01  2.17304E+00  6.0
    106  6  5  420   8 2s2p(3PO) 7p     3.85848E-01  2.17354E+00 20.0
    107  6  5  400   5 2s2p(3PO) 7p     3.87254E-01  2.17494E+00  4.0
    108  6  5  410   6 2s2p(3PO) 7p     3.88147E-01  2.17584E+00 12.0
    109  6  5  431   7 2s2p(3PO) 7d     3.92571E-01  2.18026E+00 28.0
    110  6  5  421   5 2s2p(3PO) 7d     3.93761E-01  2.18145E+00 20.0
    111  6  5  221   6 2s2p(3PO) 7d     3.93907E-01  2.18160E+00 10.0
    112  6  5  411  10 2s2p(3PO) 7d     3.94667E-01  2.18236E+00 12.0
    113  6  5  230   4 2s2p(3PO) 7f     3.95179E-01  2.18287E+00 14.0
    114  6  5  430   4 2s2p(3PO) 7f     3.95220E-01  2.18291E+00 28.0
    115  6  5  441   3 2s2p(3PO) 7g     3.95826E-01  2.18352E+00 36.0
    116  6  5  241   3 2s2p(3PO) 7g     3.95826E-01  2.18352E+00 18.0
    117  6  5  440   5 2s2p(3PO) 7f     3.96024E-01  2.18371E+00 36.0
    118  6  5  440   6 2s2p(3PO) 7h     3.96214E-01  2.18390E+00 36.0
    119  6  5  420   9 2s2p(3PO) 7f     3.96250E-01  2.18394E+00 20.0
    120  6  5  431   8 2s2p(3PO) 7g     3.96295E-01  2.18398E+00 28.0
    121  6  5  411  11 2s2p(3PO) 8s     4.03794E-01  2.19148E+00 12.0
    122  6  5  210   8 2s2p(3PO) 8p     4.07960E-01  2.19565E+00  6.0
    123  6  5  420  10 2s2p(3PO) 8p     4.08487E-01  2.19618E+00 20.0
    124  6  5  400   6 2s2p(3PO) 8p     4.09394E-01  2.19708E+00  4.0
    125  6  5  410   7 2s2p(3PO) 8p     4.09991E-01  2.19768E+00 12.0
    126  6  5  431   9 2s2p(3PO) 8d     4.12891E-01  2.20058E+00 28.0
    127  6  5  221   7 2s2p(3PO) 8d     4.13648E-01  2.20134E+00 10.0
    128  6  5  421   6 2s2p(3PO) 8d     4.13694E-01  2.20138E+00 20.0
    129  6  5  411  12 2s2p(3PO) 8d     4.14273E-01  2.20196E+00 12.0
    130  6  5  230   5 2s2p(3PO) 8f     4.14621E-01  2.20231E+00 14.0
    131  6  5  430   5 2s2p(3PO) 8f     4.14650E-01  2.20234E+00 28.0
    132  6  5  441   4 2s2p(3PO) 8g     4.15061E-01  2.20275E+00 36.0
    133  6  5  241   4 2s2p(3PO) 8g     4.15061E-01  2.20275E+00 18.0
    134  6  5  440   7 2s2p(3PO) 8f     4.15194E-01  2.20288E+00 36.0
    135  6  5  440   8 2s2p(3PO) 8h     4.15332E-01  2.20302E+00 36.0
    136  6  5  420  11 2s2p(3PO) 8f     4.15342E-01  2.20303E+00 20.0
    137  6  5  431  10 2s2p(3PO) 8g     4.15384E-01  2.20307E+00 28.0
    138  6  5  411  13 2s2p(3PO) 9s     4.20461E-01  2.20815E+00 12.0
    139  6  5  210   9 2s2p(3PO) 9p     4.23259E-01  2.21095E+00  6.0
    140  6  5  420  12 2s2p(3PO) 9p     4.23684E-01  2.21137E+00 20.0
    141  6  5  400   7 2s2p(3PO) 9p     4.24303E-01  2.21199E+00  4.0
    142  6  5  410   8 2s2p(3PO) 9p     4.24720E-01  2.21241E+00 12.0
    143  6  5  431  11 2s2p(3PO) 9d     4.26725E-01  2.21442E+00 28.0
    144  6  5  221   8 2s2p(3PO) 9d     4.27142E-01  2.21483E+00 10.0
    145  6  5  421   7 2s2p(3PO) 9d     4.27291E-01  2.21498E+00 20.0
    146  6  5  411  14 2s2p(3PO) 9d     4.27685E-01  2.21537E+00 12.0
    147  6  5  230   6 2s2p(3PO) 9f     4.27930E-01  2.21562E+00 14.0
    148  6  5  430   6 2s2p(3PO) 9f     4.27952E-01  2.21564E+00 28.0
    149  6  5  241   5 2s2p(3PO) 9g     4.28244E-01  2.21593E+00 18.0
    150  6  5  441   5 2s2p(3PO) 9g     4.28245E-01  2.21593E+00 36.0
    151  6  5  440   9 2s2p(3PO) 9f     4.28338E-01  2.21603E+00 36.0
    152  6  5  440  10 2s2p(3PO) 9h     4.28439E-01  2.21613E+00 36.0
    153  6  5  420  13 2s2p(3PO) 9f     4.28439E-01  2.21613E+00 20.0
    154  6  5  431  12 2s2p(3PO) 9g     4.28475E-01  2.21617E+00 28.0
    155  6  5  411  15 2s2p(3PO)10s     4.32070E-01  2.21976E+00 12.0
    156  6  5  210  10 2s2p(3PO)10p     4.34044E-01  2.22173E+00  6.0
    157  6  5  420  14 2s2p(3PO)10p     4.34377E-01  2.22207E+00 20.0
    158  6  5  400   8 2s2p(3PO)10p     4.34820E-01  2.22251E+00  4.0
    159  6  5  410   9 2s2p(3PO)10p     4.35122E-01  2.22281E+00 12.0
    160  6  5  431  13 2s2p(3PO)10d     4.36566E-01  2.22426E+00 28.0
    161  6  5  221   9 2s2p(3PO)10d     4.36768E-01  2.22446E+00 10.0
    162  6  5  421   8 2s2p(3PO)10d     4.36980E-01  2.22467E+00 20.0
    163  6  5  411  16 2s2p(3PO)10d     4.37260E-01  2.22495E+00 12.0
    164  6  5  230   7 2s2p(3PO)10f     4.37439E-01  2.22513E+00 14.0
    165  6  5  430   7 2s2p(3PO)10f     4.37455E-01  2.22515E+00 28.0
    166  6  5  441   6 2s2p(3PO)10g     4.37671E-01  2.22536E+00 36.0
    167  6  5  241   6 2s2p(3PO)10g     4.37671E-01  2.22536E+00 18.0
    168  6  5  440  11 2s2p(3PO)10f     4.37739E-01  2.22543E+00 36.0
    169  6  5  201   1 2p2(3PE) 3p      6.31842E-01  2.41953E+00  2.0
    170  6  5  401   2 2p2(3PE) 3p      7.15475E-01  2.50317E+00  4.0
    171  6  5  201   2 2p2(3PE) 4p      9.43239E-01  2.73093E+00  2.0
    172  6  5  401   3 2p2(3PE) 4p      9.71876E-01  2.75957E+00  4.0
    173  6  5  201   3 2p2(3PE) 5p      1.06788E+00  2.85557E+00  2.0
    174  6  5  401   4 2p2(3PE) 5p      1.08095E+00  2.86864E+00  4.0
    175  6  5  201   4 2p2(3PE) 6p      1.13097E+00  2.91866E+00  2.0
    176  6  5  401   5 2p2(3PE) 6p      1.13804E+00  2.92573E+00  4.0
    177  6  5  201   5 2p2(3PE) 7p      1.16731E+00  2.95500E+00  2.0
    178  6  5  401   6 2p2(3PE) 7p      1.17158E+00  2.95927E+00  4.0
    179  6  5  201   6 2p2(3PE) 8p      1.19017E+00  2.97786E+00  2.0
    180  6  5  401   7 2p2(3PE) 8p      1.19295E+00  2.98064E+00  4.0
    181  6  5  201   7 2p2(3PE) 9p      1.20549E+00  2.99318E+00  2.0
    182  6  5  401   8 2p2(3PE) 9p      1.20740E+00  2.99509E+00  4.0
    183  6  5  201   8 2p2(3PE)10p      1.21625E+00  3.00394E+00  2.0
    184  6  5  401   9 2p2(3PE)10p      1.21762E+00  3.00531E+00  4.0
 ====================================================================
