 ====================================================================
      i NZ NE iSLP iLV iCONF                 E(RYD)      TE(RYD)   gi
 ====================================================================
      1  6  4  100   1 2s2             -3.51171E+00  0.00000E+00  1.0
      2  6  4  311   1 2s 2p           -3.03283E+00  4.78880E-01  9.0
      3  6  4  111   1 2s 2p           -2.56260E+00  9.49110E-01  3.0
      4  6  4  310   1 2p2             -2.24538E+00  1.26633E+00  9.0
      5  6  4  120   1 2p2             -2.16932E+00  1.34239E+00  5.0
      6  6  4  100   2 2p2             -1.80550E+00  1.70621E+00  1.0
      7  6  4  300   1 2s 3s           -1.34713E+00  2.16458E+00  3.0
      8  6  4  100   3 2s 3s           -1.26280E+00  2.24891E+00  1.0
      9  6  4  111   2 2s 3p           -1.15655E+00  2.35516E+00  3.0
     10  6  4  311   2 2s 3p           -1.15013E+00  2.36158E+00  9.0
     11  6  4  320   1 2s 3d           -1.05824E+00  2.45347E+00 15.0
     12  6  4  120   2 2s 3d           -9.96289E-01  2.51542E+00  5.0
     13  6  4  311   3 2p 3s           -7.04145E-01  2.80756E+00  9.0
     14  6  4  300   2 2s 4s           -6.98813E-01  2.81290E+00  3.0
     15  6  4  111   3 2s 4p:          -6.90087E-01  2.82162E+00  3.0
     16  6  4  100   4 2s 4s           -6.78189E-01  2.83352E+00  1.0
     17  6  4  311   4 2s 4p           -6.22372E-01  2.88934E+00  9.0
     18  6  4  110   1 2p 3p           -5.99342E-01  2.91237E+00  3.0
     19  6  4  320   2 2s 4d           -5.88515E-01  2.92319E+00 15.0
     20  6  4  331   1 2s 4f           -5.84786E-01  2.92692E+00 21.0
     21  6  4  131   1 2s 4f           -5.78764E-01  2.93295E+00  7.0
     22  6  4  111   4 2p 3s:          -5.76174E-01  2.93554E+00  3.0
     23  6  4  320   3 2p 3p           -5.69686E-01  2.94202E+00 15.0
     24  6  4  120   3 2s 4d           -5.63728E-01  2.94798E+00  5.0
     25  6  4  300   3 2p 3p           -5.29999E-01  2.98171E+00  3.0
     26  6  4  310   2 2p 3p           -5.04794E-01  3.00692E+00  9.0
     27  6  4  121   1 2p 3d           -4.82197E-01  3.02951E+00  5.0
     28  6  4  331   2 2p 3d           -4.77162E-01  3.03455E+00 21.0
     29  6  4  120   4 2p 3p           -4.74790E-01  3.03692E+00  5.0
     30  6  4  321   1 2p 3d           -4.36097E-01  3.07561E+00 15.0
     31  6  4  100   5 2s 5s           -4.30367E-01  3.08134E+00  1.0
     32  6  4  300   4 2s 5s           -4.21283E-01  3.09043E+00  3.0
     33  6  4  311   5 2p 3d           -4.13555E-01  3.09816E+00  9.0
     34  6  4  131   2 2p 3d:          -4.05306E-01  3.10640E+00  7.0
     35  6  4  111   5 2s 5p           -3.88700E-01  3.12301E+00  3.0
     36  6  4  311   6 2s 5p           -3.80380E-01  3.13133E+00  9.0
     37  6  4  320   4 2s 5d           -3.70982E-01  3.14073E+00 15.0
     38  6  4  100   6 2p 3p           -3.61383E-01  3.15033E+00  1.0
     39  6  4  340   1 2s 5g           -3.61291E-01  3.15042E+00 27.0
     40  6  4  140   1 2s 5g           -3.61290E-01  3.15042E+00  9.0
     41  6  4  120   5 2s 5d           -3.59462E-01  3.15225E+00  5.0
     42  6  4  331   3 2s 5f           -3.55534E-01  3.15618E+00 21.0
     43  6  4  111   6 2p 3d           -3.51325E-01  3.16038E+00  3.0
     44  6  4  131   3 2s 5f:          -3.38045E-01  3.17367E+00  7.0
     45  6  4  300   5 2s 6s           -2.85686E-01  3.22602E+00  3.0
     46  6  4  100   7 2s 6s           -2.76984E-01  3.23473E+00  1.0
     47  6  4  311   7 2s 6p           -2.65544E-01  3.24617E+00  9.0
     48  6  4  111   7 2s 6p           -2.64911E-01  3.24680E+00  3.0
     49  6  4  320   5 2s 6d           -2.56299E-01  3.25541E+00 15.0
     50  6  4  340   2 2s 6g           -2.50991E-01  3.26072E+00 27.0
     51  6  4  140   2 2s 6g           -2.50990E-01  3.26072E+00  9.0
     52  6  4  120   6 2s 6d           -2.50037E-01  3.26167E+00  5.0
     53  6  4  331   4 2s 6f           -2.49400E-01  3.26231E+00 21.0
     54  6  4  131   4 2s 6f           -2.46668E-01  3.26504E+00  7.0
     55  6  4  300   6 2s 7s           -2.05974E-01  3.30574E+00  3.0
     56  6  4  100   8 2s 7s           -2.02130E-01  3.30958E+00  1.0
     57  6  4  111   8 2s 7p           -1.94177E-01  3.31753E+00  3.0
     58  6  4  311   8 2s 7p           -1.93593E-01  3.31812E+00  9.0
     59  6  4  320   6 2s 7d           -1.87618E-01  3.32409E+00 15.0
     60  6  4  340   3 2s 7g           -1.84425E-01  3.32728E+00 27.0
     61  6  4  140   3 2s 7g           -1.84424E-01  3.32729E+00  9.0
     62  6  4  120   7 2s 7d           -1.83800E-01  3.32791E+00  5.0
     63  6  4  331   5 2s 7f           -1.83737E-01  3.32797E+00 21.0
     64  6  4  131   5 2s 7f           -1.82856E-01  3.32885E+00  7.0
     65  6  4  300   7 2s 8s           -1.55485E-01  3.35623E+00  3.0
     66  6  4  100   9 2s 8s           -1.53289E-01  3.35842E+00  1.0
     67  6  4  111   9 2s 8p           -1.48372E-01  3.36334E+00  3.0
     68  6  4  311   9 2s 8p           -1.47304E-01  3.36441E+00  9.0
     69  6  4  320   7 2s 8d           -1.43258E-01  3.36845E+00 15.0
     70  6  4  140   4 2s 8g           -1.41209E-01  3.37050E+00  9.0
     71  6  4  340   4 2s 8g           -1.41209E-01  3.37050E+00 27.0
     72  6  4  331   6 2s 8f           -1.40852E-01  3.37086E+00 21.0
     73  6  4  120   8 2s 8d           -1.40757E-01  3.37095E+00  5.0
     74  6  4  131   6 2s 8f           -1.40497E-01  3.37121E+00  7.0
     75  6  4  300   8 2s 9s           -1.21522E-01  3.39019E+00  3.0
     76  6  4  100  10 2s 9s           -1.20118E-01  3.39159E+00  1.0
     77  6  4  111  10 2s 9p           -1.17248E-01  3.39446E+00  3.0
     78  6  4  311  10 2s 9p           -1.15830E-01  3.39588E+00  9.0
     79  6  4  320   8 2s 9d           -1.12956E-01  3.39875E+00 15.0
     80  6  4  340   5 2s 9g           -1.11576E-01  3.40013E+00 27.0
     81  6  4  140   5 2s 9g           -1.11575E-01  3.40014E+00  9.0
     82  6  4  331   7 2s 9f           -1.11374E-01  3.40034E+00 21.0
     83  6  4  120   9 2s 9d           -1.11229E-01  3.40048E+00  5.0
     84  6  4  131   7 2s 9f           -1.11220E-01  3.40049E+00  7.0
     85  6  4  300   9 2s10s           -9.75890E-02  3.41412E+00  3.0
     86  6  4  100  11 2s10s           -9.66228E-02  3.41509E+00  1.0
     87  6  4  111  11 2s10p           -9.53488E-02  3.41636E+00  3.0
     88  6  4  311  11 2s10p           -9.35104E-02  3.41820E+00  9.0
     89  6  4  320   9 2s10d           -9.13434E-02  3.42037E+00 15.0
     90  6  4  340   6 2s10g           -9.03770E-02  3.42133E+00 27.0
     91  6  4  140   6 2s10g           -9.03761E-02  3.42133E+00  9.0
     92  6  4  331   8 2s10f           -9.02610E-02  3.42145E+00 21.0
     93  6  4  131   8 2s10f           -9.01920E-02  3.42152E+00  7.0
     94  6  4  120  10 2s10d           -9.01018E-02  3.42161E+00  5.0
     95  6  4  110   2 2p 4p           -4.11765E-02  3.47053E+00  3.0
     96  6  4  310   3 2p 4p           -1.01557E-02  3.50155E+00  9.0
     97  6  4  121   2 2p 4d            1.17679E-03  3.51289E+00  5.0
     98  6  4  321   2 2p 4d            1.85223E-02  3.53023E+00 15.0
     99  6  4  130   1 2p 4f            2.20131E-02  3.53372E+00  7.0
    100  6  4  330   1 2p 4f            2.23975E-02  3.53411E+00 21.0
    101  6  4  110   3 2p 5p            1.98284E-01  3.70999E+00  3.0
    102  6  4  310   4 2p 5p            2.12426E-01  3.72414E+00  9.0
    103  6  4  121   3 2p 5d            2.18622E-01  3.73033E+00  5.0
    104  6  4  321   3 2p 5d            2.26958E-01  3.73867E+00 15.0
    105  6  4  130   2 2p 5f            2.28715E-01  3.74042E+00  7.0
    106  6  4  330   2 2p 5f            2.28962E-01  3.74067E+00 21.0
    107  6  4  110   4 2p 6p            3.23314E-01  3.83502E+00  3.0
    108  6  4  310   5 2p 6p            3.30982E-01  3.84269E+00  9.0
    109  6  4  121   4 2p 6d            3.34667E-01  3.84638E+00  5.0
    110  6  4  321   4 2p 6d            3.39318E-01  3.85103E+00 15.0
    111  6  4  130   3 2p 6f            3.40332E-01  3.85204E+00  7.0
    112  6  4  330   3 2p 6f            3.40486E-01  3.85220E+00 21.0
    113  6  4  110   5 2p 7p            3.97011E-01  3.90872E+00  3.0
    114  6  4  310   6 2p 7p            4.01643E-01  3.91335E+00  9.0
    115  6  4  121   5 2p 7d            4.04000E-01  3.91571E+00  5.0
    116  6  4  321   5 2p 7d            4.06861E-01  3.91857E+00 15.0
    117  6  4  130   4 2p 7f            4.07510E-01  3.91922E+00  7.0
    118  6  4  330   4 2p 7f            4.07609E-01  3.91932E+00 21.0
    119  6  4  110   6 2p 8p            4.44102E-01  3.95581E+00  3.0
    120  6  4  310   7 2p 8p            4.47119E-01  3.95883E+00  9.0
    121  6  4  121   6 2p 8d            4.48714E-01  3.96042E+00  5.0
    122  6  4  321   6 2p 8d            4.50599E-01  3.96231E+00 15.0
    123  6  4  130   5 2p 8f            4.51039E-01  3.96275E+00  7.0
    124  6  4  330   5 2p 8f            4.51106E-01  3.96282E+00 21.0
    125  6  4  110   7 2p 9p            4.76020E-01  3.98773E+00  3.0
    126  6  4  310   8 2p 9p            4.78097E-01  3.98981E+00  9.0
    127  6  4  121   7 2p 9d            4.79223E-01  3.99093E+00  5.0
    128  6  4  321   7 2p 9d            4.80533E-01  3.99224E+00 15.0
    129  6  4  130   6 2p 9f            4.80843E-01  3.99255E+00  7.0
    130  6  4  330   6 2p 9f            4.80891E-01  3.99260E+00 21.0
    131  6  4  110   8 2p10p            4.98651E-01  4.01036E+00  3.0
    132  6  4  310   9 2p10p            5.00143E-01  4.01185E+00  9.0
    133  6  4  121   8 2p10d            5.00966E-01  4.01268E+00  5.0
    134  6  4  321   8 2p10d            5.01913E-01  4.01362E+00 15.0
    135  6  4  130   7 2p10f            5.02140E-01  4.01385E+00  7.0
    136  6  4  330   7 2p10f            5.02176E-01  4.01389E+00 21.0
 ====================================================================
