 ====================================================================
      i NZ NE iSLP iLV iCONF                 E(RYD)      TE(RYD)   gi
 ====================================================================
      1  6  3  200   1 1s2 2s          -4.73567E+00  0.00000E+00  2.0
      2  6  3  211   1 1s2 2p          -4.14785E+00  5.87820E-01  6.0
      3  6  3  200   2 1s2 3s          -1.97910E+00  2.75657E+00  2.0
      4  6  3  211   2 1s2 3p          -1.82214E+00  2.91353E+00  6.0
      5  6  3  220   1 1s2 3d          -1.77946E+00  2.95621E+00 10.0
      6  6  3  200   3 1s2 4s          -1.08232E+00  3.65335E+00  2.0
      7  6  3  211   3 1s2 4p          -1.01876E+00  3.71691E+00  6.0
      8  6  3  220   2 1s2 4d          -1.00086E+00  3.73481E+00 10.0
      9  6  3  200   4 1s2 5s          -6.81451E-01  4.05422E+00  2.0
     10  6  3  211   4 1s2 5p          -6.49614E-01  4.08606E+00  6.0
     11  6  3  220   3 1s2 5d          -6.40477E-01  4.09519E+00 10.0
     12  6  3  200   5 1s2 6s          -4.68185E-01  4.26749E+00  2.0
     13  6  3  211   5 1s2 6p          -4.50009E-01  4.28566E+00  6.0
     14  6  3  220   4 1s2 6d          -4.44731E-01  4.29094E+00 10.0
     15  6  3  200   6 1s2 7s          -3.41376E-01  4.39429E+00  2.0
     16  6  3  211   6 1s2 7p          -3.30034E-01  4.40564E+00  6.0
     17  6  3  220   5 1s2 7d          -3.26715E-01  4.40896E+00 10.0
     18  6  3  200   7 1s2 8s          -2.59894E-01  4.47578E+00  2.0
     19  6  3  211   7 1s2 8p          -2.52347E-01  4.48332E+00  6.0
     20  6  3  220   6 1s2 8d          -2.50125E-01  4.48555E+00 10.0
     21  6  3  200   8 1s2 9s          -2.04453E-01  4.53122E+00  2.0
     22  6  3  211   8 1s2 9p          -1.99179E-01  4.53649E+00  6.0
     23  6  3  220   7 1s2 9d          -1.97620E-01  4.53805E+00 10.0
     24  6  3  200   9 1s210s          -1.65031E-01  4.57064E+00  2.0
     25  6  3  211   9 1s210p          -1.61201E-01  4.57447E+00  6.0
     26  6  3  220   8 1s210d          -1.60065E-01  4.57560E+00 10.0
 ====================================================================
