 ====================================================================
      i NZ NE iSLP iLV iCONF                 E(RYD)      TE(RYD)   gi
 ====================================================================
      1  6  2  100   1 1s2             -2.87756E+01  0.00000E+00  1.0
      2  6  2  300   1 1s 2s           -6.84123E+00  2.19344E+01  3.0
      3  6  2  311   1 1s 2p           -6.44318E+00  2.23324E+01  9.0
      4  6  2  100   2 1s 2s           -6.43653E+00  2.23391E+01  1.0
      5  6  2  111   1 1s 2p           -6.18527E+00  2.25903E+01  3.0
      6  6  2  300   2 1s 3s           -2.94079E+00  2.58348E+01  3.0
      7  6  2  100   3 1s 3s           -2.83358E+00  2.59420E+01  1.0
      8  6  2  311   2 1s 3p           -2.83309E+00  2.59425E+01  9.0
      9  6  2  320   1 1s 3d           -2.78014E+00  2.59955E+01 15.0
     10  6  2  120   1 1s 3d           -2.77808E+00  2.59975E+01  5.0
     11  6  2  111   2 1s 3p           -2.76025E+00  2.60154E+01  3.0
     12  6  2  300   3 1s 4s           -1.62945E+00  2.71462E+01  3.0
     13  6  2  100   4 1s 4s           -1.58609E+00  2.71895E+01  1.0
     14  6  2  311   3 1s 4p           -1.58560E+00  2.71900E+01  9.0
     15  6  2  320   2 1s 4d           -1.56373E+00  2.72119E+01 15.0
     16  6  2  120   2 1s 4d           -1.56259E+00  2.72130E+01  5.0
     17  6  2  111   3 1s 4p           -1.55546E+00  2.72201E+01  3.0
     18  6  2  300   4 1s 5s           -1.03381E+00  2.77418E+01  3.0
     19  6  2  100   5 1s 5s           -1.01210E+00  2.77635E+01  1.0
     20  6  2  311   4 1s 5p           -1.01179E+00  2.77638E+01  9.0
     21  6  2  320   3 1s 5d           -1.00070E+00  2.77749E+01 15.0
     22  6  2  120   3 1s 5d           -1.00006E+00  2.77755E+01  5.0
     23  6  2  111   4 1s 5p           -9.96497E-01  2.77791E+01  3.0
     24  6  2  300   5 1s 6s           -7.13860E-01  2.80617E+01  3.0
     25  6  2  100   6 1s 6s           -7.01450E-01  2.80742E+01  1.0
     26  6  2  311   5 1s 6p           -7.01241E-01  2.80744E+01  9.0
     27  6  2  320   4 1s 6d           -6.94856E-01  2.80807E+01 15.0
     28  6  2  120   4 1s 6d           -6.94469E-01  2.80811E+01  5.0
     29  6  2  111   5 1s 6p           -6.92441E-01  2.80832E+01  3.0
     30  6  2  300   6 1s 7s           -5.22370E-01  2.82532E+01  3.0
     31  6  2  100   7 1s 7s           -5.14613E-01  2.82610E+01  1.0
     32  6  2  311   6 1s 7p           -5.14472E-01  2.82611E+01  9.0
     33  6  2  320   5 1s 7d           -5.10466E-01  2.82651E+01 15.0
     34  6  2  120   5 1s 7d           -5.10216E-01  2.82654E+01  5.0
     35  6  2  111   6 1s 7p           -5.08949E-01  2.82667E+01  3.0
     36  6  2  300   7 1s 8s           -3.98746E-01  2.83769E+01  3.0
     37  6  2  100   8 1s 8s           -3.93577E-01  2.83820E+01  1.0
     38  6  2  311   7 1s 8p           -3.93478E-01  2.83821E+01  9.0
     39  6  2  320   6 1s 8d           -3.90803E-01  2.83848E+01 15.0
     40  6  2  120   6 1s 8d           -3.90632E-01  2.83850E+01  5.0
     41  6  2  111   7 1s 8p           -3.89787E-01  2.83858E+01  3.0
     42  6  2  300   8 1s 9s           -3.14331E-01  2.84613E+01  3.0
     43  6  2  100   9 1s 9s           -3.10715E-01  2.84649E+01  1.0
     44  6  2  311   8 1s 9p           -3.10643E-01  2.84650E+01  9.0
     45  6  2  320   7 1s 9d           -3.08768E-01  2.84668E+01 15.0
     46  6  2  120   7 1s 9d           -3.08647E-01  2.84670E+01  5.0
     47  6  2  111   8 1s 9p           -3.08055E-01  2.84675E+01  3.0
     48  6  2  300   9 1s10s           -2.54139E-01  2.85215E+01  3.0
     49  6  2  100  10 1s10s           -2.51510E-01  2.85241E+01  1.0
     50  6  2  311   9 1s10p           -2.51457E-01  2.85241E+01  9.0
     51  6  2  320   8 1s10d           -2.50093E-01  2.85255E+01 15.0
     52  6  2  120   8 1s10d           -2.50004E-01  2.85256E+01  5.0
     53  6  2  111   9 1s10p           -2.49573E-01  2.85260E+01  3.0
 ====================================================================
