 ====================================================================
      i NZ NE iSLP iLV iCONF                 E(RYD)      TE(RYD)   gi
 ====================================================================
      1 26 22  520   1 3d4(4)          -5.43983E+00  0.00000E+00 25.0
      2 26 22  350   1 3d4(4)          -5.21230E+00  2.27530E-01 33.0
      3 26 22  310   1 3d4(4)          -5.18345E+00  2.56380E-01  9.0
      4 26 22  330   1 3d4(4)          -5.17597E+00  2.63860E-01 21.0
      5 26 22  340   1 3d4(4)          -5.15102E+00  2.88810E-01 27.0
      6 26 22  140   1 3d4(4)          -5.07432E+00  3.65510E-01  9.0
      7 26 22  320   1 3d4(4)          -5.06410E+00  3.75730E-01 15.0
      8 26 22  100   1 3d4(4)          -5.00937E+00  4.30460E-01  1.0
      9 26 22  120   1 3d4(4)          -4.98812E+00  4.51710E-01  5.0
     10 26 22  130   1 3d4(4)          -4.91507E+00  5.24760E-01  7.0
     11 26 22  330   2 3d4(2)          -4.82330E+00  6.16530E-01 21.0
     12 26 22  310   2 3d4(2)          -4.81350E+00  6.26330E-01  9.0
     13 26 22  140   2 3d4(2)          -4.74082E+00  6.99010E-01  9.0
     14 26 22  120   2 3d4(2)          -4.49353E+00  9.46300E-01  5.0
     15 26 22  100   2 3d4(0)          -4.21480E+00  1.22503E+00  1.0
     16 26 22  530   1 3d3(4F3) 4s     -3.75315E+00  1.68668E+00 35.0
     17 26 22  330   3 3d3(4F3) 4s     -3.67365E+00  1.76618E+00 21.0
     18 26 22  510   1 3d3(4P3) 4s     -3.55877E+00  1.88106E+00 15.0
     19 26 22  340   2 3d3(2G3) 4s     -3.53537E+00  1.90446E+00 27.0
     20 26 22  140   3 3d3(2G3) 4s     -3.49458E+00  1.94525E+00  9.0
     21 26 22  310   3 3d3(4P3) 4s     -3.48258E+00  1.95725E+00  9.0
     22 26 22  350   2 3d3(2H3) 4s     -3.47332E+00  1.96651E+00 33.0
     23 26 22  310   4 3d3(2P3) 4s     -3.47165E+00  1.96818E+00  9.0
     24 26 22  320   2 3d3(2D3) 4s     -3.44588E+00  1.99395E+00 15.0
     25 26 22  110   1 3d3(2P3) 4s     -3.43402E+00  2.00581E+00  3.0
     26 26 22  150   1 3d3(2H3) 4s     -3.43272E+00  2.00711E+00 11.0
     27 26 22  120   3 3d3(2D3) 4s     -3.40595E+00  2.03388E+00  5.0
     28 26 22  330   4 3d3(2F3) 4s     -3.27962E+00  2.16021E+00 21.0
     29 26 22  130   2 3d3(2F3) 4s     -3.24315E+00  2.19668E+00  7.0
     30 26 22  541   1 3d3(4F3) 4p     -3.13538E+00  2.30445E+00 45.0
     31 26 22  521   1 3d3(4F3) 4p     -3.11037E+00  2.32946E+00 25.0
     32 26 22  321   1 3d3(4F3) 4p     -3.10203E+00  2.33780E+00 15.0
     33 26 22  531   1 3d3(4F3) 4p     -3.09915E+00  2.34068E+00 35.0
     34 26 22  341   1 3d3(4F3) 4p     -3.07080E+00  2.36903E+00 27.0
     35 26 22  331   1 3d3(4F3) 4p     -3.04213E+00  2.39770E+00 21.0
     36 26 22  320   3 3d3(2D1) 4s     -3.02145E+00  2.41838E+00 15.0
     37 26 22  120   4 3d3(2D1) 4s     -2.98470E+00  2.45513E+00  5.0
     38 26 22  511   1 3d3(4P3) 4p     -2.97400E+00  2.46583E+00 15.0
     39 26 22  311   1 3d3(4P3) 4p     -2.95817E+00  2.48166E+00  9.0
     40 26 22  521   2 3d3(4P3) 4p     -2.94763E+00  2.49220E+00 25.0
     41 26 22  351   1 3d3(2G3) 4p     -2.94587E+00  2.49396E+00 33.0
     42 26 22  341   2 3d3(2G3) 4p     -2.92868E+00  2.51115E+00 27.0
     43 26 22  101   1 3d3(2P3) 4p     -2.92262E+00  2.51721E+00  1.0
     44 26 22  331   2 3d3(2G3) 4p     -2.91130E+00  2.52853E+00 21.0
     45 26 22  141   1 3d3(2G3) 4p     -2.90897E+00  2.53086E+00  9.0
     46 26 22  151   1 3d3(2G3) 4p     -2.90280E+00  2.53703E+00 11.0
     47 26 22  131   1 3d3(2G3) 4p     -2.90030E+00  2.53953E+00  7.0
     48 26 22  311   2 3d3(2P3) 4p     -2.89875E+00  2.54108E+00  9.0
     49 26 22  121   1 3d3(2P3) 4p     -2.89565E+00  2.54418E+00  5.0
     50 26 22  501   1 3d3(4P3) 4p     -2.89337E+00  2.54646E+00  5.0
     51 26 22  351   2 3d3(2H3) 4p     -2.88290E+00  2.55693E+00 33.0
     52 26 22  321   2 3d3(4P3) 4p     -2.88288E+00  2.55695E+00 15.0
     53 26 22  301   1 3d3(4P3) 4p     -2.86975E+00  2.57008E+00  3.0
     54 26 22  111   1 3d3(2P3) 4p     -2.86777E+00  2.57206E+00  3.0
     55 26 22  321   3 3d3(2P3) 4p     -2.86763E+00  2.57220E+00 15.0
     56 26 22  331   3 3d3(2D3) 4p     -2.85755E+00  2.58228E+00 21.0
     57 26 22  151   2 3d3(2H3) 4p     -2.84265E+00  2.59718E+00 11.0
     58 26 22  321   4 3d3(2D3) 4p     -2.83275E+00  2.60708E+00 15.0
     59 26 22  141   2 3d3(2H3) 4p     -2.83155E+00  2.60828E+00  9.0
     60 26 22  311   3 3d3(2D3) 4p     -2.82402E+00  2.61581E+00  9.0
     61 26 22  131   2 3d3(2D3) 4p     -2.82395E+00  2.61588E+00  7.0
     62 26 22  341   3 3d3(2H3) 4p     -2.81167E+00  2.62816E+00 27.0
     63 26 22  301   2 3d3(2P3) 4p     -2.79855E+00  2.64128E+00  3.0
     64 26 22  111   2 3d3(2D3) 4p     -2.78728E+00  2.65255E+00  3.0
     65 26 22  121   2 3d3(2D3) 4p     -2.78547E+00  2.65436E+00  5.0
     66 26 22  331   4 3d3(2F3) 4p     -2.71392E+00  2.72591E+00 21.0
     67 26 22  341   4 3d3(2F3) 4p     -2.68335E+00  2.75648E+00 27.0
     68 26 22  121   3 3d3(2F3) 4p     -2.67092E+00  2.76891E+00  5.0
     69 26 22  321   5 3d3(2F3) 4p     -2.66905E+00  2.77078E+00 15.0
     70 26 22  141   3 3d3(2F3) 4p     -2.64720E+00  2.79263E+00  9.0
     71 26 22  131   3 3d3(2F3) 4p     -2.64435E+00  2.79548E+00  7.0
     72 26 22  321   6 3d3(2D1) 4p     -2.48867E+00  2.95116E+00 15.0
     73 26 22  121   4 3d3(2D1) 4p     -2.46861E+00  2.97122E+00  5.0
     74 26 22  331   5 3d3(2D1) 4p     -2.45449E+00  2.98534E+00 21.0
     75 26 22  131   4 3d3(2D1) 4p     -2.42157E+00  3.01826E+00  7.0
     76 26 22  311   4 3d3(2D1) 4p     -2.41964E+00  3.02019E+00  9.0
     77 26 22  111   3 3d3(2D1) 4p     -2.35885E+00  3.08098E+00  3.0
     78 26 22  550   1 3d3(4F3) 4d     -2.26365E+00  3.17618E+00 55.0
     79 26 22  510   2 3d3(4F3) 4d     -2.25877E+00  3.18106E+00 15.0
     80 26 22  320   4 3d3(4F3) 4d     -2.25070E+00  3.18913E+00 15.0
     81 26 22  530   2 3d3(4F3) 4d     -2.24985E+00  3.18998E+00 35.0
     82 26 22  540   1 3d3(4F3) 4d     -2.24192E+00  3.19791E+00 45.0
     83 26 22  310   5 3d3(4F3) 4d     -2.19520E+00  3.24463E+00  9.0
     84 26 22  350   3 3d3(4F3) 4d     -2.19501E+00  3.24482E+00 33.0
     85 26 22  340   3 3d3(4F3) 4d     -2.18675E+00  3.25308E+00 27.0
     86 26 22  330   5 3d3(4F3) 4d     -2.17904E+00  3.26079E+00 21.0
     87 26 22  520   2 3d3(4F3) 4d     -2.15383E+00  3.28600E+00 25.0
     88 26 22  320   5 3d3(4P3) 4d     -2.06200E+00  3.37783E+00 15.0
     89 26 22  130   3 3d3(2G3) 4d     -2.06196E+00  3.37787E+00  7.0
     90 26 22  530   3 3d3(4P3) 4d     -2.06061E+00  3.37922E+00 35.0
     91 26 22  150   2 3d3(2G3) 4d     -2.05524E+00  3.38459E+00 11.0
     92 26 22  340   4 3d3(2G3) 4d     -2.05388E+00  3.38595E+00 27.0
     93 26 22  350   4 3d3(2G3) 4d     -2.04360E+00  3.39623E+00 33.0
     94 26 22  510   3 3d3(4P3) 4d     -2.03859E+00  3.40124E+00 15.0
     95 26 22  320   6 3d3(2G3) 4d     -2.01903E+00  3.42080E+00 15.0
     96 26 22  330   6 3d3(4P3) 4d     -2.01742E+00  3.42241E+00 21.0
     97 26 22  120   5 3d3(2G3) 4d     -2.01683E+00  3.42300E+00  5.0
     98 26 22  110   2 3d3(2P3) 4d     -2.01517E+00  3.42466E+00  3.0
     99 26 22  520   3 3d3(4P3) 4d     -2.01262E+00  3.42721E+00 25.0
    100 26 22  330   7 3d3(2G3) 4d     -2.01116E+00  3.42867E+00 21.0
    101 26 22  150   3 3d3(2H3) 4d     -2.00169E+00  3.43814E+00 11.0
    102 26 22  300   1 3d3(2D3) 4d     -1.99673E+00  3.44310E+00  3.0
    103 26 22  140   4 3d3(2G3) 4d     -1.99486E+00  3.44497E+00  9.0
    104 26 22  310   6 3d3(4P3) 4d     -1.99161E+00  3.44822E+00  9.0
    105 26 22  320   7 3d3(2P3) 4d     -1.99145E+00  3.44838E+00 15.0
    106 26 22  130   4 3d3(2P3) 4d     -1.98967E+00  3.45016E+00  7.0
    107 26 22  340   5 3d3(2D3) 4d     -1.97716E+00  3.46267E+00 27.0
    108 26 22  110   3 3d3(2D3) 4d     -1.96884E+00  3.47099E+00  3.0
    109 26 22  330   8 3d3(2P3) 4d     -1.95758E+00  3.48225E+00 21.0
    110 26 22  310   7 3d3(2P3) 4d     -1.95358E+00  3.48625E+00  9.0
    111 26 22  140   5 3d3(2H3) 4d     -1.95015E+00  3.48968E+00  9.0
    112 26 22  130   5 3d3(2H3) 4d     -1.94760E+00  3.49223E+00  7.0
    113 26 22  120   6 3d3(2D3) 4d     -1.94570E+00  3.49413E+00  5.0
    114 26 22  530   4 3d3(4F3) 5s     -1.91239E+00  3.52744E+00 35.0
    115 26 22  330   9 3d3(2H3) 4d     -1.90947E+00  3.53036E+00 21.0
    116 26 22  340   6 3d3(2H3) 4d     -1.90808E+00  3.53175E+00 27.0
    117 26 22  330  10 3d3(2D3) 4d     -1.89797E+00  3.54186E+00 21.0
    118 26 22  350   5 3d3(2H3) 4d     -1.89029E+00  3.54954E+00 33.0
    119 26 22  330  11 3d3(4F3) 5s     -1.87692E+00  3.56291E+00 21.0
    120 26 22  310   8 3d3(2D3) 4d     -1.87279E+00  3.56704E+00  9.0
    121 26 22  320   8 3d3(2D3) 4d     -1.87172E+00  3.56811E+00 15.0
    122 26 22  130   6 3d3(2D3) 4d     -1.85787E+00  3.58196E+00  7.0
    123 26 22  120   7 3d3(2P3) 4d     -1.84904E+00  3.59079E+00  5.0
    124 26 22  140   6 3d3(2D3) 4d     -1.83792E+00  3.60191E+00  9.0
    125 26 22  100   3 3d3(2D3) 4d     -1.79407E+00  3.64576E+00  1.0
    126 26 22  110   4 3d3(2F3) 4d     -1.79086E+00  3.64897E+00  3.0
    127 26 22  150   4 3d3(2F3) 4d     -1.78689E+00  3.65294E+00 11.0
    128 26 22  350   6 3d3(2F3) 4d     -1.78183E+00  3.65800E+00 33.0
    129 26 22  340   7 3d3(2F3) 4d     -1.77562E+00  3.66421E+00 27.0
    130 26 22  320   9 3d3(2F3) 4d     -1.76906E+00  3.67077E+00 15.0
    131 26 22  330  12 3d3(2F3) 4d     -1.75995E+00  3.67988E+00 21.0
    132 26 22  510   4 3d3(4P3) 5s     -1.74920E+00  3.69063E+00 15.0
    133 26 22  310   9 3d3(4P3) 5s     -1.72806E+00  3.71177E+00  9.0
    134 26 22  130   7 3d3(2F3) 4d     -1.72764E+00  3.71219E+00  7.0
    135 26 22  340   8 3d3(2G3) 5s     -1.72691E+00  3.71292E+00 27.0
    136 26 22  140   7 3d3(2G3) 5s     -1.71628E+00  3.72355E+00  9.0
    137 26 22  120   8 3d3(2F3) 4d     -1.69116E+00  3.74867E+00  5.0
    138 26 22  310  10 3d3(2F3) 4d     -1.68439E+00  3.75544E+00  9.0
    139 26 22  310  11 3d3(2P3) 5s     -1.67815E+00  3.76168E+00  9.0
    140 26 22  541   2 3d3(4F3) 5p     -1.67577E+00  3.76406E+00 45.0
    141 26 22  521   3 3d3(4F3) 5p     -1.66791E+00  3.77192E+00 25.0
    142 26 22  140   8 3d3(2F3) 4d     -1.66765E+00  3.77218E+00  9.0
    143 26 22  110   5 3d3(2P3) 5s     -1.66755E+00  3.77228E+00  3.0
    144 26 22  531   2 3d3(4F3) 5p     -1.66394E+00  3.77589E+00 35.0
    145 26 22  321   7 3d3(4F3) 5p     -1.66088E+00  3.77895E+00 15.0
    146 26 22  350   7 3d3(2H3) 5s     -1.65907E+00  3.78076E+00 33.0
    147 26 22  320  10 3d3(2D3) 5s     -1.65510E+00  3.78473E+00 15.0
    148 26 22  341   5 3d3(4F3) 5p     -1.65286E+00  3.78697E+00 27.0
    149 26 22  150   5 3d3(2H3) 5s     -1.64674E+00  3.79309E+00 11.0
    150 26 22  331   6 3d3(4F3) 5p     -1.64395E+00  3.79588E+00 21.0
    151 26 22  120   9 3d3(2D3) 5s     -1.64246E+00  3.79737E+00  5.0
    152 26 22  501   2 3d3(4F3) 4f     -1.60404E+00  3.83579E+00  5.0
    153 26 22  551   1 3d3(4F3) 4f     -1.59515E+00  3.84468E+00 55.0
    154 26 22  541   3 3d3(4F3) 4f     -1.59377E+00  3.84606E+00 45.0
    155 26 22  321   8 3d3(4F3) 4f     -1.59130E+00  3.84853E+00 15.0
    156 26 22  511   2 3d3(4F3) 4f     -1.59071E+00  3.84912E+00 15.0
    157 26 22  311   5 3d3(4F3) 4f     -1.58654E+00  3.85329E+00  9.0
    158 26 22  331   7 3d3(4F3) 4f     -1.58445E+00  3.85538E+00 21.0
    159 26 22  531   3 3d3(4F3) 4f     -1.58135E+00  3.85848E+00 35.0
    160 26 22  521   4 3d3(4F3) 4f     -1.57990E+00  3.85993E+00 25.0
    161 26 22  351   3 3d3(4F3) 4f     -1.57628E+00  3.86355E+00 33.0
    162 26 22  301   3 3d3(4F3) 4f     -1.57623E+00  3.86360E+00  3.0
    163 26 22  341   6 3d3(4F3) 4f     -1.56938E+00  3.87045E+00 27.0
    164 26 22  130   8 3d3(2D1) 4d     -1.56291E+00  3.87692E+00  7.0
    165 26 22  320  11 3d3(2D1) 4d     -1.55746E+00  3.88237E+00 15.0
    166 26 22  340   9 3d3(2D1) 4d     -1.53908E+00  3.90075E+00 27.0
    167 26 22  110   6 3d3(2D1) 4d     -1.52435E+00  3.91548E+00  3.0
    168 26 22  300   2 3d3(2D1) 4d     -1.52224E+00  3.91759E+00  3.0
    169 26 22  330  13 3d3(2D1) 4d     -1.51882E+00  3.92101E+00 21.0
    170 26 22  511   3 3d3(4P3) 5p     -1.51377E+00  3.92606E+00 15.0
    171 26 22  311   6 3d3(4P3) 5p     -1.50577E+00  3.93406E+00  9.0
    172 26 22  521   5 3d3(4P3) 5p     -1.50495E+00  3.93488E+00 25.0
    173 26 22  330  14 3d3(2F3) 5s     -1.49667E+00  3.94316E+00 21.0
    174 26 22  310  12 3d3(2D1) 4d     -1.49219E+00  3.94764E+00  9.0
    175 26 22  351   4 3d3(2G3) 5p     -1.48903E+00  3.95080E+00 33.0
    176 26 22  140   9 3d3(2D1) 4d     -1.48841E+00  3.95142E+00  9.0
    177 26 22  341   7 3d3(2G3) 5p     -1.48801E+00  3.95182E+00 27.0
    178 26 22  130   9 3d3(2F3) 5s     -1.48715E+00  3.95268E+00  7.0
    179 26 22  501   3 3d3(4P3) 5p     -1.48420E+00  3.95563E+00  5.0
    180 26 22  321   9 3d3(4P3) 5p     -1.48154E+00  3.95829E+00 15.0
    181 26 22  141   4 3d3(2G3) 5p     -1.48068E+00  3.95915E+00  9.0
    182 26 22  331   8 3d3(2G3) 5p     -1.47848E+00  3.96135E+00 21.0
    183 26 22  151   3 3d3(2G3) 5p     -1.47526E+00  3.96457E+00 11.0
    184 26 22  131   5 3d3(2G3) 5p     -1.47249E+00  3.96734E+00  7.0
    185 26 22  301   4 3d3(4P3) 5p     -1.45276E+00  3.98707E+00  3.0
    186 26 22  101   2 3d3(2P3) 5p     -1.45271E+00  3.98712E+00  1.0
    187 26 22  311   7 3d3(2P3) 5p     -1.44027E+00  3.99956E+00  9.0
    188 26 22  321  10 3d3(2P3) 5p     -1.43861E+00  4.00122E+00 15.0
    189 26 22  121   5 3d3(2P3) 5p     -1.43740E+00  4.00243E+00  5.0
    190 26 22  531   4 3d3(4P3) 4f     -1.43708E+00  4.00275E+00 35.0
    191 26 22  301   5 3d3(2P3) 5p     -1.43552E+00  4.00431E+00  3.0
    192 26 22  331   9 3d3(4P3) 4f     -1.43446E+00  4.00537E+00 21.0
    193 26 22  351   5 3d3(2H3) 5p     -1.43022E+00  4.00961E+00 33.0
    194 26 22  111   4 3d3(2P3) 5p     -1.42784E+00  4.01199E+00  3.0
    195 26 22  541   4 3d3(4P3) 4f     -1.42778E+00  4.01205E+00 45.0
    196 26 22  120  10 3d3(2D1) 4d     -1.42633E+00  4.01350E+00  5.0
    197 26 22  521   6 3d3(4P3) 4f     -1.41755E+00  4.02228E+00 25.0
    198 26 22  151   4 3d3(2H3) 5p     -1.41739E+00  4.02244E+00 11.0
    199 26 22  331  10 3d3(2D3) 5p     -1.41702E+00  4.02281E+00 21.0
    200 26 22  351   6 3d3(2G3) 4f     -1.41426E+00  4.02557E+00 33.0
    201 26 22  341   8 3d3(4P3) 4f     -1.41180E+00  4.02803E+00 27.0
    202 26 22  311   8 3d3(2D3) 5p     -1.41104E+00  4.02879E+00  9.0
    203 26 22  131   6 3d3(2G3) 4f     -1.40916E+00  4.03067E+00  7.0
    204 26 22  341   9 3d3(2G3) 4f     -1.40555E+00  4.03428E+00 27.0
    205 26 22  121   6 3d3(2G3) 4f     -1.40499E+00  4.03484E+00  5.0
    206 26 22  321  11 3d3(2D3) 5p     -1.40494E+00  4.03489E+00 15.0
    207 26 22  141   5 3d3(2H3) 5p     -1.40364E+00  4.03619E+00  9.0
    208 26 22  321  12 3d3(4P3) 4f     -1.40328E+00  4.03655E+00 15.0
    209 26 22  131   7 3d3(2D3) 5p     -1.40262E+00  4.03721E+00  7.0
    210 26 22  111   5 3d3(2D3) 5p     -1.40099E+00  4.03884E+00  3.0
    211 26 22  151   5 3d3(2G3) 4f     -1.40060E+00  4.03923E+00 11.0
    212 26 22  341  10 3d3(2H3) 5p     -1.39944E+00  4.04039E+00 27.0
    213 26 22  311   9 3d3(2G3) 4f     -1.39825E+00  4.04158E+00  9.0
    214 26 22  331  11 3d3(2G3) 4f     -1.39814E+00  4.04169E+00 21.0
    215 26 22  141   6 3d3(2G3) 4f     -1.39727E+00  4.04256E+00  9.0
    216 26 22  321  13 3d3(2G3) 4f     -1.39486E+00  4.04497E+00 15.0
    217 26 22  121   7 3d3(2D3) 5p     -1.39382E+00  4.04601E+00  5.0
    218 26 22  330  15 3d2 4s2         -1.38801E+00  4.05182E+00 21.0
    219 26 22  111   6 3d3(2G3) 4f     -1.38424E+00  4.05559E+00  3.0
    220 26 22  121   8 3d3(2P3) 4f     -1.36828E+00  4.07155E+00  5.0
    221 26 22  141   7 3d3(2P3) 4f     -1.36697E+00  4.07286E+00  9.0
    222 26 22  331  12 3d3(2P3) 4f     -1.36285E+00  4.07698E+00 21.0
    223 26 22  341  11 3d3(2P3) 4f     -1.36163E+00  4.07820E+00 27.0
    224 26 22  321  14 3d3(2P3) 4f     -1.35776E+00  4.08207E+00 15.0
    225 26 22  151   6 3d3(2H3) 4f     -1.35027E+00  4.08956E+00 11.0
    226 26 22  351   7 3d3(2D3) 4f     -1.34440E+00  4.09543E+00 33.0
    227 26 22  311  10 3d3(2D3) 4f     -1.34415E+00  4.09568E+00  9.0
    228 26 22  121   9 3d3(2D3) 4f     -1.34269E+00  4.09714E+00  5.0
    229 26 22  351   8 3d3(2H3) 4f     -1.34044E+00  4.09939E+00 33.0
    230 26 22  131   8 3d3(2P3) 4f     -1.33912E+00  4.10071E+00  7.0
    231 26 22  341  12 3d3(2H3) 4f     -1.33712E+00  4.10271E+00 27.0
    232 26 22  141   8 3d3(2H3) 4f     -1.33300E+00  4.10683E+00  9.0
    233 26 22  341  13 3d3(2D3) 4f     -1.32907E+00  4.11076E+00 27.0
    234 26 22  151   7 3d3(2D3) 4f     -1.32899E+00  4.11084E+00 11.0
    235 26 22  321  15 3d3(2D3) 4f     -1.32869E+00  4.11114E+00 15.0
    236 26 22  331  13 3d3(2D3) 4f     -1.32840E+00  4.11143E+00 21.0
    237 26 22  131   9 3d3(2D3) 4f     -1.32614E+00  4.11369E+00  7.0
    238 26 22  111   7 3d3(2D3) 4f     -1.32593E+00  4.11390E+00  3.0
    239 26 22  331  14 3d3(2H3) 4f     -1.32227E+00  4.11756E+00 21.0
    240 26 22  550   2 3d3(4F3) 5d     -1.32113E+00  4.11870E+00 55.0
    241 26 22  510   5 3d3(4F3) 5d     -1.31885E+00  4.12098E+00 15.0
    242 26 22  131  10 3d3(2H3) 4f     -1.31637E+00  4.12346E+00  7.0
    243 26 22  530   5 3d3(4F3) 5d     -1.31487E+00  4.12496E+00 35.0
    244 26 22  121  10 3d3(2H3) 4f     -1.31452E+00  4.12531E+00  5.0
    245 26 22  141   9 3d3(2D3) 4f     -1.31281E+00  4.12702E+00  9.0
    246 26 22  540   2 3d3(4F3) 5d     -1.31238E+00  4.12745E+00 45.0
    247 26 22  321  16 3d3(2H3) 4f     -1.31215E+00  4.12768E+00 15.0
    248 26 22  100   4 3d3(2D1) 4d     -1.31091E+00  4.12892E+00  1.0
    249 26 22  320  12 3d3(4F3) 5d     -1.31066E+00  4.12917E+00 15.0
    250 26 22  310  13 3d3(4F3) 5d     -1.28448E+00  4.15535E+00  9.0
    251 26 22  350   8 3d3(4F3) 5d     -1.28376E+00  4.15607E+00 33.0
    252 26 22  340  10 3d3(4F3) 5d     -1.27957E+00  4.16026E+00 27.0
    253 26 22  330  16 3d3(4F3) 5d     -1.27103E+00  4.16880E+00 21.0
    254 26 22  320  13 3d3(2D1) 5s     -1.26985E+00  4.16998E+00 15.0
    255 26 22  520   4 3d3(4F3) 5d     -1.26661E+00  4.17322E+00 25.0
    256 26 22  331  15 3d3(2F3) 5p     -1.26238E+00  4.17745E+00 21.0
    257 26 22  120  11 3d3(2D1) 5s     -1.25991E+00  4.17992E+00  5.0
    258 26 22  341  14 3d3(2F3) 5p     -1.25336E+00  4.18647E+00 27.0
    259 26 22  321  17 3d3(2F3) 5p     -1.24590E+00  4.19393E+00 15.0
    260 26 22  141  10 3d3(2F3) 5p     -1.24586E+00  4.19397E+00  9.0
    261 26 22  121  11 3d3(2F3) 5p     -1.24301E+00  4.19682E+00  5.0
    262 26 22  131  11 3d3(2F3) 5p     -1.24067E+00  4.19916E+00  7.0
    263 26 22  120  12 3d2 4s2         -1.21050E+00  4.22933E+00  5.0
    264 26 22  351   9 3d3(2F3) 4f     -1.18351E+00  4.25632E+00 33.0
    265 26 22  341  15 3d3(2F3) 4f     -1.18174E+00  4.25809E+00 27.0
    266 26 22  310  14 3d2 4s2         -1.18003E+00  4.25980E+00  9.0
    267 26 22  331  16 3d3(2F3) 4f     -1.17985E+00  4.25998E+00 21.0
    268 26 22  101   3 3d3(2F3) 4f     -1.17747E+00  4.26236E+00  1.0
    269 26 22  321  18 3d3(2F3) 4f     -1.17264E+00  4.26719E+00 15.0
    270 26 22  141  11 3d3(2F3) 4f     -1.17016E+00  4.26967E+00  9.0
    271 26 22  530   6 3d3(4F3) 6s     -1.16804E+00  4.27179E+00 35.0
    272 26 22  111   8 3d3(2F3) 4f     -1.16676E+00  4.27307E+00  3.0
    273 26 22  131  12 3d3(2F3) 4f     -1.16507E+00  4.27476E+00  7.0
    274 26 22  151   8 3d3(2F3) 4f     -1.16212E+00  4.27771E+00 11.0
    275 26 22  121  12 3d3(2F3) 4f     -1.16181E+00  4.27802E+00  5.0
    276 26 22  311  11 3d3(2F3) 4f     -1.16036E+00  4.27947E+00  9.0
    277 26 22  330  17 3d3(4F3) 6s     -1.15927E+00  4.28056E+00 21.0
    278 26 22  301   6 3d3(2F3) 4f     -1.15241E+00  4.28742E+00  3.0
    279 26 22  530   7 3d3(4P3) 5d     -1.14379E+00  4.29604E+00 35.0
    280 26 22  320  14 3d3(4P3) 5d     -1.14039E+00  4.29944E+00 15.0
    281 26 22  510   6 3d3(4P3) 5d     -1.13443E+00  4.30540E+00 15.0
    282 26 22  520   5 3d3(4P3) 5d     -1.13148E+00  4.30835E+00 25.0
    283 26 22  130  10 3d3(2G3) 5d     -1.13061E+00  4.30922E+00  7.0
    284 26 22  150   6 3d3(2G3) 5d     -1.12783E+00  4.31200E+00 11.0
    285 26 22  340  11 3d3(2G3) 5d     -1.12489E+00  4.31494E+00 27.0
    286 26 22  350   9 3d3(2G3) 5d     -1.12275E+00  4.31708E+00 33.0
    287 26 22  140  10 3d2 4s2         -1.11760E+00  4.32223E+00  9.0
    288 26 22  330  18 3d3(4P3) 5d     -1.11513E+00  4.32470E+00 21.0
    289 26 22  320  15 3d3(2G3) 5d     -1.10818E+00  4.33165E+00 15.0
    290 26 22  120  13 3d3(2G3) 5d     -1.10350E+00  4.33633E+00  5.0
    291 26 22  330  19 3d3(2G3) 5d     -1.10253E+00  4.33730E+00 21.0
    292 26 22  310  15 3d3(4P3) 5d     -1.10019E+00  4.33964E+00  9.0
    293 26 22  140  11 3d3(2G3) 5d     -1.08382E+00  4.35601E+00  9.0
    294 26 22  110   7 3d3(2P3) 5d     -1.08239E+00  4.35744E+00  3.0
    295 26 22  320  16 3d3(2P3) 5d     -1.07377E+00  4.36606E+00 15.0
    296 26 22  130  11 3d3(2P3) 5d     -1.07286E+00  4.36697E+00  7.0
    297 26 22  150   7 3d3(2H3) 5d     -1.06841E+00  4.37142E+00 11.0
    298 26 22  300   3 3d3(2D3) 5d     -1.06469E+00  4.37514E+00  3.0
    299 26 22  330  20 3d3(2P3) 5d     -1.06103E+00  4.37880E+00 21.0
    300 26 22  310  16 3d3(2P3) 5d     -1.05749E+00  4.38234E+00  9.0
    301 26 22  340  12 3d3(2D3) 5d     -1.05739E+00  4.38244E+00 27.0
    302 26 22  110   8 3d3(2D3) 5d     -1.05684E+00  4.38299E+00  3.0
    303 26 22  541   5 3d3(4F3) 6p     -1.05138E+00  4.38845E+00 45.0
    304 26 22  541   6 3d2 4s(4FE) 4p  -1.05052E+00  4.38931E+00 45.0
    305 26 22  531   5 3d2 4s(4FE) 4p  -1.04836E+00  4.39147E+00 35.0
    306 26 22  521   7 3d3(4F3) 6p     -1.04735E+00  4.39248E+00 25.0
    307 26 22  130  12 3d3(2H3) 5d     -1.04613E+00  4.39370E+00  7.0
    308 26 22  531   6 3d3(4F3) 6p     -1.04471E+00  4.39512E+00 35.0
    309 26 22  321  19 3d3(4F3) 6p     -1.04376E+00  4.39607E+00 15.0
    310 26 22  330  21 3d3(2D3) 5d     -1.04040E+00  4.39943E+00 21.0
    311 26 22  341  16 3d3(4F3) 6p     -1.04025E+00  4.39958E+00 27.0
    312 26 22  140  12 3d3(2H3) 5d     -1.03942E+00  4.40041E+00  9.0
    313 26 22  120  14 3d3(2D3) 5d     -1.03671E+00  4.40312E+00  5.0
    314 26 22  331  17 3d3(4F3) 6p     -1.03658E+00  4.40325E+00 21.0
    315 26 22  321  20 3d3(2D1) 5p     -1.03635E+00  4.40348E+00 15.0
    316 26 22  340  13 3d3(2H3) 5d     -1.03625E+00  4.40358E+00 27.0
    317 26 22  121  13 3d3(2D1) 5p     -1.03390E+00  4.40593E+00  5.0
    318 26 22  350  10 3d3(2H3) 5d     -1.03065E+00  4.40918E+00 33.0
    319 26 22  501   4 3d3(4F3) 5f     -1.02912E+00  4.41071E+00  5.0
    320 26 22  551   2 3d3(4F3) 5f     -1.02423E+00  4.41560E+00 55.0
    321 26 22  331  18 3d3(2D1) 5p     -1.02236E+00  4.41747E+00 21.0
    322 26 22  310  17 3d3(2D3) 5d     -1.02234E+00  4.41749E+00  9.0
    323 26 22  320  17 3d3(2D3) 5d     -1.02164E+00  4.41819E+00 15.0
    324 26 22  541   7 3d3(4F3) 5f     -1.02090E+00  4.41893E+00 45.0
    325 26 22  521   8 3d2 4s(4FE) 4p  -1.02085E+00  4.41898E+00 25.0
    326 26 22  321  21 3d3(4F3) 5f     -1.01995E+00  4.41988E+00 15.0
    327 26 22  511   4 3d3(4F3) 5f     -1.01953E+00  4.42030E+00 15.0
    328 26 22  330  22 3d3(2H3) 5d     -1.01655E+00  4.42328E+00 21.0
    329 26 22  311  12 3d3(4F3) 5f     -1.01593E+00  4.42390E+00  9.0
    330 26 22  331  19 3d3(4F3) 5f     -1.01561E+00  4.42422E+00 21.0
    331 26 22  120  15 3d3(2P3) 5d     -1.01432E+00  4.42551E+00  5.0
    332 26 22  531   7 3d3(4F3) 5f     -1.01270E+00  4.42713E+00 35.0
    333 26 22  131  13 3d3(2D1) 5p     -1.01206E+00  4.42777E+00  7.0
    334 26 22  351  10 3d3(4F3) 5f     -1.01045E+00  4.42938E+00 33.0
    335 26 22  301   7 3d3(4F3) 5f     -1.00997E+00  4.42986E+00  3.0
    336 26 22  521   9 3d3(4F3) 5f     -1.00919E+00  4.43064E+00 25.0
    337 26 22  311  13 3d3(2D1) 5p     -1.00918E+00  4.43065E+00  9.0
    338 26 22  341  17 3d3(4F3) 5f     -1.00779E+00  4.43204E+00 27.0
    339 26 22  510   7 3d3(4P3) 6s     -1.00385E+00  4.43598E+00 15.0
    340 26 22  140  13 3d3(2D3) 5d     -1.00170E+00  4.43813E+00  9.0
    341 26 22  130  13 3d3(2D3) 5d     -9.94478E-01  4.44535E+00  7.0
    342 26 22  310  18 3d3(4P3) 6s     -9.94235E-01  4.44559E+00  9.0
    343 26 22  331  20 3d2 4s(4FE) 4p  -9.92018E-01  4.44781E+00 21.0
    344 26 22  111   9 3d3(2D1) 5p     -9.89825E-01  4.45000E+00  3.0
    345 26 22  340  14 3d3(2G3) 6s     -9.84987E-01  4.45484E+00 27.0
    346 26 22  140  14 3d3(2G3) 6s     -9.80050E-01  4.45978E+00  9.0
    347 26 22  321  22 3d2 4s(4FE) 4p  -9.78035E-01  4.46179E+00 15.0
    348 26 22  100   5 3d3(2D3) 5d     -9.77555E-01  4.46228E+00  1.0
    349 26 22  141  12 3d3(2D1) 4f     -9.63880E-01  4.47595E+00  9.0
    350 26 22  341  18 3d2 4s(4FE) 4p  -9.59560E-01  4.48027E+00 27.0
    351 26 22  331  21 3d3(2D1) 4f     -9.57138E-01  4.48269E+00 21.0
    352 26 22  131  14 3d2 4s(2FE) 4p  -9.56605E-01  4.48322E+00  7.0
    353 26 22  121  14 3d2 4s(2DE) 4p  -9.53210E-01  4.48662E+00  5.0
    354 26 22  341  19 3d3(2D1) 4f     -9.50947E-01  4.48888E+00 27.0
    355 26 22  351  11 3d3(2D1) 4f     -9.42310E-01  4.49752E+00 33.0
    356 26 22  321  23 3d3(2D1) 4f     -9.38900E-01  4.50093E+00 15.0
    357 26 22  131  15 3d3(2D1) 4f     -9.37975E-01  4.50185E+00  7.0
    358 26 22  310  19 3d3(2P3) 6s     -9.37157E-01  4.50267E+00  9.0
    359 26 22  121  15 3d3(2D1) 4f     -9.34492E-01  4.50534E+00  5.0
    360 26 22  110   9 3d3(2P3) 6s     -9.32457E-01  4.50737E+00  3.0
    361 26 22  151   9 3d3(2D1) 4f     -9.31527E-01  4.50830E+00 11.0
    362 26 22  311  14 3d3(2D1) 4f     -9.26890E-01  4.51294E+00  9.0
    363 26 22  501   5 3d2 4s(4PE) 4p  -9.17890E-01  4.52194E+00  5.0
    364 26 22  350  11 3d3(2H3) 6s     -9.16080E-01  4.52375E+00 33.0
    365 26 22  320  18 3d3(2D3) 6s     -9.14105E-01  4.52572E+00 15.0
    366 26 22  150   8 3d3(2H3) 6s     -9.13213E-01  4.52662E+00 11.0
    367 26 22  120  16 3d3(2D3) 6s     -9.09397E-01  4.53043E+00  5.0
    368 26 22  301   8 3d2 4s(4PE) 4p  -9.08495E-01  4.53133E+00  3.0
    369 26 22  141  13 3d2 4s(2FE) 4p  -9.07342E-01  4.53249E+00  9.0
    370 26 22  111  10 3d3(2D1) 4f     -8.99332E-01  4.54050E+00  3.0
    371 26 22  101   4 3d2 4s(2PE) 4p  -8.97690E-01  4.54214E+00  1.0
    372 26 22  340  15 3d3(2F3) 5d     -8.89548E-01  4.55028E+00 27.0
    373 26 22  511   5 3d3(4P3) 6p     -8.87535E-01  4.55229E+00 15.0
    374 26 22  350  12 3d3(2F3) 5d     -8.86865E-01  4.55296E+00 33.0
    375 26 22  110  10 3d3(2F3) 5d     -8.85622E-01  4.55421E+00  3.0
    376 26 22  320  19 3d3(2F3) 5d     -8.84820E-01  4.55501E+00 15.0
    377 26 22  521  10 3d3(4P3) 6p     -8.84480E-01  4.55535E+00 25.0
    378 26 22  150   9 3d3(2F3) 5d     -8.83800E-01  4.55603E+00 11.0
    379 26 22  311  15 3d3(4P3) 6p     -8.83585E-01  4.55624E+00  9.0
    380 26 22  330  23 3d3(2F3) 5d     -8.82715E-01  4.55711E+00 21.0
    381 26 22  311  16 3d2 4s(2DE) 4p  -8.79305E-01  4.56052E+00  9.0
    382 26 22  501   6 3d3(4P3) 6p     -8.74780E-01  4.56505E+00  5.0
    383 26 22  321  24 3d3(4P3) 6p     -8.74050E-01  4.56578E+00 15.0
    384 26 22  130  14 3d3(2F3) 5d     -8.72368E-01  4.56746E+00  7.0
    385 26 22  550   3 3d3(4F3) 6d     -8.70290E-01  4.56954E+00 55.0
    386 26 22  331  22 3d2 4s(2FE) 4p  -8.70067E-01  4.56976E+00 21.0
    387 26 22  510   8 3d3(4F3) 6d     -8.68897E-01  4.57093E+00 15.0
    388 26 22  351  12 3d3(2G3) 6p     -8.67352E-01  4.57248E+00 33.0
    389 26 22  341  20 3d3(2G3) 6p     -8.67152E-01  4.57268E+00 27.0
    390 26 22  530   8 3d3(4F3) 6d     -8.67010E-01  4.57282E+00 35.0
    391 26 22  521  11 3d2 4s(4PE) 4p  -8.66830E-01  4.57300E+00 25.0
    392 26 22  540   3 3d3(4F3) 6d     -8.65987E-01  4.57384E+00 45.0
    393 26 22  141  14 3d3(2G3) 6p     -8.63548E-01  4.57628E+00  9.0
    394 26 22  331  23 3d3(2G3) 6p     -8.62165E-01  4.57766E+00 21.0
    395 26 22  320  20 3d3(4F3) 6d     -8.61520E-01  4.57831E+00 15.0
    396 26 22  151  10 3d3(2G3) 6p     -8.61070E-01  4.57876E+00 11.0
    397 26 22  531   8 3d3(4P3) 5f     -8.60000E-01  4.57983E+00 35.0
    398 26 22  301   9 3d3(4P3) 6p     -8.59940E-01  4.57989E+00  3.0
    399 26 22  331  24 3d3(4P3) 5f     -8.59025E-01  4.58080E+00 21.0
    400 26 22  131  16 3d3(2G3) 6p     -8.58815E-01  4.58101E+00  7.0
    401 26 22  541   8 3d3(4P3) 5f     -8.58632E-01  4.58120E+00 45.0
    402 26 22  310  20 3d3(2F3) 5d     -8.50225E-01  4.58960E+00  9.0
    403 26 22  521  12 3d3(4P3) 5f     -8.48545E-01  4.59128E+00 25.0
    404 26 22  341  21 3d3(4P3) 5f     -8.45877E-01  4.59395E+00 27.0
    405 26 22  310  21 3d3(4F3) 6d     -8.45622E-01  4.59421E+00  9.0
    406 26 22  350  13 3d3(4F3) 6d     -8.45318E-01  4.59451E+00 33.0
    407 26 22  330  24 3d3(4F3) 6d     -8.43520E-01  4.59631E+00 21.0
    408 26 22  351  13 3d3(2G3) 5f     -8.42062E-01  4.59777E+00 33.0
    409 26 22  140  15 3d3(2F3) 5d     -8.42008E-01  4.59782E+00  9.0
    410 26 22  340  16 3d3(4F3) 6d     -8.41738E-01  4.59809E+00 27.0
    411 26 22  321  25 3d2 4s(2FE) 4p  -8.41467E-01  4.59836E+00 15.0
    412 26 22  321  26 3d3(4P3) 5f     -8.41042E-01  4.59879E+00 15.0
    413 26 22  520   6 3d3(4F3) 6d     -8.40562E-01  4.59927E+00 25.0
    414 26 22  120  17 3d3(2F3) 5d     -8.38100E-01  4.60173E+00  5.0
    415 26 22  341  22 3d3(2G3) 5f     -8.37685E-01  4.60214E+00 27.0
    416 26 22  131  17 3d3(2G3) 5f     -8.35865E-01  4.60396E+00  7.0
    417 26 22  121  16 3d3(2G3) 5f     -8.35035E-01  4.60479E+00  5.0
    418 26 22  311  17 3d3(2G3) 5f     -8.32455E-01  4.60737E+00  9.0
    419 26 22  331  25 3d3(2G3) 5f     -8.31887E-01  4.60794E+00 21.0
    420 26 22  151  11 3d3(2G3) 5f     -8.31460E-01  4.60837E+00 11.0
    421 26 22  141  15 3d3(2G3) 5f     -8.30510E-01  4.60932E+00  9.0
    422 26 22  321  27 3d3(2G3) 5f     -8.25930E-01  4.61390E+00 15.0
    423 26 22  511   6 3d2 4s(4PE) 4p  -8.25657E-01  4.61417E+00 15.0
    424 26 22  111  11 3d3(2G3) 5f     -8.25572E-01  4.61426E+00  3.0
    425 26 22  101   5 3d3(2P3) 6p     -8.24660E-01  4.61517E+00  1.0
    426 26 22  321  28 3d3(2P3) 6p     -8.18138E-01  4.62169E+00 15.0
    427 26 22  341  23 3d2 4s(2FE) 4p  -8.17967E-01  4.62186E+00 27.0
    428 26 22  311  18 3d3(2P3) 6p     -8.17435E-01  4.62239E+00  9.0
    429 26 22  301  10 3d3(2P3) 6p     -8.16962E-01  4.62287E+00  3.0
    430 26 22  121  17 3d3(2P3) 6p     -8.16030E-01  4.62380E+00  5.0
    431 26 22  111  12 3d3(2P3) 6p     -8.09755E-01  4.63007E+00  3.0
    432 26 22  351  14 3d3(2H3) 6p     -8.02182E-01  4.63765E+00 33.0
    433 26 22  331  26 3d3(2D3) 6p     -7.97495E-01  4.64233E+00 21.0
    434 26 22  151  12 3d3(2H3) 6p     -7.96710E-01  4.64312E+00 11.0
    435 26 22  311  19 3d3(2D3) 6p     -7.94875E-01  4.64495E+00  9.0
    436 26 22  121  18 3d3(2P3) 5f     -7.94650E-01  4.64518E+00  5.0
    437 26 22  141  16 3d3(2P3) 5f     -7.92617E-01  4.64721E+00  9.0
    438 26 22  331  27 3d3(2P3) 5f     -7.91300E-01  4.64853E+00 21.0
    439 26 22  341  24 3d3(2P3) 5f     -7.91282E-01  4.64855E+00 27.0
    440 26 22  111  13 3d3(2D3) 6p     -7.91110E-01  4.64872E+00  3.0
    441 26 22  321  29 3d3(2D3) 6p     -7.91075E-01  4.64876E+00 15.0
    442 26 22  131  18 3d3(2D3) 6p     -7.90985E-01  4.64884E+00  7.0
    443 26 22  321  30 3d3(2P3) 5f     -7.89322E-01  4.65051E+00 15.0
    444 26 22  341  25 3d3(2H3) 6p     -7.89152E-01  4.65068E+00 27.0
    445 26 22  530   9 3d3(4F3) 7s     -7.87980E-01  4.65185E+00 35.0
    446 26 22  141  17 3d3(2H3) 6p     -7.87720E-01  4.65211E+00  9.0
    447 26 22  121  19 3d3(2D3) 6p     -7.86230E-01  4.65360E+00  5.0
    448 26 22  330  25 3d3(4F3) 7s     -7.82890E-01  4.65694E+00 21.0
    449 26 22  131  19 3d3(2P3) 5f     -7.77877E-01  4.66195E+00  7.0
    450 26 22  151  13 3d3(2H3) 5f     -7.73112E-01  4.66672E+00 11.0
    451 26 22  351  15 3d3(2D3) 5f     -7.72457E-01  4.66737E+00 33.0
    452 26 22  121  20 3d3(2D3) 5f     -7.72270E-01  4.66756E+00  5.0
    453 26 22  321  31 3d2 4s(2DE) 4p  -7.71903E-01  4.66793E+00 15.0
    454 26 22  311  20 3d3(2D3) 5f     -7.70970E-01  4.66886E+00  9.0
    455 26 22  351  16 3d3(2H3) 5f     -7.68477E-01  4.67135E+00 33.0
    456 26 22  341  26 3d3(2D3) 5f     -7.67628E-01  4.67220E+00 27.0
    457 26 22  331  28 3d3(2H3) 5f     -7.64067E-01  4.67576E+00 21.0
    458 26 22  341  27 3d3(2H3) 5f     -7.64030E-01  4.67580E+00 27.0
    459 26 22  141  18 3d3(2H3) 5f     -7.63830E-01  4.67600E+00  9.0
    460 26 22  131  20 3d3(2D3) 5f     -7.61620E-01  4.67821E+00  7.0
    461 26 22  321  32 3d3(2D3) 5f     -7.61348E-01  4.67848E+00 15.0
    462 26 22  331  29 3d3(2D3) 5f     -7.60755E-01  4.67907E+00 21.0
    463 26 22  151  14 3d3(2D3) 5f     -7.60492E-01  4.67934E+00 11.0
    464 26 22  111  14 3d3(2D3) 5f     -7.58202E-01  4.68163E+00  3.0
    465 26 22  121  21 3d3(2H3) 5f     -7.56565E-01  4.68326E+00  5.0
    466 26 22  330  26 3d3(2F3) 6s     -7.55465E-01  4.68436E+00 21.0
    467 26 22  321  33 3d3(2H3) 5f     -7.54557E-01  4.68527E+00 15.0
    468 26 22  131  21 3d3(2H3) 5f     -7.54177E-01  4.68565E+00  7.0
    469 26 22  141  19 3d3(2D3) 5f     -7.53602E-01  4.68623E+00  9.0
    470 26 22  130  15 3d3(2F3) 6s     -7.52078E-01  4.68775E+00  7.0
    471 26 22  351  17 3d2 4s(2GE) 4p  -7.38513E-01  4.70132E+00 33.0
    472 26 22  311  21 3d2 4s(4PE) 4p  -7.36990E-01  4.70284E+00  9.0
    473 26 22  121  22 3d2 4s(2PE) 4p  -7.27728E-01  4.71210E+00  5.0
    474 26 22  541   9 3d3(4F3) 7p     -7.22547E-01  4.71728E+00 45.0
    475 26 22  521  13 3d3(4F3) 7p     -7.20327E-01  4.71950E+00 25.0
    476 26 22  531   9 3d3(4F3) 7p     -7.19645E-01  4.72018E+00 35.0
    477 26 22  321  34 3d3(4F3) 7p     -7.17865E-01  4.72196E+00 15.0
    478 26 22  341  28 3d3(4F3) 7p     -7.16385E-01  4.72344E+00 27.0
    479 26 22  331  30 3d3(4F3) 7p     -7.14555E-01  4.72528E+00 21.0
    480 26 22  501   7 3d3(4F3) 6f     -7.12890E-01  4.72694E+00  5.0
    481 26 22  551   3 3d3(4F3) 6f     -7.10590E-01  4.72924E+00 55.0
    482 26 22  541  10 3d3(4F3) 6f     -7.09820E-01  4.73001E+00 45.0
    483 26 22  321  35 3d3(4F3) 6f     -7.07522E-01  4.73231E+00 15.0
    484 26 22  511   7 3d3(4F3) 6f     -7.06912E-01  4.73292E+00 15.0
    485 26 22  331  31 3d3(4F3) 6f     -7.05297E-01  4.73453E+00 21.0
    486 26 22  311  22 3d3(4F3) 6f     -7.04285E-01  4.73554E+00  9.0
    487 26 22  531  10 3d3(4F3) 6f     -7.04090E-01  4.73574E+00 35.0
    488 26 22  100   6 3d2 4s2         -7.03300E-01  4.73653E+00  1.0
    489 26 22  521  14 3d3(4F3) 6f     -7.02445E-01  4.73738E+00 25.0
    490 26 22  301  11 3d3(4F3) 6f     -7.01387E-01  4.73844E+00  3.0
    491 26 22  351  18 3d3(4F3) 6f     -7.01187E-01  4.73864E+00 33.0
    492 26 22  341  29 3d3(4F3) 6f     -7.00602E-01  4.73923E+00 27.0
    493 26 22  530  10 3d3(4P3) 6d     -7.00140E-01  4.73969E+00 35.0
    494 26 22  320  21 3d3(4P3) 6d     -6.97240E-01  4.74259E+00 15.0
    495 26 22  510   9 3d3(4P3) 6d     -6.94972E-01  4.74486E+00 15.0
    496 26 22  520   7 3d3(4P3) 6d     -6.94770E-01  4.74506E+00 25.0
    497 26 22  111  15 3d2 4s(2DE) 4p  -6.94450E-01  4.74538E+00  3.0
    498 26 22  331  32 3d2 4s(2DE) 4p  -6.86082E-01  4.75375E+00 21.0
    499 26 22  130  16 3d3(2G3) 6d     -6.85787E-01  4.75404E+00  7.0
    500 26 22  330  27 3d3(4P3) 6d     -6.85645E-01  4.75418E+00 21.0
    501 26 22  150  10 3d3(2G3) 6d     -6.82935E-01  4.75690E+00 11.0
    502 26 22  340  17 3d3(2G3) 6d     -6.81525E-01  4.75830E+00 27.0
    503 26 22  350  14 3d3(2G3) 6d     -6.80377E-01  4.75945E+00 33.0
    504 26 22  310  22 3d3(4P3) 6d     -6.75600E-01  4.76423E+00  9.0
    505 26 22  120  18 3d3(2G3) 6d     -6.73895E-01  4.76593E+00  5.0
    506 26 22  320  22 3d3(2G3) 6d     -6.73452E-01  4.76638E+00 15.0
    507 26 22  330  28 3d3(2G3) 6d     -6.69450E-01  4.77038E+00 21.0
    508 26 22  130  17 3d3(2D1) 5d     -6.59780E-01  4.78005E+00  7.0
    509 26 22  140  16 3d3(2G3) 6d     -6.59688E-01  4.78014E+00  9.0
    510 26 22  320  23 3d3(2D1) 5d     -6.56825E-01  4.78300E+00 15.0
    511 26 22  340  18 3d3(2D1) 5d     -6.50177E-01  4.78965E+00 27.0
    512 26 22  110  11 3d3(2D1) 5d     -6.48527E-01  4.79130E+00  3.0
    513 26 22  330  29 3d3(2D1) 5d     -6.44942E-01  4.79489E+00 21.0
    514 26 22  300   4 3d3(2D1) 5d     -6.43687E-01  4.79614E+00  3.0
    515 26 22  331  33 3d3(2F3) 6p     -6.38725E-01  4.80111E+00 21.0
    516 26 22  310  23 3d3(2P3) 6d     -6.36237E-01  4.80359E+00  9.0
    517 26 22  341  30 3d3(2F3) 6p     -6.35105E-01  4.80472E+00 27.0
    518 26 22  110  12 3d3(2P3) 6d     -6.32515E-01  4.80731E+00  3.0
    519 26 22  141  20 3d3(2F3) 6p     -6.32512E-01  4.80732E+00  9.0
    520 26 22  320  24 3d3(2P3) 6d     -6.32057E-01  4.80777E+00 15.0
    521 26 22  321  36 3d3(2F3) 6p     -6.31432E-01  4.80840E+00 15.0
    522 26 22  130  18 3d3(2P3) 6d     -6.29647E-01  4.81018E+00  7.0
    523 26 22  121  23 3d3(2F3) 6p     -6.29615E-01  4.81021E+00  5.0
    524 26 22  140  17 3d3(2D1) 5d     -6.29615E-01  4.81021E+00  9.0
    525 26 22  131  22 3d3(2F3) 6p     -6.29522E-01  4.81031E+00  7.0
    526 26 22  330  30 3d3(2P3) 6d     -6.28155E-01  4.81168E+00 21.0
    527 26 22  510  10 3d3(4P3) 7s     -6.24278E-01  4.81555E+00 15.0
    528 26 22  310  24 3d3(2D1) 5d     -6.22350E-01  4.81748E+00  9.0
    529 26 22  331  34 3d2 4s(2GE) 4p  -6.20668E-01  4.81916E+00 21.0
    530 26 22  341  31 3d2 4s(2GE) 4p  -6.19680E-01  4.82015E+00 27.0
    531 26 22  310  25 3d3(4P3) 7s     -6.17992E-01  4.82184E+00  9.0
    532 26 22  150  11 3d3(2H3) 6d     -6.17808E-01  4.82202E+00 11.0
    533 26 22  120  19 3d3(2P3) 6d     -6.17217E-01  4.82261E+00  5.0
    534 26 22  550   4 3d3(4F3) 7d     -6.17010E-01  4.82282E+00 55.0
    535 26 22  300   5 3d3(2D3) 6d     -6.15997E-01  4.82383E+00  3.0
    536 26 22  510  11 3d3(4F3) 7d     -6.15485E-01  4.82434E+00 15.0
    537 26 22  320  25 3d3(4F3) 7d     -6.15322E-01  4.82451E+00 15.0
    538 26 22  530  11 3d3(4F3) 7d     -6.14980E-01  4.82485E+00 35.0
    539 26 22  340  19 3d3(2H3) 6d     -6.14885E-01  4.82494E+00 27.0
    540 26 22  350  15 3d3(4F3) 7d     -6.14827E-01  4.82500E+00 33.0
    541 26 22  540   4 3d3(4F3) 7d     -6.14510E-01  4.82532E+00 45.0
    542 26 22  340  20 3d3(2D3) 6d     -6.13537E-01  4.82629E+00 27.0
    543 26 22  110  13 3d3(2D3) 6d     -6.13410E-01  4.82642E+00  3.0
    544 26 22  351  19 3d3(2F3) 5f     -6.10157E-01  4.82967E+00 33.0
    545 26 22  330  31 3d3(4F3) 7d     -6.09095E-01  4.83073E+00 21.0
    546 26 22  101   6 3d3(2F3) 5f     -6.08722E-01  4.83111E+00  1.0
    547 26 22  310  26 3d3(4F3) 7d     -6.08205E-01  4.83162E+00  9.0
    548 26 22  130  19 3d3(2H3) 6d     -6.07430E-01  4.83240E+00  7.0
    549 26 22  331  35 3d3(2F3) 5f     -6.07340E-01  4.83249E+00 21.0
    550 26 22  341  32 3d3(2F3) 5f     -6.06975E-01  4.83285E+00 27.0
    551 26 22  321  37 3d3(2F3) 5f     -6.06115E-01  4.83371E+00 15.0
    552 26 22  340  21 3d3(2G3) 7s     -6.05490E-01  4.83434E+00 27.0
    553 26 22  140  18 3d3(2D3) 6d     -6.05102E-01  4.83473E+00  9.0
    554 26 22  141  21 3d3(2F3) 5f     -6.04715E-01  4.83511E+00  9.0
    555 26 22  140  19 3d3(2G3) 7s     -6.01602E-01  4.83823E+00  9.0
    556 26 22  111  16 3d3(2F3) 5f     -6.00445E-01  4.83939E+00  3.0
    557 26 22  321  38 3d2 4s(4PE) 4p  -6.00302E-01  4.83953E+00 15.0
    558 26 22  151  15 3d3(2F3) 5f     -5.99780E-01  4.84005E+00 11.0
    559 26 22  120  20 3d3(2D3) 6d     -5.99625E-01  4.84020E+00  5.0
    560 26 22  131  23 3d3(2F3) 5f     -5.99297E-01  4.84053E+00  7.0
    561 26 22  520   8 3d3(4F3) 7d     -5.98792E-01  4.84104E+00 25.0
    562 26 22  311  23 3d3(2F3) 5f     -5.98148E-01  4.84168E+00  9.0
    563 26 22  330  32 3d3(2D3) 6d     -5.97790E-01  4.84204E+00 21.0
    564 26 22  121  24 3d3(2F3) 5f     -5.97132E-01  4.84270E+00  5.0
    565 26 22  301  12 3d3(2F3) 5f     -5.95872E-01  4.84396E+00  3.0
    566 26 22  120  21 3d3(2D1) 5d     -5.95742E-01  4.84409E+00  5.0
    567 26 22  320  26 3d3(2D3) 6d     -5.94683E-01  4.84515E+00 15.0
    568 26 22  340  22 3d3(4F3) 7d     -5.91270E-01  4.84856E+00 27.0
    569 26 22  350  16 3d3(2H3) 6d     -5.89615E-01  4.85021E+00 33.0
    570 26 22  350  17 3d3(2D1) 5g     -5.89440E-01  4.85039E+00 33.0
    571 26 22  310  27 3d3(2D3) 6d     -5.84843E-01  4.85499E+00  9.0
    572 26 22  330  33 3d3(2H3) 6d     -5.84250E-01  4.85558E+00 21.0
    573 26 22  140  20 3d3(2H3) 6d     -5.81530E-01  4.85830E+00  9.0
    574 26 22  130  20 3d3(2D3) 6d     -5.78068E-01  4.86176E+00  7.0
    575 26 22  100   7 3d3(2D3) 6d     -5.70487E-01  4.86934E+00  1.0
    576 26 22  530  12 3d3(4F3) 8s     -5.67765E-01  4.87206E+00 35.0
    577 26 22  330  34 3d3(4F3) 8s     -5.64632E-01  4.87520E+00 21.0
    578 26 22  511   8 3d3(4P3) 7p     -5.58452E-01  4.88138E+00 15.0
    579 26 22  310  28 3d3(2P3) 7s     -5.57787E-01  4.88204E+00  9.0
    580 26 22  521  15 3d3(4P3) 7p     -5.56950E-01  4.88288E+00 25.0
    581 26 22  311  24 3d3(4P3) 7p     -5.56350E-01  4.88348E+00  9.0
    582 26 22  110  14 3d3(2P3) 7s     -5.55172E-01  4.88466E+00  3.0
    583 26 22  501   8 3d3(4P3) 7p     -5.51482E-01  4.88835E+00  5.0
    584 26 22  321  39 3d3(4P3) 7p     -5.51265E-01  4.88857E+00 15.0
    585 26 22  541  11 3d3(4P3) 6f     -5.45977E-01  4.89385E+00 45.0
    586 26 22  531  11 3d3(4P3) 6f     -5.45570E-01  4.89426E+00 35.0
    587 26 22  331  36 3d3(4P3) 6f     -5.45435E-01  4.89439E+00 21.0
    588 26 22  301  13 3d3(4P3) 7p     -5.44625E-01  4.89521E+00  3.0
    589 26 22  100   8 3d3(2D1) 5d     -5.42055E-01  4.89777E+00  1.0
    590 26 22  521  16 3d3(4P3) 6f     -5.41652E-01  4.89818E+00 25.0
    591 26 22  351  20 3d3(2G3) 7p     -5.40007E-01  4.89982E+00 33.0
    592 26 22  341  33 3d3(2G3) 7p     -5.40003E-01  4.89983E+00 27.0
    593 26 22  141  22 3d3(2G3) 7p     -5.38023E-01  4.90181E+00  9.0
    594 26 22  331  37 3d3(2G3) 7p     -5.37300E-01  4.90253E+00 21.0
    595 26 22  151  16 3d3(2G3) 7p     -5.36542E-01  4.90329E+00 11.0
    596 26 22  131  24 3d3(2G3) 7p     -5.36265E-01  4.90356E+00  7.0
    597 26 22  350  18 3d3(2H3) 7s     -5.36092E-01  4.90374E+00 33.0
    598 26 22  321  40 3d3(4P3) 6f     -5.35980E-01  4.90385E+00 15.0
    599 26 22  341  34 3d3(4P3) 6f     -5.35545E-01  4.90428E+00 27.0
    600 26 22  320  27 3d3(2D3) 7s     -5.35225E-01  4.90460E+00 15.0
    601 26 22  150  12 3d3(2H3) 7s     -5.33707E-01  4.90612E+00 11.0
    602 26 22  120  22 3d3(2D3) 7s     -5.32760E-01  4.90707E+00  5.0
    603 26 22  351  21 3d3(2G3) 6f     -5.30085E-01  4.90974E+00 33.0
    604 26 22  541  12 3d3(4F3) 8p     -5.27250E-01  4.91258E+00 45.0
    605 26 22  131  25 3d3(2G3) 6f     -5.27212E-01  4.91262E+00  7.0
    606 26 22  121  25 3d3(2G3) 6f     -5.26862E-01  4.91297E+00  5.0
    607 26 22  521  17 3d3(4F3) 8p     -5.25817E-01  4.91401E+00 25.0
    608 26 22  531  12 3d3(4F3) 8p     -5.25558E-01  4.91427E+00 35.0
    609 26 22  111  17 3d3(2G3) 6f     -5.24832E-01  4.91500E+00  3.0
    610 26 22  341  35 3d3(2G3) 6f     -5.24765E-01  4.91506E+00 27.0
    611 26 22  311  25 3d3(2G3) 6f     -5.24492E-01  4.91534E+00  9.0
    612 26 22  320  28 3d3(2D1) 6s     -5.24212E-01  4.91562E+00 15.0
    613 26 22  321  41 3d3(4F3) 8p     -5.24073E-01  4.91576E+00 15.0
    614 26 22  331  38 3d3(4F3) 8p     -5.23460E-01  4.91637E+00 21.0
    615 26 22  341  36 3d3(4F3) 8p     -5.23212E-01  4.91662E+00 27.0
    616 26 22  501   9 3d3(4F3) 7f     -5.22485E-01  4.91735E+00  5.0
    617 26 22  141  23 3d3(2G3) 6f     -5.22107E-01  4.91772E+00  9.0
    618 26 22  151  17 3d3(2G3) 6f     -5.21852E-01  4.91798E+00 11.0
    619 26 22  551   4 3d3(4F3) 7f     -5.21122E-01  4.91871E+00 55.0
    620 26 22  331  39 3d3(2G3) 6f     -5.20970E-01  4.91886E+00 21.0
    621 26 22  321  42 3d3(2G3) 6f     -5.20420E-01  4.91941E+00 15.0
    622 26 22  541  13 3d3(4F3) 7f     -5.20372E-01  4.91946E+00 45.0
    623 26 22  120  23 3d3(2D1) 6s     -5.19328E-01  4.92050E+00  5.0
    624 26 22  511   9 3d3(4F3) 7f     -5.18647E-01  4.92118E+00 15.0
    625 26 22  321  43 3d3(4F3) 7f     -5.18167E-01  4.92166E+00 15.0
    626 26 22  301  14 3d3(4F3) 7f     -5.17000E-01  4.92283E+00  3.0
    627 26 22  311  26 3d3(4F3) 7f     -5.16845E-01  4.92299E+00  9.0
    628 26 22  531  13 3d3(4F3) 7f     -5.16700E-01  4.92313E+00 35.0
    629 26 22  521  18 3d3(4F3) 7f     -5.15630E-01  4.92420E+00 25.0
    630 26 22  351  22 3d3(4F3) 7f     -5.13582E-01  4.92625E+00 33.0
    631 26 22  331  40 3d3(4F3) 7f     -5.12937E-01  4.92689E+00 21.0
    632 26 22  341  37 3d3(4F3) 7f     -5.11170E-01  4.92866E+00 27.0
    633 26 22  101   7 3d3(2P3) 7p     -4.94870E-01  4.94496E+00  1.0
    634 26 22  131  26 3d2 4s(2DE) 4p  -4.93522E-01  4.94631E+00  7.0
    635 26 22  301  15 3d3(2P3) 7p     -4.91305E-01  4.94852E+00  3.0
    636 26 22  321  44 3d3(2P3) 7p     -4.91270E-01  4.94856E+00 15.0
    637 26 22  311  27 3d3(2P3) 7p     -4.91115E-01  4.94871E+00  9.0
    638 26 22  121  26 3d3(2P3) 7p     -4.89822E-01  4.95001E+00  5.0
    639 26 22  111  18 3d3(2P3) 7p     -4.89102E-01  4.95073E+00  3.0
    640 26 22  121  27 3d3(2P3) 6f     -4.81947E-01  4.95788E+00  5.0
    641 26 22  331  41 3d3(2P3) 6f     -4.79603E-01  4.96023E+00 21.0
    642 26 22  341  38 3d3(2P3) 6f     -4.78775E-01  4.96105E+00 27.0
    643 26 22  141  24 3d3(2P3) 6f     -4.78575E-01  4.96126E+00  9.0
    644 26 22  321  45 3d3(2P3) 6f     -4.77327E-01  4.96250E+00 15.0
    645 26 22  301  16 3d2 4s(2PE) 4p  -4.76922E-01  4.96291E+00  3.0
    646 26 22  111  19 3d2 4s(2PE) 4p  -4.74423E-01  4.96541E+00  3.0
    647 26 22  351  23 3d3(2H3) 7p     -4.72527E-01  4.96730E+00 33.0
    648 26 22  151  18 3d3(2H3) 7p     -4.69657E-01  4.97017E+00 11.0
    649 26 22  331  42 3d3(2D3) 7p     -4.69142E-01  4.97069E+00 21.0
    650 26 22  121  28 3d3(2D3) 6f     -4.69040E-01  4.97079E+00  5.0
    651 26 22  311  28 3d3(2D3) 7p     -4.68840E-01  4.97099E+00  9.0
    652 26 22  131  27 3d3(2D3) 7p     -4.66792E-01  4.97304E+00  7.0
    653 26 22  321  46 3d3(2D3) 7p     -4.66155E-01  4.97367E+00 15.0
    654 26 22  141  25 3d3(2H3) 7p     -4.65112E-01  4.97472E+00  9.0
    655 26 22  341  39 3d3(2H3) 7p     -4.64890E-01  4.97494E+00 27.0
    656 26 22  121  29 3d3(2D3) 7p     -4.63430E-01  4.97640E+00  5.0
    657 26 22  111  20 3d3(2D3) 7p     -4.63117E-01  4.97671E+00  3.0
    658 26 22  131  28 3d3(2P3) 6f     -4.60985E-01  4.97884E+00  7.0
    659 26 22  550   5 3d3(4F3) 8d     -4.60420E-01  4.97941E+00 55.0
    660 26 22  510  12 3d3(4F3) 8d     -4.60082E-01  4.97975E+00 15.0
    661 26 22  320  29 3d3(4F3) 8d     -4.59933E-01  4.97990E+00 15.0
    662 26 22  530  13 3d3(4F3) 8d     -4.59682E-01  4.98015E+00 35.0
    663 26 22  151  19 3d3(2H3) 6f     -4.59180E-01  4.98065E+00 11.0
    664 26 22  540   5 3d3(4F3) 8d     -4.58827E-01  4.98100E+00 45.0
    665 26 22  351  24 3d3(2D3) 6f     -4.58775E-01  4.98105E+00 33.0
    666 26 22  311  29 3d3(2D3) 6f     -4.57735E-01  4.98209E+00  9.0
    667 26 22  141  26 3d3(2H3) 6f     -4.57550E-01  4.98228E+00  9.0
    668 26 22  341  40 3d3(2H3) 6f     -4.56165E-01  4.98366E+00 27.0
    669 26 22  340  23 3d3(4F3) 8d     -4.55990E-01  4.98384E+00 27.0
    670 26 22  350  19 3d3(4F3) 8d     -4.55500E-01  4.98433E+00 33.0
    671 26 22  351  25 3d3(2H3) 6f     -4.54970E-01  4.98486E+00 33.0
    672 26 22  321  47 3d3(2D3) 6f     -4.54567E-01  4.98526E+00 15.0
    673 26 22  520   9 3d3(4F3) 8d     -4.54000E-01  4.98583E+00 25.0
    674 26 22  331  43 3d3(2H3) 6f     -4.53665E-01  4.98617E+00 21.0
    675 26 22  330  35 3d3(4F3) 8d     -4.53135E-01  4.98669E+00 21.0
    676 26 22  310  29 3d3(4F3) 8d     -4.52835E-01  4.98699E+00  9.0
    677 26 22  341  41 3d3(2D3) 6f     -4.52060E-01  4.98777E+00 27.0
    678 26 22  151  20 3d3(2D3) 6f     -4.51947E-01  4.98788E+00 11.0
    679 26 22  320  30 3d3(2F3) 6d     -4.50635E-01  4.98919E+00 15.0
    680 26 22  331  44 3d3(2D3) 6f     -4.49837E-01  4.98999E+00 21.0
    681 26 22  330  36 3d3(2F3) 6d     -4.49703E-01  4.99013E+00 21.0
    682 26 22  131  29 3d3(2H3) 6f     -4.49125E-01  4.99071E+00  7.0
    683 26 22  121  30 3d3(2H3) 6f     -4.48932E-01  4.99090E+00  5.0
    684 26 22  530  14 3d3(4P3) 7d     -4.48780E-01  4.99105E+00 35.0
    685 26 22  141  27 3d3(2D3) 6f     -4.47960E-01  4.99187E+00  9.0
    686 26 22  111  21 3d3(2D3) 6f     -4.47948E-01  4.99188E+00  3.0
    687 26 22  150  13 3d3(2F3) 6d     -4.47862E-01  4.99197E+00 11.0
    688 26 22  110  15 3d3(2F3) 6d     -4.47045E-01  4.99278E+00  3.0
    689 26 22  310  30 3d3(4P3) 7d     -4.46997E-01  4.99283E+00  9.0
    690 26 22  510  13 3d3(4P3) 7d     -4.46300E-01  4.99353E+00 15.0
    691 26 22  321  48 3d3(2H3) 6f     -4.46135E-01  4.99369E+00 15.0
    692 26 22  340  24 3d3(2F3) 6d     -4.45825E-01  4.99400E+00 27.0
    693 26 22  350  20 3d3(2F3) 6d     -4.44830E-01  4.99500E+00 33.0
    694 26 22  131  30 3d3(2D3) 6f     -4.44745E-01  4.99508E+00  7.0
    695 26 22  130  21 3d3(2F3) 6d     -4.43072E-01  4.99676E+00  7.0
    696 26 22  121  31 3d3(2H3) 6h     -4.42708E-01  4.99712E+00  5.0
    697 26 22  320  31 3d3(4P3) 7d     -4.42522E-01  4.99731E+00 15.0
    698 26 22  520  10 3d3(4P3) 7d     -4.41482E-01  4.99835E+00 25.0
    699 26 22  321  49 3d2 4s(2PE) 4p  -4.40770E-01  4.99906E+00 15.0
    700 26 22  140  21 3d3(2F3) 6d     -4.34128E-01  5.00570E+00  9.0
    701 26 22  330  37 3d3(4P3) 7d     -4.33730E-01  5.00610E+00 21.0
    702 26 22  130  22 3d3(2G3) 7d     -4.32837E-01  5.00699E+00  7.0
    703 26 22  150  14 3d3(2G3) 7d     -4.32097E-01  5.00773E+00 11.0
    704 26 22  350  21 3d3(2G3) 7d     -4.29660E-01  5.01017E+00 33.0
    705 26 22  530  15 3d3(4F3) 9s     -4.28577E-01  5.01125E+00 35.0
    706 26 22  340  25 3d3(2G3) 7d     -4.27760E-01  5.01207E+00 27.0
    707 26 22  330  38 3d3(4F3) 9s     -4.26775E-01  5.01305E+00 21.0
    708 26 22  120  24 3d3(2G3) 7d     -4.23715E-01  5.01611E+00  5.0
    709 26 22  320  32 3d3(2G3) 7d     -4.23118E-01  5.01671E+00 15.0
    710 26 22  330  39 3d3(2G3) 7d     -4.22340E-01  5.01749E+00 21.0
    711 26 22  311  30 3d2 4s(2PE) 4p  -4.21877E-01  5.01795E+00  9.0
    712 26 22  120  25 3d3(2F3) 6d     -4.19435E-01  5.02039E+00  5.0
    713 26 22  310  31 3d3(2F3) 6d     -4.18285E-01  5.02154E+00  9.0
    714 26 22  140  22 3d3(2G3) 7d     -4.11702E-01  5.02813E+00  9.0
    715 26 22  321  50 3d3(2D1) 6p     -4.09678E-01  5.03015E+00 15.0
    716 26 22  121  32 3d3(2D1) 6p     -4.09380E-01  5.03045E+00  5.0
    717 26 22  331  45 3d3(2D1) 6p     -4.03330E-01  5.03650E+00 21.0
    718 26 22  510  14 3d3(4P3) 8s     -4.03230E-01  5.03660E+00 15.0
    719 26 22  141  28 3d2 4s(2GE) 4p  -4.03037E-01  5.03679E+00  9.0
    720 26 22  541  14 3d3(4F3) 9p     -4.01860E-01  5.03797E+00 45.0
    721 26 22  521  19 3d3(4F3) 9p     -4.01010E-01  5.03882E+00 25.0
    722 26 22  531  14 3d3(4F3) 9p     -4.00678E-01  5.03915E+00 35.0
    723 26 22  310  32 3d3(4P3) 8s     -4.00055E-01  5.03977E+00  9.0
    724 26 22  321  51 3d3(4F3) 9p     -3.99997E-01  5.03983E+00 15.0
    725 26 22  131  31 3d3(2D1) 6p     -3.99457E-01  5.04037E+00  7.0
    726 26 22  341  42 3d3(4F3) 9p     -3.99373E-01  5.04046E+00 27.0
    727 26 22  501  10 3d3(4F3) 8f     -3.99300E-01  5.04053E+00  5.0
    728 26 22  331  46 3d3(4F3) 9p     -3.98602E-01  5.04123E+00 21.0
    729 26 22  551   5 3d3(4F3) 8f     -3.98250E-01  5.04158E+00 55.0
    730 26 22  541  15 3d3(4F3) 8f     -3.98080E-01  5.04175E+00 45.0
    731 26 22  311  31 3d3(2D1) 6p     -3.96697E-01  5.04313E+00  9.0
    732 26 22  511  10 3d3(4F3) 8f     -3.96575E-01  5.04325E+00 15.0
    733 26 22  321  52 3d3(4F3) 8f     -3.95825E-01  5.04400E+00 15.0
    734 26 22  531  15 3d3(4F3) 8f     -3.95360E-01  5.04447E+00 35.0
    735 26 22  331  47 3d3(4F3) 8f     -3.94798E-01  5.04503E+00 21.0
    736 26 22  521  20 3d3(4F3) 8f     -3.94507E-01  5.04532E+00 25.0
    737 26 22  351  26 3d3(4F3) 8f     -3.94350E-01  5.04548E+00 33.0
    738 26 22  341  43 3d3(4F3) 8f     -3.92892E-01  5.04694E+00 27.0
    739 26 22  301  17 3d3(4F3) 8f     -3.92507E-01  5.04732E+00  3.0
    740 26 22  311  32 3d3(4F3) 8f     -3.92030E-01  5.04780E+00  9.0
    741 26 22  111  22 3d3(2D1) 6p     -3.88287E-01  5.05154E+00  3.0
    742 26 22  340  26 3d3(2G3) 8s     -3.86502E-01  5.05333E+00 27.0
    743 26 22  140  23 3d3(2G3) 8s     -3.84860E-01  5.05497E+00  9.0
    744 26 22  110  16 3d3(2P3) 7d     -3.84682E-01  5.05515E+00  3.0
    745 26 22  141  29 3d3(2D1) 5f     -3.83045E-01  5.05678E+00  9.0
    746 26 22  320  33 3d3(2P3) 7d     -3.82347E-01  5.05748E+00 15.0
    747 26 22  130  23 3d3(2P3) 7d     -3.81690E-01  5.05814E+00  7.0
    748 26 22  151  21 3d2 4s(2GE) 4p  -3.81490E-01  5.05834E+00 11.0
    749 26 22  330  40 3d3(2P3) 7d     -3.81442E-01  5.05839E+00 21.0
    750 26 22  331  48 3d3(2D1) 5f     -3.81190E-01  5.05864E+00 21.0
    751 26 22  310  33 3d3(2P3) 7d     -3.77707E-01  5.06212E+00  9.0
    752 26 22  341  44 3d3(2D1) 5f     -3.77697E-01  5.06213E+00 27.0
    753 26 22  330  41 3d3(2F3) 7s     -3.75945E-01  5.06388E+00 21.0
    754 26 22  351  27 3d3(2D1) 5f     -3.75810E-01  5.06402E+00 33.0
    755 26 22  130  24 3d3(2F3) 7s     -3.72422E-01  5.06741E+00  7.0
    756 26 22  121  33 3d3(2D1) 5f     -3.71615E-01  5.06821E+00  5.0
    757 26 22  131  32 3d3(2D1) 5f     -3.69727E-01  5.07010E+00  7.0
    758 26 22  321  53 3d3(2D1) 5f     -3.69123E-01  5.07071E+00 15.0
    759 26 22  120  26 3d3(2P3) 7d     -3.68730E-01  5.07110E+00  5.0
    760 26 22  311  33 3d3(2D1) 5f     -3.67080E-01  5.07275E+00  9.0
    761 26 22  150  15 3d3(2H3) 7d     -3.64912E-01  5.07492E+00 11.0
    762 26 22  300   6 3d3(2D3) 7d     -3.64585E-01  5.07524E+00  3.0
    763 26 22  110  17 3d3(2D3) 7d     -3.63202E-01  5.07663E+00  3.0
    764 26 22  511  11 3d3(4P3) 8p     -3.62945E-01  5.07688E+00 15.0
    765 26 22  340  27 3d3(2H3) 7d     -3.62182E-01  5.07765E+00 27.0
    766 26 22  521  21 3d3(4P3) 8p     -3.61965E-01  5.07786E+00 25.0
    767 26 22  311  34 3d3(4P3) 8p     -3.61285E-01  5.07854E+00  9.0
    768 26 22  340  28 3d3(2D3) 7d     -3.60257E-01  5.07957E+00 27.0
    769 26 22  350  22 3d3(2H3) 7d     -3.59393E-01  5.08044E+00 33.0
    770 26 22  130  25 3d3(2H3) 7d     -3.59182E-01  5.08065E+00  7.0
    771 26 22  330  42 3d3(2D3) 7d     -3.58682E-01  5.08115E+00 21.0
    772 26 22  501  11 3d3(4P3) 8p     -3.58620E-01  5.08121E+00  5.0
    773 26 22  320  34 3d3(4F3) 9d     -3.58345E-01  5.08148E+00 15.0
    774 26 22  321  54 3d3(4P3) 8p     -3.58200E-01  5.08163E+00 15.0
    775 26 22  310  34 3d3(2D3) 7d     -3.57805E-01  5.08202E+00  9.0
    776 26 22  550   6 3d3(4F3) 9d     -3.56785E-01  5.08305E+00 55.0
    777 26 22  140  24 3d3(2D3) 7d     -3.56600E-01  5.08323E+00  9.0
    778 26 22  510  15 3d3(4F3) 9d     -3.56430E-01  5.08340E+00 15.0
    779 26 22  541  16 3d3(4P3) 7f     -3.56190E-01  5.08364E+00 45.0
    780 26 22  530  16 3d3(4F3) 9d     -3.55962E-01  5.08387E+00 35.0
    781 26 22  531  16 3d3(4P3) 7f     -3.55857E-01  5.08397E+00 35.0
    782 26 22  540   6 3d3(4F3) 9d     -3.55705E-01  5.08413E+00 45.0
    783 26 22  151  22 3d3(2D1) 5f     -3.55170E-01  5.08466E+00 11.0
    784 26 22  331  49 3d3(4P3) 7f     -3.54895E-01  5.08493E+00 21.0
    785 26 22  521  22 3d3(4P3) 7f     -3.53702E-01  5.08613E+00 25.0
    786 26 22  120  27 3d3(2D3) 7d     -3.53193E-01  5.08664E+00  5.0
    787 26 22  301  18 3d3(4P3) 8p     -3.53063E-01  5.08677E+00  3.0
    788 26 22  330  43 3d3(2H3) 7d     -3.52405E-01  5.08742E+00 21.0
    789 26 22  320  35 3d3(2D1) 5g:    -3.51900E-01  5.08793E+00 15.0
    790 26 22  320  36 3d3(2D3) 7d:    -3.51792E-01  5.08804E+00 15.0
    791 26 22  111  23 3d3(2D1) 5f     -3.49847E-01  5.08998E+00  3.0
    792 26 22  520  11 3d3(4F3) 9d     -3.49302E-01  5.09053E+00 25.0
    793 26 22  341  45 3d3(4P3) 7f     -3.48930E-01  5.09090E+00 27.0
    794 26 22  340  29 3d3(4F3) 9d     -3.47622E-01  5.09221E+00 27.0
    795 26 22  330  44 3d3(4F3) 9d     -3.47565E-01  5.09226E+00 21.0
    796 26 22  321  55 3d3(4P3) 7f     -3.47008E-01  5.09282E+00 15.0
    797 26 22  350  23 3d3(4F3) 9d     -3.46872E-01  5.09296E+00 33.0
    798 26 22  341  46 3d3(2G3) 8p     -3.45428E-01  5.09440E+00 27.0
    799 26 22  351  28 3d3(2G3) 8p     -3.45410E-01  5.09442E+00 33.0
    800 26 22  310  35 3d3(4F3) 9d     -3.45170E-01  5.09466E+00  9.0
    801 26 22  140  25 3d3(2H3) 7d     -3.44402E-01  5.09543E+00  9.0
    802 26 22  141  30 3d3(2G3) 8p     -3.44142E-01  5.09569E+00  9.0
    803 26 22  331  50 3d3(2G3) 8p     -3.43600E-01  5.09623E+00 21.0
    804 26 22  151  23 3d3(2G3) 8p     -3.43255E-01  5.09657E+00 11.0
    805 26 22  131  33 3d3(2G3) 8p     -3.42758E-01  5.09707E+00  7.0
    806 26 22  130  26 3d3(2D3) 7d     -3.42465E-01  5.09736E+00  7.0
    807 26 22  351  29 3d3(2G3) 7f     -3.39407E-01  5.10042E+00 33.0
    808 26 22  131  34 3d3(2G3) 7f     -3.38717E-01  5.10111E+00  7.0
    809 26 22  310  36 3d3(2P3) 8s     -3.38008E-01  5.10182E+00  9.0
    810 26 22  100   9 3d3(2D3) 7d     -3.37520E-01  5.10231E+00  1.0
    811 26 22  341  47 3d3(2G3) 7f     -3.36940E-01  5.10289E+00 27.0
    812 26 22  110  18 3d3(2P3) 8s     -3.36337E-01  5.10349E+00  3.0
    813 26 22  311  35 3d3(2G3) 7f     -3.36322E-01  5.10351E+00  9.0
    814 26 22  331  51 3d3(2G3) 7f     -3.35155E-01  5.10467E+00 21.0
    815 26 22  121  34 3d3(2G3) 7f     -3.35138E-01  5.10469E+00  5.0
    816 26 22  530  17 3d3(4F3)10s     -3.35040E-01  5.10479E+00 35.0
    817 26 22  321  56 3d3(2G3) 7f     -3.34987E-01  5.10484E+00 15.0
    818 26 22  330  45 3d3(4F3)10s     -3.33683E-01  5.10615E+00 21.0
    819 26 22  141  31 3d3(2G3) 7f     -3.33615E-01  5.10622E+00  9.0
    820 26 22  311  36 3d2 4s(2SE) 4p  -3.32590E-01  5.10724E+00  9.0
    821 26 22  151  24 3d3(2G3) 7f     -3.31080E-01  5.10875E+00 11.0
    822 26 22  111  24 3d3(2G3) 7f     -3.30645E-01  5.10918E+00  3.0
    823 26 22  131  35 3d2 4s(2GE) 4p  -3.25655E-01  5.11417E+00  7.0
    824 26 22  541  17 3d3(4F3)10p     -3.16385E-01  5.12345E+00 45.0
    825 26 22  350  24 3d3(2H3) 8s     -3.16005E-01  5.12383E+00 33.0
    826 26 22  521  23 3d3(4F3)10p     -3.15762E-01  5.12407E+00 25.0
    827 26 22  320  37 3d3(2D3) 8s     -3.15597E-01  5.12423E+00 15.0
    828 26 22  531  17 3d3(4F3)10p     -3.15587E-01  5.12424E+00 35.0
    829 26 22  321  57 3d3(4F3)10p     -3.15035E-01  5.12479E+00 15.0
    830 26 22  501  12 3d3(4F3) 9f     -3.14835E-01  5.12499E+00  5.0
    831 26 22  341  48 3d3(4F3)10p     -3.14687E-01  5.12514E+00 27.0
    832 26 22  150  16 3d3(2H3) 8s     -3.14462E-01  5.12537E+00 11.0
    833 26 22  331  52 3d3(4F3)10p     -3.14327E-01  5.12550E+00 21.0
    834 26 22  551   6 3d3(4F3) 9f     -3.14140E-01  5.12569E+00 55.0
    835 26 22  120  28 3d3(2D3) 8s     -3.14035E-01  5.12579E+00  5.0
    836 26 22  541  18 3d3(4F3) 9f     -3.13935E-01  5.12590E+00 45.0
    837 26 22  321  58 3d3(4F3) 9f     -3.12935E-01  5.12689E+00 15.0
    838 26 22  511  12 3d3(4F3) 9f     -3.12915E-01  5.12691E+00 15.0
    839 26 22  531  18 3d3(4F3) 9f     -3.12020E-01  5.12781E+00 35.0
    840 26 22  311  37 3d3(4F3) 9f     -3.11662E-01  5.12817E+00  9.0
    841 26 22  331  53 3d3(4F3) 9f     -3.11575E-01  5.12825E+00 21.0
    842 26 22  521  24 3d3(4F3) 9f     -3.11435E-01  5.12839E+00 25.0
    843 26 22  351  30 3d3(4F3) 9f     -3.11320E-01  5.12851E+00 33.0
    844 26 22  301  19 3d3(4F3) 9f     -3.10445E-01  5.12938E+00  3.0
    845 26 22  341  49 3d3(4F3) 9f     -3.10295E-01  5.12953E+00 27.0
    846 26 22  331  54 3d3(2F3) 7p     -3.09565E-01  5.13026E+00 21.0
    847 26 22  341  50 3d3(2F3) 7p     -3.08217E-01  5.13161E+00 27.0
    848 26 22  141  32 3d3(2F3) 7p     -3.07402E-01  5.13243E+00  9.0
    849 26 22  321  59 3d3(2F3) 7p     -3.06015E-01  5.13381E+00 15.0
    850 26 22  121  35 3d3(2F3) 7p     -3.05727E-01  5.13410E+00  5.0
    851 26 22  131  36 3d3(2F3) 7p     -3.04430E-01  5.13540E+00  7.0
    852 26 22  101   8 3d3(2P3) 8p     -2.99248E-01  5.14058E+00  1.0
    853 26 22  331  55 3d3(2F3) 6f     -2.96852E-01  5.14298E+00 21.0
    854 26 22  321  60 3d3(2P3) 8p     -2.96737E-01  5.14309E+00 15.0
    855 26 22  341  51 3d3(2F3) 6f     -2.96658E-01  5.14317E+00 27.0
    856 26 22  101   9 3d3(2F3) 6f     -2.96607E-01  5.14322E+00  1.0
    857 26 22  311  38 3d3(2P3) 8p     -2.96520E-01  5.14331E+00  9.0
    858 26 22  301  20 3d3(2P3) 8p     -2.96405E-01  5.14342E+00  3.0
    859 26 22  351  31 3d3(2F3) 6f     -2.96392E-01  5.14344E+00 33.0
    860 26 22  141  33 3d3(2F3) 6f     -2.95767E-01  5.14406E+00  9.0
    861 26 22  121  36 3d3(2P3) 8p     -2.95030E-01  5.14480E+00  5.0
    862 26 22  530  18 3d3(4P3) 8d     -2.93932E-01  5.14590E+00 35.0
    863 26 22  111  25 3d3(2P3) 8p     -2.93912E-01  5.14592E+00  3.0
    864 26 22  321  61 3d3(2F3) 6f     -2.93482E-01  5.14635E+00 15.0
    865 26 22  520  12 3d3(4P3) 8d     -2.92580E-01  5.14725E+00 25.0
    866 26 22  320  38 3d3(4P3) 8d     -2.92212E-01  5.14762E+00 15.0
    867 26 22  510  16 3d3(4P3) 8d     -2.92060E-01  5.14777E+00 15.0
    868 26 22  121  37 3d3(2P3) 7f     -2.91080E-01  5.14875E+00  5.0
    869 26 22  151  25 3d3(2F3) 6f     -2.90470E-01  5.14936E+00 11.0
    870 26 22  331  56 3d3(2P3) 7f     -2.90428E-01  5.14940E+00 21.0
    871 26 22  341  52 3d3(2P3) 7f     -2.90262E-01  5.14957E+00 27.0
    872 26 22  111  26 3d3(2F3) 6f     -2.89945E-01  5.14988E+00  3.0
    873 26 22  131  37 3d3(2F3) 6f     -2.88633E-01  5.15120E+00  7.0
    874 26 22  321  62 3d3(2P3) 7f     -2.88013E-01  5.15182E+00 15.0
    875 26 22  311  39 3d3(2F3) 6f     -2.87670E-01  5.15216E+00  9.0
    876 26 22  121  38 3d3(2F3) 6f     -2.87495E-01  5.15233E+00  5.0
    877 26 22  141  34 3d3(2P3) 7f     -2.87312E-01  5.15252E+00  9.0
    878 26 22  330  46 3d3(4P3) 8d     -2.86925E-01  5.15290E+00 21.0
    879 26 22  310  37 3d3(4P3) 8d     -2.84682E-01  5.15515E+00  9.0
    880 26 22  550   7 3d3(4F3)10d     -2.84617E-01  5.15521E+00 55.0
    881 26 22  510  17 3d3(4F3)10d     -2.84350E-01  5.15548E+00 15.0
    882 26 22  301  21 3d3(2F3) 6f     -2.84050E-01  5.15578E+00  3.0
    883 26 22  530  19 3d3(4F3)10d     -2.83877E-01  5.15595E+00 35.0
    884 26 22  540   7 3d3(4F3)10d     -2.83852E-01  5.15598E+00 45.0
    885 26 22  320  39 3d3(4F3)10d     -2.83127E-01  5.15670E+00 15.0
    886 26 22  131  38 3d3(2P3) 7f     -2.82950E-01  5.15688E+00  7.0
    887 26 22  340  30 3d3(4F3)10d     -2.82032E-01  5.15780E+00 27.0
    888 26 22  350  25 3d3(4F3)10d     -2.81878E-01  5.15795E+00 33.0
    889 26 22  330  47 3d3(4F3)10d     -2.80735E-01  5.15909E+00 21.0
    890 26 22  310  38 3d3(4F3)10d     -2.80710E-01  5.15912E+00  9.0
    891 26 22  520  13 3d3(4F3)10d     -2.78458E-01  5.16137E+00 25.0
    892 26 22  130  27 3d3(2G3) 8d     -2.77820E-01  5.16201E+00  7.0
    893 26 22  150  17 3d3(2G3) 8d     -2.77202E-01  5.16263E+00 11.0
    894 26 22  351  32 3d3(2H3) 8p     -2.76750E-01  5.16308E+00 33.0
    895 26 22  151  26 3d3(2H3) 8p     -2.75038E-01  5.16479E+00 11.0
    896 26 22  331  57 3d3(2D3) 8p     -2.74730E-01  5.16510E+00 21.0
    897 26 22  350  26 3d3(2G3) 8d     -2.74727E-01  5.16510E+00 33.0
    898 26 22  340  31 3d3(2G3) 8d     -2.74567E-01  5.16526E+00 27.0
    899 26 22  311  40 3d3(2D3) 8p     -2.74500E-01  5.16533E+00  9.0
    900 26 22  111  27 3d3(2D3) 8p     -2.73277E-01  5.16655E+00  3.0
    901 26 22  320  40 3d3(2G3) 8d     -2.72705E-01  5.16712E+00 15.0
    902 26 22  321  63 3d3(2D3) 8p     -2.72642E-01  5.16719E+00 15.0
    903 26 22  131  39 3d3(2D3) 8p     -2.72492E-01  5.16734E+00  7.0
    904 26 22  341  53 3d3(2H3) 8p     -2.72037E-01  5.16779E+00 27.0
    905 26 22  121  39 3d3(2D3) 8p     -2.71437E-01  5.16839E+00  5.0
    906 26 22  120  29 3d3(2G3) 8d     -2.71348E-01  5.16848E+00  5.0
    907 26 22  141  35 3d3(2H3) 8p     -2.70715E-01  5.16912E+00  9.0
    908 26 22  330  48 3d3(2G3) 8d     -2.70560E-01  5.16927E+00 21.0
    909 26 22  351  33 3d3(2H3) 7f     -2.69488E-01  5.17034E+00 33.0
    910 26 22  530  20 3d3(4F3)11s     -2.69082E-01  5.17075E+00 35.0
    911 26 22  330  49 3d3(4F3)11s     -2.67915E-01  5.17192E+00 21.0
    912 26 22  311  41 3d3(2D3) 7f     -2.67805E-01  5.17202E+00  9.0
    913 26 22  341  54 3d3(2H3) 7f     -2.67500E-01  5.17233E+00 27.0
    914 26 22  151  27 3d3(2H3) 7f     -2.67437E-01  5.17239E+00 11.0
    915 26 22  140  26 3d3(2G3) 8d     -2.67128E-01  5.17270E+00  9.0
    916 26 22  121  40 3d3(2D3) 7f     -2.66757E-01  5.17307E+00  5.0
    917 26 22  351  34 3d3(2D3) 7f     -2.66662E-01  5.17317E+00 33.0
    918 26 22  331  58 3d3(2H3) 7f     -2.66430E-01  5.17340E+00 21.0
    919 26 22  341  55 3d3(2D3) 7f     -2.65377E-01  5.17445E+00 27.0
    920 26 22  321  64 3d3(2D3) 7f     -2.64837E-01  5.17499E+00 15.0
    921 26 22  510  18 3d3(4P3) 9s     -2.63985E-01  5.17584E+00 15.0
    922 26 22  131  40 3d3(2D3) 7f     -2.63985E-01  5.17584E+00  7.0
    923 26 22  331  59 3d3(2D3) 7f     -2.63760E-01  5.17607E+00 21.0
    924 26 22  121  41 3d3(2H3) 7f     -2.62832E-01  5.17700E+00  5.0
    925 26 22  111  28 3d3(2D3) 7f     -2.62817E-01  5.17701E+00  3.0
    926 26 22  141  36 3d3(2H3) 7f     -2.62680E-01  5.17715E+00  9.0
    927 26 22  310  39 3d3(4P3) 9s     -2.62000E-01  5.17783E+00  9.0
    928 26 22  141  37 3d3(2D3) 7f     -2.61962E-01  5.17787E+00  9.0
    929 26 22  151  28 3d3(2D3) 7f     -2.61325E-01  5.17850E+00 11.0
    930 26 22  321  65 3d3(2H3) 7f     -2.61260E-01  5.17857E+00 15.0
    931 26 22  131  41 3d3(2H3) 7f     -2.59075E-01  5.18075E+00  7.0
    932 26 22  541  19 3d3(4F3)11p     -2.55597E-01  5.18423E+00 45.0
    933 26 22  521  25 3d3(4F3)11p     -2.55180E-01  5.18465E+00 25.0
    934 26 22  531  19 3d3(4F3)11p     -2.55002E-01  5.18483E+00 35.0
    935 26 22  321  66 3d3(4F3)11p     -2.54698E-01  5.18513E+00 15.0
    936 26 22  501  13 3d3(4F3)10f     -2.54633E-01  5.18520E+00  5.0
    937 26 22  341  56 3d3(4F3)11p     -2.54325E-01  5.18550E+00 27.0
    938 26 22  551   7 3d3(4F3)10f     -2.54082E-01  5.18575E+00 55.0
    939 26 22  541  20 3d3(4F3)10f     -2.54017E-01  5.18581E+00 45.0
    940 26 22  331  60 3d3(4F3)11p     -2.53960E-01  5.18587E+00 21.0
    941 26 22  511  13 3d3(4F3)10f     -2.53197E-01  5.18663E+00 15.0
    942 26 22  321  67 3d3(4F3)10f     -2.52842E-01  5.18699E+00 15.0
    943 26 22  531  20 3d3(4F3)10f     -2.52580E-01  5.18725E+00 35.0
    944 26 22  331  61 3d3(4F3)10f     -2.52265E-01  5.18756E+00 21.0
    945 26 22  311  42 3d3(4F3)10f     -2.52190E-01  5.18764E+00  9.0
    946 26 22  521  26 3d3(4F3)10f     -2.52110E-01  5.18772E+00 25.0
    947 26 22  351  35 3d3(4F3)10f     -2.51782E-01  5.18805E+00 33.0
    948 26 22  301  22 3d3(4F3)10f     -2.51392E-01  5.18844E+00  3.0
    949 26 22  341  57 3d3(4F3)10f     -2.50973E-01  5.18886E+00 27.0
    950 26 22  140  27 3d3(2G3) 9s     -2.46533E-01  5.19330E+00  9.0
    951 26 22  110  19 3d3(2P3) 8d     -2.29613E-01  5.21022E+00  3.0
    952 26 22  130  28 3d3(2P3) 8d     -2.26700E-01  5.21313E+00  7.0
    953 26 22  120  30 3d3(2P3) 8d     -2.20542E-01  5.21929E+00  5.0
    954 26 22  130  29 3d3(2D1) 6d     -2.19542E-01  5.22029E+00  7.0
    955 26 22  141  38 3d3(2G3) 9p     -2.19473E-01  5.22036E+00  9.0
    956 26 22  151  29 3d3(2G3) 9p     -2.18924E-01  5.22091E+00 11.0
    957 26 22  131  42 3d3(2G3) 9p     -2.18522E-01  5.22131E+00  7.0
    958 26 22  131  43 3d3(2G3) 8f     -2.14867E-01  5.22496E+00  7.0
    959 26 22  121  42 3d3(2G3) 8f     -2.14395E-01  5.22543E+00  5.0
    960 26 22  110  20 3d3(2D1) 6d     -2.13443E-01  5.22639E+00  3.0
    961 26 22  141  39 3d3(2G3) 8f     -2.13311E-01  5.22652E+00  9.0
    962 26 22  151  30 3d3(2G3) 8f     -2.12966E-01  5.22686E+00 11.0
    963 26 22  300   7 3d3(2D1) 6d     -2.12025E-01  5.22780E+00  3.0
    964 26 22  111  29 3d3(2G3) 8f     -2.11488E-01  5.22834E+00  3.0
    965 26 22  121  43 3d3(2G3) 8h     -2.09693E-01  5.23014E+00  5.0
    966 26 22  150  18 3d3(2H3) 8d     -2.09400E-01  5.23043E+00 11.0
    967 26 22  120  31 3d3(2D1) 6d     -2.07646E-01  5.23218E+00  5.0
    968 26 22  140  28 3d3(2H3) 8d     -2.07323E-01  5.23251E+00  9.0
    969 26 22  110  21 3d3(2D3) 8d     -2.07310E-01  5.23252E+00  3.0
    970 26 22  300   8 3d3(2D3) 8d     -2.06880E-01  5.23295E+00  3.0
    971 26 22  130  30 3d3(2H3) 8d     -2.04991E-01  5.23484E+00  7.0
    972 26 22  140  29 3d3(2D1) 6d     -2.04988E-01  5.23484E+00  9.0
    973 26 22  120  32 3d3(2D3) 8d     -2.01148E-01  5.23868E+00  5.0
    974 26 22  130  31 3d3(2F3) 7d     -2.00864E-01  5.23897E+00  7.0
    975 26 22  140  30 3d3(2D3) 8d     -1.98888E-01  5.24094E+00  9.0
    976 26 22  110  22 3d3(2P3) 9s     -1.98847E-01  5.24098E+00  3.0
    977 26 22  150  19 3d3(2F3) 7d     -1.98496E-01  5.24133E+00 11.0
    978 26 22  110  23 3d3(2F3) 7d     -1.95604E-01  5.24423E+00  3.0
    979 26 22  100  10 3d3(2D3) 8d     -1.91110E-01  5.24872E+00  1.0
    980 26 22  130  32 3d3(2D3) 8d     -1.89290E-01  5.25054E+00  7.0
    981 26 22  140  31 3d3(2F3) 7d     -1.80167E-01  5.25966E+00  9.0
    982 26 22  120  33 3d3(2F3) 7d     -1.76534E-01  5.26330E+00  5.0
    983 26 22  150  20 3d3(2H3) 9s     -1.75843E-01  5.26399E+00 11.0
    984 26 22  130  33 3d3(2G3) 9d     -1.74488E-01  5.26534E+00  7.0
    985 26 22  150  21 3d3(2G3) 9d     -1.74178E-01  5.26565E+00 11.0
    986 26 22  120  34 3d3(2D3) 9s     -1.73293E-01  5.26654E+00  5.0
    987 26 22  101  10 3d3(2P3) 9p     -1.73282E-01  5.26655E+00  1.0
    988 26 22  121  44 3d3(2P3) 9p     -1.71158E-01  5.26867E+00  5.0
    989 26 22  111  30 3d3(2P3) 9p     -1.69529E-01  5.27030E+00  3.0
    990 26 22  121  45 3d3(2P3) 8f     -1.68422E-01  5.27141E+00  5.0
    991 26 22  141  40 3d3(2P3) 8f     -1.67337E-01  5.27249E+00  9.0
    992 26 22  140  32 3d3(2G3) 9d     -1.65973E-01  5.27386E+00  9.0
    993 26 22  120  35 3d3(2G3) 9d     -1.65128E-01  5.27470E+00  5.0
    994 26 22  131  44 3d3(2P3) 8f     -1.63475E-01  5.27635E+00  7.0
    995 26 22  100  11 3d3(2D1) 6d     -1.56605E-01  5.28323E+00  1.0
    996 26 22  130  34 3d3(2F3) 8s     -1.53971E-01  5.28586E+00  7.0
    997 26 22  140  33 3d3(2G3)10s     -1.53242E-01  5.28659E+00  9.0
    998 26 22  151  31 3d3(2H3) 9p     -1.49898E-01  5.28993E+00 11.0
    999 26 22  111  31 3d3(2D3) 9p     -1.48775E-01  5.29105E+00  3.0
   1000 26 22  131  45 3d3(2D3) 9p     -1.48355E-01  5.29147E+00  7.0
   1001 26 22  121  46 3d3(2D3) 9p     -1.47837E-01  5.29199E+00  5.0
   1002 26 22  141  41 3d3(2H3) 9p     -1.47689E-01  5.29214E+00  9.0
   1003 26 22  121  47 3d3(2D3) 8f     -1.46479E-01  5.29335E+00  5.0
   1004 26 22  151  32 3d3(2H3) 8f     -1.46129E-01  5.29370E+00 11.0
   1005 26 22  151  33 3d3(2D3) 8f     -1.43637E-01  5.29619E+00 11.0
   1006 26 22  131  46 3d3(2D3) 8f     -1.43542E-01  5.29629E+00  7.0
   1007 26 22  141  42 3d3(2H3) 8f     -1.43482E-01  5.29635E+00  9.0
   1008 26 22  121  48 3d3(2H3) 8f     -1.42439E-01  5.29739E+00  5.0
   1009 26 22  141  43 3d3(2D3) 8f     -1.42337E-01  5.29749E+00  9.0
   1010 26 22  120  36 3d3(2D1) 7s     -1.41144E-01  5.29869E+00  5.0
   1011 26 22  131  47 3d3(2H3) 8f     -1.41039E-01  5.29879E+00  7.0
   1012 26 22  111  32 3d3(2D3) 8f     -1.38800E-01  5.30103E+00  3.0
   1013 26 22  141  44 3d3(2G3)10p     -1.34526E-01  5.30530E+00  9.0
   1014 26 22  151  34 3d3(2G3)10p     -1.34118E-01  5.30571E+00 11.0
   1015 26 22  131  48 3d3(2G3)10p     -1.34004E-01  5.30583E+00  7.0
   1016 26 22  131  49 3d3(2G3) 9f     -1.31672E-01  5.30816E+00  7.0
   1017 26 22  121  49 3d3(2G3) 9f     -1.31230E-01  5.30860E+00  5.0
   1018 26 22  141  45 3d3(2G3) 9f     -1.30556E-01  5.30927E+00  9.0
   1019 26 22  151  35 3d3(2G3) 9f     -1.29999E-01  5.30983E+00 11.0
   1020 26 22  111  33 3d3(2G3) 9f     -1.29264E-01  5.31057E+00  3.0
   1021 26 22  110  24 3d3(2P3) 9d     -1.26207E-01  5.31362E+00  3.0
   1022 26 22  130  35 3d3(2P3) 9d     -1.23768E-01  5.31606E+00  7.0
   1023 26 22  120  37 3d3(2P3) 9d     -1.20312E-01  5.31952E+00  5.0
   1024 26 22  141  46 3d3(2F3) 8p     -1.12888E-01  5.32694E+00  9.0
   1025 26 22  121  50 3d3(2F3) 8p     -1.12553E-01  5.32728E+00  5.0
   1026 26 22  131  50 3d3(2F3) 8p     -1.11765E-01  5.32806E+00  7.0
   1027 26 22  101  11 3d3(2F3) 7f     -1.08017E-01  5.33181E+00  1.0
   1028 26 22  110  25 3d3(2P3)10s     -1.06007E-01  5.33382E+00  3.0
   1029 26 22  150  22 3d3(2H3) 9d     -1.05377E-01  5.33445E+00 11.0
   1030 26 22  141  47 3d3(2F3) 7f     -1.04977E-01  5.33485E+00  9.0
   1031 26 22  300   9 3d3(2D3) 9d     -1.04909E-01  5.33492E+00  3.0
   1032 26 22  111  34 3d3(2F3) 7f     -1.04674E-01  5.33516E+00  3.0
   1033 26 22  130  36 3d3(2H3) 9d     -1.03655E-01  5.33617E+00  7.0
   1034 26 22  131  51 3d3(2F3) 7f     -1.03512E-01  5.33632E+00  7.0
   1035 26 22  121  51 3d3(2F3) 7f     -1.03320E-01  5.33651E+00  5.0
   1036 26 22  110  26 3d3(2D3) 9d     -1.03275E-01  5.33656E+00  3.0
   1037 26 22  140  34 3d3(2H3) 9d     -1.02587E-01  5.33724E+00  9.0
   1038 26 22  150  23 3d3(2G3)10d     -1.02445E-01  5.33738E+00 11.0
   1039 26 22  151  36 3d3(2F3) 7f     -1.02363E-01  5.33747E+00 11.0
   1040 26 22  130  37 3d3(2G3)10d     -1.01943E-01  5.33789E+00  7.0
   1041 26 22  120  38 3d3(2D3) 9d     -1.00963E-01  5.33887E+00  5.0
   1042 26 22  140  35 3d3(2G3)10d     -9.94260E-02  5.34040E+00  9.0
   1043 26 22  120  39 3d3(2G3)10d     -9.83465E-02  5.34148E+00  5.0
   1044 26 22  130  38 3d3(2D3) 9d     -9.62387E-02  5.34359E+00  7.0
   1045 26 22  140  36 3d3(2D3) 9d     -9.45942E-02  5.34524E+00  9.0
   1046 26 22  100  12 3d3(2D3) 9d     -9.32247E-02  5.34661E+00  1.0
   1047 26 22  101  12 3d3(2P3)10p     -8.76445E-02  5.35219E+00  1.0
   1048 26 22  140  37 3d3(2G3)11s     -8.76197E-02  5.35221E+00  9.0
   1049 26 22  121  52 3d3(2P3)10p     -8.61415E-02  5.35369E+00  5.0
   1050 26 22  111  35 3d3(2P3)10p     -8.51512E-02  5.35468E+00  3.0
   1051 26 22  121  53 3d3(2P3) 9f     -8.47212E-02  5.35511E+00  5.0
   1052 26 22  141  48 3d3(2P3) 9f     -8.33195E-02  5.35651E+00  9.0
   1053 26 22  150  24 3d3(2H3)10s     -8.27847E-02  5.35705E+00 11.0
   1054 26 22  120  40 3d3(2D3)10s     -8.26112E-02  5.35722E+00  5.0
   1055 26 22  131  52 3d3(2P3) 9f     -8.12827E-02  5.35855E+00  7.0
   1056 26 22  121  54 3d3(2D1) 7p     -7.85657E-02  5.36126E+00  5.0
   1057 26 22  131  53 3d3(2G3)11p     -7.53829E-02  5.36445E+00  7.0
   1058 26 22  141  49 3d3(2G3)11p     -7.40300E-02  5.36580E+00  9.0
   1059 26 22  151  37 3d3(2G3)11p     -7.37642E-02  5.36607E+00 11.0
   1060 26 22  131  54 3d3(2G3)10f     -7.24857E-02  5.36734E+00  7.0
   1061 26 22  121  55 3d3(2G3)10f     -7.20915E-02  5.36774E+00  5.0
   1062 26 22  141  50 3d3(2G3)10f     -7.19759E-02  5.36785E+00  9.0
   1063 26 22  151  38 3d3(2G3)10f     -7.14697E-02  5.36836E+00 11.0
   1064 26 22  131  55 3d3(2D1) 7p     -7.12815E-02  5.36855E+00  7.0
   1065 26 22  111  36 3d3(2G3)10f     -7.11427E-02  5.36869E+00  3.0
   1066 26 22  101  13 3d3(2P3)11p     -2.67292E-02  5.41310E+00  1.0
 ====================================================================
