 ====================================================================
      i NZ NE iSLP iLV iCONF                 E(RYD)      TE(RYD)   gi
 ====================================================================
      1 26 21  430   1 3d3(3)          -7.17051E+00  0.00000E+00 28.0
      2 26 21  410   1 3d3(3)          -6.99802E+00  1.72490E-01 12.0
      3 26 21  240   1 3d3(3)          -6.97631E+00  1.94200E-01 18.0
      4 26 21  210   1 3d3(3)          -6.93873E+00  2.31780E-01  6.0
      5 26 21  220   1 3d3(3)          -6.92499E+00  2.45520E-01 10.0
      6 26 21  250   1 3d3(3)          -6.88971E+00  2.80800E-01 22.0
      7 26 21  230   1 3d3(3)          -6.73290E+00  4.37610E-01 14.0
      8 26 21  220   2 3d3(1)          -6.50758E+00  6.62930E-01 10.0
      9 26 21  430   2 3d2(3FE) 4s     -4.81851E+00  2.35200E+00 28.0
     10 26 21  230   2 3d2(3FE) 4s     -4.75569E+00  2.41482E+00 14.0
     11 26 21  220   3 3d2(1DE) 4s     -4.64925E+00  2.52126E+00 10.0
     12 26 21  410   2 3d2(3PE) 4s     -4.63604E+00  2.53447E+00 12.0
     13 26 21  210   2 3d2(3PE) 4s     -4.57782E+00  2.59269E+00  6.0
     14 26 21  240   2 3d2(1GE) 4s     -4.52720E+00  2.64331E+00 18.0
     15 26 21  200   1 3d2(1SE) 4s     -4.20783E+00  2.96268E+00  2.0
     16 26 21  441   1 3d2(3FE) 4p     -4.09220E+00  3.07831E+00 36.0
     17 26 21  431   1 3d2(3FE) 4p     -4.08533E+00  3.08518E+00 28.0
     18 26 21  231   1 3d2(3FE) 4p     -4.06402E+00  3.10649E+00 14.0
     19 26 21  421   1 3d2(3FE) 4p     -4.05667E+00  3.11384E+00 20.0
     20 26 21  221   1 3d2(3FE) 4p     -4.05047E+00  3.12004E+00 10.0
     21 26 21  241   1 3d2(3FE) 4p     -4.02153E+00  3.14898E+00 18.0
     22 26 21  201   1 3d2(3PE) 4p     -3.97636E+00  3.19415E+00  2.0
     23 26 21  401   1 3d2(3PE) 4p     -3.94625E+00  3.22426E+00  4.0
     24 26 21  211   1 3d2(1DE) 4p     -3.92777E+00  3.24274E+00  6.0
     25 26 21  231   2 3d2(1DE) 4p     -3.92601E+00  3.24450E+00 14.0
     26 26 21  421   2 3d2(3PE) 4p     -3.90516E+00  3.26535E+00 20.0
     27 26 21  221   2 3d2(1DE) 4p     -3.89821E+00  3.27230E+00 10.0
     28 26 21  411   1 3d2(3PE) 4p     -3.87016E+00  3.30035E+00 12.0
     29 26 21  241   2 3d2(1GE) 4p     -3.86448E+00  3.30603E+00 18.0
     30 26 21  221   3 3d2(3PE) 4p     -3.82885E+00  3.34166E+00 10.0
     31 26 21  251   1 3d2(1GE) 4p     -3.80245E+00  3.36806E+00 22.0
     32 26 21  211   2 3d2(3PE) 4p     -3.79391E+00  3.37660E+00  6.0
     33 26 21  231   3 3d2(1GE) 4p     -3.74604E+00  3.42447E+00 14.0
     34 26 21  211   3 3d2(1SE) 4p     -3.45981E+00  3.71070E+00  6.0
     35 26 21  421   3 3p5 3d4(3F4)    -3.22154E+00  3.94897E+00 20.0
     36 26 21  431   2 3p5 3d4(3G4)    -3.13087E+00  4.03964E+00 28.0
     37 26 21  440   1 3d2(3FE) 4d     -3.11380E+00  4.05671E+00 36.0
     38 26 21  230   3 3d2(3FE) 4d     -3.11304E+00  4.05747E+00 14.0
     39 26 21  450   1 3d2(3FE) 4d     -3.10377E+00  4.06674E+00 44.0
     40 26 21  420   1 3d2(3FE) 4d     -3.09922E+00  4.07129E+00 20.0
     41 26 21  411   2 3p5 3d4(3D4)    -3.07947E+00  4.09104E+00 12.0
     42 26 21  210   3 3d2(3FE) 4d     -3.06821E+00  4.10230E+00  6.0
     43 26 21  401   2 3p5 3d4(3P4)    -3.04869E+00  4.12182E+00  4.0
     44 26 21  240   3 3d2(3FE) 4d     -3.04349E+00  4.12702E+00 18.0
     45 26 21  410   3 3d2(3FE) 4d     -3.04286E+00  4.12765E+00 12.0
     46 26 21  441   2 3p5 3d4(3F4)    -3.03985E+00  4.13066E+00 36.0
     47 26 21  220   4 3d2(3FE) 4d     -3.02363E+00  4.14688E+00 10.0
     48 26 21  250   2 3d2(3FE) 4d     -3.01754E+00  4.15297E+00 22.0
     49 26 21  451   1 3p5 3d4(3H4)    -3.01439E+00  4.15612E+00 44.0
     50 26 21  241   3 3p5 3d4(3H4):   -3.01231E+00  4.15820E+00 18.0
     51 26 21  431   3 3p5 3d4(5D4)    -2.98334E+00  4.18717E+00 28.0
     52 26 21  430   3 3d2(3FE) 4d     -2.98103E+00  4.18948E+00 28.0
     53 26 21  411   3 3p5 3d4(3P4)    -2.97330E+00  4.19721E+00 12.0
     54 26 21  200   2 3d2(1DE) 4d     -2.94577E+00  4.22474E+00  2.0
     55 26 21  210   4 3d2(3PE) 4d     -2.94564E+00  4.22487E+00  6.0
     56 26 21  230   4 3d2(1DE) 4d     -2.93880E+00  4.23171E+00 14.0
     57 26 21  441   3 3p5 3d4(3G4)    -2.93800E+00  4.23251E+00 36.0
     58 26 21  231   4 3p5 3d4(3F2):   -2.93311E+00  4.23740E+00 14.0
     59 26 21  421   4 3p5 3d4(3P4)    -2.93284E+00  4.23767E+00 20.0
     60 26 21  240   4 3d2(1DE) 4d     -2.89545E+00  4.27506E+00 18.0
     61 26 21  420   2 3d2(3PE) 4d     -2.89126E+00  4.27925E+00 20.0
     62 26 21  430   4 3d2(3PE) 4d     -2.88115E+00  4.28936E+00 28.0
     63 26 21  230   5 3d2(3PE) 4d     -2.87714E+00  4.29337E+00 14.0
     64 26 21  221   4 3p5 3d4(3P4):   -2.87110E+00  4.29941E+00 10.0
     65 26 21  251   2 3p5 3d4(3G4)    -2.86923E+00  4.30128E+00 22.0
     66 26 21  211   4 3p5 3d4(1S4):   -2.86784E+00  4.30267E+00  6.0
     67 26 21  220   5 3d2(3PE) 4d     -2.85028E+00  4.32023E+00 10.0
     68 26 21  410   4 3d2(3PE) 4d     -2.80766E+00  4.36285E+00 12.0
     69 26 21  220   6 3d2(1DE) 4d     -2.80617E+00  4.36434E+00 10.0
     70 26 21  451   2 3p5 3d4(3G4)    -2.80394E+00  4.36657E+00 44.0
     71 26 21  240   5 3d2(1GE) 4d     -2.78448E+00  4.38603E+00 18.0
     72 26 21  210   5 3d2(1DE) 4d     -2.78338E+00  4.38713E+00  6.0
     73 26 21  211   5 3p5 3d4(3D4):   -2.75947E+00  4.41104E+00  6.0
     74 26 21  250   3 3d2(1GE) 4d     -2.74966E+00  4.42085E+00 22.0
     75 26 21  421   5 3p5 3d4(3P2)    -2.73953E+00  4.43098E+00 20.0
     76 26 21  221   5 3p5 3d4(3D4)    -2.70908E+00  4.46143E+00 10.0
     77 26 21  231   5 3p5 3d4(1D4)    -2.70850E+00  4.46201E+00 14.0
     78 26 21  230   6 3d2(1GE) 4d     -2.68362E+00  4.48689E+00 14.0
     79 26 21  220   7 3d2(1GE) 4d     -2.65577E+00  4.51474E+00 10.0
     80 26 21  241   4 3p5 3d4(1F4)    -2.65375E+00  4.51676E+00 18.0
     81 26 21  431   4 3p5 3d4(3D4)    -2.64605E+00  4.52446E+00 28.0
     82 26 21  251   3 3p5 3d4(1G4)    -2.64521E+00  4.52530E+00 22.0
     83 26 21  231   6 3p5 3d4(3D4)    -2.62415E+00  4.54636E+00 14.0
     84 26 21  241   5 3p5 3d4(3F4):   -2.58229E+00  4.58822E+00 18.0
     85 26 21  441   4 3p5 3d4(3F2)    -2.56457E+00  4.60594E+00 36.0
     86 26 21  430   5 3d2(3FE) 5s     -2.53101E+00  4.63950E+00 28.0
     87 26 21  230   7 3d2(3FE) 5s     -2.51128E+00  4.65923E+00 14.0
     88 26 21  221   6 3p5 3d4(1D4)    -2.49471E+00  4.67580E+00 10.0
     89 26 21  201   2 3p5 3d4(3P2)    -2.47930E+00  4.69121E+00  2.0
     90 26 21  220   8 3d2(1SE) 4d     -2.43261E+00  4.73790E+00 10.0
     91 26 21  421   6 3p5 3d4(3D4)    -2.42117E+00  4.74934E+00 20.0
     92 26 21  441   5 3p5 3d4(3H4)    -2.40273E+00  4.76778E+00 36.0
     93 26 21  220   9 3d2(1DE) 5s     -2.37714E+00  4.79337E+00 10.0
     94 26 21  410   5 3d2(3PE) 5s     -2.35427E+00  4.81624E+00 12.0
     95 26 21  431   5 3d2(3FE) 4f     -2.34868E+00  4.82183E+00 28.0
     96 26 21  411   4 3p5 3d4(3P2)    -2.34516E+00  4.82535E+00 12.0
     97 26 21  241   6 3d2(3FE) 4f     -2.34445E+00  4.82606E+00 18.0
     98 26 21  210   6 3d2(3PE) 5s     -2.33713E+00  4.83338E+00  6.0
     99 26 21  451   3 3d2(3FE) 4f     -2.33112E+00  4.83939E+00 44.0
    100 26 21  251   4 3p5 3d4(1G2)    -2.32993E+00  4.84058E+00 22.0
    101 26 21  201   3 3d2(3FE) 4f     -2.32980E+00  4.84071E+00  2.0
    102 26 21  231   7 3d2(3FE) 4f     -2.32146E+00  4.84905E+00 14.0
    103 26 21  401   3 3d2(3FE) 4f     -2.31984E+00  4.85067E+00  4.0
    104 26 21  421   7 3d2(3FE) 4f     -2.31485E+00  4.85566E+00 20.0
    105 26 21  211   6 3d2(3FE) 4f     -2.30800E+00  4.86251E+00  6.0
    106 26 21  411   5 3d2(3FE) 4f     -2.29830E+00  4.87221E+00 12.0
    107 26 21  251   5 3d2(3FE) 4f     -2.29043E+00  4.88008E+00 22.0
    108 26 21  221   7 3d2(3FE) 4f     -2.28853E+00  4.88198E+00 10.0
    109 26 21  431   6 3p5 3d4(3F2)    -2.27761E+00  4.89290E+00 28.0
    110 26 21  240   6 3d2(1GE) 5s     -2.27469E+00  4.89582E+00 18.0
    111 26 21  231   8 3p5 3d4(1F4)    -2.27136E+00  4.89915E+00 14.0
    112 26 21  221   8 3d2(1DE) 4f     -2.25440E+00  4.91611E+00 10.0
    113 26 21  431   7 3d2(3FE) 5p     -2.24872E+00  4.92179E+00 28.0
    114 26 21  441   6 3d2(3FE) 5p     -2.24808E+00  4.92243E+00 36.0
    115 26 21  441   7 3d2(3FE) 4f     -2.24610E+00  4.92441E+00 36.0
    116 26 21  241   7 3p5 3d4(3F2)    -2.24408E+00  4.92643E+00 18.0
    117 26 21  421   8 3d2(3FE) 5p     -2.24359E+00  4.92692E+00 20.0
    118 26 21  231   9 3d2(3FE) 5p     -2.23956E+00  4.93095E+00 14.0
    119 26 21  221   9 3p5 3d4(1D2)    -2.23396E+00  4.93655E+00 10.0
    120 26 21  241   8 3d2(3FE) 5p     -2.22580E+00  4.94471E+00 18.0
    121 26 21  221  10 3d2(3FE) 5p     -2.21368E+00  4.95683E+00 10.0
    122 26 21  231  10 3d2(1DE) 4f     -2.20075E+00  4.96976E+00 14.0
    123 26 21  421   9 3p5 3d4(3F2)    -2.19410E+00  4.97641E+00 20.0
    124 26 21  211   7 3d2(1DE) 4f     -2.18002E+00  4.99049E+00  6.0
    125 26 21  241   9 3d2(1DE) 4f     -2.16967E+00  5.00084E+00 18.0
    126 26 21  251   6 3d2(1DE) 4f     -2.16504E+00  5.00547E+00 22.0
    127 26 21  211   8 3p5 3d4(1D2):   -2.15761E+00  5.01290E+00  6.0
    128 26 21  221  11 3d2(3PE) 4f     -2.15637E+00  5.01414E+00 10.0
    129 26 21  241  10 3d2(3PE) 4f     -2.13406E+00  5.03645E+00 18.0
    130 26 21  431   8 3d2(3PE) 4f     -2.12065E+00  5.04986E+00 28.0
    131 26 21  231  11 3d2(3PE) 4f:    -2.11424E+00  5.05627E+00 14.0
    132 26 21  441   8 3d2(3PE) 4f     -2.11185E+00  5.05866E+00 36.0
    133 26 21  251   7 3d2(1GE) 4f:    -2.10317E+00  5.06734E+00 22.0
    134 26 21  401   4 3d2(3PE) 5p     -2.09966E+00  5.07085E+00  4.0
    135 26 21  211   9 3d2(1DE) 5p     -2.09846E+00  5.07205E+00  6.0
    136 26 21  231  12 3d2(1DE) 5p     -2.09694E+00  5.07357E+00 14.0
    137 26 21  201   4 3d2(3PE) 5p     -2.09511E+00  5.07540E+00  2.0
    138 26 21  221  12 3d2(1DE) 5p     -2.08749E+00  5.08302E+00 10.0
    139 26 21  241  11 3d2(1GE) 4f     -2.07336E+00  5.09715E+00 18.0
    140 26 21  421  10 3d2(3PE) 5p     -2.07103E+00  5.09948E+00 20.0
    141 26 21  221  13 3d2(3PE) 5p     -2.06206E+00  5.10845E+00 10.0
    142 26 21  231  13 3d2(1GE) 4f     -2.06040E+00  5.11011E+00 14.0
    143 26 21  411   6 3d2(3PE) 5p     -2.05639E+00  5.11412E+00 12.0
    144 26 21  211  10 3d2(3PE) 5p     -2.03741E+00  5.13310E+00  6.0
    145 26 21  221  14 3d2(1GE) 4f     -2.02381E+00  5.14670E+00 10.0
    146 26 21  241  12 3d2(1GE) 5p     -2.01233E+00  5.15818E+00 18.0
    147 26 21  421  11 3d2(3PE) 4f     -2.00664E+00  5.16387E+00 20.0
    148 26 21  211  11 3d2(1GE) 4f     -2.00571E+00  5.16480E+00  6.0
    149 26 21  251   8 3p5 3d4(1I4)    -1.98931E+00  5.18120E+00 22.0
    150 26 21  231  14 3p5 3d4(1G2):   -1.98467E+00  5.18584E+00 14.0
    151 26 21  251   9 3d2(1GE) 5p     -1.98421E+00  5.18630E+00 22.0
    152 26 21  231  15 3d2(1GE) 5p     -1.96472E+00  5.20579E+00 14.0
    153 26 21  431   9 3p5 3d4(3F4)    -1.94575E+00  5.22476E+00 28.0
    154 26 21  200   3 3d2(1SE) 5s     -1.93138E+00  5.23913E+00  2.0
    155 26 21  401   5 3p5 3d4(3P2)    -1.92985E+00  5.24066E+00  4.0
    156 26 21  221  15 3p5 3d4(1F4)    -1.92081E+00  5.24970E+00 10.0
    157 26 21  241  13 3p5 3d4(1G2):   -1.83731E+00  5.33320E+00 18.0
    158 26 21  440   2 3d2(3FE) 5d     -1.83684E+00  5.33367E+00 36.0
    159 26 21  230   8 3d2(3FE) 5d     -1.83349E+00  5.33702E+00 14.0
    160 26 21  450   2 3d2(3FE) 5d     -1.83328E+00  5.33723E+00 44.0
    161 26 21  420   3 3d2(3FE) 5d     -1.82907E+00  5.34144E+00 20.0
    162 26 21  210   7 3d2(3FE) 5d     -1.81232E+00  5.35819E+00  6.0
    163 26 21  231  16 3p5 3d4(1D2):   -1.80032E+00  5.37019E+00 14.0
    164 26 21  410   6 3d2(3FE) 5d     -1.79699E+00  5.37352E+00 12.0
    165 26 21  240   7 3d2(3FE) 5d     -1.79479E+00  5.37572E+00 18.0
    166 26 21  220  10 3d2(3FE) 5d     -1.78728E+00  5.38323E+00 10.0
    167 26 21  250   4 3d2(3FE) 5d     -1.78570E+00  5.38481E+00 22.0
    168 26 21  430   6 3d2(3FE) 5d     -1.78023E+00  5.39028E+00 28.0
    169 26 21  220  11 3d 4s2          -1.74844E+00  5.42207E+00 10.0
    170 26 21  211  12 3p5 3d4(1D4):   -1.72185E+00  5.44866E+00  6.0
    171 26 21  231  17 3d2(1SE) 4f     -1.70673E+00  5.46378E+00 14.0
    172 26 21  200   4 3d2(1DE) 5d     -1.67862E+00  5.49189E+00  2.0
    173 26 21  230   9 3d2(1DE) 5d     -1.67628E+00  5.49423E+00 14.0
    174 26 21  210   8 3d2(1DE) 5d:    -1.67224E+00  5.49827E+00  6.0
    175 26 21  240   8 3d2(1DE) 5d     -1.66329E+00  5.50722E+00 18.0
    176 26 21  241  14 3p5 3d4(1G4):   -1.65972E+00  5.51079E+00 18.0
    177 26 21  430   7 3d2(3PE) 5d     -1.64439E+00  5.52612E+00 28.0
    178 26 21  201   5 3p5 3d4(3P4)    -1.64428E+00  5.52623E+00  2.0
    179 26 21  220  12 3d2(1DE) 5d     -1.64253E+00  5.52798E+00 10.0
    180 26 21  211  13 3d2(1SE) 5p     -1.64234E+00  5.52817E+00  6.0
    181 26 21  420   4 3d2(3PE) 5d     -1.64197E+00  5.52854E+00 20.0
    182 26 21  230  10 3d2(3PE) 5d     -1.62482E+00  5.54569E+00 14.0
    183 26 21  221  16 3p5 3d4(3F4):   -1.62373E+00  5.54678E+00 10.0
    184 26 21  410   7 3d2(3PE) 5d     -1.62180E+00  5.54871E+00 12.0
    185 26 21  210   9 3d2(3PE) 5d     -1.61596E+00  5.55455E+00  6.0
    186 26 21  220  13 3d2(3PE) 5d     -1.60464E+00  5.56587E+00 10.0
    187 26 21  411   7 3p5 3d4(5D4)    -1.59737E+00  5.57314E+00 12.0
    188 26 21  430   8 3d2(3FE) 6s     -1.57437E+00  5.59614E+00 28.0
    189 26 21  230  11 3d2(3FE) 6s     -1.56691E+00  5.60360E+00 14.0
    190 26 21  240   9 3d2(1GE) 5d     -1.56622E+00  5.60429E+00 18.0
    191 26 21  250   5 3d2(1GE) 5d     -1.55366E+00  5.61685E+00 22.0
    192 26 21  231  18 3p5 3d4(3F4):   -1.54329E+00  5.62722E+00 14.0
    193 26 21  230  12 3d2(1GE) 5d     -1.53065E+00  5.63986E+00 14.0
    194 26 21  251  10 3p5 3d4(3H4)    -1.51751E+00  5.65300E+00 22.0
    195 26 21  220  14 3d2(1GE) 5d     -1.50808E+00  5.66243E+00 10.0
    196 26 21  421  12 3d2(3FE) 5f     -1.49941E+00  5.67110E+00 20.0
    197 26 21  451   4 3d2(3FE) 5f     -1.49411E+00  5.67640E+00 44.0
    198 26 21  231  19 3d2(3FE) 5f     -1.48572E+00  5.68479E+00 14.0
    199 26 21  441   9 3d2(3FE) 5f     -1.46121E+00  5.70930E+00 36.0
    200 26 21  241  15 3d2(3FE) 5f     -1.45882E+00  5.71169E+00 18.0
    201 26 21  211  14 3d2(3FE) 5f     -1.45700E+00  5.71351E+00  6.0
    202 26 21  431  10 3d2(3FE) 5f     -1.44629E+00  5.72422E+00 28.0
    203 26 21  250   6 3d2(3FE) 5g     -1.44449E+00  5.72602E+00 22.0
    204 26 21  450   3 3d2(3FE) 5g     -1.44442E+00  5.72609E+00 44.0
    205 26 21  240  10 3d2(3FE) 5g     -1.44229E+00  5.72822E+00 18.0
    206 26 21  440   3 3d2(3FE) 5g     -1.44228E+00  5.72823E+00 36.0
    207 26 21  210  10 3d2(3FE) 5g     -1.44054E+00  5.72997E+00  6.0
    208 26 21  410   8 3d2(3FE) 5g     -1.44032E+00  5.73019E+00 12.0
    209 26 21  221  17 3d2(3FE) 5f     -1.43930E+00  5.73121E+00 10.0
    210 26 21  430   9 3d2(3FE) 5g     -1.43896E+00  5.73155E+00 28.0
    211 26 21  230  13 3d2(3FE) 5g     -1.43844E+00  5.73207E+00 14.0
    212 26 21  420   5 3d2(3FE) 5g     -1.43835E+00  5.73216E+00 20.0
    213 26 21  231  20 3p5 3d4(1G4)    -1.43818E+00  5.73233E+00 14.0
    214 26 21  220  15 3d2(3FE) 5g     -1.43800E+00  5.73251E+00 10.0
    215 26 21  401   6 3d2(3FE) 5f     -1.43800E+00  5.73251E+00  4.0
    216 26 21  211  15 3p5 3d4(1S0):   -1.43224E+00  5.73827E+00  6.0
    217 26 21  441  10 3d2(3FE) 6p     -1.43133E+00  5.73918E+00 36.0
    218 26 21  431  11 3d2(3FE) 6p     -1.42761E+00  5.74290E+00 28.0
    219 26 21  421  13 3d2(3FE) 6p     -1.42630E+00  5.74421E+00 20.0
    220 26 21  220  16 3d2(1DE) 6s     -1.42473E+00  5.74578E+00 10.0
    221 26 21  221  18 3d2(3FE) 6p     -1.41992E+00  5.75059E+00 10.0
    222 26 21  241  16 3d2(3FE) 6p     -1.41835E+00  5.75216E+00 18.0
    223 26 21  231  21 3d2(3FE) 6p:    -1.41115E+00  5.75936E+00 14.0
    224 26 21  251  11 3d2(3FE) 5f:    -1.39722E+00  5.77329E+00 22.0
    225 26 21  410   9 3d2(3PE) 6s     -1.39719E+00  5.77332E+00 12.0
    226 26 21  210  11 3d2(3PE) 6s     -1.38949E+00  5.78102E+00  6.0
    227 26 21  201   6 3d2(3FE) 5f     -1.38407E+00  5.78644E+00  2.0
    228 26 21  411   8 3d2(3FE) 5f     -1.38358E+00  5.78693E+00 12.0
    229 26 21  211  16 3p5 3d4(3P4):   -1.37199E+00  5.79852E+00  6.0
    230 26 21  421  14 3p5 3d4(5D4)    -1.35641E+00  5.81410E+00 20.0
    231 26 21  241  17 3d2(1DE) 5f     -1.33230E+00  5.83821E+00 18.0
    232 26 21  221  19 3d2(1DE) 5f:    -1.32832E+00  5.84219E+00 10.0
    233 26 21  251  12 3d2(1DE) 5f     -1.32628E+00  5.84423E+00 22.0
    234 26 21  240  11 3d2(1GE) 6s     -1.32098E+00  5.84953E+00 18.0
    235 26 21  231  22 3d2(1DE) 5f     -1.32051E+00  5.85000E+00 14.0
    236 26 21  421  15 3d 4s(3DE) 4p   -1.31592E+00  5.85459E+00 20.0
    237 26 21  431  12 3d 4s(3DE) 4p   -1.30620E+00  5.86431E+00 28.0
    238 26 21  221  20 3p5 3d4(3F2):   -1.30606E+00  5.86445E+00 10.0
    239 26 21  441  11 3d2(3PE) 5f     -1.30278E+00  5.86773E+00 36.0
    240 26 21  220  17 3d2(1DE) 5g     -1.29522E+00  5.87529E+00 10.0
    241 26 21  230  14 3d2(1DE) 5g     -1.29517E+00  5.87534E+00 14.0
    242 26 21  250   7 3d2(1DE) 5g     -1.29328E+00  5.87723E+00 22.0
    243 26 21  240  12 3d2(1DE) 5g     -1.29230E+00  5.87821E+00 18.0
    244 26 21  431  13 3d2(3PE) 5f     -1.29216E+00  5.87835E+00 28.0
    245 26 21  211  17 3d2(1DE) 5f     -1.29202E+00  5.87849E+00  6.0
    246 26 21  241  18 3d2(3PE) 5f     -1.28907E+00  5.88144E+00 18.0
    247 26 21  221  21 3d2(3PE) 5f     -1.28563E+00  5.88488E+00 10.0
    248 26 21  231  23 3d2(1DE) 6p     -1.28132E+00  5.88919E+00 14.0
    249 26 21  211  18 3d2(1DE) 6p     -1.27846E+00  5.89205E+00  6.0
    250 26 21  221  22 3p5 3d4(3P2):   -1.27707E+00  5.89344E+00 10.0
    251 26 21  221  23 3d2(1DE) 6p:    -1.27508E+00  5.89543E+00 10.0
    252 26 21  421  16 3d2(3PE) 5f     -1.26790E+00  5.90261E+00 20.0
    253 26 21  430  10 3d2(3PE) 5g     -1.26712E+00  5.90339E+00 28.0
    254 26 21  230  15 3d2(3PE) 5g     -1.26707E+00  5.90344E+00 14.0
    255 26 21  450   4 3d2(3PE) 5g     -1.26537E+00  5.90514E+00 44.0
    256 26 21  250   8 3d2(3PE) 5g     -1.26478E+00  5.90573E+00 22.0
    257 26 21  201   7 3d2(3PE) 6p     -1.26242E+00  5.90809E+00  2.0
    258 26 21  440   4 3d2(3PE) 5g     -1.25778E+00  5.91273E+00 36.0
    259 26 21  401   7 3d2(3PE) 6p     -1.25709E+00  5.91342E+00  4.0
    260 26 21  240  13 3d2(3PE) 5g     -1.25684E+00  5.91367E+00 18.0
    261 26 21  231  24 3d2(3PE) 5f     -1.25212E+00  5.91839E+00 14.0
    262 26 21  411   9 3d 4s(3DE) 4p   -1.24778E+00  5.92273E+00 12.0
    263 26 21  411  10 3d2(3PE) 6p     -1.24534E+00  5.92517E+00 12.0
    264 26 21  421  17 3d2(3PE) 6p     -1.23823E+00  5.93228E+00 20.0
    265 26 21  221  24 3d2(3PE) 6p     -1.23713E+00  5.93338E+00 10.0
    266 26 21  211  19 3d2(3PE) 6p     -1.22944E+00  5.94107E+00  6.0
    267 26 21  440   5 3d2(3FE) 6d     -1.21790E+00  5.95261E+00 36.0
    268 26 21  220  18 3d2(1SE) 5d     -1.21749E+00  5.95302E+00 10.0
    269 26 21  450   5 3d2(3FE) 6d     -1.21616E+00  5.95435E+00 44.0
    270 26 21  420   6 3d2(3FE) 6d     -1.21445E+00  5.95606E+00 20.0
    271 26 21  230  16 3d2(3FE) 6d     -1.21386E+00  5.95665E+00 14.0
    272 26 21  241  19 3d2(1GE) 5f     -1.20833E+00  5.96218E+00 18.0
    273 26 21  231  25 3p5 3d4(3G4):   -1.20316E+00  5.96735E+00 14.0
    274 26 21  210  12 3d2(3FE) 6d     -1.20244E+00  5.96807E+00  6.0
    275 26 21  410  10 3d2(3FE) 6d     -1.19477E+00  5.97574E+00 12.0
    276 26 21  250   9 3d2(1GE) 5g     -1.19418E+00  5.97633E+00 22.0
    277 26 21  240  14 3d2(3FE) 6d     -1.19330E+00  5.97721E+00 18.0
    278 26 21  251  13 3d2(1GE) 5f     -1.19286E+00  5.97765E+00 22.0
    279 26 21  240  15 3d2(1GE) 5g     -1.19162E+00  5.97889E+00 18.0
    280 26 21  250  10 3d2(3FE) 6d     -1.18888E+00  5.98163E+00 22.0
    281 26 21  430  11 3d2(3FE) 6d     -1.18841E+00  5.98210E+00 28.0
    282 26 21  230  17 3d2(1GE) 5g     -1.18767E+00  5.98284E+00 14.0
    283 26 21  241  20 3d2(1GE) 6p     -1.18557E+00  5.98494E+00 18.0
    284 26 21  220  19 3d2(1GE) 5g     -1.18310E+00  5.98741E+00 10.0
    285 26 21  210  13 3d2(1GE) 5g     -1.17888E+00  5.99163E+00  6.0
    286 26 21  220  20 3d2(3FE) 6d     -1.17845E+00  5.99206E+00 10.0
    287 26 21  200   5 3d2(1GE) 5g     -1.17638E+00  5.99413E+00  2.0
    288 26 21  231  26 3d2(1GE) 5f     -1.17283E+00  5.99768E+00 14.0
    289 26 21  211  20 3d 4s(1DE) 4p   -1.17277E+00  5.99774E+00  6.0
    290 26 21  251  14 3d2(1GE) 6p     -1.16701E+00  6.00350E+00 22.0
    291 26 21  231  27 3d2(1GE) 6p     -1.16517E+00  6.00534E+00 14.0
    292 26 21  211  21 3d2(1GE) 5f     -1.15784E+00  6.01267E+00  6.0
    293 26 21  221  25 3d2(1GE) 5f     -1.10316E+00  6.06735E+00 10.0
    294 26 21  430  12 3d2(3FE) 7s     -1.07599E+00  6.09452E+00 28.0
    295 26 21  230  18 3d2(3FE) 7s     -1.07313E+00  6.09738E+00 14.0
    296 26 21  200   6 3d2(1DE) 6d     -1.06868E+00  6.10183E+00  2.0
    297 26 21  230  19 3d2(1DE) 6d     -1.06096E+00  6.10955E+00 14.0
    298 26 21  240  16 3d2(1DE) 6d     -1.05903E+00  6.11148E+00 18.0
    299 26 21  210  14 3d2(1DE) 6d     -1.05681E+00  6.11370E+00  6.0
    300 26 21  220  21 3d2(1DE) 6d     -1.05086E+00  6.11965E+00 10.0
    301 26 21  231  28 3d2(3FE) 6f     -1.05070E+00  6.11981E+00 14.0
    302 26 21  241  21 3d2(3FE) 6f     -1.03680E+00  6.13371E+00 18.0
    303 26 21  451   5 3d2(3FE) 6f     -1.03497E+00  6.13554E+00 44.0
    304 26 21  430  13 3d2(3PE) 6d     -1.03314E+00  6.13737E+00 28.0
    305 26 21  420   7 3d2(3PE) 6d     -1.03202E+00  6.13849E+00 20.0
    306 26 21  211  22 3d2(3FE) 6f     -1.02660E+00  6.14391E+00  6.0
    307 26 21  210  15 3d2(3PE) 6d     -1.02547E+00  6.14504E+00  6.0
    308 26 21  410  11 3d2(3PE) 6d     -1.02385E+00  6.14666E+00 12.0
    309 26 21  230  20 3d2(3PE) 6d     -1.01988E+00  6.15063E+00 14.0
    310 26 21  441  12 3d2(3FE) 6f     -1.01506E+00  6.15545E+00 36.0
    311 26 21  421  18 3d2(3FE) 6f     -1.01429E+00  6.15622E+00 20.0
    312 26 21  431  14 3d2(3FE) 6f     -1.01129E+00  6.15922E+00 28.0
    313 26 21  220  22 3d2(3PE) 6d     -1.00867E+00  6.16184E+00 10.0
    314 26 21  221  26 3d2(3FE) 6f     -1.00817E+00  6.16234E+00 10.0
    315 26 21  251  15 3d2(3FE) 6f     -1.00663E+00  6.16388E+00 22.0
    316 26 21  401   8 3d2(3FE) 6f     -1.00515E+00  6.16536E+00  4.0
    317 26 21  411  11 3d2(3FE) 6f     -1.00354E+00  6.16697E+00 12.0
    318 26 21  201   8 3d2(3FE) 6f     -1.00296E+00  6.16755E+00  2.0
    319 26 21  250  11 3d2(3FE) 6g     -1.00244E+00  6.16807E+00 22.0
    320 26 21  450   6 3d2(3FE) 6g     -1.00241E+00  6.16810E+00 44.0
    321 26 21  440   6 3d2(3FE) 6g     -1.00150E+00  6.16901E+00 36.0
    322 26 21  240  17 3d2(3FE) 6g     -1.00147E+00  6.16904E+00 18.0
    323 26 21  451   6 3d2(3FE) 6h     -1.00080E+00  6.16971E+00 44.0
    324 26 21  251  16 3d2(3FE) 6h     -1.00078E+00  6.16973E+00 22.0
    325 26 21  221  27 3d2(3FE) 6h     -1.00062E+00  6.16989E+00 10.0
    326 26 21  421  19 3d2(3FE) 6h     -1.00060E+00  6.16991E+00 20.0
    327 26 21  210  16 3d2(3FE) 6g     -1.00030E+00  6.17021E+00  6.0
    328 26 21  430  14 3d2(3FE) 6g     -1.00020E+00  6.17031E+00 28.0
    329 26 21  410  12 3d2(3FE) 6g     -1.00015E+00  6.17036E+00 12.0
    330 26 21  241  22 3p5 3d4(3G4):   -9.99841E-01  6.17067E+00 18.0
    331 26 21  420   8 3d2(3FE) 6g     -9.99793E-01  6.17072E+00 20.0
    332 26 21  230  21 3d2(3FE) 6g     -9.99765E-01  6.17074E+00 14.0
    333 26 21  220  23 3d2(3FE) 6g     -9.99262E-01  6.17125E+00 10.0
    334 26 21  441  13 3d2(3FE) 6h     -9.99172E-01  6.17134E+00 36.0
    335 26 21  431  15 3d2(3FE) 6h     -9.98794E-01  6.17172E+00 28.0
    336 26 21  231  29 3d2(3FE) 6h     -9.98782E-01  6.17173E+00 14.0
    337 26 21  241  23 3d2(3FE) 6h     -9.98333E-01  6.17218E+00 18.0
    338 26 21  441  14 3d2(3FE) 7p     -9.91546E-01  6.17896E+00 36.0
    339 26 21  231  30 3d2(3FE) 7p     -9.91020E-01  6.17949E+00 14.0
    340 26 21  431  16 3d2(3FE) 7p     -9.90588E-01  6.17992E+00 28.0
    341 26 21  421  20 3d2(3FE) 7p     -9.87142E-01  6.18337E+00 20.0
    342 26 21  221  28 3d2(3FE) 7p     -9.84287E-01  6.18622E+00 10.0
    343 26 21  231  31 3d 4s(3DE) 4p   -9.73185E-01  6.19732E+00 14.0
    344 26 21  200   7 3d2(1SE) 6s     -9.72510E-01  6.19800E+00  2.0
    345 26 21  211  23 3p5 3d4(3P2)    -9.71150E-01  6.19936E+00  6.0
    346 26 21  241  24 3d2(3FE) 7p     -9.58810E-01  6.21170E+00 18.0
    347 26 21  240  18 3d2(1GE) 6d     -9.58787E-01  6.21172E+00 18.0
    348 26 21  250  12 3d2(1GE) 6d     -9.53726E-01  6.21678E+00 22.0
    349 26 21  230  22 3d2(1GE) 6d     -9.44970E-01  6.22554E+00 14.0
    350 26 21  220  24 3d2(1GE) 6d     -9.34565E-01  6.23594E+00 10.0
    351 26 21  220  25 3d2(1DE) 7s     -9.25850E-01  6.24466E+00 10.0
    352 26 21  410  13 3d2(3PE) 7s     -8.98474E-01  6.27204E+00 12.0
    353 26 21  210  17 3d2(3PE) 7s     -8.95157E-01  6.27535E+00  6.0
    354 26 21  221  29 3d 4s(3DE) 4p   -8.93429E-01  6.27708E+00 10.0
    355 26 21  221  30 3d2(1DE) 6f:    -8.79867E-01  6.29064E+00 10.0
    356 26 21  231  32 3d2(1SE) 5f     -8.79110E-01  6.29140E+00 14.0
    357 26 21  241  25 3d2(1DE) 6f     -8.79028E-01  6.29148E+00 18.0
    358 26 21  251  17 3d2(1DE) 6f     -8.76779E-01  6.29373E+00 22.0
    359 26 21  440   7 3d2(3FE) 7d     -8.66906E-01  6.30360E+00 36.0
    360 26 21  450   7 3d2(3FE) 7d     -8.65927E-01  6.30458E+00 44.0
    361 26 21  420   9 3d2(3FE) 7d     -8.64693E-01  6.30582E+00 20.0
    362 26 21  230  23 3d2(3FE) 7d     -8.63402E-01  6.30711E+00 14.0
    363 26 21  231  33 3d2(1DE) 6f     -8.62385E-01  6.30813E+00 14.0
    364 26 21  211  24 3d2(1DE) 6f     -8.61803E-01  6.30871E+00  6.0
    365 26 21  210  18 3d2(3FE) 7d     -8.56030E-01  6.31448E+00  6.0
    366 26 21  240  19 3d2(1DE) 6g     -8.54744E-01  6.31577E+00 18.0
    367 26 21  220  26 3d2(1DE) 6g     -8.54627E-01  6.31588E+00 10.0
    368 26 21  230  24 3d2(1DE) 6g     -8.54373E-01  6.31614E+00 14.0
    369 26 21  241  26 3d2(1DE) 6h     -8.53675E-01  6.31683E+00 18.0
    370 26 21  250  13 3d2(1DE) 6g     -8.53611E-01  6.31690E+00 22.0
    371 26 21  231  34 3d2(1DE) 6h     -8.53245E-01  6.31726E+00 14.0
    372 26 21  410  14 3d2(3FE) 7d     -8.52503E-01  6.31801E+00 12.0
    373 26 21  251  18 3d2(1DE) 6h     -8.52233E-01  6.31828E+00 22.0
    374 26 21  240  20 3d2(3FE) 7d     -8.51406E-01  6.31910E+00 18.0
    375 26 21  430  15 3d2(3FE) 7d     -8.49947E-01  6.32056E+00 28.0
    376 26 21  441  15 3d2(3PE) 6f     -8.49649E-01  6.32086E+00 36.0
    377 26 21  250  14 3d2(3FE) 7d     -8.48316E-01  6.32219E+00 22.0
    378 26 21  221  31 3d2(3PE) 6f     -8.48067E-01  6.32244E+00 10.0
    379 26 21  431  17 3d2(3PE) 6f     -8.47704E-01  6.32281E+00 28.0
    380 26 21  231  35 3d 4s(1DE) 4p   -8.46341E-01  6.32417E+00 14.0
    381 26 21  220  27 3d2(3FE) 7d     -8.45956E-01  6.32455E+00 10.0
    382 26 21  211  25 3d2(1DE) 7p     -8.44062E-01  6.32645E+00  6.0
    383 26 21  240  21 3d2(1SE) 5g     -8.40478E-01  6.33003E+00 18.0
    384 26 21  231  36 3d2(1DE) 7p     -8.40353E-01  6.33016E+00 14.0
    385 26 21  221  32 3d2(1DE) 7p     -8.40056E-01  6.33045E+00 10.0
    386 26 21  421  21 3d2(3PE) 6f     -8.38113E-01  6.33240E+00 20.0
    387 26 21  241  27 3d2(3PE) 6f     -8.32530E-01  6.33798E+00 18.0
    388 26 21  430  16 3d2(3PE) 6g     -8.25129E-01  6.34538E+00 28.0
    389 26 21  230  25 3d2(3PE) 6g     -8.25079E-01  6.34543E+00 14.0
    390 26 21  450   8 3d2(3PE) 6g     -8.24406E-01  6.34610E+00 44.0
    391 26 21  250  15 3d2(3PE) 6g     -8.23868E-01  6.34664E+00 22.0
    392 26 21  441  16 3d2(3PE) 6h     -8.23217E-01  6.34729E+00 36.0
    393 26 21  241  28 3d2(3PE) 6h     -8.23206E-01  6.34730E+00 18.0
    394 26 21  240  22 3d2(1GE) 7s     -8.23206E-01  6.34730E+00 18.0
    395 26 21  451   7 3d2(3PE) 6h     -8.20755E-01  6.34975E+00 44.0
    396 26 21  251  19 3d2(3PE) 6h     -8.20738E-01  6.34977E+00 22.0
    397 26 21  440   8 3d2(3PE) 6g     -8.20695E-01  6.34981E+00 36.0
    398 26 21  240  23 3d2(3PE) 6g     -8.19722E-01  6.35079E+00 18.0
    399 26 21  201   9 3d2(3PE) 7p     -8.19616E-01  6.35089E+00  2.0
    400 26 21  211  26 3d2(1SE) 6p     -8.19030E-01  6.35148E+00  6.0
    401 26 21  401   9 3d2(3PE) 7p     -8.16387E-01  6.35412E+00  4.0
    402 26 21  231  37 3d2(3PE) 6f     -8.15154E-01  6.35536E+00 14.0
    403 26 21  211  27 3d 4s(3DE) 4p   -8.14756E-01  6.35575E+00  6.0
    404 26 21  421  22 3d2(3PE) 7p     -8.12761E-01  6.35775E+00 20.0
    405 26 21  411  12 3d2(3PE) 7p     -8.10023E-01  6.36049E+00 12.0
    406 26 21  221  33 3d2(3PE) 7p     -8.09473E-01  6.36104E+00 10.0
    407 26 21  211  28 3d2(3PE) 7p     -8.00276E-01  6.37023E+00  6.0
    408 26 21  430  17 3d2(3FE) 8s     -7.81570E-01  6.38894E+00 28.0
    409 26 21  230  26 3d2(3FE) 8s     -7.78893E-01  6.39162E+00 14.0
    410 26 21  241  29 3d2(1GE) 6f     -7.65608E-01  6.40490E+00 18.0
    411 26 21  251  20 3d2(1GE) 6f     -7.65397E-01  6.40511E+00 22.0
    412 26 21  451   8 3d2(3FE) 7f     -7.57765E-01  6.41274E+00 44.0
    413 26 21  231  38 3d2(1GE) 6f     -7.55843E-01  6.41467E+00 14.0
    414 26 21  221  34 3d2(3FE) 7f     -7.53806E-01  6.41670E+00 10.0
    415 26 21  250  16 3d2(1GE) 6g     -7.51870E-01  6.41864E+00 22.0
    416 26 21  240  24 3d2(1GE) 6g     -7.50591E-01  6.41992E+00 18.0
    417 26 21  251  21 3d2(1GE) 6h     -7.49575E-01  6.42093E+00 22.0
    418 26 21  241  30 3d2(1GE) 6h     -7.49028E-01  6.42148E+00 18.0
    419 26 21  230  27 3d2(1GE) 6g     -7.48537E-01  6.42197E+00 14.0
    420 26 21  231  39 3d2(1GE) 6h     -7.47867E-01  6.42264E+00 14.0
    421 26 21  221  35 3d2(1GE) 6f     -7.47559E-01  6.42295E+00 10.0
    422 26 21  241  31 3d2(3FE) 7f     -7.46841E-01  6.42367E+00 18.0
    423 26 21  220  28 3d2(1GE) 6g     -7.46349E-01  6.42416E+00 10.0
    424 26 21  221  36 3d2(1GE) 6h     -7.46337E-01  6.42417E+00 10.0
    425 26 21  421  23 3d2(3FE) 7f     -7.46208E-01  6.42430E+00 20.0
    426 26 21  441  17 3d2(3FE) 7f     -7.45125E-01  6.42538E+00 36.0
    427 26 21  211  29 3d2(1GE) 6h     -7.44951E-01  6.42556E+00  6.0
    428 26 21  210  19 3d2(1GE) 6g     -7.44299E-01  6.42621E+00  6.0
    429 26 21  431  18 3d2(3FE) 7f     -7.43745E-01  6.42676E+00 28.0
    430 26 21  200   8 3d2(1GE) 6g     -7.43189E-01  6.42732E+00  2.0
    431 26 21  211  30 3d2(3FE) 7f     -7.42087E-01  6.42842E+00  6.0
    432 26 21  201  10 3d2(3FE) 7f     -7.41240E-01  6.42927E+00  2.0
    433 26 21  241  32 3d2(1GE) 7p     -7.40960E-01  6.42955E+00 18.0
    434 26 21  251  22 3d2(3FE) 7f     -7.40784E-01  6.42973E+00 22.0
    435 26 21  411  13 3d2(3FE) 7f     -7.40754E-01  6.42976E+00 12.0
    436 26 21  401  10 3d2(3FE) 7f     -7.39691E-01  6.43082E+00  4.0
    437 26 21  231  40 3d2(3FE) 7f     -7.39340E-01  6.43117E+00 14.0
    438 26 21  250  17 3d2(3FE) 7g     -7.36486E-01  6.43402E+00 22.0
    439 26 21  450   9 3d2(3FE) 7g     -7.36484E-01  6.43403E+00 44.0
    440 26 21  251  23 3d2(1GE) 7p     -7.35910E-01  6.43460E+00 22.0
    441 26 21  440   9 3d2(3FE) 7g     -7.35802E-01  6.43471E+00 36.0
    442 26 21  240  25 3d2(3FE) 7g     -7.35758E-01  6.43475E+00 18.0
    443 26 21  210  20 3d2(3FE) 7g     -7.35251E-01  6.43526E+00  6.0
    444 26 21  410  15 3d2(3FE) 7g     -7.35136E-01  6.43537E+00 12.0
    445 26 21  451   9 3d2(3FE) 7h     -7.35066E-01  6.43544E+00 44.0
    446 26 21  251  24 3d2(3FE) 7h     -7.35063E-01  6.43545E+00 22.0
    447 26 21  430  18 3d2(3FE) 7g     -7.34875E-01  6.43563E+00 28.0
    448 26 21  421  24 3d2(3FE) 7h     -7.34709E-01  6.43580E+00 20.0
    449 26 21  221  37 3d2(3FE) 7h     -7.34707E-01  6.43580E+00 10.0
    450 26 21  420  10 3d2(3FE) 7g     -7.34689E-01  6.43582E+00 20.0
    451 26 21  230  28 3d2(3FE) 7g     -7.34594E-01  6.43592E+00 14.0
    452 26 21  441  18 3d2(3FE) 7h     -7.34395E-01  6.43611E+00 36.0
    453 26 21  220  29 3d2(3FE) 7g     -7.34382E-01  6.43613E+00 10.0
    454 26 21  241  33 3d2(3FE) 7h     -7.34380E-01  6.43613E+00 18.0
    455 26 21  431  19 3d2(3FE) 7h     -7.34168E-01  6.43634E+00 28.0
    456 26 21  231  41 3d2(3FE) 7h     -7.34158E-01  6.43635E+00 14.0
    457 26 21  231  42 3d2(1GE) 7p     -7.31677E-01  6.43883E+00 14.0
    458 26 21  441  19 3d2(3FE) 8p     -7.28348E-01  6.44216E+00 36.0
    459 26 21  431  20 3d2(3FE) 8p     -7.27826E-01  6.44268E+00 28.0
    460 26 21  211  31 3d2(1GE) 6f     -7.26246E-01  6.44426E+00  6.0
    461 26 21  421  25 3d2(3FE) 8p     -7.25768E-01  6.44474E+00 20.0
    462 26 21  231  43 3d2(3FE) 8p     -7.24970E-01  6.44554E+00 14.0
    463 26 21  221  38 3d2(3FE) 8p     -7.23912E-01  6.44660E+00 10.0
    464 26 21  241  34 3d2(3FE) 8p     -7.21567E-01  6.44894E+00 18.0
    465 26 21  200   9 3d2(1DE) 7d     -7.17463E-01  6.45305E+00  2.0
    466 26 21  230  29 3d2(1DE) 7d     -7.14322E-01  6.45619E+00 14.0
    467 26 21  240  26 3d2(1DE) 7d     -7.13812E-01  6.45670E+00 18.0
    468 26 21  210  21 3d2(1DE) 7d     -7.10700E-01  6.45981E+00  6.0
    469 26 21  220  30 3d2(1DE) 7d     -7.09577E-01  6.46093E+00 10.0
    470 26 21  221  39 3d 4s(1DE) 4p   -6.97733E-01  6.47278E+00 10.0
    471 26 21  430  19 3d2(3PE) 7d     -6.85542E-01  6.48497E+00 28.0
    472 26 21  420  11 3d2(3PE) 7d     -6.84554E-01  6.48596E+00 20.0
    473 26 21  210  22 3d2(3PE) 7d     -6.83693E-01  6.48682E+00  6.0
    474 26 21  410  16 3d2(3PE) 7d     -6.81792E-01  6.48872E+00 12.0
    475 26 21  230  30 3d2(3PE) 7d     -6.78308E-01  6.49220E+00 14.0
    476 26 21  220  31 3d2(3PE) 7d     -6.70428E-01  6.50008E+00 10.0
    477 26 21  440  10 3d2(3FE) 8d     -6.48883E-01  6.52163E+00 36.0
    478 26 21  450  10 3d2(3FE) 8d     -6.48254E-01  6.52226E+00 44.0
    479 26 21  420  12 3d2(3FE) 8d     -6.47387E-01  6.52312E+00 20.0
    480 26 21  230  31 3d2(3FE) 8d     -6.46473E-01  6.52404E+00 14.0
    481 26 21  210  23 3d2(3FE) 8d     -6.41945E-01  6.52856E+00  6.0
    482 26 21  250  18 3d2(3FE) 8d     -6.40808E-01  6.52970E+00 22.0
    483 26 21  240  27 3d2(3FE) 8d     -6.40372E-01  6.53014E+00 18.0
    484 26 21  410  17 3d2(3FE) 8d     -6.38574E-01  6.53194E+00 12.0
    485 26 21  430  20 3d2(3FE) 8d     -6.37996E-01  6.53251E+00 28.0
    486 26 21  220  32 3d2(3FE) 8d     -6.36786E-01  6.53372E+00 10.0
    487 26 21  220  33 3d2(1DE) 8s     -6.33780E-01  6.53673E+00 10.0
    488 26 21  240  28 3d2(1GE) 7d     -6.09669E-01  6.56084E+00 18.0
    489 26 21  220  34 3d2(1SE) 6d     -6.06380E-01  6.56413E+00 10.0
    490 26 21  250  19 3d2(1GE) 7d     -6.05283E-01  6.56523E+00 22.0
    491 26 21  241  35 3d2(1DE) 7f     -6.05274E-01  6.56524E+00 18.0
    492 26 21  251  25 3d2(1DE) 7f     -6.04584E-01  6.56593E+00 22.0
    493 26 21  230  32 3d2(1GE) 7d     -6.04005E-01  6.56650E+00 14.0
    494 26 21  410  18 3d2(3PE) 8s     -6.03866E-01  6.56664E+00 12.0
    495 26 21  210  24 3d2(3PE) 8s     -6.00846E-01  6.56966E+00  6.0
    496 26 21  231  44 3d2(1DE) 7f     -5.98362E-01  6.57215E+00 14.0
    497 26 21  211  32 3d2(1DE) 7f     -5.97511E-01  6.57300E+00  6.0
    498 26 21  220  35 3d2(1GE) 7d     -5.94557E-01  6.57595E+00 10.0
    499 26 21  221  40 3d2(1DE) 7f     -5.93490E-01  6.57702E+00 10.0
    500 26 21  430  21 3d2(3FE) 9s     -5.93454E-01  6.57706E+00 28.0
    501 26 21  230  33 3d2(3FE) 9s     -5.91452E-01  6.57906E+00 14.0
    502 26 21  230  34 3d2(1DE) 7g     -5.88755E-01  6.58175E+00 14.0
    503 26 21  220  36 3d2(1DE) 7g     -5.88730E-01  6.58178E+00 10.0
    504 26 21  250  20 3d2(1DE) 7g     -5.88276E-01  6.58223E+00 22.0
    505 26 21  240  29 3d2(1DE) 7g     -5.87986E-01  6.58252E+00 18.0
    506 26 21  241  36 3d2(1DE) 7h     -5.87973E-01  6.58254E+00 18.0
    507 26 21  231  45 3d2(1DE) 7h     -5.87952E-01  6.58256E+00 14.0
    508 26 21  251  26 3d2(1DE) 7h     -5.87395E-01  6.58311E+00 22.0
    509 26 21  231  46 3d2(1DE) 8p     -5.80019E-01  6.59049E+00 14.0
    510 26 21  211  33 3d2(1DE) 8p     -5.79942E-01  6.59057E+00  6.0
    511 26 21  221  41 3d2(1DE) 8p     -5.78845E-01  6.59166E+00 10.0
    512 26 21  451  10 3d2(3FE) 8f     -5.78357E-01  6.59215E+00 44.0
    513 26 21  441  20 3d2(3PE) 7f     -5.77165E-01  6.59334E+00 36.0
    514 26 21  421  26 3d2(3FE) 8f     -5.75123E-01  6.59539E+00 20.0
    515 26 21  241  37 3d2(3FE) 8f     -5.74850E-01  6.59566E+00 18.0
    516 26 21  431  21 3d2(3PE) 7f     -5.74236E-01  6.59627E+00 28.0
    517 26 21  231  47 3d2(3FE) 8f     -5.69377E-01  6.60113E+00 14.0
    518 26 21  431  22 3d2(3FE) 8f     -5.69244E-01  6.60127E+00 28.0
    519 26 21  201  11 3d2(3FE) 8f     -5.68757E-01  6.60175E+00  2.0
    520 26 21  441  21 3d2(3FE) 8f     -5.68274E-01  6.60224E+00 36.0
    521 26 21  411  14 3d2(3FE) 8f     -5.68081E-01  6.60243E+00 12.0
    522 26 21  221  42 3d2(3PE) 7f     -5.66688E-01  6.60382E+00 10.0
    523 26 21  401  11 3d2(3FE) 8f     -5.66613E-01  6.60390E+00  4.0
    524 26 21  251  27 3d2(3FE) 8f     -5.66605E-01  6.60390E+00 22.0
    525 26 21  211  34 3d2(3FE) 8f     -5.66396E-01  6.60411E+00  6.0
    526 26 21  421  27 3d2(3PE) 7f     -5.64883E-01  6.60563E+00 20.0
    527 26 21  250  21 3d2(3FE) 8g     -5.64140E-01  6.60637E+00 22.0
    528 26 21  450  11 3d2(3FE) 8g     -5.64016E-01  6.60649E+00 44.0
    529 26 21  241  38 3d2(3PE) 7f     -5.63826E-01  6.60668E+00 18.0
    530 26 21  240  30 3d2(3FE) 8g     -5.63648E-01  6.60686E+00 18.0
    531 26 21  440  11 3d2(3FE) 8g     -5.63610E-01  6.60690E+00 36.0
    532 26 21  210  25 3d2(3FE) 8g     -5.62962E-01  6.60755E+00  6.0
    533 26 21  410  19 3d2(3FE) 8g     -5.62868E-01  6.60764E+00 12.0
    534 26 21  251  28 3d2(3FE) 8h     -5.62819E-01  6.60769E+00 22.0
    535 26 21  451  11 3d2(3FE) 8h     -5.62818E-01  6.60769E+00 44.0
    536 26 21  430  22 3d2(3FE) 8g     -5.62808E-01  6.60770E+00 28.0
    537 26 21  420  13 3d2(3FE) 8g     -5.62589E-01  6.60792E+00 20.0
    538 26 21  230  35 3d2(3FE) 8g     -5.62534E-01  6.60798E+00 14.0
    539 26 21  221  43 3d2(3FE) 8h     -5.62413E-01  6.60810E+00 10.0
    540 26 21  421  28 3d2(3FE) 8h     -5.62409E-01  6.60810E+00 20.0
    541 26 21  441  22 3d2(3FE) 8h     -5.62396E-01  6.60811E+00 36.0
    542 26 21  241  39 3d2(3FE) 8h     -5.62386E-01  6.60812E+00 18.0
    543 26 21  220  37 3d2(3FE) 8g     -5.62346E-01  6.60816E+00 10.0
    544 26 21  431  23 3d2(3FE) 8h     -5.62224E-01  6.60829E+00 28.0
    545 26 21  231  48 3d2(3FE) 8h     -5.62216E-01  6.60829E+00 14.0
    546 26 21  230  36 3d2(3PE) 7g     -5.58865E-01  6.61164E+00 14.0
    547 26 21  430  23 3d2(3PE) 7g     -5.58846E-01  6.61166E+00 28.0
    548 26 21  221  44 3d2(3FE) 8f     -5.58386E-01  6.61212E+00 10.0
    549 26 21  450  12 3d2(3PE) 7g     -5.58299E-01  6.61221E+00 44.0
    550 26 21  231  49 3d2(3PE) 7f     -5.58161E-01  6.61235E+00 14.0
    551 26 21  441  23 3d2(3FE) 9p     -5.57832E-01  6.61268E+00 36.0
    552 26 21  250  22 3d2(3PE) 7g     -5.57760E-01  6.61275E+00 22.0
    553 26 21  241  40 3d2(3PE) 7h     -5.57559E-01  6.61295E+00 18.0
    554 26 21  431  24 3d2(3FE) 9p     -5.57538E-01  6.61297E+00 28.0
    555 26 21  441  24 3d2(3PE) 7h     -5.57526E-01  6.61298E+00 36.0
    556 26 21  421  29 3d2(3FE) 9p     -5.56504E-01  6.61401E+00 20.0
    557 26 21  221  45 3d2(3FE) 9p     -5.56158E-01  6.61435E+00 10.0
    558 26 21  440  12 3d2(3PE) 7g     -5.55896E-01  6.61461E+00 36.0
    559 26 21  451  12 3d2(3PE) 7h     -5.55884E-01  6.61463E+00 44.0
    560 26 21  251  29 3d2(3PE) 7h     -5.55861E-01  6.61465E+00 22.0
    561 26 21  231  50 3d2(3FE) 9p     -5.55378E-01  6.61513E+00 14.0
    562 26 21  240  31 3d2(3PE) 7g     -5.55189E-01  6.61532E+00 18.0
    563 26 21  241  41 3d2(3FE) 9p     -5.53933E-01  6.61658E+00 18.0
    564 26 21  201  12 3d2(3PE) 8p     -5.53754E-01  6.61676E+00  2.0
    565 26 21  401  12 3d2(3PE) 8p     -5.52142E-01  6.61837E+00  4.0
    566 26 21  421  30 3d2(3PE) 8p     -5.49766E-01  6.62074E+00 20.0
    567 26 21  411  15 3d2(3PE) 8p     -5.47916E-01  6.62259E+00 12.0
    568 26 21  221  46 3d2(3PE) 8p     -5.44345E-01  6.62616E+00 10.0
    569 26 21  211  35 3d2(3PE) 8p     -5.43037E-01  6.62747E+00  6.0
    570 26 21  240  32 3d2(1GE) 8s     -5.29567E-01  6.64094E+00 18.0
    571 26 21  440  13 3d2(3FE) 9d     -5.04052E-01  6.66646E+00 36.0
    572 26 21  230  37 3d2(3FE) 9d     -5.03811E-01  6.66670E+00 14.0
    573 26 21  450  13 3d2(3FE) 9d     -5.03617E-01  6.66689E+00 44.0
    574 26 21  420  14 3d2(3FE) 9d     -5.03140E-01  6.66737E+00 20.0
    575 26 21  210  26 3d2(3FE) 9d     -5.03008E-01  6.66750E+00  6.0
    576 26 21  240  33 3d2(1DE) 8d     -5.02026E-01  6.66848E+00 18.0
    577 26 21  200  10 3d2(1DE) 8d     -5.01882E-01  6.66863E+00  2.0
    578 26 21  220  38 3d2(3FE) 9d     -5.00773E-01  6.66974E+00 10.0
    579 26 21  410  20 3d2(3FE) 9d     -4.99097E-01  6.67141E+00 12.0
    580 26 21  230  38 3d2(1DE) 8d     -4.97682E-01  6.67283E+00 14.0
    581 26 21  430  24 3d2(3FE) 9d     -4.97046E-01  6.67346E+00 28.0
    582 26 21  250  23 3d2(3FE) 9d     -4.96706E-01  6.67380E+00 22.0
    583 26 21  241  42 3d2(1GE) 7f     -4.96537E-01  6.67397E+00 18.0
    584 26 21  251  30 3d2(1GE) 7f     -4.96291E-01  6.67422E+00 22.0
    585 26 21  240  34 3d2(3FE) 9d     -4.93431E-01  6.67708E+00 18.0
    586 26 21  210  27 3d2(1DE) 8d     -4.92940E-01  6.67757E+00  6.0
    587 26 21  231  51 3d2(1GE) 7f     -4.91029E-01  6.67948E+00 14.0
    588 26 21  220  39 3d2(1DE) 8d     -4.89330E-01  6.68118E+00 10.0
    589 26 21  221  47 3d2(1GE) 7f     -4.85841E-01  6.68467E+00 10.0
    590 26 21  250  24 3d2(1GE) 7g     -4.85534E-01  6.68498E+00 22.0
    591 26 21  240  35 3d2(1GE) 7g     -4.84809E-01  6.68570E+00 18.0
    592 26 21  251  31 3d2(1GE) 7h     -4.83957E-01  6.68655E+00 22.0
    593 26 21  230  39 3d2(1GE) 7g     -4.83523E-01  6.68699E+00 14.0
    594 26 21  241  43 3d2(1GE) 7h     -4.83477E-01  6.68703E+00 18.0
    595 26 21  231  52 3d2(1GE) 7h     -4.82776E-01  6.68773E+00 14.0
    596 26 21  220  40 3d2(1GE) 7g     -4.82094E-01  6.68842E+00 10.0
    597 26 21  221  48 3d2(1GE) 7h     -4.81969E-01  6.68854E+00 10.0
    598 26 21  211  36 3d2(1GE) 7h     -4.81248E-01  6.68926E+00  6.0
    599 26 21  211  37 3d2(1GE) 7f     -4.81123E-01  6.68939E+00  6.0
    600 26 21  210  28 3d2(1GE) 7g     -4.80707E-01  6.68980E+00  6.0
    601 26 21  200  11 3d2(1GE) 7g     -4.80114E-01  6.69040E+00  2.0
    602 26 21  241  44 3d2(1GE) 8p     -4.78094E-01  6.69242E+00 18.0
    603 26 21  200  12 3d2(1SE) 7s     -4.74711E-01  6.69580E+00  2.0
    604 26 21  251  32 3d2(1GE) 8p     -4.74503E-01  6.69601E+00 22.0
    605 26 21  231  53 3d2(1GE) 8p     -4.71922E-01  6.69859E+00 14.0
    606 26 21  430  25 3d2(3PE) 8d     -4.68783E-01  6.70173E+00 28.0
    607 26 21  420  15 3d2(3PE) 8d     -4.68126E-01  6.70238E+00 20.0
    608 26 21  210  29 3d2(3PE) 8d     -4.67164E-01  6.70335E+00  6.0
    609 26 21  430  26 3d2(3FE)10s     -4.65789E-01  6.70472E+00 28.0
    610 26 21  230  40 3d2(3FE)10s     -4.65691E-01  6.70482E+00 14.0
    611 26 21  410  21 3d2(3PE) 8d     -4.64848E-01  6.70566E+00 12.0
    612 26 21  230  41 3d2(3PE) 8d     -4.61859E-01  6.70865E+00 14.0
    613 26 21  220  41 3d2(3PE) 8d     -4.58018E-01  6.71249E+00 10.0
    614 26 21  451  13 3d2(3FE) 9f     -4.55761E-01  6.71475E+00 44.0
    615 26 21  241  45 3d2(3FE) 9f     -4.51709E-01  6.71880E+00 18.0
    616 26 21  421  31 3d2(3FE) 9f     -4.51040E-01  6.71947E+00 20.0
    617 26 21  441  25 3d2(3FE) 9f     -4.50066E-01  6.72044E+00 36.0
    618 26 21  231  54 3d2(3FE) 9f     -4.49622E-01  6.72089E+00 14.0
    619 26 21  431  25 3d2(3FE) 9f     -4.49475E-01  6.72104E+00 28.0
    620 26 21  201  13 3d2(3FE) 9f     -4.49171E-01  6.72134E+00  2.0
    621 26 21  251  33 3d2(3FE) 9f     -4.48751E-01  6.72176E+00 22.0
    622 26 21  411  16 3d2(3FE) 9f     -4.48623E-01  6.72189E+00 12.0
    623 26 21  401  13 3d2(3FE) 9f     -4.47592E-01  6.72292E+00  4.0
    624 26 21  211  38 3d2(3FE) 9f     -4.47515E-01  6.72299E+00  6.0
    625 26 21  220  42 3d2(1DE) 9s     -4.46076E-01  6.72443E+00 10.0
    626 26 21  450  14 3d2(3FE) 9g     -4.45412E-01  6.72510E+00 44.0
    627 26 21  250  25 3d2(3FE) 9g     -4.45410E-01  6.72510E+00 22.0
    628 26 21  221  49 3d2(3FE) 9f     -4.45166E-01  6.72534E+00 10.0
    629 26 21  440  14 3d2(3FE) 9g     -4.45108E-01  6.72540E+00 36.0
    630 26 21  240  36 3d2(3FE) 9g     -4.45082E-01  6.72543E+00 18.0
    631 26 21  210  30 3d2(3FE) 9g     -4.44797E-01  6.72571E+00  6.0
    632 26 21  410  22 3d2(3FE) 9g     -4.44721E-01  6.72579E+00 12.0
    633 26 21  430  27 3d2(3FE) 9g     -4.44651E-01  6.72586E+00 28.0
    634 26 21  451  14 3d2(3FE) 9h     -4.44601E-01  6.72591E+00 44.0
    635 26 21  251  34 3d2(3FE) 9h     -4.44600E-01  6.72591E+00 22.0
    636 26 21  420  16 3d2(3FE) 9g     -4.44571E-01  6.72594E+00 20.0
    637 26 21  230  42 3d2(3FE) 9g     -4.44498E-01  6.72601E+00 14.0
    638 26 21  441  26 3d2(3FE) 9h     -4.44381E-01  6.72613E+00 36.0
    639 26 21  241  46 3d2(3FE) 9h     -4.44374E-01  6.72614E+00 18.0
    640 26 21  221  50 3d2(3FE) 9h     -4.44363E-01  6.72615E+00 10.0
    641 26 21  421  32 3d2(3FE) 9h     -4.44362E-01  6.72615E+00 20.0
    642 26 21  220  43 3d2(3FE) 9g     -4.44286E-01  6.72622E+00 10.0
    643 26 21  431  26 3d2(3FE) 9h     -4.44275E-01  6.72623E+00 28.0
    644 26 21  231  55 3d2(3FE) 9h     -4.44264E-01  6.72625E+00 14.0
    645 26 21  441  27 3d2(3FE)10p     -4.41043E-01  6.72947E+00 36.0
    646 26 21  431  27 3d2(3FE)10p     -4.40814E-01  6.72970E+00 28.0
    647 26 21  231  56 3d2(3FE)10p     -4.39973E-01  6.73054E+00 14.0
    648 26 21  421  33 3d2(3FE)10p     -4.39897E-01  6.73061E+00 20.0
    649 26 21  221  51 3d2(3FE)10p     -4.38935E-01  6.73158E+00 10.0
    650 26 21  241  47 3d2(3FE)10p     -4.38659E-01  6.73185E+00 18.0
    651 26 21  241  48 3d2(1DE) 8f     -4.27062E-01  6.74345E+00 18.0
    652 26 21  251  35 3d2(1DE) 8f     -4.26221E-01  6.74429E+00 22.0
    653 26 21  211  39 3d2(1DE) 8f     -4.23885E-01  6.74662E+00  6.0
    654 26 21  231  57 3d2(1DE) 8f     -4.22947E-01  6.74756E+00 14.0
    655 26 21  231  58 3d2(1SE) 6f     -4.21274E-01  6.74924E+00 14.0
    656 26 21  221  52 3d2(1DE) 8f:    -4.21154E-01  6.74936E+00 10.0
    657 26 21  220  44 3d2(1DE) 8g     -4.16381E-01  6.75413E+00 10.0
    658 26 21  230  43 3d2(1DE) 8g     -4.16350E-01  6.75416E+00 14.0
    659 26 21  240  37 3d2(1DE) 8g     -4.16129E-01  6.75438E+00 18.0
    660 26 21  250  26 3d2(1DE) 8g     -4.15990E-01  6.75452E+00 22.0
    661 26 21  410  23 3d2(3PE) 9s     -4.15875E-01  6.75463E+00 12.0
    662 26 21  231  59 3d2(1DE) 8h     -4.15698E-01  6.75481E+00 14.0
    663 26 21  241  49 3d2(1DE) 8h     -4.15660E-01  6.75485E+00 18.0
    664 26 21  251  36 3d2(1DE) 8h     -4.15450E-01  6.75506E+00 22.0
    665 26 21  210  31 3d2(3PE) 9s     -4.14423E-01  6.75609E+00  6.0
    666 26 21  211  40 3d2(1DE) 9p     -4.10489E-01  6.76002E+00  6.0
    667 26 21  231  60 3d2(1DE) 9p     -4.09692E-01  6.76082E+00 14.0
    668 26 21  221  53 3d2(1DE) 9p     -4.09204E-01  6.76131E+00 10.0
    669 26 21  440  15 3d2(3FE)10d     -4.02890E-01  6.76762E+00 36.0
    670 26 21  450  15 3d2(3FE)10d     -4.02576E-01  6.76793E+00 44.0
    671 26 21  230  44 3d2(3FE)10d     -4.02533E-01  6.76798E+00 14.0
    672 26 21  420  17 3d2(3FE)10d     -4.02210E-01  6.76830E+00 20.0
    673 26 21  240  38 3d2(1SE) 6g     -4.01676E-01  6.76883E+00 18.0
    674 26 21  250  27 3d2(3FE)10d     -4.00952E-01  6.76956E+00 22.0
    675 26 21  251  37 3d2(1SE) 6h     -4.00935E-01  6.76957E+00 22.0
    676 26 21  240  39 3d2(3FE)10d     -4.00471E-01  6.77004E+00 18.0
    677 26 21  210  32 3d2(3FE)10d     -3.99670E-01  6.77084E+00  6.0
    678 26 21  410  24 3d2(3FE)10d     -3.98598E-01  6.77191E+00 12.0
    679 26 21  430  28 3d2(3FE)10d     -3.97800E-01  6.77271E+00 28.0
    680 26 21  441  28 3d2(3PE) 8f     -3.97490E-01  6.77302E+00 36.0
    681 26 21  220  45 3d2(3FE)10d     -3.97126E-01  6.77338E+00 10.0
    682 26 21  431  28 3d2(3PE) 8f     -3.96798E-01  6.77371E+00 28.0
    683 26 21  421  34 3d2(3PE) 8f     -3.93364E-01  6.77715E+00 20.0
    684 26 21  240  40 3d2(1GE) 8d     -3.92667E-01  6.77784E+00 18.0
    685 26 21  221  54 3d2(3PE) 8f     -3.92347E-01  6.77816E+00 10.0
    686 26 21  241  50 3d2(3PE) 8f     -3.92215E-01  6.77829E+00 18.0
    687 26 21  230  45 3d2(1GE) 8d     -3.90653E-01  6.77986E+00 14.0
    688 26 21  250  28 3d2(1GE) 8d     -3.89427E-01  6.78108E+00 22.0
    689 26 21  211  41 3d2(1SE) 7p     -3.88527E-01  6.78198E+00  6.0
    690 26 21  220  46 3d2(1GE) 8d     -3.86448E-01  6.78406E+00 10.0
    691 26 21  430  29 3d2(3PE) 8g     -3.86182E-01  6.78433E+00 28.0
    692 26 21  231  61 3d2(3PE) 8f     -3.86173E-01  6.78434E+00 14.0
    693 26 21  230  46 3d2(3PE) 8g     -3.86149E-01  6.78436E+00 14.0
    694 26 21  450  16 3d2(3PE) 8g     -3.85905E-01  6.78461E+00 44.0
    695 26 21  250  29 3d2(3PE) 8g     -3.85565E-01  6.78495E+00 22.0
    696 26 21  441  29 3d2(3PE) 8h     -3.85164E-01  6.78535E+00 36.0
    697 26 21  241  51 3d2(3PE) 8h     -3.85163E-01  6.78535E+00 18.0
    698 26 21  440  16 3d2(3PE) 8g     -3.84337E-01  6.78617E+00 36.0
    699 26 21  451  15 3d2(3PE) 8h     -3.84116E-01  6.78639E+00 44.0
    700 26 21  251  38 3d2(3PE) 8h     -3.84096E-01  6.78641E+00 22.0
    701 26 21  240  41 3d2(3PE) 8g     -3.83840E-01  6.78667E+00 18.0
    702 26 21  201  14 3d2(3PE) 9p     -3.82476E-01  6.78803E+00  2.0
    703 26 21  401  14 3d2(3PE) 9p     -3.81199E-01  6.78931E+00  4.0
    704 26 21  421  35 3d2(3PE) 9p     -3.79846E-01  6.79066E+00 20.0
    705 26 21  411  17 3d2(3PE) 9p     -3.78603E-01  6.79191E+00 12.0
    706 26 21  221  55 3d2(3PE) 9p     -3.77688E-01  6.79282E+00 10.0
    707 26 21  430  30 3d2(3FE)11s     -3.75605E-01  6.79490E+00 28.0
    708 26 21  211  42 3d2(3PE) 9p     -3.75543E-01  6.79497E+00  6.0
    709 26 21  230  47 3d2(3FE)11s     -3.74665E-01  6.79585E+00 14.0
    710 26 21  451  16 3d2(3FE)10f     -3.68339E-01  6.80217E+00 44.0
    711 26 21  241  52 3d2(3FE)10f     -3.64956E-01  6.80555E+00 18.0
    712 26 21  421  36 3d2(3FE)10f     -3.64609E-01  6.80590E+00 20.0
    713 26 21  441  30 3d2(3FE)10f     -3.64050E-01  6.80646E+00 36.0
    714 26 21  431  29 3d2(3FE)10f     -3.63811E-01  6.80670E+00 28.0
    715 26 21  201  15 3d2(3FE)10f     -3.63618E-01  6.80689E+00  2.0
    716 26 21  231  62 3d2(3FE)10f     -3.63241E-01  6.80727E+00 14.0
    717 26 21  411  18 3d2(3FE)10f     -3.63141E-01  6.80737E+00 12.0
    718 26 21  251  39 3d2(3FE)10f     -3.62777E-01  6.80773E+00 22.0
    719 26 21  401  15 3d2(3FE)10f     -3.62419E-01  6.80809E+00  4.0
    720 26 21  211  43 3d2(3FE)10f     -3.62291E-01  6.80822E+00  6.0
    721 26 21  221  56 3d2(3FE)10f     -3.61049E-01  6.80946E+00 10.0
    722 26 21  450  17 3d2(3FE)10g     -3.60716E-01  6.80979E+00 44.0
    723 26 21  250  30 3d2(3FE)10g     -3.60688E-01  6.80982E+00 22.0
    724 26 21  440  17 3d2(3FE)10g     -3.60495E-01  6.81001E+00 36.0
    725 26 21  240  42 3d2(3FE)10g     -3.60455E-01  6.81005E+00 18.0
    726 26 21  210  33 3d2(3FE)10g     -3.60285E-01  6.81023E+00  6.0
    727 26 21  410  25 3d2(3FE)10g     -3.60225E-01  6.81028E+00 12.0
    728 26 21  430  31 3d2(3FE)10g     -3.60184E-01  6.81033E+00 28.0
    729 26 21  420  18 3d2(3FE)10g     -3.60140E-01  6.81037E+00 20.0
    730 26 21  451  17 3d2(3FE)10h     -3.60107E-01  6.81040E+00 44.0
    731 26 21  251  40 3d2(3FE)10h     -3.60106E-01  6.81040E+00 22.0
    732 26 21  230  48 3d2(3FE)10g     -3.60095E-01  6.81041E+00 14.0
    733 26 21  200  13 3d2(1DE) 9d     -3.56020E-01  6.81449E+00  2.0
    734 26 21  200  14 3d2(1GE) 8g     -3.09035E-01  6.86147E+00  2.0
    735 26 21  200  15 3d2(1DE)10d     -2.55385E-01  6.91512E+00  2.0
    736 26 21  400   1 3d 4s(3DE) 4d   -1.22164E-01  7.04835E+00  4.0
    737 26 21  400   2 3d 4s(3DE) 5d    1.25923E+00  8.42974E+00  4.0
    738 26 21  400   3                  1.58644E+00  8.75695E+00  4.0
    739 26 21  400   4 3d 4s(3DE) 6d    1.91221E+00  9.08272E+00  4.0
    740 26 21  400   5                  2.09905E+00  9.26956E+00  4.0
    741 26 21  400   6 3d 4s(3DE) 7d    2.27493E+00  9.44544E+00  4.0
    742 26 21  400   7                  2.41023E+00  9.58074E+00  4.0
    743 26 21  400   8 3d 4s(3DE) 8d    2.49899E+00  9.66950E+00  4.0
    744 26 21  400   9 3d 4s(3DE) 9d    2.64721E+00  9.81772E+00  4.0
    745 26 21  400  10 3d 4s(3DE)10d    2.75042E+00  9.92093E+00  4.0
 ====================================================================
