 ====================================================================
      i NZ NE iSLP iLV iCONF                 E(RYD)      TE(RYD)   gi
 ====================================================================
      1 26 19  220   1 3p6 3d          -1.14926E+01  0.00000E+00 10.0
      2 26 19  421   1 3p5 3d2:        -7.74914E+00  3.74346E+00 20.0
      3 26 19  441   1 3p5 3d2         -7.58306E+00  3.90954E+00 36.0
      4 26 19  411   1 3p5 3d2:        -7.53361E+00  3.95899E+00 12.0
      5 26 19  431   1 3p5 3d2:        -7.40645E+00  4.08615E+00 28.0
      6 26 19  221   1 3p5 3d2:        -7.37725E+00  4.11535E+00 10.0
      7 26 19  231   1 3p5 3d2:        -7.32772E+00  4.16488E+00 14.0
      8 26 19  211   1 3p5 3d2         -7.25278E+00  4.23982E+00  6.0
      9 26 19  251   1 3p5 3d2:        -7.21962E+00  4.27298E+00 22.0
     10 26 19  231   2 3p5 3d2         -7.20589E+00  4.28671E+00 14.0
     11 26 19  200   1 3p6 4s          -7.19765E+00  4.29495E+00  2.0
     12 26 19  241   1 3p5 3d2         -7.17309E+00  4.31951E+00 18.0
     13 26 19  421   2 3p5 3d2:        -7.07490E+00  4.41770E+00 20.0
     14 26 19  221   2 3p5 3d2:        -6.85807E+00  4.63453E+00 10.0
     15 26 19  201   1 3p5 3d2         -6.80886E+00  4.68374E+00  2.0
     16 26 19  401   1 3p5 3d2:        -6.80561E+00  4.68699E+00  4.0
     17 26 19  241   2 3p5 3d2         -6.77076E+00  4.72184E+00 18.0
     18 26 19  211   2 3p5 3d2:        -6.60282E+00  4.88978E+00  6.0
     19 26 19  211   3 3p6 4p          -6.39410E+00  5.09850E+00  6.0
     20 26 19  231   3 3p5 3d2         -6.33747E+00  5.15513E+00 14.0
     21 26 19  221   3 3p5 3d2:        -5.82136E+00  5.67124E+00 10.0
     22 26 19  211   4 3p5 3d2:        -5.80704E+00  5.68556E+00  6.0
     23 26 19  220   2 3p6 4d          -5.13342E+00  6.35918E+00 10.0
     24 26 19  430   1 3s 3p6 3d2:     -4.79576E+00  6.69684E+00 28.0
     25 26 19  410   1 3s 3p6 3d2:     -4.56485E+00  6.92775E+00 12.0
     26 26 19  220   3 3s 3p6 3d2:     -4.50037E+00  6.99223E+00 10.0
     27 26 19  230   1 3s 3p6 3d2:     -4.48646E+00  7.00614E+00 14.0
     28 26 19  240   1 3s 3p6 3d2:     -4.39608E+00  7.09652E+00 18.0
     29 26 19  210   1 3s 3p6 3d2      -4.26989E+00  7.22271E+00  6.0
     30 26 19  231   4 3p6 4f          -4.13476E+00  7.35784E+00 14.0
     31 26 19  200   2 3p6 5s          -3.99877E+00  7.49383E+00  2.0
     32 26 19  200   3 3s 3p6 3d2      -3.94364E+00  7.54896E+00  2.0
     33 26 19  211   5 3p6 5p          -3.64527E+00  7.84733E+00  6.0
     34 26 19  410   2 3p4 3d3:        -3.63488E+00  7.85772E+00 12.0
     35 26 19  420   1 3p4 3d3:        -3.54818E+00  7.94442E+00 20.0
     36 26 19  440   1 3p4 3d3         -3.53870E+00  7.95390E+00 36.0
     37 26 19  430   2 3p4 3d3         -3.45912E+00  8.03348E+00 28.0
     38 26 19  450   1 3p4 3d3:        -3.43752E+00  8.05508E+00 44.0
     39 26 19  411   2 3p53d(3PO) 4s   -3.42535E+00  8.06725E+00 12.0
     40 26 19  420   2 3p4 3d3:        -3.42231E+00  8.07029E+00 20.0
     41 26 19  400   1 3p4 3d3:        -3.41155E+00  8.08105E+00  4.0
     42 26 19  440   2 3p4 3d3         -3.40013E+00  8.09247E+00 36.0
     43 26 19  230   2 3p4 3d3:        -3.34156E+00  8.15104E+00 14.0
     44 26 19  211   6 3p53d(3PO) 4s   -3.31336E+00  8.17924E+00  6.0
     45 26 19  250   1 3p4 3d3:        -3.28957E+00  8.20303E+00 22.0
     46 26 19  210   2 3p4 3d3:        -3.28479E+00  8.20781E+00  6.0
     47 26 19  220   4 3p4 3d3         -3.27350E+00  8.21910E+00 10.0
     48 26 19  431   2 3p53d(3FO) 4s   -3.26683E+00  8.22577E+00 28.0
     49 26 19  430   3 3p4 3d3:        -3.25588E+00  8.23672E+00 28.0
     50 26 19  460   1 3p4 3d3:        -3.23995E+00  8.25265E+00 52.0
     51 26 19  450   2 3p4 3d3:        -3.20796E+00  8.28464E+00 44.0
     52 26 19  430   4 3p4 3d3:        -3.19489E+00  8.29771E+00 28.0
     53 26 19  410   3 3p4 3d3:        -3.17931E+00  8.31329E+00 12.0
     54 26 19  231   5 3p53d(3FO) 4s   -3.16267E+00  8.32993E+00 14.0
     55 26 19  440   3 3p4 3d3         -3.14627E+00  8.34633E+00 36.0
     56 26 19  200   4 3p4 3d3         -3.11411E+00  8.37849E+00  2.0
     57 26 19  220   5 3p6 5d          -3.10598E+00  8.38662E+00 10.0
     58 26 19  240   2 3p4 3d3:        -3.09033E+00  8.40227E+00 18.0
     59 26 19  250   2 3p4 3d3:        -3.07701E+00  8.41559E+00 22.0
     60 26 19  420   3 3p4 3d3:        -3.02437E+00  8.46823E+00 20.0
     61 26 19  421   3 3p53d(3DO) 4s   -3.02040E+00  8.47220E+00 20.0
     62 26 19  230   3 3p4 3d3:        -3.01782E+00  8.47478E+00 14.0
     63 26 19  240   3 3p4 3d3:        -3.00652E+00  8.48608E+00 18.0
     64 26 19  260   1 3p4 3d3         -3.00275E+00  8.48985E+00 26.0
     65 26 19  220   6 3p4 3d3:        -2.98235E+00  8.51025E+00 10.0
     66 26 19  221   4 3p53d(1DO) 4s   -2.97395E+00  8.51865E+00 10.0
     67 26 19  221   5 3p53d(3DO) 4s   -2.89849E+00  8.59411E+00 10.0
     68 26 19  231   6 3p53d(1FO) 4s   -2.89350E+00  8.59910E+00 14.0
     69 26 19  220   7 3p4 3d3:        -2.89075E+00  8.60185E+00 10.0
     70 26 19  230   4 3p4 3d3:        -2.88391E+00  8.60869E+00 14.0
     71 26 19  420   4 3p4 3d3:        -2.84452E+00  8.64808E+00 20.0
     72 26 19  260   2 3p4 3d3:        -2.83405E+00  8.65855E+00 26.0
     73 26 19  450   3 3p4 3d3:        -2.80653E+00  8.68607E+00 44.0
     74 26 19  210   3 3p4 3d3:        -2.80265E+00  8.68995E+00  6.0
     75 26 19  410   4 3p4 3d3         -2.73726E+00  8.75534E+00 12.0
     76 26 19  240   4 3p4 3d3:        -2.73468E+00  8.75792E+00 18.0
     77 26 19  430   5 3p4 3d3:        -2.73194E+00  8.76066E+00 28.0
     78 26 19  420   5 3p53d(3PO) 4p   -2.68235E+00  8.81025E+00 20.0
     79 26 19  231   7 3p6 5f          -2.64921E+00  8.84339E+00 14.0
     80 26 19  240   5 3p4 3d3         -2.62064E+00  8.87196E+00 18.0
     81 26 19  440   4 3p4 3d3:        -2.61667E+00  8.87593E+00 36.0
     82 26 19  250   3 3p4 3d3:        -2.60169E+00  8.89091E+00 22.0
     83 26 19  210   4 3p53d(3PO) 4p   -2.59256E+00  8.90004E+00  6.0
     84 26 19  400   2 3p53d(3PO) 4p   -2.57888E+00  8.91372E+00  4.0
     85 26 19  240   6 3p6 5g          -2.56933E+00  8.92327E+00 18.0
     86 26 19  430   6 3p4 3d3:        -2.56025E+00  8.93235E+00 28.0
     87 26 19  200   5 3p6 6s          -2.55577E+00  8.93683E+00  2.0
     88 26 19  410   5 3p53d(3PO) 4p   -2.54959E+00  8.94301E+00 12.0
     89 26 19  220   8 3p53d(3PO) 4p   -2.53498E+00  8.95762E+00 10.0
     90 26 19  420   6 3p53d(3FO) 4p   -2.51935E+00  8.97325E+00 20.0
     91 26 19  230   5 3p4 3d3:        -2.49450E+00  8.99810E+00 14.0
     92 26 19  440   5 3p53d(3FO) 4p   -2.47672E+00  9.01588E+00 36.0
     93 26 19  430   7 3p53d(3FO) 4p   -2.47038E+00  9.02222E+00 28.0
     94 26 19  200   6 3p53d(3PO) 4p   -2.47012E+00  9.02248E+00  2.0
     95 26 19  230   6 3p53d(3FO) 4p   -2.46523E+00  9.02737E+00 14.0
     96 26 19  220   9 3p4 3d3:        -2.45346E+00  9.03914E+00 10.0
     97 26 19  210   5 3p4 3d3:        -2.44765E+00  9.04495E+00  6.0
     98 26 19  410   6 3p4 3d3         -2.43274E+00  9.05986E+00 12.0
     99 26 19  420   7 3p4 3d3:        -2.41104E+00  9.08156E+00 20.0
    100 26 19  220  10 3p4 3d3:        -2.37902E+00  9.11358E+00 10.0
    101 26 19  260   3 3p4 3d3:        -2.37738E+00  9.11522E+00 26.0
    102 26 19  240   7 3p53d(3FO) 4p   -2.37235E+00  9.12025E+00 18.0
    103 26 19  420   8 3p4 3d3         -2.37163E+00  9.12097E+00 20.0
    104 26 19  211   7 3p6 6p          -2.36880E+00  9.12380E+00  6.0
    105 26 19  230   7 3p4 3d3:        -2.36082E+00  9.13178E+00 14.0
    106 26 19  400   3 3p4 3d3:        -2.31622E+00  9.17638E+00  4.0
    107 26 19  250   4 3p4 3d3         -2.29253E+00  9.20007E+00 22.0
    108 26 19  220  11 3p4 3d3:        -2.28974E+00  9.20286E+00 10.0
    109 26 19  430   8 3p4 3d3:        -2.24814E+00  9.24446E+00 28.0
    110 26 19  420   9 3p53d(3DO) 4p   -2.23192E+00  9.26068E+00 20.0
    111 26 19  220  12 3p4 3d3:        -2.23006E+00  9.26254E+00 10.0
    112 26 19  230   8 3p53d(1DO) 4p:  -2.22144E+00  9.27116E+00 14.0
    113 26 19  430   9 3p4 3d3:        -2.20245E+00  9.29015E+00 28.0
    114 26 19  220  13 3p53d(3FO) 4p   -2.19118E+00  9.30142E+00 10.0
    115 26 19  210   6 3p4 3d3:        -2.18705E+00  9.30555E+00  6.0
    116 26 19  230   9 3p4 3d3         -2.17397E+00  9.31863E+00 14.0
    117 26 19  240   8 3p4 3d3         -2.17127E+00  9.32133E+00 18.0
    118 26 19  410   7 3p53d(3DO) 4p   -2.13392E+00  9.35868E+00 12.0
    119 26 19  220  14 3p53d(1DO) 4p:  -2.12250E+00  9.37010E+00 10.0
    120 26 19  440   6 3p4 3d3:        -2.11968E+00  9.37292E+00 36.0
    121 26 19  250   5 3p4 3d3         -2.11837E+00  9.37423E+00 22.0
    122 26 19  210   7 3p53d(1DO) 4p   -2.11729E+00  9.37531E+00  6.0
    123 26 19  230  10 3p53d(3DO) 4p   -2.10110E+00  9.39150E+00 14.0
    124 26 19  430  10 3p53d(3DO) 4p:  -2.09998E+00  9.39262E+00 28.0
    125 26 19  240   9 3p53d(1FO) 4p   -2.09944E+00  9.39316E+00 18.0
    126 26 19  240  10 3p4 3d3         -2.07701E+00  9.41559E+00 18.0
    127 26 19  230  11 3p53d(1FO) 4p   -2.06564E+00  9.42696E+00 14.0
    128 26 19  210   8 3p53d(3DO) 4p   -2.05537E+00  9.43723E+00  6.0
    129 26 19  220  15 3p6 6d:         -2.05224E+00  9.44036E+00 10.0
    130 26 19  200   7 3p4 3d3         -1.98625E+00  9.50635E+00  2.0
    131 26 19  240  11 3p4 3d3         -1.96160E+00  9.53100E+00 18.0
    132 26 19  230  12 3p4 3d3         -1.93503E+00  9.55757E+00 14.0
    133 26 19  220  16 3p53d(3DO) 4p   -1.91262E+00  9.57998E+00 10.0
    134 26 19  410   8 3p4 3d3         -1.88720E+00  9.60540E+00 12.0
    135 26 19  210   9 3p4 3d3:        -1.87056E+00  9.62204E+00  6.0
    136 26 19  230  13 3p4 3d3         -1.86953E+00  9.62307E+00 14.0
    137 26 19  420  10 3p4 3d3         -1.86650E+00  9.62610E+00 20.0
    138 26 19  220  17 3p53d(1FO) 4p   -1.85913E+00  9.63347E+00 10.0
    139 26 19  231   8 3p6 6f          -1.83592E+00  9.65668E+00 14.0
    140 26 19  211   8 3p53d(1PO) 4s   -1.80469E+00  9.68791E+00  6.0
    141 26 19  240  12 3p6 6g          -1.78432E+00  9.70828E+00 18.0
    142 26 19  410   9 3p4 3d3         -1.77835E+00  9.71425E+00 12.0
    143 26 19  200   8 3p6 7s          -1.76960E+00  9.72300E+00  2.0
    144 26 19  230  14 3p4 3d3         -1.73456E+00  9.75804E+00 14.0
    145 26 19  430  11 3p4 3d3         -1.70804E+00  9.78456E+00 28.0
    146 26 19  420  11 3p4 3d3         -1.69993E+00  9.79267E+00 20.0
    147 26 19  240  13 3p4 3d3:        -1.65260E+00  9.84000E+00 18.0
    148 26 19  220  18 3p4 3d3         -1.65192E+00  9.84068E+00 10.0
    149 26 19  211   9 3p6 7p          -1.64759E+00  9.84501E+00  6.0
    150 26 19  220  19 3p4 3d3         -1.61537E+00  9.87723E+00 10.0
    151 26 19  250   6 3p4 3d3         -1.58573E+00  9.90687E+00 22.0
    152 26 19  210  10 3p4 3d3         -1.57946E+00  9.91314E+00  6.0
    153 26 19  210  11 3p4 3d3         -1.50017E+00  9.99243E+00  6.0
    154 26 19  240  14 3p4 3d3:        -1.48396E+00  1.00086E+01 18.0
    155 26 19  220  20 3p6 7d          -1.48370E+00  1.00089E+01 10.0
    156 26 19  220  21 3p4 3d3         -1.46552E+00  1.00271E+01 10.0
    157 26 19  230  15 3p4 3d3:        -1.46208E+00  1.00305E+01 14.0
    158 26 19  431   3 3p53d(3PO) 4d   -1.44077E+00  1.00518E+01 28.0
    159 26 19  411   3 3p53d(3PO) 4d   -1.38361E+00  1.01090E+01 12.0
    160 26 19  221   6 3p53d(3PO) 4d   -1.37163E+00  1.01210E+01 10.0
    161 26 19  231   9 3p6 7f          -1.34609E+00  1.01465E+01 14.0
    162 26 19  421   4 3p53d(3PO) 4d   -1.33903E+00  1.01536E+01 20.0
    163 26 19  211  10 3p53d(3PO) 4d   -1.31455E+00  1.01781E+01  6.0
    164 26 19  240  15 3p6 7g          -1.31091E+00  1.01817E+01 18.0
    165 26 19  200   9 3p6 8s          -1.30290E+00  1.01897E+01  2.0
    166 26 19  410  10 3p4 3d3:        -1.29696E+00  1.01956E+01 12.0
    167 26 19  210  12 3p4 3d3         -1.29486E+00  1.01977E+01  6.0
    168 26 19  231  10 3p53d(3PO) 4d   -1.26805E+00  1.02246E+01 14.0
    169 26 19  451   1 3p53d(3FO) 4d   -1.26786E+00  1.02247E+01 44.0
    170 26 19  211  11 3p6 8p          -1.22983E+00  1.02628E+01  6.0
    171 26 19  241   3 3p53d(3FO) 4d   -1.22871E+00  1.02639E+01 18.0
    172 26 19  240  16 3p4 3d3:        -1.22629E+00  1.02663E+01 18.0
    173 26 19  421   5 3p53d(3FO) 4d   -1.20795E+00  1.02847E+01 20.0
    174 26 19  220  22 3p4 3d3         -1.20786E+00  1.02847E+01 10.0
    175 26 19  200  10 3p4 3d3:        -1.19672E+00  1.02959E+01  2.0
    176 26 19  431   4 3p53d(3FO) 4d   -1.18829E+00  1.03043E+01 28.0
    177 26 19  231  11 3p53d(3FO) 4d   -1.14740E+00  1.03452E+01 14.0
    178 26 19  411   4 3p53d(3FO) 4d   -1.13981E+00  1.03528E+01 12.0
    179 26 19  230  16 3p4 3d3:        -1.13793E+00  1.03547E+01 14.0
    180 26 19  221   7 3p53d(3FO) 4d   -1.12772E+00  1.03649E+01 10.0
    181 26 19  220  23 3p6 8d          -1.12421E+00  1.03684E+01 10.0
    182 26 19  441   2 3p53d(3FO) 4d   -1.12056E+00  1.03720E+01 36.0
    183 26 19  251   2 3p53d(3FO) 4d   -1.10530E+00  1.03873E+01 22.0
    184 26 19  211  12 3p53d(3FO) 4d   -1.07196E+00  1.04206E+01  6.0
    185 26 19  210  13 3p53d(1PO) 4p   -1.03181E+00  1.04608E+01  6.0
    186 26 19  231  12 3p6 8f          -1.02592E+00  1.04667E+01 14.0
    187 26 19  200  11 3p6 9s          -1.00833E+00  1.04843E+01  2.0
    188 26 19  220  24 3p53d(1PO) 4p   -1.00807E+00  1.04845E+01 10.0
    189 26 19  240  17 3p6 8g          -1.00377E+00  1.04888E+01 18.0
    190 26 19  431   5 3p53d(3DO) 4d   -9.76004E-01  1.05166E+01 28.0
    191 26 19  221   8 3p53d(1DO) 4d:  -9.64357E-01  1.05282E+01 10.0
    192 26 19  441   3 3p53d(3DO) 4d   -9.60516E-01  1.05321E+01 36.0
    193 26 19  231  13 3p53d(3DO) 4d   -9.53676E-01  1.05389E+01 14.0
    194 26 19  211  13 3p6 9p          -9.46557E-01  1.05460E+01  6.0
    195 26 19  411   5 3p53d(3DO) 4d   -9.42884E-01  1.05497E+01 12.0
    196 26 19  200  12 3p53d(1PO) 4p   -9.38162E-01  1.05544E+01  2.0
    197 26 19  241   4 3p53d(1DO) 4d   -9.34056E-01  1.05585E+01 18.0
    198 26 19  201   2 3p53d(3DO) 4d   -9.28223E-01  1.05644E+01  2.0
    199 26 19  231  14 3p53d(1DO) 4d   -9.16490E-01  1.05761E+01 14.0
    200 26 19  221   9 3p53d(3DO) 4d   -9.15618E-01  1.05770E+01 10.0
    201 26 19  211  14 3p53d(1DO) 4d   -9.13602E-01  1.05790E+01  6.0
    202 26 19  230  17 3p4 3d3:        -9.11533E-01  1.05811E+01 14.0
    203 26 19  220  25 3p6 9d          -8.69224E-01  1.06234E+01 10.0
    204 26 19  421   6 3p53d(3DO) 4d   -8.47448E-01  1.06452E+01 20.0
    205 26 19  211  15 3p53d(1FO) 4d   -8.46490E-01  1.06461E+01  6.0
    206 26 19  251   3 3p53d(1FO) 4d   -8.43627E-01  1.06490E+01 22.0
    207 26 19  241   5 3p53d(1FO) 4d   -8.41746E-01  1.06509E+01 18.0
    208 26 19  231  15 3p6 9f          -8.10640E-01  1.06820E+01 14.0
    209 26 19  231  16 3p53d(1FO) 4d   -7.94616E-01  1.06980E+01 14.0
    210 26 19  240  18 3p6 9g          -7.93083E-01  1.06995E+01 18.0
    211 26 19  200  13 3p610s          -7.82742E-01  1.07099E+01  2.0
    212 26 19  211  16 3p610p          -7.52779E-01  1.07398E+01  6.0
    213 26 19  401   2 3p53d(3DO) 4d   -7.32996E-01  1.07596E+01  4.0
    214 26 19  221  10 3p53d(1FO) 4d   -7.29726E-01  1.07629E+01 10.0
    215 26 19  241   6 3p53d(3DO) 4d   -7.23332E-01  1.07693E+01 18.0
    216 26 19  201   3 3p53d(1DO) 4d   -7.18184E-01  1.07744E+01  2.0
    217 26 19  220  26 3p4 3d3:        -7.11167E-01  1.07814E+01 10.0
    218 26 19  220  27 3p610d          -6.94275E-01  1.07983E+01 10.0
    219 26 19  211  17 3p53d(3DO) 4d   -6.55927E-01  1.08367E+01  6.0
    220 26 19  231  17 3p610f          -6.53380E-01  1.08392E+01 14.0
    221 26 19  240  19 3p610g          -6.42326E-01  1.08503E+01 18.0
    222 26 19  210  14 3p53d(3FO) 4f   -5.37857E-01  1.09547E+01  6.0
    223 26 19  420  12 3s3p63d(3DE) 4s -4.91941E-01  1.10007E+01 20.0
    224 26 19  440   7 3p53d(3PO) 4f   -4.48786E-01  1.10438E+01 36.0
    225 26 19  430  12 3p53d(3PO) 4f   -3.67377E-01  1.11252E+01 28.0
    226 26 19  420  13 3p53d(3PO) 4f   -3.58993E-01  1.11336E+01 20.0
    227 26 19  230  18 3p53d(3PO) 4f   -3.51825E-01  1.11408E+01 14.0
    228 26 19  460   2 3p53d(3FO) 4f   -3.08577E-01  1.11840E+01 52.0
    229 26 19  250   7 3p53d(3FO) 4f   -2.29311E-01  1.12633E+01 22.0
    230 26 19  420  14 3p53d(3FO) 4f   -2.21830E-01  1.12708E+01 20.0
    231 26 19  400   4 3p53d(3FO) 4f   -2.15430E-01  1.12772E+01  4.0
    232 26 19  430  13 3p53d(3FO) 4f   -2.10433E-01  1.12822E+01 28.0
    233 26 19  440   8 3p53d(3FO) 4f   -2.05411E-01  1.12872E+01 36.0
    234 26 19  410  11 3p53d(3FO) 4f   -1.92837E-01  1.12998E+01 12.0
    235 26 19  450   4 3p53d(3FO) 4f   -1.87302E-01  1.13053E+01 44.0
    236 26 19  411   6 3p53d(3PO) 5s   -1.64777E-01  1.13278E+01 12.0
    237 26 19  260   4 3p53d(3FO) 4f   -1.62267E-01  1.13303E+01 26.0
    238 26 19  230  19 3p53d(3FO) 4f   -1.49005E-01  1.13436E+01 14.0
    239 26 19  210  15 3p53d(3FO) 4f   -7.02757E-02  1.14223E+01  6.0
    240 26 19  431   6 3p53d(3FO) 5s   -4.32683E-02  1.14493E+01 28.0
    241 26 19  440   9 3p53d(3DO) 4f   -1.89650E-02  1.14736E+01 36.0
    242 26 19  230  20 3p53d(1DO) 4f   -4.94238E-03  1.14877E+01 14.0
 ====================================================================
