 ================================================
       I  NZ  NE  ISLP  ILV        E(RYD)      NP
 ================================================
       1  18  11   200    1  -1.04893E+01      55
  9.849321E+00 1.950E-01
  9.977320E+00 1.916E-01
  1.010532E+01 1.883E-01
  1.023332E+01 1.852E-01
  1.036132E+01 1.820E-01
  1.048932E+01 1.790E-01
  1.112932E+01 1.650E-01
  1.176932E+01 1.526E-01
  1.240932E+01 1.416E-01
  1.304932E+01 1.318E-01
  1.368932E+01 1.230E-01
  1.432932E+01 1.150E-01
  1.594574E+01 9.863E-02
  1.774451E+01 8.459E-02
  1.974617E+01 7.254E-02
  2.197365E+01 6.222E-02
  2.445239E+01 5.336E-02
  2.721075E+01 4.576E-02
  3.028027E+01 3.925E-02
  3.369604E+01 3.366E-02
  3.749713E+01 2.887E-02
  4.172701E+01 2.476E-02
  4.643404E+01 2.123E-02
  5.167203E+01 1.821E-02
  5.750090E+01 1.562E-02
  6.398729E+01 1.340E-02
  7.120540E+01 1.149E-02
  7.923782E+01 9.853E-03
  8.817625E+01 8.450E-03
  9.812299E+01 7.247E-03
  1.091918E+02 6.215E-03
  1.215092E+02 5.330E-03
  1.352160E+02 4.572E-03
  1.504691E+02 3.921E-03
  1.674428E+02 3.363E-03
  1.863314E+02 2.884E-03
  2.073505E+02 2.473E-03
  2.307408E+02 2.121E-03
  2.567695E+02 1.819E-03
  2.857341E+02 1.560E-03
  3.179666E+02 1.338E-03
  3.538350E+02 1.148E-03
  3.937493E+02 9.842E-04
  4.381667E+02 8.441E-04
  4.875942E+02 7.239E-04
  5.425974E+02 6.209E-04
  6.038049E+02 5.325E-04
  6.719175E+02 4.567E-04
  7.477134E+02 3.917E-04
  8.320593E+02 3.359E-04
  9.259197E+02 2.881E-04
  1.030369E+03 2.471E-04
  1.146600E+03 2.119E-04
  1.275943E+03 1.817E-04
  1.419876E+03 1.559E-04
       2  18  11   211    1  -9.21374E+00      53
  8.573740E+00 3.578E-01
  8.701739E+00 3.501E-01
  8.829739E+00 3.427E-01
  8.957739E+00 3.355E-01
  9.085739E+00 3.285E-01
  9.213739E+00 3.216E-01
  9.853739E+00 2.898E-01
  1.049374E+01 2.617E-01
  1.113374E+01 2.368E-01
  1.177374E+01 2.146E-01
  1.241374E+01 1.948E-01
  1.305374E+01 1.771E-01
  1.427659E+01 1.509E-01
  1.561399E+01 1.286E-01
  1.707668E+01 1.095E-01
  1.867639E+01 9.332E-02
  2.042595E+01 7.951E-02
  2.233943E+01 6.774E-02
  2.443213E+01 5.771E-02
  2.672090E+01 4.917E-02
  2.922406E+01 4.189E-02
  3.196172E+01 3.569E-02
  3.495584E+01 3.041E-02
  3.823042E+01 2.591E-02
  4.181177E+01 2.207E-02
  4.572861E+01 1.881E-02
  5.001237E+01 1.602E-02
  5.469746E+01 1.365E-02
  5.982143E+01 1.163E-02
  6.542535E+01 9.910E-03
  7.155428E+01 8.443E-03
  7.825740E+01 7.193E-03
  8.558838E+01 6.129E-03
  9.360612E+01 5.222E-03
  1.023750E+02 4.449E-03
  1.119653E+02 3.790E-03
  1.224540E+02 3.229E-03
  1.339252E+02 2.751E-03
  1.464711E+02 2.344E-03
  1.601923E+02 1.997E-03
  1.751988E+02 1.702E-03
  1.916110E+02 1.450E-03
  2.095608E+02 1.235E-03
  2.291922E+02 1.052E-03
  2.506624E+02 8.966E-04
  2.741438E+02 7.639E-04
  2.998250E+02 6.508E-04
  3.279124E+02 5.545E-04
  3.586304E+02 4.724E-04
  3.922261E+02 4.025E-04
  4.289690E+02 3.429E-04
  4.691545E+02 2.922E-04
  5.131040E+02 2.489E-04
       3  18  11   220    1  -7.51967E+00      45
  6.879668E+00 5.072E-01
  7.007667E+00 4.785E-01
  7.135667E+00 4.517E-01
  7.263667E+00 4.268E-01
  7.391667E+00 4.036E-01
  7.519667E+00 3.820E-01
  8.159667E+00 2.930E-01
  8.799667E+00 2.284E-01
  9.439667E+00 1.807E-01
  1.007967E+01 1.448E-01
  1.071967E+01 1.174E-01
  1.135967E+01 9.617E-02
  1.196455E+01 8.067E-02
  1.260165E+01 6.767E-02
  1.327266E+01 5.676E-02
  1.397941E+01 4.762E-02
  1.472378E+01 3.994E-02
  1.550780E+01 3.351E-02
  1.633356E+01 2.811E-02
  1.720329E+01 2.358E-02
  1.811932E+01 1.978E-02
  1.908415E+01 1.659E-02
  2.010036E+01 1.392E-02
  2.117065E+01 1.167E-02
  2.229796E+01 9.792E-03
  2.348529E+01 8.214E-03
  2.473584E+01 6.890E-03
  2.605298E+01 5.780E-03
  2.744026E+01 4.848E-03
  2.890140E+01 4.067E-03
  3.044035E+01 3.411E-03
  3.206123E+01 2.862E-03
  3.376843E+01 2.400E-03
  3.556654E+01 2.014E-03
  3.746040E+01 1.689E-03
  3.945511E+01 1.417E-03
  4.155602E+01 1.189E-03
  4.376881E+01 9.970E-04
  4.609941E+01 8.363E-04
  4.855412E+01 7.015E-04
  5.113954E+01 5.885E-04
  5.386264E+01 4.936E-04
  5.673073E+01 4.141E-04
  5.975154E+01 3.474E-04
  6.293320E+01 2.914E-04
       4  18  11   200    2  -5.27539E+00      52
  4.635387E+00 3.052E-01
  4.763386E+00 2.929E-01
  4.891386E+00 2.814E-01
  5.019386E+00 2.705E-01
  5.147386E+00 2.602E-01
  5.275386E+00 2.505E-01
  5.915386E+00 2.091E-01
  6.555386E+00 1.773E-01
  7.195386E+00 1.522E-01
  7.835386E+00 1.321E-01
  8.475386E+00 1.159E-01
  9.115386E+00 1.025E-01
  1.002463E+01 8.752E-02
  1.102457E+01 7.472E-02
  1.212425E+01 6.380E-02
  1.333362E+01 5.447E-02
  1.466362E+01 4.651E-02
  1.612630E+01 3.971E-02
  1.773486E+01 3.391E-02
  1.950388E+01 2.895E-02
  2.144936E+01 2.472E-02
  2.358890E+01 2.111E-02
  2.594183E+01 1.802E-02
  2.852950E+01 1.539E-02
  3.137527E+01 1.314E-02
  3.450490E+01 1.122E-02
  3.794670E+01 9.577E-03
  4.173183E+01 8.177E-03
  4.589445E+01 6.982E-03
  5.047235E+01 5.961E-03
  5.550688E+01 5.090E-03
  6.104359E+01 4.346E-03
  6.713260E+01 3.711E-03
  7.382895E+01 3.168E-03
  8.119327E+01 2.705E-03
  8.929216E+01 2.310E-03
  9.819890E+01 1.972E-03
  1.079941E+02 1.684E-03
  1.187663E+02 1.438E-03
  1.306130E+02 1.227E-03
  1.436415E+02 1.048E-03
  1.579695E+02 8.949E-04
  1.737266E+02 7.640E-04
  1.910556E+02 6.524E-04
  2.101129E+02 5.570E-04
  2.310712E+02 4.756E-04
  2.541202E+02 4.061E-04
  2.794683E+02 3.467E-04
  3.073447E+02 2.960E-04
  3.380017E+02 2.528E-04
  3.717168E+02 2.158E-04
  4.087949E+02 1.843E-04
       5  18  11   211    2  -4.79865E+00      51
  4.158646E+00 5.098E-01
  4.286646E+00 4.878E-01
  4.414646E+00 4.671E-01
  4.542646E+00 4.476E-01
  4.670646E+00 4.293E-01
  4.798646E+00 4.120E-01
  5.438646E+00 3.386E-01
  6.078646E+00 2.823E-01
  6.718646E+00 2.382E-01
  7.358646E+00 2.031E-01
  7.998646E+00 1.747E-01
  8.638646E+00 1.515E-01
  9.454895E+00 1.291E-01
  1.034826E+01 1.100E-01
  1.132605E+01 9.378E-02
  1.239623E+01 7.992E-02
  1.356752E+01 6.811E-02
  1.484949E+01 5.805E-02
  1.625258E+01 4.947E-02
  1.778825E+01 4.216E-02
  1.946904E+01 3.593E-02
  2.130864E+01 3.062E-02
  2.332205E+01 2.610E-02
  2.552570E+01 2.224E-02
  2.793755E+01 1.895E-02
  3.057733E+01 1.615E-02
  3.346651E+01 1.377E-02
  3.662871E+01 1.173E-02
  4.008968E+01 9.999E-03
  4.387764E+01 8.522E-03
  4.802359E+01 7.262E-03
  5.256122E+01 6.189E-03
  5.752765E+01 5.275E-03
  6.296330E+01 4.495E-03
  6.891261E+01 3.831E-03
  7.542400E+01 3.265E-03
  8.255061E+01 2.783E-03
  9.035072E+01 2.371E-03
  9.888773E+01 2.021E-03
  1.082315E+02 1.722E-03
  1.184580E+02 1.468E-03
  1.296510E+02 1.251E-03
  1.419014E+02 1.066E-03
  1.553094E+02 9.086E-04
  1.699842E+02 7.744E-04
  1.860457E+02 6.599E-04
  2.036248E+02 5.624E-04
  2.228648E+02 4.793E-04
  2.439230E+02 4.085E-04
  2.669705E+02 3.481E-04
  2.921963E+02 2.967E-04
       6  18  11   220    2  -4.18653E+00      44
  3.546528E+00 1.048E+00
  3.674528E+00 9.604E-01
  3.802528E+00 8.824E-01
  3.930528E+00 8.124E-01
  4.058528E+00 7.495E-01
  4.186528E+00 6.927E-01
  4.826528E+00 4.792E-01
  5.466528E+00 3.435E-01
  6.106528E+00 2.536E-01
  6.746528E+00 1.918E-01
  7.386528E+00 1.481E-01
  8.026528E+00 1.165E-01
  8.531554E+00 9.811E-02
  9.068355E+00 8.262E-02
  9.638927E+00 6.958E-02
  1.024541E+01 5.860E-02
  1.089004E+01 4.935E-02
  1.157524E+01 4.156E-02
  1.230354E+01 3.500E-02
  1.307768E+01 2.947E-02
  1.390052E+01 2.482E-02
  1.477513E+01 2.090E-02
  1.570477E+01 1.760E-02
  1.669290E+01 1.482E-02
  1.774321E+01 1.248E-02
  1.885960E+01 1.051E-02
  2.004625E+01 8.854E-03
  2.130754E+01 7.456E-03
  2.264821E+01 6.279E-03
  2.407321E+01 5.288E-03
  2.558788E+01 4.453E-03
  2.719786E+01 3.750E-03
  2.890912E+01 3.158E-03
  3.072809E+01 2.660E-03
  3.266147E+01 2.240E-03
  3.471654E+01 1.886E-03
  3.690086E+01 1.589E-03
  3.922264E+01 1.338E-03
  4.169052E+01 1.127E-03
  4.431364E+01 9.487E-04
  4.710187E+01 7.990E-04
  5.006548E+01 6.729E-04
  5.321555E+01 5.666E-04
  5.656387E+01 4.772E-04
       7  18  11   231    1  -4.00949E+00      39
  3.369491E+00 1.429E-02
  3.497491E+00 1.278E-02
  3.625491E+00 1.146E-02
  3.753491E+00 1.030E-02
  3.881491E+00 9.291E-03
  4.009491E+00 8.400E-03
  4.649491E+00 5.247E-03
  5.289491E+00 3.431E-03
  5.929491E+00 2.327E-03
  6.569491E+00 1.626E-03
  7.209491E+00 1.167E-03
  7.849491E+00 8.591E-04
  8.254191E+00 7.201E-04
  8.679762E+00 6.037E-04
  9.127275E+00 5.060E-04
  9.597857E+00 4.242E-04
  1.009270E+01 3.556E-04
  1.061306E+01 2.981E-04
  1.116025E+01 2.498E-04
  1.173565E+01 2.094E-04
  1.234071E+01 1.756E-04
  1.297697E+01 1.472E-04
  1.364604E+01 1.234E-04
  1.434960E+01 1.034E-04
  1.508943E+01 8.668E-05
  1.586741E+01 7.266E-05
  1.668549E+01 6.091E-05
  1.754576E+01 5.105E-05
  1.845039E+01 4.280E-05
  1.940166E+01 3.587E-05
  2.040196E+01 3.007E-05
  2.145383E+01 2.521E-05
  2.255995E+01 2.113E-05
  2.372310E+01 1.771E-05
  2.494620E+01 1.485E-05
  2.623238E+01 1.245E-05
  2.758487E+01 1.043E-05
  2.900708E+01 8.745E-06
  3.050264E+01 7.331E-06
       8  18  11   200    3  -3.17825E+00      49
  2.538249E+00 4.754E-01
  2.666248E+00 4.400E-01
  2.794248E+00 4.084E-01
  2.922248E+00 3.801E-01
  3.050248E+00 3.546E-01
  3.178248E+00 3.316E-01
  3.818248E+00 2.444E-01
  4.458248E+00 1.878E-01
  5.098248E+00 1.489E-01
  5.738248E+00 1.211E-01
  6.378248E+00 1.005E-01
  7.018248E+00 8.477E-02
  7.687224E+00 7.227E-02
  8.419968E+00 6.161E-02
  9.222553E+00 5.252E-02
  1.010164E+01 4.477E-02
  1.106453E+01 3.817E-02
  1.211919E+01 3.254E-02
  1.327438E+01 2.774E-02
  1.453969E+01 2.365E-02
  1.592561E+01 2.016E-02
  1.744362E+01 1.718E-02
  1.910634E+01 1.465E-02
  2.092755E+01 1.249E-02
  2.292233E+01 1.065E-02
  2.510728E+01 9.076E-03
  2.750050E+01 7.737E-03
  3.012184E+01 6.596E-03
  3.299303E+01 5.623E-03
  3.613791E+01 4.794E-03
  3.958257E+01 4.086E-03
  4.335558E+01 3.484E-03
  4.748817E+01 2.970E-03
  5.201474E+01 2.532E-03
  5.697276E+01 2.158E-03
  6.240340E+01 1.840E-03
  6.835161E+01 1.569E-03
  7.486687E+01 1.337E-03
  8.200316E+01 1.140E-03
  8.981969E+01 9.718E-04
  9.838118E+01 8.284E-04
  1.077589E+02 7.062E-04
  1.180304E+02 6.020E-04
  1.292810E+02 5.132E-04
  1.416040E+02 4.375E-04
  1.551016E+02 3.730E-04
  1.698858E+02 3.180E-04
  1.860793E+02 2.711E-04
  2.038162E+02 2.311E-04
       9  18  11   211    3  -2.95036E+00      49
  2.310359E+00 7.438E-01
  2.438359E+00 6.849E-01
  2.566359E+00 6.328E-01
  2.694359E+00 5.865E-01
  2.822359E+00 5.451E-01
  2.950359E+00 5.080E-01
  3.590359E+00 3.692E-01
  4.230359E+00 2.801E-01
  4.870359E+00 2.194E-01
  5.510359E+00 1.761E-01
  6.150359E+00 1.440E-01
  6.790359E+00 1.197E-01
  7.424086E+00 1.020E-01
  8.116950E+00 8.687E-02
  8.874481E+00 7.400E-02
  9.702709E+00 6.304E-02
  1.060824E+01 5.370E-02
  1.159827E+01 4.575E-02
  1.268071E+01 3.897E-02
  1.386416E+01 3.320E-02
  1.515806E+01 2.828E-02
  1.657271E+01 2.409E-02
  1.811940E+01 2.053E-02
  1.981041E+01 1.749E-02
  2.165927E+01 1.490E-02
  2.368066E+01 1.269E-02
  2.589070E+01 1.081E-02
  2.830702E+01 9.209E-03
  3.094882E+01 7.845E-03
  3.383719E+01 6.683E-03
  3.699510E+01 5.693E-03
  4.044775E+01 4.850E-03
  4.422264E+01 4.131E-03
  4.834979E+01 3.520E-03
  5.286215E+01 2.998E-03
  5.779564E+01 2.554E-03
  6.318951E+01 2.176E-03
  6.908682E+01 1.854E-03
  7.553445E+01 1.579E-03
  8.258389E+01 1.345E-03
  9.029124E+01 1.146E-03
  9.871780E+01 9.762E-04
  1.079309E+02 8.316E-04
  1.180038E+02 7.084E-04
  1.290167E+02 6.035E-04
  1.410575E+02 5.141E-04
  1.542218E+02 4.380E-04
  1.686150E+02 3.731E-04
  1.843515E+02 3.178E-04
      10  18  11   220    3  -2.65548E+00      40
  2.015484E+00 1.801E+00
  2.143484E+00 1.575E+00
  2.271484E+00 1.387E+00
  2.399484E+00 1.227E+00
  2.527484E+00 1.092E+00
  2.655484E+00 9.761E-01
  3.295484E+00 5.897E-01
  3.935484E+00 3.831E-01
  4.575484E+00 2.623E-01
  5.215484E+00 1.870E-01
  5.855484E+00 1.377E-01
  6.495484E+00 1.040E-01
  6.933998E+00 8.774E-02
  7.402110E+00 7.403E-02
  7.901826E+00 6.245E-02
  8.435285E+00 5.269E-02
  9.004752E+00 4.445E-02
  9.612663E+00 3.751E-02
  1.026161E+01 3.164E-02
  1.095438E+01 2.670E-02
  1.169391E+01 2.252E-02
  1.248337E+01 1.900E-02
  1.332613E+01 1.603E-02
  1.422578E+01 1.353E-02
  1.518616E+01 1.141E-02
  1.621138E+01 9.627E-03
  1.730580E+01 8.122E-03
  1.847412E+01 6.853E-03
  1.972131E+01 5.781E-03
  2.105269E+01 4.878E-03
  2.247397E+01 4.115E-03
  2.399118E+01 3.472E-03
  2.561086E+01 2.929E-03
  2.733983E+01 2.471E-03
  2.918556E+01 2.085E-03
  3.115587E+01 1.759E-03
  3.325920E+01 1.484E-03
  3.550456E+01 1.252E-03
  3.790146E+01 1.056E-03
  4.046022E+01 8.912E-04
      11  18  11   231    2  -2.56632E+00      39
  1.926319E+00 5.880E-02
  2.054318E+00 4.904E-02
  2.182318E+00 4.127E-02
  2.310318E+00 3.502E-02
  2.438318E+00 2.994E-02
  2.566318E+00 2.577E-02
  3.206318E+00 1.320E-02
  3.846318E+00 7.487E-03
  4.486318E+00 4.563E-03
  5.126318E+00 2.934E-03
  5.766318E+00 1.967E-03
  6.406318E+00 1.364E-03
  6.752087E+00 1.145E-03
  7.116514E+00 9.604E-04
  7.500615E+00 8.058E-04
  7.905439E+00 6.762E-04
  8.332124E+00 5.674E-04
  8.781829E+00 4.761E-04
  9.255813E+00 3.995E-04
  9.755372E+00 3.352E-04
  1.028190E+01 2.813E-04
  1.083685E+01 2.360E-04
  1.142174E+01 1.980E-04
  1.203820E+01 1.662E-04
  1.268794E+01 1.394E-04
  1.337275E+01 1.170E-04
  1.409451E+01 9.816E-05
  1.485523E+01 8.237E-05
  1.565701E+01 6.911E-05
  1.650206E+01 5.799E-05
  1.739273E+01 4.866E-05
  1.833144E+01 4.083E-05
  1.932086E+01 3.426E-05
  2.036365E+01 2.875E-05
  2.146274E+01 2.412E-05
  2.262114E+01 2.024E-05
  2.384206E+01 1.698E-05
  2.512891E+01 1.425E-05
  2.648518E+01 1.196E-05
      12  18  11   200    4  -2.12341E+00      47
  1.592565E+00 8.387E+00
  1.611416E+00 6.651E-01
  1.739416E+00 5.865E-01
  1.867416E+00 5.209E-01
  1.995416E+00 4.658E-01
  2.123416E+00 4.190E-01
  2.763416E+00 2.653E-01
  3.403416E+00 1.834E-01
  4.043416E+00 1.347E-01
  4.683416E+00 1.033E-01
  5.323416E+00 8.181E-02
  5.963416E+00 6.649E-02
  6.516623E+00 5.663E-02
  7.121156E+00 4.823E-02
  7.781765E+00 4.108E-02
  8.503658E+00 3.499E-02
  9.292518E+00 2.980E-02
  1.015455E+01 2.538E-02
  1.109656E+01 2.162E-02
  1.212596E+01 1.841E-02
  1.325085E+01 1.568E-02
  1.448010E+01 1.336E-02
  1.582338E+01 1.138E-02
  1.729126E+01 9.689E-03
  1.889531E+01 8.252E-03
  2.064819E+01 7.029E-03
  2.256364E+01 5.986E-03
  2.465683E+01 5.099E-03
  2.694415E+01 4.343E-03
  2.944371E+01 3.699E-03
  3.217511E+01 3.150E-03
  3.515991E+01 2.683E-03
  3.842159E+01 2.285E-03
  4.198587E+01 1.946E-03
  4.588075E+01 1.658E-03
  5.013701E+01 1.412E-03
  5.478804E+01 1.203E-03
  5.987062E+01 1.024E-03
  6.542461E+01 8.724E-04
  7.149390E+01 7.430E-04
  7.812614E+01 6.328E-04
  8.537373E+01 5.390E-04
  9.329356E+01 4.591E-04
  1.019482E+02 3.910E-04
  1.114056E+02 3.330E-04
  1.217404E+02 2.836E-04
  1.330339E+02 2.416E-04
      13  18  11   211    4  -1.99735E+00      46
  1.498012E+00 1.121E+01
  1.613346E+00 8.801E-01
  1.741346E+00 7.760E-01
  1.869346E+00 6.898E-01
  1.997346E+00 6.175E-01
  2.637346E+00 3.851E-01
  3.277346E+00 2.638E-01
  3.917346E+00 1.922E-01
  4.557346E+00 1.460E-01
  5.197346E+00 1.145E-01
  5.837346E+00 9.205E-02
  6.375089E+00 7.838E-02
  6.962366E+00 6.674E-02
  7.603743E+00 5.683E-02
  8.304207E+00 4.839E-02
  9.069198E+00 4.121E-02
  9.904659E+00 3.509E-02
  1.081708E+01 2.988E-02
  1.181356E+01 2.544E-02
  1.290183E+01 2.167E-02
  1.409036E+01 1.845E-02
  1.538838E+01 1.571E-02
  1.680594E+01 1.338E-02
  1.835413E+01 1.139E-02
  2.004492E+01 9.699E-03
  2.189146E+01 8.259E-03
  2.390816E+01 7.033E-03
  2.611060E+01 5.988E-03
  2.851591E+01 5.099E-03
  3.114282E+01 4.342E-03
  3.401172E+01 3.697E-03
  3.714491E+01 3.148E-03
  4.056673E+01 2.681E-03
  4.430376E+01 2.283E-03
  4.838506E+01 1.944E-03
  5.284232E+01 1.655E-03
  5.771019E+01 1.409E-03
  6.302650E+01 1.200E-03
  6.883255E+01 1.022E-03
  7.517345E+01 8.702E-04
  8.209848E+01 7.410E-04
  8.966145E+01 6.310E-04
  9.792126E+01 5.373E-04
  1.069418E+02 4.575E-04
  1.167933E+02 3.896E-04
  1.275525E+02 3.317E-04
      14  18  11   220    4  -1.83339E+00      40
  1.375042E+00 2.377E+01
  1.449386E+00 2.077E+00
  1.577386E+00 1.738E+00
  1.705386E+00 1.471E+00
  1.833386E+00 1.259E+00
  2.473386E+00 6.472E-01
  3.113386E+00 3.795E-01
  3.753386E+00 2.422E-01
  4.393386E+00 1.639E-01
  5.033386E+00 1.160E-01
  5.673386E+00 8.495E-02
  6.071056E+00 7.174E-02
  6.496596E+00 6.059E-02
  6.951966E+00 5.117E-02
  7.439252E+00 4.321E-02
  7.960700E+00 3.650E-02
  8.518692E+00 3.082E-02
  9.115801E+00 2.603E-02
  9.754762E+00 2.198E-02
  1.043851E+01 1.857E-02
  1.117018E+01 1.568E-02
  1.195314E+01 1.324E-02
  1.279097E+01 1.118E-02
  1.368754E+01 9.444E-03
  1.464695E+01 7.976E-03
  1.567361E+01 6.736E-03
  1.677223E+01 5.689E-03
  1.794785E+01 4.804E-03
  1.920589E+01 4.057E-03
  2.055209E+01 3.426E-03
  2.199266E+01 2.894E-03
  2.353421E+01 2.444E-03
  2.518381E+01 2.064E-03
  2.694904E+01 1.743E-03
  2.883800E+01 1.472E-03
  3.085934E+01 1.243E-03
  3.302240E+01 1.050E-03
  3.533705E+01 8.867E-04
  3.781396E+01 7.488E-04
  4.046448E+01 6.324E-04
      15  18  11   231    3  -1.78195E+00      36
  1.336462E+00 1.162E+00
  1.397949E+00 1.050E-01
  1.525949E+00 8.242E-02
  1.653949E+00 6.580E-02
  1.781949E+00 5.330E-02
  2.421949E+00 2.185E-02
  3.061949E+00 1.076E-02
  3.701949E+00 5.954E-03
  4.341949E+00 3.574E-03
  4.981949E+00 2.277E-03
  5.621949E+00 1.520E-03
  5.935328E+00 1.276E-03
  6.266171E+00 1.072E-03
  6.615463E+00 9.000E-04
  6.984222E+00 7.557E-04
  7.373537E+00 6.346E-04
  7.784551E+00 5.328E-04
  8.218479E+00 4.474E-04
  8.676593E+00 3.757E-04
  9.160244E+00 3.155E-04
  9.670853E+00 2.649E-04
  1.020993E+01 2.224E-04
  1.077904E+01 1.868E-04
  1.137989E+01 1.568E-04
  1.201423E+01 1.317E-04
  1.268392E+01 1.106E-04
  1.339095E+01 9.286E-05
  1.413739E+01 7.798E-05
  1.492544E+01 6.548E-05
  1.575740E+01 5.498E-05
  1.663576E+01 4.617E-05
  1.756305E+01 3.877E-05
  1.854205E+01 3.255E-05
  1.957562E+01 2.733E-05
  2.066682E+01 2.295E-05
  2.181882E+01 1.927E-05
      16  18  11   200    5  -1.51874E+00      39
  1.139054E+00 7.141E+00
  1.262742E+00 7.099E-01
  1.390742E+00 6.003E-01
  1.518742E+00 5.142E-01
  2.158742E+00 2.737E-01
  2.798742E+00 1.702E-01
  3.438742E+00 1.164E-01
  4.078742E+00 8.488E-02
  4.718742E+00 6.475E-02
  5.358742E+00 5.110E-02
  5.845900E+00 4.349E-02
  6.377344E+00 3.702E-02
  6.957105E+00 3.151E-02
  7.589574E+00 2.682E-02
  8.279531E+00 2.283E-02
  9.032221E+00 1.943E-02
  9.853334E+00 1.654E-02
  1.074909E+01 1.408E-02
  1.172628E+01 1.198E-02
  1.279231E+01 1.020E-02
  1.395525E+01 8.679E-03
  1.522391E+01 7.387E-03
  1.660789E+01 6.287E-03
  1.811771E+01 5.352E-03
  1.976477E+01 4.555E-03
  2.156158E+01 3.877E-03
  2.352173E+01 3.300E-03
  2.566006E+01 2.809E-03
  2.799280E+01 2.391E-03
  3.053760E+01 2.035E-03
  3.331374E+01 1.732E-03
  3.634230E+01 1.474E-03
  3.964613E+01 1.255E-03
  4.325034E+01 1.068E-03
  4.718217E+01 9.089E-04
  5.147147E+01 7.736E-04
  5.615074E+01 6.585E-04
  6.125536E+01 5.605E-04
  6.682402E+01 4.770E-04
      17  18  11   211    5  -1.44181E+00      39
  1.081357E+00 9.811E+00
  1.185813E+00 1.039E+00
  1.313813E+00 8.694E-01
  1.441813E+00 7.392E-01
  2.081813E+00 3.866E-01
  2.721813E+00 2.391E-01
  3.361813E+00 1.629E-01
  4.001813E+00 1.182E-01
  4.641813E+00 8.953E-02
  5.281813E+00 7.006E-02
  5.762218E+00 5.963E-02
  6.286322E+00 5.076E-02
  6.858096E+00 4.320E-02
  7.481869E+00 3.677E-02
  8.162385E+00 3.130E-02
  8.904793E+00 2.664E-02
  9.714727E+00 2.268E-02
  1.059833E+01 1.930E-02
  1.156230E+01 1.643E-02
  1.261395E+01 1.398E-02
  1.376126E+01 1.190E-02
  1.501290E+01 1.013E-02
  1.637839E+01 8.622E-03
  1.786809E+01 7.339E-03
  1.949327E+01 6.247E-03
  2.126630E+01 5.317E-03
  2.320058E+01 4.525E-03
  2.531078E+01 3.852E-03
  2.761292E+01 3.279E-03
  3.012445E+01 2.791E-03
  3.286441E+01 2.375E-03
  3.585359E+01 2.022E-03
  3.911464E+01 1.721E-03
  4.267235E+01 1.465E-03
  4.655360E+01 1.247E-03
  5.078789E+01 1.061E-03
  5.540729E+01 9.032E-04
  6.044685E+01 7.688E-04
  6.594478E+01 6.543E-04
      18  18  11   220    5  -1.34132E+00      38
  1.005990E+00 2.089E+01
  1.085316E+00 2.412E+00
  1.213316E+00 1.912E+00
  1.341316E+00 1.548E+00
  1.981316E+00 6.646E-01
  2.621316E+00 3.525E-01
  3.261316E+00 2.111E-01
  3.901316E+00 1.368E-01
  4.541316E+00 9.374E-02
  5.181316E+00 6.699E-02
  5.552071E+00 5.661E-02
  5.949355E+00 4.783E-02
  6.375067E+00 4.042E-02
  6.831242E+00 3.416E-02
  7.320059E+00 2.886E-02
  7.843855E+00 2.439E-02
  8.405131E+00 2.061E-02
  9.006570E+00 1.741E-02
  9.651042E+00 1.472E-02
  1.034164E+01 1.243E-02
  1.108164E+01 1.051E-02
  1.187460E+01 8.879E-03
  1.272430E+01 7.503E-03
  1.363480E+01 6.340E-03
  1.461044E+01 5.357E-03
  1.565592E+01 4.527E-03
  1.677618E+01 3.825E-03
  1.797662E+01 3.232E-03
  1.926297E+01 2.731E-03
  2.064134E+01 2.308E-03
  2.211836E+01 1.950E-03
  2.370107E+01 1.648E-03
  2.539702E+01 1.393E-03
  2.721432E+01 1.177E-03
  2.916168E+01 9.944E-04
  3.124837E+01 8.403E-04
  3.348438E+01 7.100E-04
  3.588039E+01 6.000E-04
      19  18  11   231    4  -1.30895E+00      33
  9.817128E-01 1.395E+00
  1.052948E+00 1.650E-01
  1.180948E+00 1.208E-01
  1.308948E+00 9.102E-02
  1.948948E+00 2.937E-02
  2.588948E+00 1.264E-02
  3.228948E+00 6.422E-03
  3.868948E+00 3.635E-03
  4.508948E+00 2.221E-03
  5.148948E+00 1.436E-03
  5.440695E+00 1.206E-03
  5.748971E+00 1.013E-03
  6.074714E+00 8.512E-04
  6.418914E+00 7.150E-04
  6.782615E+00 6.006E-04
  7.166928E+00 5.045E-04
  7.573015E+00 4.238E-04
  8.002107E+00 3.560E-04
  8.455521E+00 2.991E-04
  8.934615E+00 2.512E-04
  9.440865E+00 2.110E-04
  9.975796E+00 1.773E-04
  1.054103E+01 1.489E-04
  1.113830E+01 1.251E-04
  1.176941E+01 1.051E-04
  1.243628E+01 8.826E-05
  1.314093E+01 7.414E-05
  1.388552E+01 6.228E-05
  1.467228E+01 5.232E-05
  1.550363E+01 4.395E-05
  1.638206E+01 3.692E-05
  1.731030E+01 3.101E-05
  1.829112E+01 2.605E-05
      20  18  11   200    6  -1.14005E+00      36
  8.550375E-01 6.795E+00
  8.840517E-01 9.739E-01
  1.012052E+00 7.665E-01
  1.140052E+00 6.189E-01
  1.780052E+00 2.734E-01
  2.420052E+00 1.543E-01
  3.060052E+00 9.942E-02
  3.700052E+00 6.959E-02
  4.340052E+00 5.152E-02
  4.980052E+00 3.970E-02
  5.426837E+00 3.378E-02
  5.913707E+00 2.874E-02
  6.444257E+00 2.445E-02
  7.022404E+00 2.080E-02
  7.652419E+00 1.770E-02
  8.338957E+00 1.506E-02
  9.087088E+00 1.281E-02
  9.902332E+00 1.090E-02
  1.079072E+01 9.271E-03
  1.175881E+01 7.888E-03
  1.281376E+01 6.711E-03
  1.396334E+01 5.709E-03
  1.521605E+01 4.857E-03
  1.658116E+01 4.133E-03
  1.806874E+01 3.516E-03
  1.968979E+01 2.991E-03
  2.145625E+01 2.545E-03
  2.338121E+01 2.165E-03
  2.547887E+01 1.842E-03
  2.776471E+01 1.567E-03
  3.025560E+01 1.333E-03
  3.296999E+01 1.134E-03
  3.592790E+01 9.651E-04
  3.915120E+01 8.211E-04
  4.266362E+01 6.986E-04
  4.649120E+01 5.943E-04
      21  18  11   211    6  -1.08970E+00      36
  8.172748E-01 9.273E+00
  8.337010E-01 1.414E+00
  9.617010E-01 1.093E+00
  1.089701E+00 8.720E-01
  1.729701E+00 3.762E-01
  2.369701E+00 2.112E-01
  3.009701E+00 1.357E-01
  3.649701E+00 9.468E-02
  4.289701E+00 6.978E-02
  4.929701E+00 5.349E-02
  5.373308E+00 4.551E-02
  5.856835E+00 3.872E-02
  6.383873E+00 3.295E-02
  6.958338E+00 2.804E-02
  7.584494E+00 2.385E-02
  8.267000E+00 2.030E-02
  9.010920E+00 1.727E-02
  9.821781E+00 1.469E-02
  1.070561E+01 1.250E-02
  1.166898E+01 1.064E-02
  1.271903E+01 9.052E-03
  1.386357E+01 7.702E-03
  1.511111E+01 6.553E-03
  1.647089E+01 5.576E-03
  1.795306E+01 4.744E-03
  1.956860E+01 4.037E-03
  2.132953E+01 3.435E-03
  2.324890E+01 2.922E-03
  2.534099E+01 2.487E-03
  2.762134E+01 2.116E-03
  3.010689E+01 1.800E-03
  3.281610E+01 1.532E-03
  3.576912E+01 1.303E-03
  3.898790E+01 1.109E-03
  4.249629E+01 9.435E-04
  4.632039E+01 8.028E-04
      22  18  11   220    6  -1.02365E+00      29
  7.677376E-01 1.800E+01
  8.956546E-01 2.442E+00
  1.023655E+00 1.849E+00
  1.663655E+00 6.534E-01
  2.303655E+00 3.155E-01
  2.943655E+00 1.788E-01
  3.583655E+00 1.118E-01
  4.223655E+00 7.467E-02
  4.863655E+00 5.236E-02
  5.216002E+00 4.426E-02
  5.593878E+00 3.741E-02
  5.999125E+00 3.163E-02
  6.433734E+00 2.673E-02
  6.899822E+00 2.260E-02
  7.399683E+00 1.910E-02
  7.935755E+00 1.615E-02
  8.510658E+00 1.365E-02
  9.127214E+00 1.154E-02
  9.788439E+00 9.752E-03
  1.049756E+01 8.244E-03
  1.125806E+01 6.968E-03
  1.207365E+01 5.890E-03
  1.294832E+01 4.979E-03
  1.388636E+01 4.209E-03
  1.489237E+01 3.558E-03
  1.597124E+01 3.007E-03
  1.712828E+01 2.542E-03
  1.836913E+01 2.149E-03
  1.969989E+01 1.816E-03
      23  18  11   231    5  -1.00198E+00      30
  7.514849E-01 1.470E+00
  8.739788E-01 2.006E-01
  1.001979E+00 1.388E-01
  1.641979E+00 3.490E-02
  2.281979E+00 1.329E-02
  2.921979E+00 6.274E-03
  3.561979E+00 3.384E-03
  4.201979E+00 1.999E-03
  4.841979E+00 1.261E-03
  5.118928E+00 1.059E-03
  5.411720E+00 8.902E-04
  5.721262E+00 7.479E-04
  6.048502E+00 6.284E-04
  6.394463E+00 5.280E-04
  6.760215E+00 4.436E-04
  7.146884E+00 3.727E-04
  7.555669E+00 3.132E-04
  7.987836E+00 2.631E-04
  8.444727E+00 2.211E-04
  8.927745E+00 1.858E-04
  9.438395E+00 1.561E-04
  9.978247E+00 1.311E-04
  1.054898E+01 1.102E-04
  1.115236E+01 9.257E-05
  1.179025E+01 7.778E-05
  1.246463E+01 6.535E-05
  1.317758E+01 5.491E-05
  1.393130E+01 4.613E-05
  1.472814E+01 3.876E-05
  1.557056E+01 3.257E-05
      24  18  11   200    7  -8.87239E-01      33
  6.654292E-01 6.005E+00
  7.592394E-01 9.653E-01
  8.872394E-01 7.253E-01
  1.527239E+00 2.617E-01
  2.167239E+00 1.343E-01
  2.807239E+00 8.189E-02
  3.447239E+00 5.531E-02
  4.087239E+00 3.996E-02
  4.727239E+00 3.028E-02
  5.145761E+00 2.575E-02
  5.601333E+00 2.190E-02
  6.097244E+00 1.862E-02
  6.637057E+00 1.584E-02
  7.224662E+00 1.347E-02
  7.864292E+00 1.145E-02
  8.560551E+00 9.740E-03
  9.318450E+00 8.283E-03
  1.014345E+01 7.044E-03
  1.104149E+01 5.990E-03
  1.201904E+01 5.094E-03
  1.308313E+01 4.332E-03
  1.424142E+01 3.684E-03
  1.550228E+01 3.133E-03
  1.687476E+01 2.664E-03
  1.836876E+01 2.266E-03
  1.999500E+01 1.927E-03
  2.176524E+01 1.639E-03
  2.369223E+01 1.394E-03
  2.578978E+01 1.185E-03
  2.807306E+01 1.008E-03
  3.055849E+01 8.571E-04
  3.326393E+01 7.289E-04
  3.620894E+01 6.198E-04
      25  18  11   211    7  -8.52505E-01      39
  6.393787E-01 8.174E+00
  7.245047E-01 1.374E+00
  8.525047E-01 1.015E+00
  1.492505E+00 3.574E-01
  2.132505E+00 1.835E-01
  2.772505E+00 1.122E-01
  3.412505E+00 7.581E-02
  4.052505E+00 5.466E-02
  4.692505E+00 4.123E-02
  5.111237E+00 3.507E-02
  5.567332E+00 2.983E-02
  6.064129E+00 2.538E-02
  6.605252E+00 2.159E-02
  7.194666E+00 1.836E-02
  7.836676E+00 1.562E-02
  8.535975E+00 1.329E-02
  9.297673E+00 1.130E-02
  1.012734E+01 9.613E-03
  1.103105E+01 8.178E-03
  1.201539E+01 6.956E-03
  1.308757E+01 5.917E-03
  1.425542E+01 5.033E-03
  1.552749E+01 4.281E-03
  1.691307E+01 3.642E-03
  1.842230E+01 3.098E-03
  2.006618E+01 2.635E-03
  2.185677E+01 2.242E-03
  2.380714E+01 1.907E-03
  2.593156E+01 1.622E-03
  2.824553E+01 1.380E-03
  3.076599E+01 1.174E-03
  3.351137E+01 9.983E-04
  3.650174E+01 8.492E-04
  3.975891E+01 7.223E-04
  4.330676E+01 6.144E-04
  4.717122E+01 5.227E-04
  5.138051E+01 4.446E-04
  5.596535E+01 3.782E-04
  6.095938E+01 3.217E-04
      26  18  11   220    7  -8.06772E-01      27
  6.050790E-01 1.737E+01
  6.787723E-01 3.096E+00
  8.067723E-01 2.164E+00
  1.446772E+00 6.234E-01
  2.086772E+00 2.764E-01
  2.726772E+00 1.495E-01
  3.366772E+00 9.072E-02
  4.006772E+00 5.940E-02
  4.646772E+00 4.105E-02
  4.986053E+00 3.471E-02
  5.350105E+00 2.934E-02
  5.740743E+00 2.481E-02
  6.159897E+00 2.098E-02
  6.609659E+00 1.774E-02
  7.092259E+00 1.500E-02
  7.610099E+00 1.268E-02
  8.165744E+00 1.072E-02
  8.761963E+00 9.063E-03
  9.401709E+00 7.663E-03
  1.008817E+01 6.479E-03
  1.082475E+01 5.478E-03
  1.161511E+01 4.631E-03
  1.246318E+01 3.916E-03
  1.337317E+01 3.311E-03
  1.434961E+01 2.799E-03
  1.539734E+01 2.367E-03
  1.652156E+01 2.001E-03
      27  18  11   231    6  -7.91554E-01      19
  5.936655E-01 1.753E+00
  6.635544E-01 3.136E-01
  7.915544E-01 1.965E-01
  1.431554E+00 3.827E-02
  2.071554E+00 1.306E-02
  2.711554E+00 5.800E-03
  3.351554E+00 3.009E-03
  3.991554E+00 1.730E-03
  4.631554E+00 1.070E-03
  4.898092E+00 8.991E-04
  5.179972E+00 7.556E-04
  5.478070E+00 6.349E-04
  5.793324E+00 5.335E-04
  6.126723E+00 4.483E-04
  6.479305E+00 3.768E-04
  6.852183E+00 3.166E-04
  7.246515E+00 2.660E-04
  7.663541E+00 2.236E-04
  8.104569E+00 1.879E-04
      28  18  11   200    8  -7.10095E-01      38
  5.325712E-01 5.804E+00
  5.820949E-01 1.217E+00
  7.100949E-01 8.403E-01
  1.350095E+00 2.468E-01
  1.990095E+00 1.166E-01
  2.630095E+00 6.796E-02
  3.270095E+00 4.463E-02
  3.910095E+00 3.164E-02
  4.550095E+00 2.365E-02
  4.949467E+00 2.011E-02
  5.383892E+00 1.709E-02
  5.856452E+00 1.453E-02
  6.370486E+00 1.236E-02
  6.929641E+00 1.050E-02
  7.537868E+00 8.931E-03
  8.199487E+00 7.593E-03
  8.919174E+00 6.455E-03
  9.702033E+00 5.488E-03
  1.055361E+01 4.666E-03
  1.147992E+01 3.967E-03
  1.248754E+01 3.372E-03
  1.358359E+01 2.867E-03
  1.477586E+01 2.438E-03
  1.607277E+01 2.072E-03
  1.748352E+01 1.762E-03
  1.901808E+01 1.498E-03
  2.068735E+01 1.274E-03
  2.250313E+01 1.083E-03
  2.447830E+01 9.205E-04
  2.662680E+01 7.826E-04
  2.896390E+01 6.653E-04
  3.150615E+01 5.657E-04
  3.427151E+01 4.809E-04
  3.727959E+01 4.089E-04
  4.055173E+01 3.476E-04
  4.411105E+01 2.955E-04
  4.798280E+01 2.512E-04
  5.219434E+01 2.136E-04
      29  18  11   211    8  -6.85132E-01      38
  5.138490E-01 7.915E+00
  5.571315E-01 1.732E+00
  6.851315E-01 1.168E+00
  1.325132E+00 3.333E-01
  1.965132E+00 1.580E-01
  2.605132E+00 9.258E-02
  3.245132E+00 6.096E-02
  3.885132E+00 4.319E-02
  4.525132E+00 3.217E-02
  4.926193E+00 2.736E-02
  5.362801E+00 2.327E-02
  5.838110E+00 1.979E-02
  6.355539E+00 1.683E-02
  6.918833E+00 1.431E-02
  7.532048E+00 1.217E-02
  8.199614E+00 1.035E-02
  8.926344E+00 8.803E-03
  9.717488E+00 7.486E-03
  1.057875E+01 6.367E-03
  1.151635E+01 5.414E-03
  1.253703E+01 4.605E-03
  1.364819E+01 3.916E-03
  1.485783E+01 3.330E-03
  1.617467E+01 2.832E-03
  1.760825E+01 2.409E-03
  1.916885E+01 2.048E-03
  2.086780E+01 1.742E-03
  2.271730E+01 1.482E-03
  2.473074E+01 1.260E-03
  2.692262E+01 1.072E-03
  2.930878E+01 9.113E-04
  3.190640E+01 7.750E-04
  3.473430E+01 6.591E-04
  3.781281E+01 5.605E-04
  4.116414E+01 4.767E-04
  4.481252E+01 4.054E-04
  4.878426E+01 3.448E-04
  5.310799E+01 2.932E-04
      30  18  11   220    8  -6.52153E-01      33
  4.891155E-01 1.688E+01
  5.241538E-01 3.919E+00
  6.521538E-01 2.492E+00
  1.292154E+00 5.825E-01
  1.932154E+00 2.393E-01
  2.572154E+00 1.244E-01
  3.212154E+00 7.371E-02
  3.852154E+00 4.749E-02
  4.492154E+00 3.244E-02
  4.821824E+00 2.743E-02
  5.175687E+00 2.320E-02
  5.555520E+00 1.961E-02
  5.963228E+00 1.659E-02
  6.400853E+00 1.403E-02
  6.870600E+00 1.186E-02
  7.374820E+00 1.003E-02
  7.916040E+00 8.481E-03
  8.496980E+00 7.171E-03
  9.120558E+00 6.064E-03
  9.789894E+00 5.128E-03
  1.050836E+01 4.336E-03
  1.127954E+01 3.667E-03
  1.210732E+01 3.101E-03
  1.299585E+01 2.622E-03
  1.394959E+01 2.217E-03
  1.497332E+01 1.875E-03
  1.607217E+01 1.585E-03
  1.725168E+01 1.341E-03
  1.851775E+01 1.134E-03
  1.987671E+01 9.586E-04
  2.133542E+01 8.106E-04
  2.290118E+01 6.854E-04
  2.458185E+01 5.796E-04
      31  18  11   231    7  -6.41064E-01      27
  4.807987E-01 2.022E+00
  5.130645E-01 4.724E-01
  6.410645E-01 2.639E-01
  1.281065E+00 3.975E-02
  1.921065E+00 1.232E-02
  2.561065E+00 5.197E-03
  3.201065E+00 2.612E-03
  3.841065E+00 1.470E-03
  4.481065E+00 8.954E-04
  4.740007E+00 7.525E-04
  5.013916E+00 6.324E-04
  5.303653E+00 5.315E-04
  5.610129E+00 4.467E-04
  5.934316E+00 3.754E-04
  6.277241E+00 3.155E-04
  6.639977E+00 2.651E-04
  7.023676E+00 2.228E-04
  7.429549E+00 1.872E-04
  7.858875E+00 1.574E-04
  8.313009E+00 1.322E-04
  8.793386E+00 1.111E-04
  9.301524E+00 9.340E-05
  9.839025E+00 7.850E-05
  1.040759E+01 6.597E-05
  1.100900E+01 5.544E-05
  1.164517E+01 4.659E-05
  1.231809E+01 3.916E-05
 ================================================
