 ====================================================================
      i NZ NE iSLP iLV iCONF                 E(RYD)      TE(RYD)   gi
 ====================================================================
      1 18 18  100   1 3s2 3p6         -1.10469E+00  0.00000E+00  1.0
      2 18 18  311   1 3s2 3p5 4s      -2.85670E-01  8.19020E-01  9.0
      3 18 18  111   1 3s2 3p5 4s      -2.72550E-01  8.32140E-01  3.0
      4 18 18  300   1 3s2 3p5 4p      -2.02614E-01  9.02076E-01  3.0
      5 18 18  320   1 3s2 3p5 4p      -1.88128E-01  9.16562E-01 15.0
      6 18 18  120   1 3s2 3p5 4p      -1.84438E-01  9.20252E-01  5.0
      7 18 18  310   1 3s2 3p5 4p      -1.79962E-01  9.24728E-01  9.0
      8 18 18  110   1 3s2 3p5 4p      -1.79962E-01  9.24728E-01  3.0
      9 18 18  100   2 3s2 3p5 4p      -1.66058E-01  9.38632E-01  1.0
     10 18 18  311   2 3s2 3p5 3d      -1.28545E-01  9.76145E-01  9.0
     11 18 18  331   1 3s2 3p5 3d      -1.21154E-01  9.83536E-01 21.0
     12 18 18  311   3 3s2 3p5 5s      -1.17987E-01  9.86703E-01  9.0
     13 18 18  131   1 3s2 3p5 3d      -1.16720E-01  9.87970E-01  7.0
     14 18 18  111   2 3s2 3p5 5s      -1.16335E-01  9.88355E-01  3.0
     15 18 18  321   1 3s2 3p5 3d      -1.13931E-01  9.90759E-01 15.0
     16 18 18  121   1 3s2 3p5 3d      -1.13931E-01  9.90759E-01  5.0
     17 18 18  111   3 3s2 3p5 3d      -1.12014E-01  9.92676E-01  3.0
     18 18 18  300   2 3s2 3p5 5p      -9.38063E-02  1.01088E+00  3.0
     19 18 18  320   2 3s2 3p5 5p      -9.00018E-02  1.01469E+00 15.0
     20 18 18  120   2 3s2 3p5 5p      -8.87445E-02  1.01595E+00  5.0
     21 18 18  110   2 3s2 3p5 5p      -8.76008E-02  1.01709E+00  3.0
     22 18 18  310   2 3s2 3p5 5p      -8.76008E-02  1.01709E+00  9.0
     23 18 18  100   3 3s2 3p5 5p      -8.20808E-02  1.02261E+00  1.0
     24 18 18  311   4 3s2 3p5 4d      -7.22733E-02  1.03242E+00  9.0
     25 18 18  331   2 3s2 3p5 4d      -6.86996E-02  1.03599E+00 21.0
     26 18 18  131   2 3s2 3p5 4d      -6.58307E-02  1.03886E+00  7.0
     27 18 18  311   5 3s2 3p5 6s      -6.53759E-02  1.03931E+00  9.0
     28 18 18  121   2 3s2 3p5 4d      -6.45741E-02  1.04012E+00  5.0
     29 18 18  321   2 3s2 3p5 4d      -6.45741E-02  1.04012E+00 15.0
     30 18 18  111   4 3s2 3p5 6s      -6.44618E-02  1.04023E+00  3.0
     31 18 18  111   5 3s2 3p5 4d      -6.29022E-02  1.04179E+00  3.0
     32 18 18  320   3 3s2 3p5 4f      -6.25731E-02  1.04212E+00 15.0
     33 18 18  120   3 3s2 3p5 4f      -6.25597E-02  1.04213E+00  5.0
     34 18 18  340   1 3s2 3p5 4f      -6.25365E-02  1.04215E+00 27.0
     35 18 18  140   1 3s2 3p5 4f      -6.25333E-02  1.04216E+00  9.0
     36 18 18  130   1 3s2 3p5 4f      -6.24350E-02  1.04225E+00  7.0
     37 18 18  330   1 3s2 3p5 4f      -6.24350E-02  1.04225E+00 21.0
     38 18 18  300   3 3s2 3p5 6p      -5.46417E-02  1.05005E+00  3.0
     39 18 18  320   4 3s2 3p5 6p      -5.30139E-02  1.05168E+00 15.0
     40 18 18  120   4 3s2 3p5 6p      -5.24389E-02  1.05225E+00  5.0
     41 18 18  110   3 3s2 3p5 6p      -5.19676E-02  1.05272E+00  3.0
     42 18 18  310   3 3s2 3p5 6p      -5.19676E-02  1.05272E+00  9.0
     43 18 18  100   4 3s2 3p5 6p      -4.93082E-02  1.05538E+00  1.0
     44 18 18  311   6 3s2 3p5 5d      -4.54903E-02  1.05920E+00  9.0
     45 18 18  331   3 3s2 3p5 5d      -4.36196E-02  1.06107E+00 21.0
     46 18 18  131   3 3s2 3p5 5d      -4.19341E-02  1.06276E+00  7.0
     47 18 18  311   7 3s2 3p5 7s      -4.14404E-02  1.06325E+00  9.0
     48 18 18  121   3 3s2 3p5 5d      -4.13029E-02  1.06339E+00  5.0
     49 18 18  321   3 3s2 3p5 5d      -4.13029E-02  1.06339E+00 15.0
     50 18 18  111   6 3s2 3p5 7s      -4.09500E-02  1.06374E+00  3.0
     51 18 18  111   7 3s2 3p5 5d      -4.02055E-02  1.06448E+00  3.0
     52 18 18  320   5 3s2 3p5 5f      -4.00566E-02  1.06463E+00 15.0
     53 18 18  120   5 3s2 3p5 5f      -4.00454E-02  1.06464E+00  5.0
     54 18 18  340   2 3s2 3p5 5f      -4.00288E-02  1.06466E+00 27.0
     55 18 18  140   2 3s2 3p5 5f      -4.00260E-02  1.06466E+00  9.0
     56 18 18  331   4 3s2 3p5 5g      -4.00006E-02  1.06469E+00 21.0
     57 18 18  131   4 3s2 3p5 5g      -4.00005E-02  1.06469E+00  7.0
     58 18 18  151   1 3s2 3p5 5g      -4.00005E-02  1.06469E+00 11.0
     59 18 18  351   1 3s2 3p5 5g      -4.00005E-02  1.06469E+00 33.0
     60 18 18  141   1 3s2 3p5 5g      -3.99988E-02  1.06469E+00  9.0
     61 18 18  341   1 3s2 3p5 5g      -3.99988E-02  1.06469E+00 27.0
     62 18 18  130   2 3s2 3p5 5f      -3.99508E-02  1.06474E+00  7.0
     63 18 18  330   2 3s2 3p5 5f      -3.99508E-02  1.06474E+00 21.0
     64 18 18  300   4 3s2 3p5 7p      -3.58184E-02  1.06887E+00  3.0
     65 18 18  320   6 3s2 3p5 7p      -3.49660E-02  1.06972E+00 15.0
     66 18 18  120   6 3s2 3p5 7p      -3.46560E-02  1.07003E+00  5.0
     67 18 18  110   4 3s2 3p5 7p      -3.44140E-02  1.07028E+00  3.0
     68 18 18  310   4 3s2 3p5 7p      -3.44140E-02  1.07028E+00  9.0
     69 18 18  100   5 3s2 3p5 7p      -3.29426E-02  1.07175E+00  1.0
     70 18 18  311   8 3s2 3p5 6d      -3.10747E-02  1.07362E+00  9.0
     71 18 18  331   5 3s2 3p5 6d      -2.99986E-02  1.07469E+00 21.0
     72 18 18  131   5 3s2 3p5 6d      -2.89666E-02  1.07572E+00  7.0
     73 18 18  121   4 3s2 3p5 6d      -2.86099E-02  1.07608E+00  5.0
     74 18 18  321   4 3s2 3p5 6d      -2.86099E-02  1.07608E+00 15.0
     75 18 18  311   9 3s2 3p5 8s      -2.85991E-02  1.07609E+00  9.0
     76 18 18  111   8 3s2 3p5 8s      -2.83108E-02  1.07638E+00  3.0
     77 18 18  111   9 3s2 3p5 6d      -2.78961E-02  1.07679E+00  3.0
     78 18 18  320   7 3s2 3p5 6f      -2.78167E-02  1.07687E+00 15.0
     79 18 18  120   7 3s2 3p5 6f      -2.78087E-02  1.07688E+00  5.0
     80 18 18  340   3 3s2 3p5 6f      -2.77978E-02  1.07689E+00 27.0
     81 18 18  140   3 3s2 3p5 6f      -2.77958E-02  1.07689E+00  9.0
     82 18 18  331   6 3s2 3p5 6g      -2.77785E-02  1.07691E+00 21.0
     83 18 18  131   6 3s2 3p5 6g      -2.77784E-02  1.07691E+00  7.0
     84 18 18  351   2 3s2 3p5 6g      -2.77783E-02  1.07691E+00 33.0
     85 18 18  151   2 3s2 3p5 6g      -2.77783E-02  1.07691E+00 11.0
     86 18 18  150   1 3s2 3p5 6h      -2.77778E-02  1.07691E+00 11.0
     87 18 18  340   4 3s2 3p5 6h      -2.77778E-02  1.07691E+00 27.0
     88 18 18  140   4 3s2 3p5 6h      -2.77778E-02  1.07691E+00  9.0
     89 18 18  350   1 3s2 3p5 6h      -2.77778E-02  1.07691E+00 33.0
     90 18 18  141   2 3s2 3p5 6g      -2.77765E-02  1.07691E+00  9.0
     91 18 18  341   2 3s2 3p5 6g      -2.77765E-02  1.07691E+00 27.0
     92 18 18  130   3 3s2 3p5 6f      -2.77444E-02  1.07695E+00  7.0
     93 18 18  330   3 3s2 3p5 6f      -2.77444E-02  1.07695E+00 21.0
     94 18 18  300   5 3s2 3p5 8p      -2.52999E-02  1.07939E+00  3.0
     95 18 18  320   8 3s2 3p5 8p      -2.47968E-02  1.07989E+00 15.0
     96 18 18  120   8 3s2 3p5 8p      -2.46110E-02  1.08008E+00  5.0
     97 18 18  310   5 3s2 3p5 8p      -2.44696E-02  1.08022E+00  9.0
     98 18 18  110   5 3s2 3p5 8p      -2.44696E-02  1.08022E+00  3.0
     99 18 18  100   6 3s2 3p5 8p      -2.35736E-02  1.08112E+00  1.0
    100 18 18  311  10 3s2 3p5 7d      -2.25194E-02  1.08217E+00  9.0
    101 18 18  331   7 3s2 3p5 7d      -2.18497E-02  1.08284E+00 21.0
    102 18 18  131   7 3s2 3p5 7d      -2.11821E-02  1.08351E+00  7.0
    103 18 18  121   5 3s2 3p5 7d      -2.09619E-02  1.08373E+00  5.0
    104 18 18  321   5 3s2 3p5 7d      -2.09619E-02  1.08373E+00 15.0
    105 18 18  311  11 3s2 3p5 9s      -2.09203E-02  1.08377E+00  9.0
    106 18 18  111  10 3s2 3p5 9s      -2.07375E-02  1.08395E+00  3.0
    107 18 18  111  11 3s2 3p5 7d      -2.04823E-02  1.08421E+00  3.0
    108 18 18  320   9 3s2 3p5 7f      -2.04350E-02  1.08425E+00 15.0
    109 18 18  120   9 3s2 3p5 7f      -2.04294E-02  1.08426E+00  5.0
    110 18 18  340   5 3s2 3p5 7f      -2.04220E-02  1.08427E+00 27.0
    111 18 18  140   5 3s2 3p5 7f      -2.04207E-02  1.08427E+00  9.0
    112 18 18  331   8 3s2 3p5 7g      -2.04088E-02  1.08428E+00 21.0
    113 18 18  131   8 3s2 3p5 7g      -2.04087E-02  1.08428E+00  7.0
    114 18 18  151   3 3s2 3p5 7g      -2.04082E-02  1.08428E+00 11.0
    115 18 18  351   3 3s2 3p5 7g      -2.04082E-02  1.08428E+00 33.0
    116 18 18  150   2 3s2 3p5 7h      -2.04081E-02  1.08428E+00 11.0
    117 18 18  340   6 3s2 3p5 7h      -2.04081E-02  1.08428E+00 27.0
    118 18 18  140   6 3s2 3p5 7h      -2.04081E-02  1.08428E+00  9.0
    119 18 18  350   2 3s2 3p5 7h      -2.04081E-02  1.08428E+00 33.0
    120 18 18  141   3 3s2 3p5 7g      -2.04071E-02  1.08428E+00  9.0
    121 18 18  341   3 3s2 3p5 7g      -2.04071E-02  1.08428E+00 27.0
    122 18 18  130   4 3s2 3p5 7f      -2.03853E-02  1.08430E+00  7.0
    123 18 18  330   4 3s2 3p5 7f      -2.03853E-02  1.08430E+00 21.0
    124 18 18  300   6 3s2 3p5 9p      -1.88226E-02  1.08587E+00  3.0
    125 18 18  320  10 3s2 3p5 9p      -1.85007E-02  1.08619E+00 15.0
    126 18 18  120  10 3s2 3p5 9p      -1.83806E-02  1.08631E+00  5.0
    127 18 18  110   6 3s2 3p5 9p      -1.82908E-02  1.08640E+00  3.0
    128 18 18  310   6 3s2 3p5 9p      -1.82908E-02  1.08640E+00  9.0
    129 18 18  100   7 3s2 3p5 9p      -1.77058E-02  1.08698E+00  1.0
    130 18 18  311  12 3s2 3p5 8d      -1.70509E-02  1.08764E+00  9.0
    131 18 18  331   9 3s2 3p5 8d      -1.66074E-02  1.08808E+00 21.0
    132 18 18  131   9 3s2 3p5 8d      -1.61540E-02  1.08854E+00  7.0
    133 18 18  121   6 3s2 3p5 8d      -1.60088E-02  1.08868E+00  5.0
    134 18 18  321   6 3s2 3p5 8d      -1.60088E-02  1.08868E+00 15.0
    135 18 18  311  13 3s2 3p510s      -1.59657E-02  1.08872E+00  9.0
    136 18 18  111  12 3s2 3p510s      -1.58429E-02  1.08885E+00  3.0
    137 18 18  111  13 3s2 3p5 8d      -1.56745E-02  1.08902E+00  3.0
    138 18 18  320  11 3s2 3p5 8f      -1.56440E-02  1.08905E+00 15.0
    139 18 18  120  11 3s2 3p5 8f      -1.56400E-02  1.08905E+00  5.0
    140 18 18  340   7 3s2 3p5 8f      -1.56349E-02  1.08906E+00 27.0
    141 18 18  140   7 3s2 3p5 8f      -1.56339E-02  1.08906E+00  9.0
    142 18 18  331  10 3s2 3p5 8g      -1.56255E-02  1.08906E+00 21.0
    143 18 18  131  10 3s2 3p5 8g      -1.56254E-02  1.08906E+00  7.0
    144 18 18  151   4 3s2 3p5 8g      -1.56250E-02  1.08906E+00 11.0
    145 18 18  351   4 3s2 3p5 8g      -1.56250E-02  1.08906E+00 33.0
    146 18 18  350   3 3s2 3p5 8h      -1.56250E-02  1.08906E+00 33.0
    147 18 18  150   3 3s2 3p5 8h      -1.56250E-02  1.08906E+00 11.0
    148 18 18  340   8 3s2 3p5 8h      -1.56250E-02  1.08906E+00 27.0
    149 18 18  140   8 3s2 3p5 8h      -1.56250E-02  1.08906E+00  9.0
    150 18 18  341   4 3s2 3p5 8g      -1.56242E-02  1.08907E+00 27.0
    151 18 18  141   4 3s2 3p5 8g      -1.56242E-02  1.08907E+00  9.0
    152 18 18  130   5 3s2 3p5 8f      -1.56089E-02  1.08908E+00  7.0
    153 18 18  330   5 3s2 3p5 8f      -1.56089E-02  1.08908E+00 21.0
    154 18 18  300   7 3s2 3p510p      -1.45505E-02  1.09014E+00  3.0
    155 18 18  320  12 3s2 3p510p      -1.43321E-02  1.09036E+00 15.0
    156 18 18  120  12 3s2 3p510p      -1.42501E-02  1.09044E+00  5.0
    157 18 18  310   7 3s2 3p510p      -1.41893E-02  1.09050E+00  9.0
    158 18 18  110   7 3s2 3p510p      -1.41893E-02  1.09050E+00  3.0
    159 18 18  100   8 3s2 3p510p      -1.37867E-02  1.09090E+00  1.0
    160 18 18  311  14 3s2 3p5 9d      -1.33512E-02  1.09134E+00  9.0
    161 18 18  331  11 3s2 3p5 9d      -1.30429E-02  1.09165E+00 21.0
    162 18 18  131  11 3s2 3p5 9d      -1.27221E-02  1.09197E+00  7.0
    163 18 18  121   7 3s2 3p5 9d      -1.26213E-02  1.09207E+00  5.0
    164 18 18  321   7 3s2 3p5 9d      -1.26213E-02  1.09207E+00 15.0
    165 18 18  311  15 3s2 3p511s      -1.25838E-02  1.09211E+00  9.0
    166 18 18  111  14 3s2 3p511s      -1.24974E-02  1.09219E+00  3.0
    167 18 18  111  15 3s2 3p5 9d      -1.23803E-02  1.09231E+00  3.0
    168 18 18  320  13 3s2 3p5 9f      -1.23595E-02  1.09233E+00 15.0
    169 18 18  120  13 3s2 3p5 9f      -1.23566E-02  1.09233E+00  5.0
    170 18 18  340   9 3s2 3p5 9f      -1.23529E-02  1.09234E+00 27.0
    171 18 18  140   9 3s2 3p5 9f      -1.23522E-02  1.09234E+00  9.0
    172 18 18  331  12 3s2 3p5 9g      -1.23461E-02  1.09234E+00 21.0
    173 18 18  131  12 3s2 3p5 9g      -1.23460E-02  1.09234E+00  7.0
    174 18 18  151   5 3s2 3p5 9g      -1.23457E-02  1.09234E+00 11.0
    175 18 18  351   5 3s2 3p5 9g      -1.23457E-02  1.09234E+00 33.0
    176 18 18  350   4 3s2 3p5 9h      -1.23457E-02  1.09234E+00 33.0
    177 18 18  150   4 3s2 3p5 9h      -1.23457E-02  1.09234E+00 11.0
    178 18 18  340  10 3s2 3p5 9h      -1.23456E-02  1.09234E+00 27.0
    179 18 18  140  10 3s2 3p5 9h      -1.23456E-02  1.09234E+00  9.0
    180 18 18  341   5 3s2 3p5 9g      -1.23450E-02  1.09234E+00 27.0
    181 18 18  141   5 3s2 3p5 9g      -1.23450E-02  1.09234E+00  9.0
    182 18 18  130   6 3s2 3p5 9f      -1.23340E-02  1.09236E+00  7.0
    183 18 18  330   6 3s2 3p5 9f      -1.23340E-02  1.09236E+00 21.0
    184 18 18  300   8 3s2 3p511p      -1.15845E-02  1.09311E+00  3.0
    185 18 18  320  14 3s2 3p511p      -1.14295E-02  1.09326E+00 15.0
    186 18 18  120  14 3s2 3p511p      -1.13710E-02  1.09332E+00  5.0
    187 18 18  310   8 3s2 3p511p      -1.13279E-02  1.09336E+00  9.0
    188 18 18  110   8 3s2 3p511p      -1.13279E-02  1.09336E+00  3.0
    189 18 18  100   9 3s2 3p511p      -1.10393E-02  1.09365E+00  1.0
    190 18 18  311  16 3s2 3p510d      -1.07344E-02  1.09396E+00  9.0
    191 18 18  331  13 3s2 3p510d      -1.05117E-02  1.09418E+00 21.0
    192 18 18  131  13 3s2 3p510d      -1.02768E-02  1.09441E+00  7.0
    193 18 18  121   8 3s2 3p510d      -1.02040E-02  1.09449E+00  5.0
    194 18 18  321   8 3s2 3p510d      -1.02040E-02  1.09449E+00 15.0
    195 18 18  311  17 3s2 3p512s      -1.01729E-02  1.09452E+00  9.0
    196 18 18  111  16 3s2 3p512s      -1.01099E-02  1.09458E+00  3.0
    197 18 18  111  17 3s2 3p510d      -1.00252E-02  1.09466E+00  3.0
    198 18 18  320  15 3s2 3p510f      -1.00104E-02  1.09468E+00 15.0
    199 18 18  120  15 3s2 3p510f      -1.00081E-02  1.09468E+00  5.0
    200 18 18  340  11 3s2 3p510f      -1.00054E-02  1.09468E+00 27.0
    201 18 18  140  11 3s2 3p510f      -1.00049E-02  1.09469E+00  9.0
    202 18 18  331  14 3s2 3p510g      -1.00003E-02  1.09469E+00 21.0
    203 18 18  131  14 3s2 3p510g      -1.00003E-02  1.09469E+00  7.0
 ====================================================================
