 ====================================================================
      i NZ NE iSLP iLV iCONF                 E(RYD)      TE(RYD)   gi
 ====================================================================
      1 18 17  211   1 3s2 3p5         -2.08339E+00  0.00000E+00  6.0
      2 18 17  200   1 3s 3p6          -1.06932E+00  1.01407E+00  2.0
      3 18 17  410   1 3p4(3PE) 4s     -7.79291E-01  1.30410E+00 12.0
      4 18 17  420   1 3p4(3PE) 3d     -7.72981E-01  1.31041E+00 20.0
      5 18 17  210   1 3p4(3PE) 4s     -7.37410E-01  1.34598E+00  6.0
      6 18 17  430   1 3p4(3PE) 3d     -6.77492E-01  1.40590E+00 28.0
      7 18 17  210   2 3p4(3PE) 3d     -6.62208E-01  1.42118E+00  6.0
      8 18 17  220   1 3p4(1DE) 4s     -6.44970E-01  1.43842E+00 10.0
      9 18 17  410   2 3p4(3PE) 3d     -6.42754E-01  1.44064E+00 12.0
     10 18 17  230   1 3p4(3PE) 3d     -6.19608E-01  1.46378E+00 14.0
     11 18 17  220   2 3p4(3PE) 3d     -6.05421E-01  1.47797E+00 10.0
     12 18 17  411   1 3p4(3PE) 4p     -6.04338E-01  1.47905E+00 12.0
     13 18 17  421   1 3p4(3PE) 4p     -5.81811E-01  1.50158E+00 20.0
     14 18 17  221   1 3p4(3PE) 4p     -5.67985E-01  1.51540E+00 10.0
     15 18 17  211   2 3p4(3PE) 4p     -5.58942E-01  1.52445E+00  6.0
     16 18 17  240   1 3p4(1DE) 3d     -5.58700E-01  1.52469E+00 18.0
     17 18 17  201   1 3p4(3PE) 4p     -5.54344E-01  1.52905E+00  2.0
     18 18 17  401   1 3p4(3PE) 4p     -5.52004E-01  1.53139E+00  4.0
     19 18 17  230   2 3p4(1DE) 3d     -4.86887E-01  1.59650E+00 14.0
     20 18 17  200   2 3p4(1SE) 4s     -4.76472E-01  1.60692E+00  2.0
     21 18 17  231   1 3p4(1DE) 4p     -4.63179E-01  1.62021E+00 14.0
     22 18 17  211   3 3p4(1DE) 4p     -4.46392E-01  1.63700E+00  6.0
     23 18 17  221   2 3p4(1DE) 4p     -4.37769E-01  1.64562E+00 10.0
     24 18 17  220   3 3p4(1DE) 3d     -4.21444E-01  1.66195E+00 10.0
     25 18 17  210   3 3p4(1DE) 3d     -4.00650E-01  1.68274E+00  6.0
     26 18 17  410   3 3p4(3PE) 5s     -3.67492E-01  1.71590E+00 12.0
     27 18 17  210   4 3p4(3PE) 5s     -3.56164E-01  1.72723E+00  6.0
     28 18 17  420   2 3p4(3PE) 4d     -3.49860E-01  1.73353E+00 20.0
     29 18 17  430   2 3p4(3PE) 4d     -3.34084E-01  1.74931E+00 28.0
     30 18 17  200   3 3p4(1DE) 3d     -3.27772E-01  1.75562E+00  2.0
     31 18 17  410   4 3p4(3PE) 4d     -3.27312E-01  1.75608E+00 12.0
     32 18 17  230   3 3p4(3PE) 4d     -3.20025E-01  1.76337E+00 14.0
     33 18 17  220   4 3p4(1SE) 3d     -3.11932E-01  1.77146E+00 10.0
     34 18 17  411   2 3p4(3PE) 5p     -3.05861E-01  1.77753E+00 12.0
     35 18 17  421   2 3p4(3PE) 5p     -2.99478E-01  1.78391E+00 20.0
     36 18 17  221   3 3p4(3PE) 5p     -2.94592E-01  1.78880E+00 10.0
     37 18 17  201   2 3p4(3PE) 5p     -2.91575E-01  1.79182E+00  2.0
     38 18 17  401   2 3p4(3PE) 5p     -2.90708E-01  1.79268E+00  4.0
     39 18 17  211   4 3p4(3PE) 5p     -2.87799E-01  1.79559E+00  6.0
     40 18 17  210   5 3p4(3PE) 4d     -2.81834E-01  1.80156E+00  6.0
     41 18 17  211   5 3p4(1SE) 4p     -2.73238E-01  1.81015E+00  6.0
     42 18 17  431   1 3p4(3PE) 4f     -2.52370E-01  1.83102E+00 28.0
     43 18 17  231   2 3p4(3PE) 4f     -2.51410E-01  1.83198E+00 14.0
     44 18 17  220   5 3p4(3PE) 4d     -2.51055E-01  1.83233E+00 10.0
     45 18 17  441   1 3p4(3PE) 4f     -2.49604E-01  1.83379E+00 36.0
     46 18 17  241   1 3p4(3PE) 4f     -2.49359E-01  1.83403E+00 18.0
     47 18 17  421   3 3p4(3PE) 4f     -2.48588E-01  1.83480E+00 20.0
     48 18 17  221   4 3p4(3PE) 4f     -2.48259E-01  1.83513E+00 10.0
     49 18 17  220   6 3p4(1DE) 5s     -2.41238E-01  1.84215E+00 10.0
     50 18 17  410   5 3p4(3PE) 6s     -2.15336E-01  1.86805E+00 12.0
     51 18 17  240   2 3p4(1DE) 4d     -2.13144E-01  1.87025E+00 18.0
     52 18 17  210   6 3p4(3PE) 6s     -2.10872E-01  1.87252E+00  6.0
     53 18 17  210   7 3p4(1DE) 4d     -2.08417E-01  1.87497E+00  6.0
     54 18 17  420   3 3p4(3PE) 5d     -2.06877E-01  1.87651E+00 20.0
     55 18 17  220   7 3p4(1DE) 4d     -2.05636E-01  1.87775E+00 10.0
     56 18 17  230   4 3p4(1DE) 4d     -2.01875E-01  1.88152E+00 14.0
     57 18 17  430   3 3p4(3PE) 5d     -2.00425E-01  1.88296E+00 28.0
     58 18 17  410   6 3p4(3PE) 5d     -1.97553E-01  1.88584E+00 12.0
     59 18 17  230   5 3p4(3PE) 5d     -1.92025E-01  1.89137E+00 14.0
     60 18 17  411   3 3p4(3PE) 6p     -1.86563E-01  1.89683E+00 12.0
     61 18 17  211   6 3p4(3PE) 6p     -1.84700E-01  1.89869E+00  6.0
     62 18 17  421   4 3p4(3PE) 6p     -1.83565E-01  1.89982E+00 20.0
     63 18 17  221   5 3p4(3PE) 6p     -1.81444E-01  1.90195E+00 10.0
     64 18 17  201   3 3p4(3PE) 6p     -1.79941E-01  1.90345E+00  2.0
     65 18 17  401   3 3p4(3PE) 6p     -1.79532E-01  1.90386E+00  4.0
     66 18 17  231   3 3p4(1DE) 5p     -1.77576E-01  1.90581E+00 14.0
     67 18 17  221   6 3p4(1DE) 5p     -1.70450E-01  1.91294E+00 10.0
     68 18 17  211   7 3p4(1DE) 5p     -1.65999E-01  1.91739E+00  6.0
     69 18 17  431   2 3p4(3PE) 5f     -1.61519E-01  1.92187E+00 28.0
     70 18 17  231   4 3p4(3PE) 5f     -1.60757E-01  1.92263E+00 14.0
     71 18 17  440   1 3p4(3PE) 5g     -1.60148E-01  1.92324E+00 36.0
     72 18 17  240   3 3p4(3PE) 5g     -1.60138E-01  1.92325E+00 18.0
     73 18 17  450   1 3p4(3PE) 5g     -1.59965E-01  1.92342E+00 44.0
     74 18 17  250   1 3p4(3PE) 5g     -1.59962E-01  1.92343E+00 22.0
     75 18 17  430   4 3p4(3PE) 5g     -1.59917E-01  1.92347E+00 28.0
     76 18 17  230   6 3p4(3PE) 5g     -1.59914E-01  1.92348E+00 14.0
     77 18 17  441   2 3p4(3PE) 5f     -1.59824E-01  1.92357E+00 36.0
     78 18 17  241   2 3p4(3PE) 5f     -1.59636E-01  1.92375E+00 18.0
     79 18 17  421   5 3p4(3PE) 5f     -1.59226E-01  1.92416E+00 20.0
     80 18 17  220   8 3p4(3PE) 5d     -1.59138E-01  1.92425E+00 10.0
     81 18 17  221   7 3p4(3PE) 5f     -1.58962E-01  1.92443E+00 10.0
     82 18 17  210   8 3p4(3PE) 5d     -1.55873E-01  1.92752E+00  6.0
     83 18 17  200   4 3p4(1DE) 4d     -1.43559E-01  1.93983E+00  2.0
     84 18 17  410   7 3p4(3PE) 7s     -1.41602E-01  1.94179E+00 12.0
     85 18 17  210   9 3p4(3PE) 7s     -1.39046E-01  1.94434E+00  6.0
     86 18 17  420   4 3p4(3PE) 6d     -1.36996E-01  1.94639E+00 20.0
     87 18 17  430   5 3p4(3PE) 6d     -1.33664E-01  1.94973E+00 28.0
     88 18 17  410   8 3p4(3PE) 6d     -1.32169E-01  1.95122E+00 12.0
     89 18 17  230   7 3p4(3PE) 6d     -1.30809E-01  1.95258E+00 14.0
     90 18 17  211   8 3p4(1DE) 4f     -1.29801E-01  1.95359E+00  6.0
     91 18 17  251   1 3p4(1DE) 4f     -1.28661E-01  1.95473E+00 22.0
     92 18 17  221   8 3p4(1DE) 4f     -1.27820E-01  1.95557E+00 10.0
     93 18 17  231   5 3p4(1DE) 4f     -1.25887E-01  1.95750E+00 14.0
     94 18 17  411   4 3p4(3PE) 7p     -1.25881E-01  1.95751E+00 12.0
     95 18 17  241   3 3p4(1DE) 4f     -1.25464E-01  1.95793E+00 18.0
     96 18 17  421   6 3p4(3PE) 7p     -1.24216E-01  1.95917E+00 20.0
     97 18 17  221   9 3p4(3PE) 7p     -1.22950E-01  1.96044E+00 10.0
     98 18 17  201   4 3p4(3PE) 7p     -1.22228E-01  1.96116E+00  2.0
     99 18 17  401   4 3p4(3PE) 7p     -1.22002E-01  1.96139E+00  4.0
    100 18 17  211   9 3p4(3PE) 7p     -1.19612E-01  1.96378E+00  6.0
    101 18 17  210  10 3p4(3PE) 6d     -1.18736E-01  1.96465E+00  6.0
    102 18 17  220   9 3p4(3PE) 6d     -1.15765E-01  1.96763E+00 10.0
    103 18 17  431   3 3p4(3PE) 6f     -1.12077E-01  1.97131E+00 28.0
    104 18 17  231   6 3p4(3PE) 6f     -1.11549E-01  1.97184E+00 14.0
    105 18 17  440   2 3p4(3PE) 6g     -1.11249E-01  1.97214E+00 36.0
    106 18 17  240   4 3p4(3PE) 6g     -1.11240E-01  1.97215E+00 18.0
    107 18 17  441   3 3p4(3PE) 6h     -1.11139E-01  1.97225E+00 36.0
    108 18 17  241   4 3p4(3PE) 6h     -1.11122E-01  1.97227E+00 18.0
    109 18 17  451   1 3p4(3PE) 6h     -1.11116E-01  1.97227E+00 44.0
    110 18 17  251   2 3p4(3PE) 6h     -1.11116E-01  1.97227E+00 22.0
    111 18 17  450   2 3p4(3PE) 6g     -1.11080E-01  1.97231E+00 44.0
    112 18 17  250   2 3p4(3PE) 6g     -1.11078E-01  1.97231E+00 22.0
    113 18 17  430   6 3p4(3PE) 6g     -1.11035E-01  1.97236E+00 28.0
    114 18 17  230   8 3p4(3PE) 6g     -1.11032E-01  1.97236E+00 14.0
    115 18 17  441   4 3p4(3PE) 6f     -1.11002E-01  1.97239E+00 36.0
    116 18 17  241   5 3p4(3PE) 6f     -1.10888E-01  1.97250E+00 18.0
    117 18 17  421   7 3p4(3PE) 6f     -1.10676E-01  1.97271E+00 20.0
    118 18 17  221  10 3p4(3PE) 6f     -1.10486E-01  1.97290E+00 10.0
    119 18 17  410   9 3p4(3PE) 8s     -1.00220E-01  1.98317E+00 12.0
    120 18 17  210  11 3p4(3PE) 8s     -9.87375E-02  1.98465E+00  6.0
    121 18 17  420   5 3p4(3PE) 7d     -9.74518E-02  1.98594E+00 20.0
    122 18 17  430   7 3p4(3PE) 7d     -9.54933E-02  1.98790E+00 28.0
    123 18 17  410  10 3p4(3PE) 7d     -9.46136E-02  1.98878E+00 12.0
    124 18 17  230   9 3p4(3PE) 7d     -9.39515E-02  1.98944E+00 14.0
    125 18 17  210  12 3p4(3PE) 7d     -9.25220E-02  1.99087E+00  6.0
    126 18 17  220  10 3p4(1DE) 6s     -9.15003E-02  1.99189E+00 10.0
    127 18 17  411   5 3p4(3PE) 8p     -9.07053E-02  1.99268E+00 12.0
    128 18 17  421   8 3p4(3PE) 8p     -8.96822E-02  1.99371E+00 20.0
    129 18 17  220  11 3p4(3PE) 7d     -8.89290E-02  1.99446E+00 10.0
    130 18 17  221  11 3p4(3PE) 8p     -8.89258E-02  1.99446E+00 10.0
    131 18 17  201   5 3p4(3PE) 8p     -8.84705E-02  1.99492E+00  2.0
    132 18 17  401   5 3p4(3PE) 8p     -8.83320E-02  1.99506E+00  4.0
    133 18 17  211  10 3p4(3PE) 8p     -8.75323E-02  1.99586E+00  6.0
    134 18 17  431   4 3p4(3PE) 7f     -8.22749E-02  2.00112E+00 28.0
    135 18 17  231   7 3p4(3PE) 7f     -8.19091E-02  2.00148E+00 14.0
    136 18 17  440   3 3p4(3PE) 7g     -8.17395E-02  2.00165E+00 36.0
    137 18 17  240   5 3p4(3PE) 7g     -8.17327E-02  2.00166E+00 18.0
    138 18 17  441   5 3p4(3PE) 7h     -8.16648E-02  2.00173E+00 36.0
    139 18 17  241   6 3p4(3PE) 7h     -8.16458E-02  2.00174E+00 18.0
    140 18 17  451   2 3p4(3PE) 7h     -8.16383E-02  2.00175E+00 44.0
    141 18 17  251   3 3p4(3PE) 7h     -8.16382E-02  2.00175E+00 22.0
    142 18 17  450   3 3p4(3PE) 7i     -8.16331E-02  2.00176E+00 44.0
    143 18 17  250   3 3p4(3PE) 7i     -8.16330E-02  2.00176E+00 22.0
    144 18 17  450   4 3p4(3PE) 7g     -8.16090E-02  2.00178E+00 44.0
    145 18 17  250   4 3p4(3PE) 7g     -8.16069E-02  2.00178E+00 22.0
    146 18 17  430   8 3p4(3PE) 7g     -8.15748E-02  2.00182E+00 28.0
    147 18 17  230  10 3p4(3PE) 7g     -8.15719E-02  2.00182E+00 14.0
    148 18 17  441   6 3p4(3PE) 7f     -8.15596E-02  2.00183E+00 36.0
    149 18 17  241   7 3p4(3PE) 7f     -8.14888E-02  2.00190E+00 18.0
    150 18 17  421   9 3p4(3PE) 7f     -8.13684E-02  2.00202E+00 20.0
    151 18 17  221  12 3p4(3PE) 7f     -8.12366E-02  2.00215E+00 10.0
    152 18 17  240   6 3p4(1DE) 5d     -7.86240E-02  2.00477E+00 18.0
    153 18 17  410  11 3p4(3PE) 9s     -7.46670E-02  2.00872E+00 12.0
    154 18 17  220  12 3p4(1DE) 5d     -7.45264E-02  2.00886E+00 10.0
    155 18 17  210  13 3p4(1DE) 5d     -7.42833E-02  2.00911E+00  6.0
    156 18 17  210  14 3p4(3PE) 9s     -7.35407E-02  2.00985E+00  6.0
    157 18 17  230  11 3p4(1DE) 5d     -7.31996E-02  2.01019E+00 14.0
    158 18 17  420   6 3p4(3PE) 8d     -7.28773E-02  2.01051E+00 20.0
    159 18 17  430   9 3p4(3PE) 8d     -7.16247E-02  2.01177E+00 28.0
    160 18 17  410  12 3p4(3PE) 8d     -7.10622E-02  2.01233E+00 12.0
    161 18 17  230  12 3p4(3PE) 8d     -7.00020E-02  2.01339E+00 14.0
    162 18 17  411   6 3p4(3PE) 9p     -6.84761E-02  2.01491E+00 12.0
    163 18 17  421  10 3p4(3PE) 9p     -6.78020E-02  2.01559E+00 20.0
    164 18 17  211  11 3p4(3PE) 9p     -6.75092E-02  2.01588E+00  6.0
    165 18 17  221  13 3p4(3PE) 9p     -6.73218E-02  2.01607E+00 10.0
    166 18 17  201   6 3p4(3PE) 9p     -6.70082E-02  2.01638E+00  2.0
    167 18 17  401   6 3p4(3PE) 9p     -6.69172E-02  2.01647E+00  4.0
    168 18 17  200   5 3p4(1SE) 5s     -6.65481E-02  2.01684E+00  2.0
    169 18 17  431   5 3p4(3PE) 8f     -6.29455E-02  2.02044E+00 28.0
    170 18 17  231   8 3p4(3PE) 8f     -6.27000E-02  2.02069E+00 14.0
    171 18 17  440   4 3p4(3PE) 8g     -6.25802E-02  2.02081E+00 36.0
    172 18 17  240   7 3p4(3PE) 8g     -6.25738E-02  2.02082E+00 18.0
    173 18 17  441   7 3p4(3PE) 8h     -6.25282E-02  2.02086E+00 36.0
    174 18 17  241   8 3p4(3PE) 8h     -6.25116E-02  2.02088E+00 18.0
    175 18 17  251   4 3p4(3PE) 8h     -6.25052E-02  2.02088E+00 22.0
    176 18 17  451   3 3p4(3PE) 8h     -6.25052E-02  2.02088E+00 44.0
    177 18 17  450   5 3p4(3PE) 8i     -6.25007E-02  2.02089E+00 44.0
    178 18 17  250   5 3p4(3PE) 8i     -6.25006E-02  2.02089E+00 22.0
    179 18 17  450   6 3p4(3PE) 8g     -6.24823E-02  2.02091E+00 44.0
    180 18 17  250   6 3p4(3PE) 8g     -6.24807E-02  2.02091E+00 22.0
    181 18 17  430  10 3p4(3PE) 8g     -6.24571E-02  2.02093E+00 28.0
    182 18 17  230  13 3p4(3PE) 8g     -6.24546E-02  2.02094E+00 14.0
    183 18 17  441   8 3p4(3PE) 8f     -6.24490E-02  2.02094E+00 36.0
    184 18 17  241   9 3p4(3PE) 8f     -6.24021E-02  2.02099E+00 18.0
    185 18 17  421  11 3p4(3PE) 8f     -6.23284E-02  2.02106E+00 20.0
    186 18 17  221  14 3p4(3PE) 8f     -6.22348E-02  2.02116E+00 10.0
    187 18 17  220  13 3p4(3PE) 8d     -6.19235E-02  2.02147E+00 10.0
    188 18 17  231   9 3p4(1DE) 6p     -6.12073E-02  2.02218E+00 14.0
    189 18 17  210  15 3p4(3PE) 8d     -6.04194E-02  2.02297E+00  6.0
    190 18 17  211  12 3p4(1DE) 6p     -5.94736E-02  2.02392E+00  6.0
    191 18 17  221  15 3p4(1DE) 6p     -5.80217E-02  2.02537E+00 10.0
    192 18 17  410  13 3p4(3PE)10s     -5.77806E-02  2.02561E+00 12.0
    193 18 17  210  16 3p4(3PE)10s     -5.71132E-02  2.02628E+00  6.0
    194 18 17  420   7 3p4(3PE) 9d     -5.65582E-02  2.02683E+00 20.0
    195 18 17  430  11 3p4(3PE) 9d     -5.57075E-02  2.02768E+00 28.0
    196 18 17  410  14 3p4(3PE) 9d     -5.53256E-02  2.02806E+00 12.0
    197 18 17  230  14 3p4(3PE) 9d     -5.49546E-02  2.02844E+00 14.0
    198 18 17  411   7 3p4(3PE)10p     -5.35290E-02  2.02986E+00 12.0
    199 18 17  421  12 3p4(3PE)10p     -5.30614E-02  2.03033E+00 20.0
    200 18 17  221  16 3p4(3PE)10p     -5.26967E-02  2.03069E+00 10.0
    201 18 17  201   7 3p4(3PE)10p     -5.25128E-02  2.03088E+00  2.0
    202 18 17  401   7 3p4(3PE)10p     -5.24499E-02  2.03094E+00  4.0
    203 18 17  211  13 3p4(3PE)10p     -5.11648E-02  2.03223E+00  6.0
    204 18 17  220  14 3p4(3PE) 9d     -5.04133E-02  2.03298E+00 10.0
    205 18 17  431   6 3p4(3PE) 9f     -4.97032E-02  2.03369E+00 28.0
    206 18 17  210  17 3p4(3PE) 9d     -4.95956E-02  2.03379E+00  6.0
    207 18 17  231  10 3p4(3PE) 9f     -4.95101E-02  2.03388E+00 14.0
    208 18 17  440   5 3p4(3PE) 9g     -4.94431E-02  2.03395E+00 36.0
    209 18 17  240   8 3p4(3PE) 9g     -4.94382E-02  2.03395E+00 18.0
    210 18 17  441   9 3p4(3PE) 9h     -4.94058E-02  2.03398E+00 36.0
    211 18 17  241  10 3p4(3PE) 9h     -4.93923E-02  2.03400E+00 18.0
    212 18 17  251   5 3p4(3PE) 9h     -4.93872E-02  2.03400E+00 22.0
    213 18 17  451   4 3p4(3PE) 9h     -4.93872E-02  2.03400E+00 44.0
    214 18 17  450   7 3p4(3PE) 9i     -4.93835E-02  2.03401E+00 44.0
    215 18 17  250   7 3p4(3PE) 9i     -4.93834E-02  2.03401E+00 22.0
    216 18 17  450   8 3p4(3PE) 9g     -4.93694E-02  2.03402E+00 44.0
    217 18 17  250   8 3p4(3PE) 9g     -4.93682E-02  2.03402E+00 22.0
    218 18 17  430  12 3p4(3PE) 9g     -4.93506E-02  2.03404E+00 28.0
    219 18 17  230  15 3p4(3PE) 9g     -4.93488E-02  2.03404E+00 14.0
    220 18 17  441  10 3p4(3PE) 9f     -4.93460E-02  2.03404E+00 36.0
    221 18 17  241  11 3p4(3PE) 9f     -4.93134E-02  2.03408E+00 18.0
    222 18 17  421  13 3p4(3PE) 9f     -4.92652E-02  2.03412E+00 20.0
    223 18 17  221  17 3p4(3PE) 9f     -4.91969E-02  2.03419E+00 10.0
    224 18 17  200   6 3p4(1DE) 5d     -4.69389E-02  2.03645E+00  2.0
    225 18 17  410  15 3p4(3PE)11s     -4.60396E-02  2.03735E+00 12.0
    226 18 17  210  18 3p4(3PE)11s     -4.55716E-02  2.03782E+00  6.0
    227 18 17  420   8 3p4(3PE)10d     -4.51682E-02  2.03822E+00 20.0
    228 18 17  430  13 3p4(3PE)10d     -4.45636E-02  2.03883E+00 28.0
    229 18 17  410  16 3p4(3PE)10d     -4.42923E-02  2.03910E+00 12.0
    230 18 17  230  16 3p4(3PE)10d     -4.40510E-02  2.03934E+00 14.0
    231 18 17  411   8 3p4(3PE)11p     -4.29949E-02  2.04040E+00 12.0
    232 18 17  421  14 3p4(3PE)11p     -4.26572E-02  2.04073E+00 20.0
    233 18 17  221  18 3p4(3PE)11p     -4.24066E-02  2.04098E+00 10.0
    234 18 17  201   8 3p4(3PE)11p     -4.22623E-02  2.04113E+00  2.0
    235 18 17  401   8 3p4(3PE)11p     -4.22169E-02  2.04117E+00  4.0
    236 18 17  211  14 3p4(3PE)11p     -4.16271E-02  2.04176E+00  6.0
    237 18 17  220  15 3p4(3PE)10d     -4.15623E-02  2.04183E+00 10.0
    238 18 17  210  19 3p4(3PE)10d     -4.10486E-02  2.04234E+00  6.0
    239 18 17  431   7 3p4(3PE)10f     -4.02377E-02  2.04315E+00 28.0
    240 18 17  231  11 3p4(3PE)10f     -4.00946E-02  2.04330E+00 14.0
    241 18 17  440   6 3p4(3PE)10g     -4.00461E-02  2.04334E+00 36.0
    242 18 17  240   9 3p4(3PE)10g     -4.00423E-02  2.04335E+00 18.0
    243 18 17  441  11 3p4(3PE)10f     -4.00186E-02  2.04337E+00 36.0
    244 18 17  241  12 3p4(3PE)10h     -4.00078E-02  2.04338E+00 18.0
    245 18 17  451   5 3p4(3PE)10h     -4.00038E-02  2.04339E+00 44.0
    246 18 17  251   6 3p4(3PE)10h     -4.00037E-02  2.04339E+00 22.0
    247 18 17  450   9 3p4(3PE)10i     -4.00007E-02  2.04339E+00 44.0
    248 18 17  250   9 3p4(3PE)10i     -4.00006E-02  2.04339E+00 22.0
    249 18 17  200   7 3p4(1DE) 6d      3.71995E-03  2.08711E+00  2.0
    250 18 17  200   8 3p4(1DE) 7d      3.55495E-02  2.11894E+00  2.0
    251 18 17  200   9 3p4(1DE) 8d      5.62644E-02  2.13965E+00  2.0
    252 18 17  200  10 3p4(1DE) 9d      7.04088E-02  2.15380E+00  2.0
    253 18 17  200  11 3p4(1DE)10d      8.03649E-02  2.16375E+00  2.0
    254 18 17  400   1 3s 3p5(3PO) 4p   4.14644E-01  2.49803E+00  4.0
    255 18 17  400   2 3s 3p5(3PO) 5p   7.26423E-01  2.80981E+00  4.0
    256 18 17  400   3 3s 3p5(3PO) 6p   8.48186E-01  2.93158E+00  4.0
    257 18 17  400   4 3s 3p5(3PO) 7p   9.09767E-01  2.99316E+00  4.0
    258 18 17  400   5 3s 3p5(3PO) 8p   9.45352E-01  3.02874E+00  4.0
    259 18 17  400   6 3s 3p5(3PO) 9p   9.67794E-01  3.05118E+00  4.0
    260 18 17  400   7 3s 3p5(3PO)10p   9.82863E-01  3.06625E+00  4.0
    261 18 17  400   8 3s 3p5(3PO)11p   9.93472E-01  3.07686E+00  4.0
 ====================================================================
