 ====================================================================
      i NZ NE iSLP iLV iCONF                 E(RYD)      TE(RYD)   gi
 ====================================================================
      1 18 16  310   1 3s2 3p4         -3.03140E+00  0.00000E+00  9.0
      2 18 16  120   1 3s2 3p4         -2.89974E+00  1.31660E-01  5.0
      3 18 16  100   1 3s2 3p4         -2.71474E+00  3.16660E-01  1.0
      4 18 16  311   1 3s 3p5          -2.01253E+00  1.01887E+00  9.0
      5 18 16  111   1 3s 3p5          -1.71261E+00  1.31879E+00  3.0
      6 18 16  521   1 3p3(4SO) 3d     -1.68977E+00  1.34163E+00 25.0
      7 18 16  321   1 3p3(4SO) 3d     -1.57303E+00  1.45837E+00 15.0
      8 18 16  101   1 3p3(2DO) 3d     -1.53082E+00  1.50058E+00  1.0
      9 18 16  331   1 3p3(2DO) 3d     -1.51391E+00  1.51749E+00 21.0
     10 18 16  341   1 3p3(2DO) 3d     -1.42350E+00  1.60790E+00 27.0
     11 18 16  141   1 3p3(2DO) 3d     -1.38719E+00  1.64421E+00  9.0
     12 18 16  501   1 3p3(4SO) 4s     -1.37695E+00  1.65445E+00  5.0
     13 18 16  121   1 3p3(2DO) 4s     -1.35484E+00  1.67656E+00  5.0
     14 18 16  301   1 3p3(4SO) 4s     -1.30276E+00  1.72864E+00  3.0
     15 18 16  331   2 3p3(2PO) 3d     -1.28977E+00  1.74163E+00 21.0
     16 18 16  321   2 3p3(2DO) 3d     -1.26960E+00  1.76180E+00 15.0
     17 18 16  311   2 3p3(2DO) 3d     -1.26928E+00  1.76212E+00  9.0
     18 18 16  321   3 3p3(2DO) 4s     -1.16651E+00  1.86489E+00 15.0
     19 18 16  131   1 3p3(2DO) 3d     -1.14898E+00  1.88242E+00  7.0
     20 18 16  121   2 3p3(2DO) 3d     -1.12977E+00  1.90163E+00  5.0
     21 18 16  510   1 3p3(4SO) 4p     -1.10769E+00  1.92371E+00 15.0
     22 18 16  301   2 3p3(2DO) 3d     -1.10240E+00  1.92900E+00  3.0
     23 18 16  311   3 3p3(2PO) 4s     -1.06921E+00  1.96219E+00  9.0
     24 18 16  310   2 3p3(4SO) 4p     -1.05900E+00  1.97240E+00  9.0
     25 18 16  321   4 3p3(2PO) 3d     -1.04125E+00  1.99015E+00 15.0
     26 18 16  111   2 3p3(2PO) 4s     -1.03203E+00  1.99937E+00  3.0
     27 18 16  311   4 3p3(2PO) 3d     -1.01015E+00  2.02125E+00  9.0
     28 18 16  121   3 3p3(2PO) 3d     -9.60517E-01  2.07088E+00  5.0
     29 18 16  111   3 3p3(2DO) 3d     -9.51525E-01  2.07987E+00  3.0
     30 18 16  110   1 3p3(2DO) 4p     -9.30843E-01  2.10056E+00  3.0
     31 18 16  320   1 3p3(2DO) 4p     -9.18437E-01  2.11296E+00 15.0
     32 18 16  131   2 3p3(2PO) 3d     -9.08348E-01  2.12305E+00  7.0
     33 18 16  330   1 3p3(2DO) 4p     -9.03068E-01  2.12833E+00 21.0
     34 18 16  130   1 3p3(2DO) 4p     -8.92193E-01  2.13921E+00  7.0
     35 18 16  310   3 3p3(2DO) 4p     -8.52020E-01  2.17938E+00  9.0
     36 18 16  120   2 3p3(2DO) 4p     -8.03984E-01  2.22742E+00  5.0
     37 18 16  300   1 3p3(2PO) 4p     -7.91943E-01  2.23946E+00  3.0
     38 18 16  111   4 3p3(2PO) 3d     -7.91537E-01  2.23986E+00  3.0
     39 18 16  320   2 3p3(2PO) 4p     -7.77916E-01  2.25348E+00 15.0
     40 18 16  110   2 3p3(2PO) 4p     -7.61217E-01  2.27018E+00  3.0
     41 18 16  520   1 3s 3p4(4PE) 3d  -7.48430E-01  2.28297E+00 25.0
     42 18 16  310   4 3p3(2PO) 4p     -7.46040E-01  2.28536E+00  9.0
     43 18 16  521   2 3p3(4SO) 4d     -7.44525E-01  2.28688E+00 25.0
     44 18 16  120   3 3p3(2PO) 4p     -7.32705E-01  2.29870E+00  5.0
     45 18 16  100   2 3s 3p4(2SE) 4s  -7.15698E-01  2.31570E+00  1.0
     46 18 16  501   2 3p3(4SO) 5s     -6.97634E-01  2.33377E+00  5.0
     47 18 16  321   5 3p3(4SO) 4d     -6.84444E-01  2.34696E+00 15.0
     48 18 16  301   3 3p3(4SO) 5s     -6.76980E-01  2.35442E+00  3.0
     49 18 16  100   3 3p3(2PO) 4p     -6.38917E-01  2.39248E+00  1.0
     50 18 16  530   1 3s 3p4(4PE) 3d  -5.98336E-01  2.43306E+00 35.0
     51 18 16  510   2 3p3(4SO) 5p     -5.96180E-01  2.43522E+00 15.0
     52 18 16  310   5 3p3(4SO) 5p     -5.71999E-01  2.45940E+00  9.0
     53 18 16  330   2 3p3(4SO) 4f     -5.68603E-01  2.46280E+00 21.0
     54 18 16  101   2 3p3(2DO) 4d     -5.58441E-01  2.47296E+00  1.0
     55 18 16  331   3 3p3(2PO) 4d     -5.53058E-01  2.47834E+00 21.0
     56 18 16  341   2 3p3(2DO) 4d     -5.43247E-01  2.48815E+00 27.0
     57 18 16  141   2 3p3(2DO) 4d     -5.39302E-01  2.49210E+00  9.0
     58 18 16  530   2 3p3(4SO) 4f     -5.38828E-01  2.49257E+00 35.0
     59 18 16  321   6 3p3(2DO) 4d     -5.34116E-01  2.49728E+00 15.0
     60 18 16  510   3 3s 3p4(4PE) 4s  -5.29560E-01  2.50184E+00 15.0
     61 18 16  111   5 3p3(2DO) 4d     -5.11080E-01  2.52032E+00  3.0
     62 18 16  311   5 3p3(2DO) 4d     -5.05322E-01  2.52608E+00  9.0
     63 18 16  301   4 3p3(2DO) 4d     -5.04648E-01  2.52675E+00  3.0
     64 18 16  121   4 3p3(2DO) 4d     -5.03106E-01  2.52829E+00  5.0
     65 18 16  321   7 3p3(2DO) 5s     -5.00341E-01  2.53106E+00 15.0
     66 18 16  310   6 3s 3p4(4PE) 4s  -4.91690E-01  2.53971E+00  9.0
     67 18 16  121   5 3p3(2DO) 5s     -4.81141E-01  2.55026E+00  5.0
     68 18 16  131   3 3p3(2DO) 4d     -4.70541E-01  2.56086E+00  7.0
     69 18 16  521   3 3p3(4SO) 5d     -4.43530E-01  2.58787E+00 25.0
     70 18 16  330   3 3s 3p4(4PE) 3d  -4.31777E-01  2.59962E+00 21.0
     71 18 16  501   3 3p3(4SO) 6s     -4.24586E-01  2.60681E+00  5.0
     72 18 16  321   8 3p3(4SO) 5d     -4.24492E-01  2.60691E+00 15.0
     73 18 16  331   4 3p3(2DO) 4d     -4.19193E-01  2.61221E+00 21.0
     74 18 16  301   5 3p3(4SO) 6s     -4.14747E-01  2.61665E+00  3.0
     75 18 16  311   6 3p3(2PO) 4d     -4.13874E-01  2.61753E+00  9.0
     76 18 16  320   3 3p3(2DO) 5p     -4.07312E-01  2.62409E+00 15.0
     77 18 16  121   6 3p3(2PO) 4d     -4.05440E-01  2.62596E+00  5.0
     78 18 16  110   3 3p3(2DO) 5p     -4.02802E-01  2.62860E+00  3.0
     79 18 16  330   4 3p3(2DO) 5p     -3.97980E-01  2.63342E+00 21.0
     80 18 16  321   9 3p3(2PO) 4d     -3.96155E-01  2.63524E+00 15.0
     81 18 16  130   2 3p3(2DO) 5p     -3.95337E-01  2.63606E+00  7.0
     82 18 16  320   4 3s 3p4(2DE) 4s  -3.92791E-01  2.63861E+00 15.0
     83 18 16  310   7 3p3(2DO) 5p     -3.91657E-01  2.63974E+00  9.0
     84 18 16  340   1 3p3(2DO) 4f     -3.91362E-01  2.64004E+00 27.0
     85 18 16  131   4 3p3(2PO) 4d     -3.81128E-01  2.65027E+00  7.0
     86 18 16  110   4 3p3(2DO) 4f     -3.79143E-01  2.65226E+00  3.0
     87 18 16  350   1 3p3(2DO) 4f     -3.78452E-01  2.65295E+00 33.0
     88 18 16  150   1 3p3(2DO) 4f     -3.78345E-01  2.65305E+00 11.0
     89 18 16  320   5 3p3(2DO) 4f     -3.78066E-01  2.65333E+00 15.0
     90 18 16  330   5 3p3(2DO) 4f     -3.75736E-01  2.65566E+00 21.0
     91 18 16  510   4 3p3(4SO) 6p     -3.75615E-01  2.65579E+00 15.0
     92 18 16  120   4 3p3(2DO) 4f     -3.75578E-01  2.65582E+00  5.0
     93 18 16  130   3 3p3(2DO) 4f     -3.74684E-01  2.65672E+00  7.0
     94 18 16  311   7 3p3(2PO) 5s     -3.74003E-01  2.65740E+00  9.0
     95 18 16  140   1 3p3(2DO) 4f     -3.72661E-01  2.65874E+00  9.0
     96 18 16  310   8 3p3(2DO) 4f     -3.71536E-01  2.65986E+00  9.0
     97 18 16  530   3 3p3(4SO) 5f     -3.65107E-01  2.66629E+00 35.0
     98 18 16  111   6 3p3(2PO) 5s     -3.64340E-01  2.66706E+00  3.0
     99 18 16  120   5 3p3(2DO) 5p     -3.63401E-01  2.66800E+00  5.0
    100 18 16  330   6 3p3(4SO) 5f     -3.62590E-01  2.66881E+00 21.0
    101 18 16  541   1 3p3(4SO) 5g     -3.60208E-01  2.67119E+00 45.0
    102 18 16  341   3 3p3(4SO) 5g     -3.60096E-01  2.67130E+00 27.0
    103 18 16  310   9 3p3(4SO) 6p     -3.58947E-01  2.67245E+00  9.0
    104 18 16  111   7 3p3(2PO) 4d     -3.29523E-01  2.70188E+00  3.0
    105 18 16  510   5 3s 3p4(4PE) 3d  -3.06756E-01  2.72464E+00 15.0
    106 18 16  340   2 3s 3p4(2DE) 3d  -3.06045E-01  2.72535E+00 27.0
    107 18 16  521   4 3p3(4SO) 6d     -2.96387E-01  2.73501E+00 25.0
    108 18 16  501   4 3p3(4SO) 7s     -2.86101E-01  2.74530E+00  5.0
    109 18 16  321  10 3p3(4SO) 6d     -2.85812E-01  2.74559E+00 15.0
    110 18 16  301   6 3p3(4SO) 7s     -2.81318E-01  2.75008E+00  3.0
    111 18 16  300   2 3p3(2PO) 5p     -2.77830E-01  2.75357E+00  3.0
    112 18 16  320   6 3p3(2PO) 5p     -2.74250E-01  2.75715E+00 15.0
    113 18 16  110   5 3p3(2PO) 5p     -2.72724E-01  2.75868E+00  3.0
    114 18 16  310  10 3p3(2PO) 5p     -2.71840E-01  2.75956E+00  9.0
    115 18 16  140   2 3p3(2PO) 4f     -2.68977E-01  2.76242E+00  9.0
    116 18 16  120   6 3p3(2PO) 5p     -2.59676E-01  2.77172E+00  5.0
    117 18 16  330   7 3p3(2PO) 4f     -2.56119E-01  2.77528E+00 21.0
    118 18 16  510   6 3p3(4SO) 7p     -2.55831E-01  2.77557E+00 15.0
    119 18 16  130   4 3p3(2PO) 4f     -2.55197E-01  2.77620E+00  7.0
    120 18 16  530   4 3p3(4SO) 6f     -2.54430E-01  2.77697E+00 35.0
    121 18 16  320   7 3p3(2PO) 4f     -2.53942E-01  2.77746E+00 15.0
    122 18 16  101   3 3p3(2DO) 5d     -2.53732E-01  2.77767E+00  1.0
    123 18 16  310  11 3p3(4SO) 7p     -2.52676E-01  2.77872E+00  9.0
    124 18 16  330   8 3p3(4SO) 6f     -2.51825E-01  2.77957E+00 21.0
    125 18 16  541   2 3p3(4SO) 6g     -2.50198E-01  2.78120E+00 45.0
    126 18 16  341   4 3p3(4SO) 6g     -2.50087E-01  2.78131E+00 27.0
    127 18 16  331   5 3p3(2DO) 5d     -2.50070E-01  2.78133E+00 21.0
    128 18 16  350   2 3p3(4SO) 6h     -2.50004E-01  2.78140E+00 33.0
    129 18 16  120   7 3p3(2PO) 4f     -2.48923E-01  2.78248E+00  5.0
    130 18 16  341   5 3p3(2DO) 5d     -2.46824E-01  2.78458E+00 27.0
    131 18 16  340   3 3p3(2PO) 4f     -2.46774E-01  2.78463E+00 27.0
    132 18 16  141   3 3p3(2DO) 5d     -2.45307E-01  2.78609E+00  9.0
    133 18 16  321  11 3p3(2DO) 5d     -2.45028E-01  2.78637E+00 15.0
    134 18 16  111   8 3p3(2DO) 5d     -2.36596E-01  2.79480E+00  3.0
    135 18 16  140   3 3s 3p4(2DE) 3d  -2.35194E-01  2.79621E+00  9.0
    136 18 16  301   7 3p3(2DO) 5d     -2.35027E-01  2.79637E+00  3.0
    137 18 16  311   8 3p3(2DO) 5d     -2.34219E-01  2.79718E+00  9.0
    138 18 16  121   7 3p3(2DO) 5d     -2.31109E-01  2.80029E+00  5.0
    139 18 16  321  12 3p3(2DO) 6s     -2.29861E-01  2.80154E+00 15.0
    140 18 16  100   4 3p3(2PO) 5p     -2.25515E-01  2.80589E+00  1.0
    141 18 16  121   8 3p3(2DO) 6s     -2.19903E-01  2.81150E+00  5.0
    142 18 16  131   5 3p3(2DO) 5d     -2.19372E-01  2.81203E+00  7.0
    143 18 16  521   5 3p3(4SO) 7d     -2.12336E-01  2.81906E+00 25.0
    144 18 16  310  12 3s 3p4(4PE) 3d  -2.11489E-01  2.81991E+00  9.0
    145 18 16  501   5 3p3(4SO) 8s     -2.05936E-01  2.82546E+00  5.0
    146 18 16  321  13 3p3(4SO) 7d     -2.04310E-01  2.82709E+00 15.0
    147 18 16  330   9 3s 3p4(2DE) 3d  -2.02576E-01  2.82882E+00 21.0
    148 18 16  301   8 3p3(4SO) 8s     -2.02550E-01  2.82885E+00  3.0
    149 18 16  130   5 3p3(2DO) 5f     -1.91092E-01  2.84031E+00  7.0
    150 18 16  120   8 3s 3p4(2DE) 4s  -1.90593E-01  2.84081E+00  5.0
    151 18 16  510   7 3p3(4SO) 8p     -1.87664E-01  2.84374E+00 15.0
    152 18 16  530   5 3p3(4SO) 7f     -1.86981E-01  2.84442E+00 35.0
    153 18 16  330  10 3p3(4SO) 7f     -1.86412E-01  2.84499E+00 21.0
    154 18 16  310  13 3p3(4SO) 8p     -1.86348E-01  2.84505E+00  9.0
    155 18 16  541   3 3p3(4SO) 7g     -1.83830E-01  2.84757E+00 45.0
    156 18 16  341   6 3p3(4SO) 7g     -1.83741E-01  2.84766E+00 27.0
    157 18 16  350   3 3p3(4SO) 7h     -1.83678E-01  2.84772E+00 33.0
    158 18 16  320   8 3p3(2DO) 6p     -1.81782E-01  2.84962E+00 15.0
    159 18 16  110   6 3p3(2DO) 6p     -1.80053E-01  2.85135E+00  3.0
    160 18 16  330  11 3p3(2DO) 6p     -1.79209E-01  2.85219E+00 21.0
    161 18 16  320   9 3p3(2DO) 5f     -1.79112E-01  2.85229E+00 15.0
    162 18 16  110   7 3p3(2DO) 5f     -1.78560E-01  2.85284E+00  3.0
    163 18 16  130   6 3p3(2DO) 6p     -1.76536E-01  2.85486E+00  7.0
    164 18 16  350   4 3p3(2DO) 5f     -1.74467E-01  2.85693E+00 33.0
    165 18 16  150   2 3p3(2DO) 5f     -1.74416E-01  2.85698E+00 11.0
    166 18 16  120   9 3p3(2DO) 5f     -1.70481E-01  2.86092E+00  5.0
    167 18 16  310  14 3p3(2DO) 5f     -1.70420E-01  2.86098E+00  9.0
    168 18 16  340   4 3p3(2DO) 5f     -1.70043E-01  2.86136E+00 27.0
    169 18 16  140   4 3p3(2DO) 5f     -1.67848E-01  2.86355E+00  9.0
    170 18 16  351   1 3p3(2DO) 5g     -1.67410E-01  2.86399E+00 33.0
    171 18 16  331   6 3p3(2DO) 5g     -1.67372E-01  2.86403E+00 21.0
    172 18 16  131   6 3p3(2DO) 5g     -1.67316E-01  2.86408E+00  7.0
    173 18 16  151   1 3p3(2DO) 5g     -1.67280E-01  2.86412E+00 11.0
    174 18 16  341   7 3p3(2DO) 5g     -1.67274E-01  2.86413E+00 27.0
    175 18 16  121   9 3p3(2DO) 5g     -1.67207E-01  2.86419E+00  5.0
    176 18 16  321  14 3p3(2DO) 5g     -1.67164E-01  2.86424E+00 15.0
    177 18 16  141   4 3p3(2DO) 5g     -1.67160E-01  2.86424E+00  9.0
    178 18 16  310  15 3p3(2DO) 6p     -1.64140E-01  2.86726E+00  9.0
    179 18 16  330  12 3p3(2DO) 5f     -1.61907E-01  2.86949E+00 21.0
    180 18 16  120  10 3p3(2DO) 6p     -1.60259E-01  2.87114E+00  5.0
    181 18 16  521   6 3p3(4SO) 8d     -1.59665E-01  2.87173E+00 25.0
    182 18 16  501   6 3p3(4SO) 9s     -1.55334E-01  2.87607E+00  5.0
    183 18 16  321  15 3p3(4SO) 8d     -1.55274E-01  2.87613E+00 15.0
    184 18 16  301   9 3p3(4SO) 9s     -1.53296E-01  2.87810E+00  3.0
    185 18 16  130   7 3s 3p4(2DE) 3d  -1.52907E-01  2.87849E+00  7.0
    186 18 16  510   8 3p3(4SO) 9p     -1.43284E-01  2.88812E+00 15.0
    187 18 16  530   6 3p3(4SO) 8f     -1.43076E-01  2.88832E+00 35.0
    188 18 16  330  13 3p3(4SO) 8f     -1.43010E-01  2.88839E+00 21.0
    189 18 16  320  10 3s 3p4(4PE) 3d  -1.42177E-01  2.88922E+00 15.0
    190 18 16  541   4 3p3(4SO) 8g     -1.40745E-01  2.89066E+00 45.0
    191 18 16  341   8 3p3(4SO) 8g     -1.40676E-01  2.89072E+00 27.0
    192 18 16  350   5 3p3(4SO) 8h     -1.40629E-01  2.89077E+00 33.0
    193 18 16  310  16 3p3(4SO) 9p     -1.40065E-01  2.89134E+00  9.0
    194 18 16  521   7 3p3(4SO) 9d     -1.24463E-01  2.90694E+00 25.0
    195 18 16  331   7 3p3(2PO) 5d     -1.24078E-01  2.90732E+00 21.0
    196 18 16  321  16 3p3(4SO) 9d     -1.23051E-01  2.90835E+00 15.0
    197 18 16  121  10 3p3(2PO) 5d     -1.22513E-01  2.90889E+00  5.0
    198 18 16  311   9 3p3(2PO) 5d     -1.21481E-01  2.90992E+00  9.0
    199 18 16  501   7 3p3(4SO)10s     -1.21343E-01  2.91006E+00  5.0
    200 18 16  301  10 3p3(4SO)10s     -1.20028E-01  2.91137E+00  3.0
    201 18 16  321  17 3p3(2PO) 5d     -1.16889E-01  2.91451E+00 15.0
    202 18 16  330  14 3p3(4SO) 9f     -1.13291E-01  2.91811E+00 21.0
    203 18 16  510   9 3p3(4SO)10p     -1.12960E-01  2.91844E+00 15.0
    204 18 16  530   7 3p3(4SO) 9f     -1.12953E-01  2.91845E+00 35.0
    205 18 16  310  17 3p3(4SO)10p     -1.11391E-01  2.92001E+00  9.0
    206 18 16  541   5 3p3(4SO) 9g     -1.11203E-01  2.92020E+00 45.0
    207 18 16  341   9 3p3(4SO) 9g     -1.11150E-01  2.92025E+00 27.0
    208 18 16  350   6 3p3(4SO) 9h     -1.11115E-01  2.92028E+00 33.0
    209 18 16  131   7 3p3(2PO) 5d     -1.09351E-01  2.92205E+00  7.0
    210 18 16  101   4 3p3(2DO) 6d     -1.05137E-01  2.92626E+00  1.0
    211 18 16  311  10 3p3(2PO) 6s     -1.04605E-01  2.92680E+00  9.0
    212 18 16  111   9 3p3(2PO) 6s     -1.03434E-01  2.92797E+00  3.0
    213 18 16  321  18 3p3(2DO) 6d     -1.01864E-01  2.92954E+00 15.0
    214 18 16  331   8 3p3(2DO) 6d     -1.01777E-01  2.92962E+00 21.0
    215 18 16  341  10 3p3(2DO) 6d     -1.01195E-01  2.93020E+00 27.0
    216 18 16  141   5 3p3(2DO) 6d     -1.00407E-01  2.93099E+00  9.0
    217 18 16  521   8 3p3(4SO)10d     -9.97759E-02  2.93162E+00 25.0
    218 18 16  301  11 3p3(2DO) 6d     -9.81998E-02  2.93320E+00  3.0
    219 18 16  501   8 3p3(4SO)11s     -9.74085E-02  2.93399E+00  5.0
    220 18 16  321  19 3p3(4SO)10d     -9.63804E-02  2.93502E+00 15.0
    221 18 16  111  10 3p3(2DO) 6d     -9.59420E-02  2.93546E+00  3.0
    222 18 16  301  12 3p3(4SO)11s     -9.53004E-02  2.93610E+00  3.0
    223 18 16  311  11 3p3(2DO) 6d     -9.44685E-02  2.93693E+00  9.0
    224 18 16  330  15 3p3(4SO)10f     -9.20075E-02  2.93939E+00 21.0
    225 18 16  321  20 3p3(2DO) 7s     -9.19993E-02  2.93940E+00 15.0
    226 18 16  121  11 3p3(2DO) 7s     -9.17956E-02  2.93960E+00  5.0
    227 18 16  530   8 3p3(4SO)10f     -9.14096E-02  2.93999E+00 35.0
    228 18 16  510  10 3p3(4SO)11p     -9.13355E-02  2.94006E+00 15.0
    229 18 16  310  18 3p3(4SO)11p     -9.05041E-02  2.94090E+00  9.0
    230 18 16  541   6 3p3(4SO)10g     -9.00706E-02  2.94133E+00 45.0
    231 18 16  341  11 3p3(4SO)10g     -9.00301E-02  2.94137E+00 27.0
    232 18 16  350   7 3p3(4SO)10h     -9.00028E-02  2.94140E+00 33.0
    233 18 16  131   8 3p3(2DO) 6d     -8.72791E-02  2.94412E+00  7.0
    234 18 16  121  12 3p3(2DO) 6d     -8.66560E-02  2.94474E+00  5.0
    235 18 16  111  11 3p3(2PO) 5d     -8.63560E-02  2.94504E+00  3.0
    236 18 16  110   8 3s 3p4(2PE) 4s  -7.89547E-02  2.95245E+00  3.0
    237 18 16  320  11 3p3(2DO) 7p     -6.87103E-02  2.96269E+00 15.0
    238 18 16  110   9 3p3(2DO) 7p     -6.66074E-02  2.96479E+00  3.0
    239 18 16  130   8 3p3(2DO) 7p     -6.34397E-02  2.96796E+00  7.0
    240 18 16  150   3 3p3(2DO) 6f     -6.23576E-02  2.96904E+00 11.0
    241 18 16  120  11 3p3(2DO) 6f     -6.23134E-02  2.96909E+00  5.0
    242 18 16  511   1 3s 3p4(4PE) 4p  -6.22605E-02  2.96914E+00 15.0
    243 18 16  320  12 3p3(2DO) 6f     -6.22003E-02  2.96920E+00 15.0
    244 18 16  340   5 3p3(2DO) 6f     -6.14879E-02  2.96991E+00 27.0
    245 18 16  130   9 3p3(2DO) 6f     -5.97557E-02  2.97164E+00  7.0
    246 18 16  140   5 3p3(2DO) 6f     -5.87161E-02  2.97268E+00  9.0
    247 18 16  331   9 3p3(2DO) 6g     -5.75764E-02  2.97382E+00 21.0
    248 18 16  351   2 3p3(2DO) 6g     -5.75566E-02  2.97384E+00 33.0
    249 18 16  131   9 3p3(2DO) 6g     -5.75311E-02  2.97387E+00  7.0
    250 18 16  151   2 3p3(2DO) 6g     -5.74202E-02  2.97398E+00 11.0
    251 18 16  141   6 3p3(2DO) 6g     -5.71942E-02  2.97421E+00  9.0
    252 18 16  121  13 3p3(2DO) 6g     -5.71786E-02  2.97422E+00  5.0
    253 18 16  340   6 3p3(2DO) 6h     -5.71193E-02  2.97428E+00 27.0
    254 18 16  140   6 3p3(2DO) 6h     -5.71153E-02  2.97428E+00  9.0
    255 18 16  130  10 3p3(2DO) 6h     -5.71083E-02  2.97429E+00  7.0
    256 18 16  150   4 3p3(2DO) 6h     -5.71041E-02  2.97430E+00 11.0
    257 18 16  300   3 3p3(2PO) 6p     -5.66203E-02  2.97478E+00  3.0
    258 18 16  120  12 3p3(2DO) 7p     -5.57313E-02  2.97567E+00  5.0
    259 18 16  320  13 3p3(2PO) 6p     -5.39535E-02  2.97745E+00 15.0
    260 18 16  110  10 3p3(2PO) 6p     -5.06624E-02  2.98074E+00  3.0
    261 18 16  320  14 3p3(2PO) 5f     -5.04909E-02  2.98091E+00 15.0
    262 18 16  130  11 3p3(2PO) 5f     -4.94940E-02  2.98191E+00  7.0
    263 18 16  120  13 3p3(2PO) 6p     -4.94255E-02  2.98197E+00  5.0
    264 18 16  340   7 3p3(2PO) 5f     -4.77485E-02  2.98365E+00 27.0
    265 18 16  140   7 3p3(2PO) 5f     -4.48295E-02  2.98657E+00  9.0
    266 18 16  120  14 3p3(2PO) 5f     -4.18759E-02  2.98952E+00  5.0
    267 18 16  141   7 3p3(2PO) 5g     -4.13954E-02  2.99000E+00  9.0
    268 18 16  351   3 3p3(2PO) 5g     -4.13742E-02  2.99003E+00 33.0
    269 18 16  151   3 3p3(2PO) 5g     -4.12963E-02  2.99010E+00 11.0
    270 18 16  331  10 3p3(2PO) 5g     -4.12322E-02  2.99017E+00 21.0
    271 18 16  131  10 3p3(2PO) 5g     -4.11271E-02  2.99027E+00  7.0
    272 18 16  110  11 3p3(2DO) 6f     -3.38669E-02  2.99753E+00  3.0
    273 18 16  100   5 3p3(2PO) 6p     -3.13967E-02  3.00000E+00  1.0
    274 18 16  320  15 3s 3p4(2DE) 3d  -3.06183E-02  3.00078E+00 15.0
    275 18 16  101   5 3p3(2DO) 7d     -2.03412E-02  3.01106E+00  1.0
    276 18 16  331  11 3p3(2DO) 7d     -1.93508E-02  3.01205E+00 21.0
    277 18 16  141   8 3p3(2DO) 7d     -1.73818E-02  3.01402E+00  9.0
    278 18 16  111  12 3p3(2DO) 7d     -1.53874E-02  3.01601E+00  3.0
    279 18 16  311  12 3p3(2DO) 7d     -1.48711E-02  3.01653E+00  9.0
    280 18 16  121  14 3p3(2DO) 7d     -1.40069E-02  3.01739E+00  5.0
    281 18 16  131  11 3p3(2DO) 7d     -1.00787E-02  3.02132E+00  7.0
    282 18 16  121  15 3p3(2DO) 8s     -9.46817E-03  3.02193E+00  5.0
    283 18 16  320  16 3p3(2DO) 7f      4.21825E-03  3.03562E+00 15.0
    284 18 16  120  15 3p3(2DO) 8p      4.71124E-03  3.03611E+00  5.0
    285 18 16  110  12 3p3(2DO) 8p      4.85869E-03  3.03626E+00  3.0
    286 18 16  150   5 3p3(2DO) 7f      5.47205E-03  3.03687E+00 11.0
    287 18 16  130  12 3p3(2DO) 8p      5.98972E-03  3.03739E+00  7.0
    288 18 16  340   8 3p3(2DO) 7f      6.27362E-03  3.03767E+00 27.0
    289 18 16  320  17 3p3(2DO) 8p      6.39011E-03  3.03779E+00 15.0
    290 18 16  120  16 3p3(2DO) 7f      7.66370E-03  3.03906E+00  5.0
    291 18 16  140   8 3p3(2DO) 7f      8.01205E-03  3.03941E+00  9.0
    292 18 16  130  13 3p3(2DO) 7f      8.35399E-03  3.03975E+00  7.0
    293 18 16  351   4 3p3(2DO) 7g      9.04326E-03  3.04044E+00 33.0
    294 18 16  331  12 3p3(2DO) 7g      9.04985E-03  3.04045E+00 21.0
    295 18 16  121  16 3p3(2DO) 7g      9.09400E-03  3.04049E+00  5.0
    296 18 16  131  12 3p3(2DO) 7g      9.10626E-03  3.04051E+00  7.0
    297 18 16  151   4 3p3(2DO) 7g      9.14482E-03  3.04054E+00 11.0
    298 18 16  141   9 3p3(2DO) 7g      9.18595E-03  3.04059E+00  9.0
    299 18 16  340   9 3p3(2DO) 7h      9.21680E-03  3.04062E+00 27.0
    300 18 16  140   9 3p3(2DO) 7h      9.21908E-03  3.04062E+00  9.0
    301 18 16  150   6 3p3(2DO) 7h      9.22189E-03  3.04062E+00 11.0
    302 18 16  351   5 3p3(2DO) 7i      9.22328E-03  3.04062E+00 33.0
    303 18 16  151   5 3p3(2DO) 7i      9.22335E-03  3.04062E+00 11.0
    304 18 16  141  10 3p3(2DO) 7i      9.22359E-03  3.04062E+00  9.0
    305 18 16  130  14 3p3(2DO) 7h      9.23757E-03  3.04064E+00  7.0
    306 18 16  110  13 3p3(2DO) 7f      1.25999E-02  3.04400E+00  3.0
    307 18 16  311  13 3p3(2PO) 6d      2.11939E-02  3.05259E+00  9.0
    308 18 16  331  13 3p3(2PO) 6d      2.29476E-02  3.05435E+00 21.0
    309 18 16  121  17 3p3(2PO) 6d      2.38544E-02  3.05525E+00  5.0
    310 18 16  120  17 3s 3p4(2DE) 3d   2.73656E-02  3.05877E+00  5.0
    311 18 16  131  13 3p3(2PO) 6d      3.01924E-02  3.06159E+00  7.0
    312 18 16  311  14 3p3(2PO) 7s      3.07921E-02  3.06219E+00  9.0
    313 18 16  101   6 3p3(2DO) 8d      3.27567E-02  3.06416E+00  1.0
    314 18 16  111  13 3p3(2DO) 8d      3.30919E-02  3.06449E+00  3.0
    315 18 16  331  14 3p3(2DO) 8d      3.41546E-02  3.06555E+00 21.0
    316 18 16  141  11 3p3(2DO) 8d      3.47272E-02  3.06613E+00  9.0
    317 18 16  320  18 3s 3p4(2PE) 3d   3.64885E-02  3.06789E+00 15.0
    318 18 16  311  15 3p3(2DO) 8d      3.69645E-02  3.06836E+00  9.0
    319 18 16  111  14 3p3(2PO) 7s      3.72685E-02  3.06867E+00  3.0
    320 18 16  121  18 3p3(2DO) 8d      3.79796E-02  3.06938E+00  5.0
    321 18 16  131  14 3p3(2DO) 8d      3.93885E-02  3.07079E+00  7.0
    322 18 16  121  19 3p3(2DO) 9s      3.99982E-02  3.07140E+00  5.0
    323 18 16  111  15 3p3(2PO) 6d      4.17480E-02  3.07315E+00  3.0
    324 18 16  311  16 3s 3p4(4PE) 4p   4.32235E-02  3.07462E+00  9.0
    325 18 16  110  14 3p3(2DO) 9p      4.87138E-02  3.08011E+00  3.0
    326 18 16  130  15 3p3(2DO) 9p      4.93524E-02  3.08075E+00  7.0
    327 18 16  150   7 3p3(2DO) 8f      4.95446E-02  3.08094E+00 11.0
    328 18 16  340  10 3p3(2DO) 8f      4.97833E-02  3.08118E+00 27.0
    329 18 16  320  19 3p3(2DO) 9p      4.98366E-02  3.08124E+00 15.0
    330 18 16  120  18 3p3(2DO) 8f      5.01242E-02  3.08152E+00  5.0
    331 18 16  130  16 3p3(2DO) 8f      5.06449E-02  3.08204E+00  7.0
    332 18 16  140  10 3p3(2DO) 8f      5.12071E-02  3.08261E+00  9.0
    333 18 16  351   6 3p3(2DO) 8g      5.20798E-02  3.08348E+00 33.0
    334 18 16  331  15 3p3(2DO) 8g      5.21007E-02  3.08350E+00 21.0
    335 18 16  131  15 3p3(2DO) 8g      5.21282E-02  3.08353E+00  7.0
    336 18 16  151   6 3p3(2DO) 8g      5.21609E-02  3.08356E+00 11.0
    337 18 16  121  20 3p3(2DO) 8g      5.22144E-02  3.08361E+00  5.0
    338 18 16  141  12 3p3(2DO) 8g      5.22309E-02  3.08363E+00  9.0
    339 18 16  340  11 3p3(2DO) 8h      5.22582E-02  3.08366E+00 27.0
    340 18 16  140  11 3p3(2DO) 8h      5.22598E-02  3.08366E+00  9.0
    341 18 16  141  13 3p3(2DO) 8i      5.22698E-02  3.08367E+00  9.0
    342 18 16  150   8 3p3(2DO) 8h      5.22701E-02  3.08367E+00 11.0
    343 18 16  351   7 3p3(2DO) 8i      5.22702E-02  3.08367E+00 33.0
    344 18 16  151   7 3p3(2DO) 8i      5.22710E-02  3.08367E+00 11.0
    345 18 16  130  17 3p3(2DO) 8h      5.22739E-02  3.08367E+00  7.0
    346 18 16  110  15 3p3(2DO) 8f      5.28463E-02  3.08425E+00  3.0
    347 18 16  320  20 3p3(2DO) 8f      5.28480E-02  3.08425E+00 15.0
    348 18 16  120  19 3p3(2DO) 9p      5.53638E-02  3.08676E+00  5.0
    349 18 16  300   4 3p3(2PO) 7p      5.81988E-02  3.08960E+00  3.0
    350 18 16  130  18 3p3(2PO) 6f      5.94721E-02  3.09087E+00  7.0
    351 18 16  320  21 3p3(2PO) 6f      6.15950E-02  3.09299E+00 15.0
    352 18 16  110  16 3p3(2PO) 7p      6.23813E-02  3.09378E+00  3.0
    353 18 16  320  22 3p3(2PO) 7p      6.26113E-02  3.09401E+00 15.0
    354 18 16  340  12 3p3(2PO) 6f      6.35115E-02  3.09491E+00 27.0
    355 18 16  140  12 3p3(2PO) 6f      6.54802E-02  3.09688E+00  9.0
    356 18 16  120  20 3p3(2PO) 6f      6.59384E-02  3.09734E+00  5.0
    357 18 16  101   7 3p3(2DO) 9d      6.82247E-02  3.09962E+00  1.0
    358 18 16  331  16 3p3(2PO) 6g      6.84496E-02  3.09985E+00 21.0
    359 18 16  351   8 3p3(2PO) 6g      6.84941E-02  3.09989E+00 33.0
    360 18 16  141  14 3p3(2PO) 6g      6.85012E-02  3.09990E+00  9.0
    361 18 16  151   8 3p3(2PO) 6g      6.85778E-02  3.09998E+00 11.0
    362 18 16  131  16 3p3(2PO) 6g      6.86452E-02  3.10005E+00  7.0
    363 18 16  340  13 3p3(2PO) 6h      6.86972E-02  3.10010E+00 27.0
    364 18 16  140  13 3p3(2PO) 6h      6.86993E-02  3.10010E+00  9.0
    365 18 16  150   9 3p3(2PO) 6h      6.87031E-02  3.10010E+00 11.0
    366 18 16  331  17 3p3(2DO) 9d      6.87795E-02  3.10018E+00 21.0
    367 18 16  120  21 3p3(2PO) 7p      6.95319E-02  3.10093E+00  5.0
    368 18 16  141  15 3p3(2DO) 9d      6.96718E-02  3.10107E+00  9.0
    369 18 16  111  16 3p3(2DO) 9d      7.05315E-02  3.10193E+00  3.0
    370 18 16  121  21 3p3(2DO) 9d      7.11241E-02  3.10252E+00  5.0
    371 18 16  311  17 3p3(2DO) 9d      7.11715E-02  3.10257E+00  9.0
    372 18 16  300   5 3s 3p4(2DE) 3d   7.22885E-02  3.10369E+00  3.0
    373 18 16  131  17 3p3(2DO) 9d      7.26839E-02  3.10408E+00  7.0
    374 18 16  121  22 3p3(2DO)10s      7.31387E-02  3.10454E+00  5.0
    375 18 16  100   6 3p3(2PO) 7p      7.43464E-02  3.10575E+00  1.0
    376 18 16  150  10 3p3(2DO) 9f      7.97592E-02  3.11116E+00 11.0
    377 18 16  110  17 3p3(2DO)10p      7.99713E-02  3.11137E+00  3.0
    378 18 16  320  23 3p3(2DO)10p      8.01271E-02  3.11153E+00 15.0
    379 18 16  340  14 3p3(2DO) 9f      8.01458E-02  3.11155E+00 27.0
    380 18 16  130  19 3p3(2DO)10p      8.04000E-02  3.11180E+00  7.0
    381 18 16  120  22 3p3(2DO) 9f      8.09107E-02  3.11231E+00  5.0
    382 18 16  140  14 3p3(2DO) 9f      8.09322E-02  3.11233E+00  9.0
    383 18 16  130  20 3p3(2DO) 9f      8.12849E-02  3.11268E+00  7.0
    384 18 16  351   9 3p3(2DO) 9g      8.17158E-02  3.11312E+00 33.0
    385 18 16  121  23 3p3(2DO) 9g      8.17246E-02  3.11312E+00  5.0
    386 18 16  331  18 3p3(2DO) 9g      8.17540E-02  3.11315E+00 21.0
    387 18 16  141  16 3p3(2DO) 9g      8.17692E-02  3.11317E+00  9.0
    388 18 16  151   9 3p3(2DO) 9g      8.17715E-02  3.11317E+00 11.0
    389 18 16  131  18 3p3(2DO) 9g      8.17788E-02  3.11318E+00  7.0
    390 18 16  340  15 3p3(2DO) 9h      8.17844E-02  3.11318E+00 27.0
    391 18 16  150  11 3p3(2DO) 9h      8.17850E-02  3.11318E+00 11.0
    392 18 16  140  15 3p3(2DO) 9h      8.17863E-02  3.11319E+00  9.0
    393 18 16  351  10 3p3(2DO) 9i      8.17881E-02  3.11319E+00 33.0
    394 18 16  151  10 3p3(2DO) 9i      8.17897E-02  3.11319E+00 11.0
    395 18 16  141  17 3p3(2DO) 9i      8.17899E-02  3.11319E+00  9.0
    396 18 16  130  21 3p3(2DO) 9h      8.17935E-02  3.11319E+00  7.0
    397 18 16  110  18 3p3(2DO) 9f      8.18217E-02  3.11322E+00  3.0
    398 18 16  320  24 3p3(2DO) 9f      8.19891E-02  3.11339E+00 15.0
    399 18 16  120  23 3p3(2DO)10p      8.42993E-02  3.11570E+00  5.0
    400 18 16  101   8 3p3(2DO)10d      9.30910E-02  3.12449E+00  1.0
    401 18 16  331  19 3p3(2DO)10d      9.32030E-02  3.12460E+00 21.0
    402 18 16  141  18 3p3(2DO)10d      9.40978E-02  3.12550E+00  9.0
    403 18 16  111  17 3p3(2DO)10d      9.45802E-02  3.12598E+00  3.0
    404 18 16  121  24 3p3(2DO)10d      9.48273E-02  3.12623E+00  5.0
    405 18 16  311  18 3p3(2DO)10d      9.50841E-02  3.12648E+00  9.0
    406 18 16  131  19 3p3(2DO)10d      9.62480E-02  3.12765E+00  7.0
    407 18 16  121  25 3p3(2DO)11s      9.66048E-02  3.12800E+00  5.0
    408 18 16  150  12 3p3(2DO)10f      1.01357E-01  3.13276E+00 11.0
    409 18 16  110  19 3p3(2DO)11p      1.01365E-01  3.13277E+00  3.0
    410 18 16  340  16 3p3(2DO)10f      1.01540E-01  3.13294E+00 27.0
    411 18 16  320  25 3p3(2DO)11p      1.01656E-01  3.13306E+00 15.0
    412 18 16  130  22 3p3(2DO)11p      1.01813E-01  3.13321E+00  7.0
    413 18 16  120  24 3p3(2DO)10f      1.01953E-01  3.13335E+00  5.0
    414 18 16  130  23 3p3(2DO)10f      1.02139E-01  3.13354E+00  7.0
    415 18 16  140  16 3p3(2DO)10f      1.02171E-01  3.13357E+00  9.0
    416 18 16  320  26 3p3(2DO)10f      1.02222E-01  3.13362E+00 15.0
    417 18 16  110  20 3p3(2DO)10f      1.02723E-01  3.13412E+00  3.0
    418 18 16  331  20 3p3(2DO)10g      1.02795E-01  3.13419E+00 21.0
    419 18 16  121  26 3p3(2DO)10g      1.02818E-01  3.13422E+00  5.0
    420 18 16  131  20 3p3(2DO)10g      1.02836E-01  3.13424E+00  7.0
    421 18 16  340  17 3p3(2DO)10h      1.02892E-01  3.13429E+00 27.0
    422 18 16  140  17 3p3(2DO)10h      1.02893E-01  3.13429E+00  9.0
    423 18 16  141  19 3p3(2DO)10i      1.02897E-01  3.13430E+00  9.0
    424 18 16  300   6 3p3(2PO) 8p      1.30200E-01  3.16160E+00  3.0
    425 18 16  100   7 3p3(2PO) 8p      1.38331E-01  3.16973E+00  1.0
    426 18 16  520   2 3s2 3p2 3d2      1.46446E-01  3.17785E+00 25.0
    427 18 16  300   7 3p3(2PO) 9p      1.74674E-01  3.20607E+00  3.0
    428 18 16  100   8 3p3(2PO) 9p      1.79905E-01  3.21130E+00  1.0
    429 18 16  300   8 3p3(2PO)10p      2.05034E-01  3.23643E+00  3.0
    430 18 16  100   9 3p3(2PO)10p      2.08114E-01  3.23951E+00  1.0
    431 18 16  100  10 3s 3p4(2DE) 3d   2.25818E-01  3.25722E+00  1.0
    432 18 16  300   9 3p3(2PO)11p      2.26619E-01  3.25802E+00  3.0
    433 18 16  520   3 3s 3p4(4PE) 4d   3.09927E-01  3.34133E+00 25.0
    434 18 16  511   2 3s 3p4(4PE) 5p   4.71712E-01  3.50311E+00 15.0
    435 18 16  531   1 3s 3p4(4PE) 4f   4.98229E-01  3.52963E+00 35.0
    436 18 16  520   4 3s2 3p2 3d2      5.33593E-01  3.56499E+00 25.0
    437 18 16  520   5 3s 3p4(4PE) 5d   6.28119E-01  3.65952E+00 25.0
    438 18 16  511   3 3s 3p4(4PE) 6p   6.98099E-01  3.72950E+00 15.0
    439 18 16  531   2 3s 3p4(4PE) 5f   7.05714E-01  3.73711E+00 35.0
    440 18 16  520   6 3s 3p4(4PE) 6d   7.77065E-01  3.80847E+00 25.0
    441 18 16  511   4 3s 3p4(4PE) 7p   8.16653E-01  3.84805E+00 15.0
    442 18 16  531   3 3s 3p4(4PE) 6f   8.18908E-01  3.85031E+00 35.0
    443 18 16  520   7 3s 3p4(4PE) 7d   8.62470E-01  3.89387E+00 25.0
    444 18 16  511   5 3s 3p4(4PE) 8p   8.86885E-01  3.91828E+00 15.0
    445 18 16  531   4 3s 3p4(4PE) 7f   8.87303E-01  3.91870E+00 35.0
    446 18 16  511   6 3s 3p3 3d2       9.08097E-01  3.93950E+00 15.0
    447 18 16  520   8 3s 3p4(4PE) 8d   9.15886E-01  3.94729E+00 25.0
    448 18 16  531   5 3s 3p4(4PE) 8f   9.31279E-01  3.96268E+00 35.0
    449 18 16  511   7 3s 3p4(4PE) 9p   9.31998E-01  3.96340E+00 15.0
    450 18 16  531   6 3s 3p3 3d2       9.43519E-01  3.97492E+00 35.0
    451 18 16  520   9 3s 3p4(4PE) 9d   9.51524E-01  3.98292E+00 25.0
    452 18 16  511   8 3s 3p4(4PE)10p   9.62709E-01  3.99411E+00 15.0
    453 18 16  531   7 3s 3p4(4PE) 9f   9.62753E-01  3.99415E+00 35.0
    454 18 16  520  10 3s 3p4(4PE)10d   9.76487E-01  4.00789E+00 25.0
    455 18 16  531   8 3s 3p4(4PE)10f   9.84337E-01  4.01574E+00 35.0
    456 18 16  511   9 3s 3p4(4PE)11p   9.84565E-01  4.01596E+00 15.0
 ====================================================================
