 ====================================================================
      i NZ NE iSLP iLV iCONF                 E(RYD)      TE(RYD)   gi
 ====================================================================
      1 18 15  401   1 3s2 3p3         -4.37133E+00  0.00000E+00  4.0
      2 18 15  221   1 3s2 3p3         -4.17128E+00  2.00050E-01 10.0
      3 18 15  211   1 3s2 3p3         -4.03133E+00  3.40000E-01  6.0
      4 18 15  410   1 3s 3p4          -3.31029E+00  1.06104E+00 12.0
      5 18 15  220   1 3s 3p4          -3.04087E+00  1.33046E+00 10.0
      6 18 15  210   1 3p2(3PE) 3d     -2.84329E+00  1.52804E+00  6.0
      7 18 15  200   1 3s 3p4          -2.71992E+00  1.65141E+00  2.0
      8 18 15  430   1 3p2(3PE) 3d     -2.70567E+00  1.66566E+00 28.0
      9 18 15  420   1 3p2(3PE) 3d     -2.65229E+00  1.71904E+00 20.0
     10 18 15  230   1 3p2(1DE) 3d:    -2.64614E+00  1.72519E+00 14.0
     11 18 15  240   1 3p2(1DE) 3d     -2.45322E+00  1.91811E+00 18.0
     12 18 15  410   2 3p2(3PE) 3d     -2.32095E+00  2.05038E+00 12.0
     13 18 15  210   2 3s 3p4          -2.28687E+00  2.08446E+00  6.0
     14 18 15  220   2 3p2(3PE) 3d:    -2.27057E+00  2.10076E+00 10.0
     15 18 15  220   3 3p2(1DE) 3d     -2.14937E+00  2.22196E+00 10.0
     16 18 15  230   2 3p2(3PE) 3d:    -2.07920E+00  2.29213E+00 14.0
     17 18 15  210   3 3p2(1DE) 3d     -2.07251E+00  2.29882E+00  6.0
     18 18 15  200   2 3p2(1DE) 3d     -2.04598E+00  2.32535E+00  2.0
     19 18 15  410   3 3p2(3PE) 4s     -2.04543E+00  2.32590E+00 12.0
     20 18 15  621   1 3s 3p3(5SO) 3d  -2.01302E+00  2.35831E+00 30.0
     21 18 15  210   4 3p2(3PE) 4s     -1.98903E+00  2.38230E+00  6.0
     22 18 15  220   4 3p2(1SE) 3d:    -1.97752E+00  2.39381E+00 10.0
     23 18 15  220   5 3p2(1DE) 4s     -1.89209E+00  2.47924E+00 10.0
     24 18 15  211   2 3p5             -1.82360E+00  2.54773E+00  6.0
     25 18 15  201   1 3p2(3PE) 4p     -1.78026E+00  2.59107E+00  2.0
     26 18 15  421   1 3s 3p3(3DO) 3d: -1.76188E+00  2.60945E+00 20.0
     27 18 15  421   2 3p2(3PE) 4p     -1.72722E+00  2.64411E+00 20.0
     28 18 15  411   1 3p2(3PE) 4p     -1.70074E+00  2.67059E+00 12.0
     29 18 15  200   3 3p2(1SE) 4s     -1.69401E+00  2.67732E+00  2.0
     30 18 15  431   1 3s 3p3(3DO) 3d  -1.69308E+00  2.67825E+00 28.0
     31 18 15  221   2 3p2(3PE) 4p     -1.68796E+00  2.68337E+00 10.0
     32 18 15  401   2 3p2(3PE) 4p     -1.67927E+00  2.69206E+00  4.0
     33 18 15  211   3 3p2(3PE) 4p     -1.64238E+00  2.72895E+00  6.0
     34 18 15  201   2 3s 3p3(3DO) 3d  -1.57281E+00  2.79852E+00  2.0
     35 18 15  231   1 3p2(1DE) 4p     -1.56800E+00  2.80333E+00 14.0
     36 18 15  221   3 3p2(1DE) 4p     -1.54922E+00  2.82211E+00 10.0
     37 18 15  441   1 3s 3p3(3DO) 3d  -1.53701E+00  2.83432E+00 36.0
     38 18 15  211   4 3p2(1DE) 4p     -1.49078E+00  2.88055E+00  6.0
     39 18 15  241   1 3s 3p3(3DO) 3d  -1.42216E+00  2.94917E+00 18.0
     40 18 15  211   5 3p2(1SE) 4p     -1.35719E+00  3.01414E+00  6.0
     41 18 15  411   2 3s 3p3(3PO) 3d  -1.35249E+00  3.01884E+00 12.0
     42 18 15  421   3 3s 3p3(3PO) 3d  -1.34802E+00  3.02331E+00 20.0
     43 18 15  221   4 3s 3p3(3PO) 3d: -1.34010E+00  3.03123E+00 10.0
     44 18 15  431   2 3s 3p3(3PO) 3d  -1.31798E+00  3.05335E+00 28.0
     45 18 15  601   1 3s 3p3(5SO) 4s  -1.28727E+00  3.08406E+00  6.0
     46 18 15  231   2 3s 3p3(3DO) 3d: -1.27742E+00  3.09391E+00 14.0
     47 18 15  401   3 3s 3p3(3DO) 3d  -1.27727E+00  3.09406E+00  4.0
     48 18 15  430   2 3p2(3PE) 4d     -1.26225E+00  3.10908E+00 28.0
     49 18 15  210   5 3p2(3PE) 4d     -1.24839E+00  3.12294E+00  6.0
     50 18 15  410   4 3p2(3PE) 4d     -1.24395E+00  3.12738E+00 12.0
     51 18 15  420   2 3p2(3PE) 4d     -1.23767E+00  3.13366E+00 20.0
     52 18 15  411   3 3s 3p3(3DO) 3d  -1.22885E+00  3.14248E+00 12.0
     53 18 15  230   3 3p2(3PE) 4d     -1.22366E+00  3.14767E+00 14.0
     54 18 15  221   5 3s 3p3(3DO) 3d: -1.18182E+00  3.18951E+00 10.0
     55 18 15  421   4 3s 3p3(5SO) 3d: -1.18140E+00  3.18993E+00 20.0
     56 18 15  220   6 3p2(3PE) 4d     -1.17339E+00  3.19794E+00 10.0
     57 18 15  401   4 3s 3p3(5SO) 4s  -1.15149E+00  3.21984E+00  4.0
     58 18 15  241   2 3s 3p3(1DO) 3d: -1.14491E+00  3.22642E+00 18.0
     59 18 15  230   4 3p2(1DE) 4d     -1.11291E+00  3.25842E+00 14.0
     60 18 15  240   2 3p2(1DE) 4d     -1.10115E+00  3.27018E+00 18.0
     61 18 15  220   7 3p2(1DE) 4d     -1.09690E+00  3.27443E+00 10.0
     62 18 15  410   5 3p2(3PE) 5s     -1.09499E+00  3.27634E+00 12.0
     63 18 15  210   6 3p2(3PE) 5s     -1.08861E+00  3.28272E+00  6.0
     64 18 15  231   3 3s 3p3(3PO) 3d  -1.08428E+00  3.28705E+00 14.0
     65 18 15  211   6 3s 3p3(3DO) 3d  -1.06946E+00  3.30187E+00  6.0
     66 18 15  421   5 3p2(3PE) 4f     -1.06757E+00  3.30376E+00 20.0
     67 18 15  210   7 3p2(1DE) 4d     -1.05939E+00  3.31194E+00  6.0
     68 18 15  441   2 3p2(3PE) 4f     -1.05530E+00  3.31603E+00 36.0
     69 18 15  200   4 3p2(1DE) 4d     -1.04770E+00  3.32363E+00  2.0
     70 18 15  221   6 3p2(3PE) 4f     -1.03111E+00  3.34022E+00 10.0
     71 18 15  231   4 3p2(3PE) 4f     -1.01111E+00  3.36022E+00 14.0
     72 18 15  241   3 3p2(3PE) 4f     -1.00575E+00  3.36558E+00 18.0
     73 18 15  431   3 3p2(3PE) 4f     -1.00215E+00  3.36918E+00 28.0
     74 18 15  201   3 3p2(3PE) 5p     -9.84898E-01  3.38643E+00  2.0
     75 18 15  421   6 3p2(3PE) 5p     -9.71654E-01  3.39968E+00 20.0
     76 18 15  221   7 3s2 3p 3d2:     -9.57769E-01  3.41356E+00 10.0
     77 18 15  610   1 3s 3p3(5SO) 4p  -9.55544E-01  3.41579E+00 18.0
     78 18 15  411   4 3p2(3PE) 5p     -9.54156E-01  3.41717E+00 12.0
     79 18 15  220   8 3p2(1DE) 5s     -9.54048E-01  3.41728E+00 10.0
     80 18 15  221   8 3p2(3PE) 5p     -9.40413E-01  3.43092E+00 10.0
     81 18 15  401   5 3p2(3PE) 5p     -9.33908E-01  3.43742E+00  4.0
     82 18 15  231   5 3p2(1DE) 4f     -9.32869E-01  3.43846E+00 14.0
     83 18 15  211   7 3p2(3PE) 5p     -9.28779E-01  3.44255E+00  6.0
     84 18 15  421   7 3s 3p3(3DO) 4s  -9.16231E-01  3.45510E+00 20.0
     85 18 15  231   6 3s2 3p 3d2:     -9.10669E-01  3.46066E+00 14.0
     86 18 15  220   9 3p2(1SE) 4d     -9.03425E-01  3.46790E+00 10.0
     87 18 15  211   8 3p2(1DE) 4f:    -8.89630E-01  3.48170E+00  6.0
     88 18 15  241   4 3p2(1DE) 4f     -8.87633E-01  3.48370E+00 18.0
     89 18 15  221   9 3p2(1DE) 4f     -8.86377E-01  3.48495E+00 10.0
     90 18 15  441   3 3s2 3p 3d2      -8.69691E-01  3.50164E+00 36.0
     91 18 15  410   6 3s 3p3(5SO) 4p  -8.68538E-01  3.50279E+00 12.0
     92 18 15  221  10 3s 3p3(3DO) 4s  -8.59926E-01  3.51140E+00 10.0
     93 18 15  421   8 3s 3p3(3SO) 3d  -8.45185E-01  3.52614E+00 20.0
     94 18 15  211   9 3s2 3p 3d2:     -8.31870E-01  3.53946E+00  6.0
     95 18 15  231   7 3p2(1DE) 5p     -8.18175E-01  3.55315E+00 14.0
     96 18 15  201   4 3s2 3p 3d2      -8.03464E-01  3.56787E+00  2.0
     97 18 15  211  10 3p2(1DE) 5p     -7.99713E-01  3.57162E+00  6.0
     98 18 15  221  11 3p2(1DE) 5p     -7.85020E-01  3.58631E+00 10.0
     99 18 15  430   3 3p2(3PE) 5d     -7.66365E-01  3.60496E+00 28.0
    100 18 15  210   8 3p2(3PE) 5d     -7.61929E-01  3.60940E+00  6.0
    101 18 15  200   5 3p2(1SE) 5s     -7.59005E-01  3.61232E+00  2.0
    102 18 15  410   7 3p2(3PE) 5d     -7.55370E-01  3.61596E+00 12.0
    103 18 15  420   3 3p2(3PE) 5d     -7.54846E-01  3.61648E+00 20.0
    104 18 15  230   5 3p2(3PE) 5d     -7.48698E-01  3.62263E+00 14.0
    105 18 15  231   8 3s 3p3(1PO) 3d  -7.46601E-01  3.62473E+00 14.0
    106 18 15  221  12 3s 3p3(1PO) 3d: -7.44586E-01  3.62674E+00 10.0
    107 18 15  411   5 3s 3p3(3PO) 4s  -7.41513E-01  3.62982E+00 12.0
    108 18 15  211  11 3s 3p3(3PO) 3d: -7.31539E-01  3.63979E+00  6.0
    109 18 15  220  10 3p2(3PE) 5d     -7.30746E-01  3.64058E+00 10.0
    110 18 15  410   8 3p2(3PE) 6s     -6.85125E-01  3.68620E+00 12.0
    111 18 15  421   9 3s2 3p 3d2      -6.77408E-01  3.69392E+00 20.0
    112 18 15  210   9 3p2(3PE) 6s     -6.77316E-01  3.69401E+00  6.0
    113 18 15  221  13 3p2(3PE) 5f     -6.67406E-01  3.70392E+00 10.0
    114 18 15  231   9 3p2(1SE) 4f:    -6.65600E-01  3.70573E+00 14.0
    115 18 15  211  12 3s 3p3(3PO) 4s  -6.62189E-01  3.70914E+00  6.0
    116 18 15  241   5 3p2(3PE) 5f     -6.60022E-01  3.71131E+00 18.0
    117 18 15  441   4 3p2(3PE) 5f     -6.51858E-01  3.71947E+00 36.0
    118 18 15  431   4 3p2(3PE) 5f     -6.50214E-01  3.72112E+00 28.0
    119 18 15  430   4 3p2(3PE) 5g     -6.45208E-01  3.72612E+00 28.0
    120 18 15  230   6 3p2(3PE) 5g     -6.45153E-01  3.72618E+00 14.0
    121 18 15  440   1 3p2(3PE) 5g     -6.37987E-01  3.73334E+00 36.0
    122 18 15  240   3 3p2(3PE) 5g     -6.37584E-01  3.73375E+00 18.0
    123 18 15  230   7 3p2(1DE) 5d     -6.36741E-01  3.73459E+00 14.0
    124 18 15  201   5 3p2(3PE) 6p     -6.28883E-01  3.74245E+00  2.0
    125 18 15  421  10 3p2(3PE) 5f     -6.28353E-01  3.74298E+00 20.0
    126 18 15  221  14 3p 3d(1DO) 4s:  -6.22304E-01  3.74903E+00 10.0
    127 18 15  231  10 3p2(3PE) 5f:    -6.19766E-01  3.75156E+00 14.0
    128 18 15  220  11 3p2(1DE) 5d     -6.19303E-01  3.75203E+00 10.0
    129 18 15  240   4 3p2(1DE) 5d     -6.17578E-01  3.75375E+00 18.0
    130 18 15  421  11 3p2(3PE) 6p     -6.16999E-01  3.75433E+00 20.0
    131 18 15  210  10 3p2(1DE) 5d     -6.13782E-01  3.75755E+00  6.0
    132 18 15  211  13 3p2(1SE) 5p     -6.13342E-01  3.75799E+00  6.0
    133 18 15  411   6 3p2(3PE) 6p     -6.12514E-01  3.75882E+00 12.0
    134 18 15  420   4 3s 3p3(3DO) 4p  -6.12418E-01  3.75891E+00 20.0
    135 18 15  401   6 3p2(3PE) 6p     -6.08572E-01  3.76276E+00  4.0
    136 18 15  430   5 3s 3p3(3DO) 4p  -6.01066E-01  3.77026E+00 28.0
    137 18 15  200   6 3p2(1DE) 5d     -5.97697E-01  3.77363E+00  2.0
    138 18 15  211  14 3p2(3PE) 6p     -5.89912E-01  3.78142E+00  6.0
    139 18 15  221  15 3p2(3PE) 6p:    -5.88024E-01  3.78331E+00 10.0
    140 18 15  210  11 3s 3p3(3DO) 4p  -5.80462E-01  3.79087E+00  6.0
    141 18 15  411   7 3s2 3p 3d2      -5.79756E-01  3.79157E+00 12.0
    142 18 15  231  11 3s2 3p 3d2      -5.66566E-01  3.80476E+00 14.0
    143 18 15  211  15 3p2(1DE) 5f:    -5.63711E-01  3.80762E+00  6.0
    144 18 15  431   5 3s2 3p 3d2      -5.61100E-01  3.81023E+00 28.0
    145 18 15  230   8 3s 3p3(3DO) 4p  -5.52943E-01  3.81839E+00 14.0
    146 18 15  220  12 3p2(1DE) 6s     -5.48242E-01  3.82309E+00 10.0
    147 18 15  221  16 3p2(1DE) 5f     -5.47452E-01  3.82388E+00 10.0
    148 18 15  410   9 3s 3p3(3DO) 4p  -5.42366E-01  3.82896E+00 12.0
    149 18 15  241   6 3p2(1DE) 5f     -5.33783E-01  3.83755E+00 18.0
    150 18 15  231  12 3p2(1DE) 5f     -5.24468E-01  3.84686E+00 14.0
    151 18 15  210  12 3p2(3PE) 6d     -5.12992E-01  3.85834E+00  6.0
    152 18 15  410  10 3p2(3PE) 6d     -5.11905E-01  3.85942E+00 12.0
    153 18 15  420   5 3p2(3PE) 6d     -5.11608E-01  3.85972E+00 20.0
    154 18 15  240   5 3p2(1DE) 5g     -5.10294E-01  3.86104E+00 18.0
    155 18 15  430   6 3p2(3PE) 6d     -5.09337E-01  3.86199E+00 28.0
    156 18 15  230   9 3p2(3PE) 6d     -5.06094E-01  3.86524E+00 14.0
    157 18 15  230  10 3p2(1DE) 5g     -5.05363E-01  3.86597E+00 14.0
    158 18 15  220  13 3p2(3PE) 6d     -5.02213E-01  3.86912E+00 10.0
    159 18 15  220  14 3p2(1DE) 5g     -4.99756E-01  3.87157E+00 10.0
    160 18 15  621   2 3s 3p3(5SO) 4d  -4.95515E-01  3.87581E+00 30.0
    161 18 15  220  15 3s 3p3(3DO) 4p  -4.87375E-01  3.88395E+00 10.0
    162 18 15  231  13 3p2(1DE) 6p     -4.77783E-01  3.89355E+00 14.0
    163 18 15  221  17 3p2(1DE) 6p     -4.77591E-01  3.89374E+00 10.0
    164 18 15  221  18 3p2(3PE) 6f     -4.73078E-01  3.89825E+00 10.0
    165 18 15  241   7 3p2(3PE) 6f     -4.70874E-01  3.90046E+00 18.0
    166 18 15  211  16 3p2(1DE) 6p     -4.69431E-01  3.90190E+00  6.0
    167 18 15  410  11 3p2(3PE) 7s     -4.69053E-01  3.90228E+00 12.0
    168 18 15  421  12 3p2(3PE) 6f     -4.65851E-01  3.90548E+00 20.0
    169 18 15  210  13 3p2(3PE) 7s     -4.64769E-01  3.90656E+00  6.0
    170 18 15  211  17 3s 3p3(1PO) 3d  -4.61206E-01  3.91012E+00  6.0
    171 18 15  441   5 3p2(3PE) 6f     -4.54865E-01  3.91646E+00 36.0
    172 18 15  231  14 3p2(3PE) 6f     -4.52120E-01  3.91921E+00 14.0
    173 18 15  431   6 3p2(3PE) 6f     -4.50712E-01  3.92062E+00 28.0
    174 18 15  430   7 3p2(3PE) 6g     -4.47840E-01  3.92349E+00 28.0
    175 18 15  230  11 3p2(3PE) 6g     -4.47635E-01  3.92369E+00 14.0
    176 18 15  440   2 3p2(3PE) 6g     -4.43868E-01  3.92746E+00 36.0
    177 18 15  240   6 3p2(3PE) 6g     -4.43484E-01  3.92785E+00 18.0
    178 18 15  421  13 3s 3p3(5SO) 4d  -4.38618E-01  3.93271E+00 20.0
    179 18 15  201   6 3p2(3PE) 7p     -4.38379E-01  3.93295E+00  2.0
    180 18 15  221  19 3s 3p3(1DO) 3d: -4.29581E-01  3.94175E+00 10.0
    181 18 15  421  14 3p2(3PE) 7p     -4.29440E-01  3.94189E+00 20.0
    182 18 15  411   8 3p2(3PE) 7p     -4.27876E-01  3.94345E+00 12.0
    183 18 15  220  16 3p2(1SE) 5d     -4.27782E-01  3.94355E+00 10.0
    184 18 15  401   7 3p2(3PE) 7p     -4.27474E-01  3.94386E+00  4.0
    185 18 15  241   8 3s2 3p 3d2      -4.25554E-01  3.94578E+00 18.0
    186 18 15  400   1 3s 3p3(3PO) 4p  -4.22349E-01  3.94898E+00  4.0
    187 18 15  221  20 3p2(3PE) 7p     -4.21403E-01  3.94993E+00 10.0
    188 18 15  420   6 3s 3p3(3PO) 4p  -4.18385E-01  3.95294E+00 20.0
    189 18 15  211  18 3p2(3PE) 7p     -4.17935E-01  3.95339E+00  6.0
    190 18 15  210  14 3s 3p3(3PO) 4p  -3.88436E-01  3.98289E+00  6.0
    191 18 15  410  12 3s 3p3(3PO) 4p  -3.86620E-01  3.98471E+00 12.0
    192 18 15  230  12 3p2(1DE) 6d     -3.81014E-01  3.99032E+00 14.0
    193 18 15  220  17 3p2(1DE) 6d     -3.74325E-01  3.99700E+00 10.0
    194 18 15  240   7 3p2(1DE) 6d     -3.72757E-01  3.99857E+00 18.0
    195 18 15  210  15 3p2(3PE) 7d     -3.71122E-01  4.00021E+00  6.0
    196 18 15  221  21 3p2(3PE) 7f:    -3.71028E-01  4.00030E+00 10.0
    197 18 15  430   8 3p2(3PE) 7d     -3.68153E-01  4.00318E+00 28.0
    198 18 15  410  13 3p2(3PE) 7d     -3.67837E-01  4.00349E+00 12.0
    199 18 15  200   7 3p2(1DE) 6d     -3.66328E-01  4.00500E+00  2.0
    200 18 15  420   7 3p2(3PE) 7d     -3.65591E-01  4.00574E+00 20.0
    201 18 15  230  13 3p2(3PE) 7d     -3.64211E-01  4.00712E+00 14.0
    202 18 15  220  18 3p2(3PE) 7d     -3.61421E-01  4.00991E+00 10.0
    203 18 15  421  15 3p2(3PE) 7f:    -3.61137E-01  4.01019E+00 20.0
    204 18 15  220  19 3s 3p3(3PO) 4p  -3.54709E-01  4.01662E+00 10.0
    205 18 15  210  16 3p2(1DE) 6d     -3.51238E-01  4.02009E+00  6.0
    206 18 15  231  15 3p2(3PE) 7f:    -3.50489E-01  4.02084E+00 14.0
    207 18 15  200   8 3p2(1SE) 6s     -3.49247E-01  4.02208E+00  2.0
    208 18 15  420   8 3p4 3d          -3.43351E-01  4.02798E+00 20.0
    209 18 15  410  14 3p2(3PE) 8s     -3.40972E-01  4.03036E+00 12.0
    210 18 15  210  17 3p2(3PE) 8s     -3.38153E-01  4.03318E+00  6.0
    211 18 15  231  16 3p2(1DE) 6f     -3.37905E-01  4.03342E+00 14.0
    212 18 15  601   2 3s 3p3(5SO) 5s  -3.36856E-01  4.03447E+00  6.0
    213 18 15  441   6 3p2(3PE) 7f     -3.33923E-01  4.03741E+00 36.0
    214 18 15  241   9 3p2(3PE) 7f     -3.33852E-01  4.03748E+00 18.0
    215 18 15  431   7 3p2(3PE) 7f     -3.31314E-01  4.04002E+00 28.0
    216 18 15  220  20 3p2(1DE) 7s     -3.31017E-01  4.04031E+00 10.0
    217 18 15  430   9 3p2(3PE) 7g     -3.29366E-01  4.04196E+00 28.0
    218 18 15  230  14 3p2(3PE) 7g     -3.28728E-01  4.04260E+00 14.0
    219 18 15  440   3 3p2(3PE) 7g     -3.26375E-01  4.04495E+00 36.0
    220 18 15  240   8 3p2(3PE) 7g     -3.26078E-01  4.04525E+00 18.0
    221 18 15  201   7 3p2(3PE) 8p     -3.24237E-01  4.04709E+00  2.0
    222 18 15  401   8 3p2(3PE) 8p     -3.22440E-01  4.04889E+00  4.0
    223 18 15  241  10 3p2(1DE) 6f     -3.21140E-01  4.05019E+00 18.0
    224 18 15  231  17 3p2(1SE) 5f     -3.19303E-01  4.05203E+00 14.0
    225 18 15  421  16 3p2(3PE) 8p     -3.17611E-01  4.05372E+00 20.0
    226 18 15  411   9 3p2(3PE) 8p     -3.15938E-01  4.05539E+00 12.0
    227 18 15  240   9 3p2(1DE) 6g     -3.15859E-01  4.05547E+00 18.0
    228 18 15  430  10 3s 3p3(5SO) 4f  -3.15644E-01  4.05569E+00 28.0
    229 18 15  221  22 3p2(3PE) 8p     -3.15457E-01  4.05587E+00 10.0
    230 18 15  211  19 3p2(3PE) 8p     -3.13464E-01  4.05787E+00  6.0
    231 18 15  221  23 3s 3p3(3SO) 3d  -3.10515E-01  4.06081E+00 10.0
    232 18 15  230  15 3p2(1DE) 6g     -3.10096E-01  4.06123E+00 14.0
    233 18 15  211  20 3p2(1DE) 6f     -3.07192E-01  4.06414E+00  6.0
    234 18 15  421  17 3s2 3p 3d2      -3.06733E-01  4.06460E+00 20.0
    235 18 15  220  21 3p2(1DE) 6g     -3.06670E-01  4.06466E+00 10.0
    236 18 15  240  10 3p2(1SE) 5g     -3.05651E-01  4.06568E+00 18.0
    237 18 15  221  24 3p2(1DE) 6f     -3.00563E-01  4.07077E+00 10.0
    238 18 15  630   1 3s 3p3(5SO) 4f  -2.96402E-01  4.07493E+00 42.0
    239 18 15  201   8 3s 3p3(1DO) 3d: -2.95964E-01  4.07537E+00  2.0
    240 18 15  230  16 3p 3d(1DO) 4p   -2.94619E-01  4.07671E+00 14.0
    241 18 15  401   9 3s 3p3(5SO) 5s  -2.93395E-01  4.07793E+00  4.0
    242 18 15  231  18 3p2(1DE) 7p     -2.93031E-01  4.07830E+00 14.0
    243 18 15  221  25 3p2(1DE) 7p     -2.91967E-01  4.07936E+00 10.0
    244 18 15  211  21 3p2(1DE) 7p     -2.88642E-01  4.08269E+00  6.0
    245 18 15  431   8 3p 3d(3FO) 4s   -2.86067E-01  4.08526E+00 28.0
    246 18 15  210  18 3p2(3PE) 8d     -2.84440E-01  4.08689E+00  6.0
    247 18 15  410  15 3p2(3PE) 8d     -2.78403E-01  4.09293E+00 12.0
    248 18 15  430  11 3p2(3PE) 8d     -2.77725E-01  4.09360E+00 28.0
    249 18 15  220  22 3p2(3PE) 8d     -2.77557E-01  4.09377E+00 10.0
    250 18 15  211  22 3p2(1SE) 6p     -2.77526E-01  4.09380E+00  6.0
    251 18 15  420   9 3p2(3PE) 8d     -2.74210E-01  4.09712E+00 20.0
    252 18 15  211  23 3s2 3p 3d2      -2.73745E-01  4.09758E+00  6.0
    253 18 15  200   9 3s 3p3(3PO) 4p  -2.73625E-01  4.09770E+00  2.0
    254 18 15  231  19 3s2 3p 3d2      -2.73450E-01  4.09788E+00 14.0
    255 18 15  230  17 3p2(3PE) 8d     -2.71353E-01  4.09998E+00 14.0
    256 18 15  220  23 3p 3d(1DO) 4p   -2.67509E-01  4.10382E+00 10.0
    257 18 15  210  19 3p 3d(1DO) 4p:  -2.62287E-01  4.10904E+00  6.0
    258 18 15  410  16 3p2(3PE) 9s     -2.59764E-01  4.11157E+00 12.0
    259 18 15  241  11 3p2(3PE) 8f     -2.58078E-01  4.11325E+00 18.0
    260 18 15  401  10 3s 3p3(3SO) 4s  -2.56329E-01  4.11500E+00  4.0
    261 18 15  210  20 3p2(3PE) 9s:    -2.56145E-01  4.11518E+00  6.0
    262 18 15  441   7 3p2(3PE) 8f     -2.55315E-01  4.11601E+00 36.0
    263 18 15  431   9 3p2(3PE) 8f     -2.53414E-01  4.11792E+00 28.0
    264 18 15  201   9 3p2(3PE) 9p     -2.52140E-01  4.11919E+00  2.0
    265 18 15  430  12 3p2(3PE) 8g     -2.51682E-01  4.11965E+00 28.0
    266 18 15  230  18 3p2(3PE) 8g     -2.51576E-01  4.11975E+00 14.0
    267 18 15  440   4 3p2(3PE) 8g     -2.49983E-01  4.12135E+00 36.0
    268 18 15  240  11 3p2(3PE) 8g     -2.49767E-01  4.12156E+00 18.0
    269 18 15  221  26 3p2(3PE) 8f     -2.49541E-01  4.12179E+00 10.0
    270 18 15  421  18 3p2(3PE) 8f     -2.46619E-01  4.12471E+00 20.0
    271 18 15  231  20 3p2(3PE) 8f:    -2.45173E-01  4.12616E+00 14.0
    272 18 15  421  19 3p2(3PE) 9p     -2.43770E-01  4.12756E+00 20.0
    273 18 15  411  10 3p2(3PE) 9p     -2.42868E-01  4.12846E+00 12.0
    274 18 15  221  27 3p2(3PE) 9p     -2.40591E-01  4.13074E+00 10.0
    275 18 15  211  24 3p2(3PE) 9p     -2.39965E-01  4.13136E+00  6.0
    276 18 15  401  11 3p2(3PE) 9p     -2.37457E-01  4.13387E+00  4.0
    277 18 15  410  17 3s 3p3(5SO) 5p  -2.35380E-01  4.13595E+00 12.0
    278 18 15  220  24 3p2(1DE) 7d     -2.31922E-01  4.13941E+00 10.0
    279 18 15  230  19 3p2(1DE) 7d     -2.31003E-01  4.14033E+00 14.0
    280 18 15  240  12 3p2(1DE) 7d     -2.30605E-01  4.14072E+00 18.0
    281 18 15  231  21 3p 3d(3FO) 4s   -2.29463E-01  4.14187E+00 14.0
    282 18 15  210  21 3p2(1DE) 7d     -2.27012E-01  4.14432E+00  6.0
    283 18 15  200  10 3p2(1DE) 7d     -2.24343E-01  4.14699E+00  2.0
    284 18 15  211  25 3s 3p3(1PO) 4s: -2.18285E-01  4.15304E+00  6.0
    285 18 15  430  13 3p2(3PE) 9d     -2.16936E-01  4.15439E+00 28.0
    286 18 15  410  18 3p2(3PE) 9d     -2.16866E-01  4.15446E+00 12.0
    287 18 15  210  22 3p2(3PE) 9d     -2.16020E-01  4.15531E+00  6.0
    288 18 15  420  10 3p2(3PE) 9d     -2.14809E-01  4.15652E+00 20.0
    289 18 15  230  20 3p2(3PE) 9d     -2.14731E-01  4.15660E+00 14.0
    290 18 15  220  25 3p2(3PE) 9d     -2.13439E-01  4.15789E+00 10.0
    291 18 15  201  10 3s 3p3(3DO) 4d: -2.11687E-01  4.15964E+00  2.0
    292 18 15  241  12 3p2(3PE) 9f:    -2.08012E-01  4.16332E+00 18.0
    293 18 15  220  26 3p4 3d          -2.05408E-01  4.16592E+00 10.0
    294 18 15  210  23 3p4 3d          -2.04915E-01  4.16641E+00  6.0
    295 18 15  231  22 3p2(3PE) 9f     -2.04483E-01  4.16685E+00 14.0
    296 18 15  410  19 3p2(3PE)10s     -2.04367E-01  4.16696E+00 12.0
    297 18 15  220  27 3p2(1DE) 8s     -2.04133E-01  4.16720E+00 10.0
    298 18 15  210  24 3p2(3PE)10s     -2.02784E-01  4.16855E+00  6.0
    299 18 15  610   2 3s 3p3(5SO) 5p  -2.01941E-01  4.16939E+00 18.0
    300 18 15  441   8 3p2(3PE) 9f     -2.01555E-01  4.16978E+00 36.0
    301 18 15  211  26 3p2(1DE) 7f     -2.00935E-01  4.17039E+00  6.0
    302 18 15  241  13 3p2(1DE) 7f     -2.00197E-01  4.17113E+00 18.0
    303 18 15  221  28 3p2(3PE) 9f     -2.00128E-01  4.17120E+00 10.0
    304 18 15  431  10 3p2(3PE) 9f     -2.00125E-01  4.17120E+00 28.0
    305 18 15  430  14 3p2(3PE) 9g     -1.99335E-01  4.17199E+00 28.0
    306 18 15  230  21 3p2(3PE) 9g     -1.98717E-01  4.17261E+00 14.0
    307 18 15  440   5 3p2(3PE) 9g     -1.97562E-01  4.17377E+00 36.0
    308 18 15  240  13 3p2(3PE) 9g     -1.97470E-01  4.17386E+00 18.0
    309 18 15  421  20 3p2(3PE) 9f     -1.96996E-01  4.17433E+00 20.0
    310 18 15  240  14 3p2(1DE) 7g     -1.95260E-01  4.17607E+00 18.0
    311 18 15  421  21 3p2(3PE)10p     -1.93206E-01  4.17812E+00 20.0
    312 18 15  411  11 3p2(3PE)10p     -1.92554E-01  4.17878E+00 12.0
    313 18 15  221  29 3p2(1DE) 7f     -1.91933E-01  4.17940E+00 10.0
    314 18 15  230  22 3p2(1DE) 7g     -1.91499E-01  4.17983E+00 14.0
    315 18 15  221  30 3p2(3PE)10p     -1.91205E-01  4.18012E+00 10.0
    316 18 15  401  12 3p2(3PE)10p     -1.90421E-01  4.18091E+00  4.0
    317 18 15  220  28 3p2(1DE) 7g     -1.89783E-01  4.18155E+00 10.0
    318 18 15  211  27 3p2(3PE)10p     -1.88507E-01  4.18282E+00  6.0
    319 18 15  231  23 3p2(1DE) 7f     -1.86374E-01  4.18496E+00 14.0
    320 18 15  201  11 3p2(3PE)10p:    -1.85628E-01  4.18570E+00  2.0
    321 18 15  430  15 3p4 3d          -1.84627E-01  4.18670E+00 28.0
    322 18 15  240  15 3p4 3d          -1.81627E-01  4.18970E+00 18.0
    323 18 15  221  31 3p2(1DE) 8p     -1.80593E-01  4.19074E+00 10.0
    324 18 15  231  24 3p2(1DE) 8p     -1.79771E-01  4.19156E+00 14.0
    325 18 15  220  29 3p2(1SE) 6d     -1.76586E-01  4.19474E+00 10.0
    326 18 15  410  20 3p2(3PE)10d     -1.74963E-01  4.19637E+00 12.0
    327 18 15  211  28 3p2(1DE) 8p     -1.74121E-01  4.19721E+00  6.0
    328 18 15  430  16 3p2(3PE)10d     -1.74055E-01  4.19727E+00 28.0
    329 18 15  210  25 3p2(3PE)10d     -1.73560E-01  4.19777E+00  6.0
    330 18 15  230  23 3p2(3PE)10d     -1.72763E-01  4.19857E+00 14.0
    331 18 15  420  11 3p2(3PE)10d     -1.72624E-01  4.19871E+00 20.0
    332 18 15  220  30 3p2(3PE)10d     -1.71235E-01  4.20009E+00 10.0
    333 18 15  241  14 3p2(3PE)10f:    -1.68288E-01  4.20304E+00 18.0
    334 18 15  211  29 3s 3p3(3DO) 4d: -1.66642E-01  4.20469E+00  6.0
    335 18 15  410  21 3p2(3PE)11s     -1.65189E-01  4.20614E+00 12.0
    336 18 15  221  32 3p2(3PE)10f     -1.64256E-01  4.20707E+00 10.0
    337 18 15  210  26 3p2(3PE)11s     -1.64034E-01  4.20730E+00  6.0
    338 18 15  441   9 3p2(3PE)10f     -1.63692E-01  4.20764E+00 36.0
    339 18 15  231  25 3p2(3PE)10f     -1.63020E-01  4.20831E+00 14.0
    340 18 15  431  11 3p2(3PE)10f     -1.62219E-01  4.20911E+00 28.0
    341 18 15  230  24 3p2(3PE)10g     -1.60921E-01  4.21041E+00 14.0
    342 18 15  430  17 3p2(3PE)10g     -1.60539E-01  4.21079E+00 28.0
    343 18 15  421  22 3p2(3PE)10f     -1.60200E-01  4.21113E+00 20.0
    344 18 15  440   6 3p2(3PE)10g     -1.60047E-01  4.21128E+00 36.0
    345 18 15  630   2 3s 3p2 3d2      -1.55823E-01  4.21551E+00 42.0
    346 18 15  200  11 3p2(1DE) 8d     -1.40179E-01  4.23115E+00  2.0
    347 18 15  200  12 3p2(1SE) 7s     -1.32132E-01  4.23920E+00  2.0
    348 18 15  200  13 3p2(1DE) 9d     -7.78410E-02  4.29349E+00  2.0
    349 18 15  200  14 3p2(1DE)10d     -3.62123E-02  4.33512E+00  2.0
    350 18 15  621   3 3s 3p3(5SO) 5d  -3.33220E-03  4.36800E+00 30.0
    351 18 15  610   3 3s 3p2 3d2       6.97748E-02  4.44110E+00 18.0
    352 18 15  601   3 3s 3p3(5SO) 6s   7.08551E-02  4.44218E+00  6.0
    353 18 15  630   3 3s 3p3(5SO) 5f   1.01082E-01  4.47241E+00 42.0
    354 18 15  641   1 3s 3p3(5SO) 5g   1.13217E-01  4.48455E+00 54.0
    355 18 15  610   4 3s 3p3(5SO) 6p   1.39744E-01  4.51107E+00 18.0
    356 18 15  621   4 3s 3p3(5SO) 6d   2.44014E-01  4.61534E+00 30.0
    357 18 15  601   4 3s 3p3(5SO) 7s   2.85786E-01  4.65712E+00  6.0
    358 18 15  400   2 3p 3d(3PO) 4p    2.86847E-01  4.65818E+00  4.0
    359 18 15  630   4 3s 3p3(5SO) 6f   2.99419E-01  4.67075E+00 42.0
    360 18 15  641   2 3s 3p3(5SO) 6g   3.08789E-01  4.68012E+00 54.0
    361 18 15  610   5 3s 3p3(5SO) 7p   3.25311E-01  4.69664E+00 18.0
    362 18 15  400   3 3s 3p3(3PO) 5p   3.27181E-01  4.69851E+00  4.0
    363 18 15  621   5 3s 3p3(5SO) 7d   3.87084E-01  4.75841E+00 30.0
    364 18 15  601   5 3s 3p3(5SO) 8s   4.12926E-01  4.78426E+00  6.0
    365 18 15  630   5 3s 3p3(5SO) 7f   4.20372E-01  4.79170E+00 42.0
    366 18 15  641   3 3s 3p3(5SO) 7g   4.26826E-01  4.79816E+00 54.0
    367 18 15  610   6 3s 3p3(5SO) 8p   4.37771E-01  4.80910E+00 18.0
    368 18 15  621   6 3s 3p3(5SO) 8d   4.77330E-01  4.84866E+00 30.0
    369 18 15  601   6 3s 3p3(5SO) 9s   4.94412E-01  4.86574E+00  6.0
    370 18 15  630   6 3s 3p3(5SO) 8f   4.98956E-01  4.87029E+00 42.0
    371 18 15  641   4 3s 3p3(5SO) 8g   5.03471E-01  4.87480E+00 54.0
    372 18 15  610   7 3s 3p3(5SO) 9p   5.11050E-01  4.88238E+00 18.0
    373 18 15  621   7 3s 3p3(5SO) 9d   5.37915E-01  4.90924E+00 30.0
    374 18 15  601   7 3s 3p3(5SO)10s   5.49787E-01  4.92112E+00  6.0
    375 18 15  630   7 3s 3p3(5SO) 9f   5.52778E-01  4.92411E+00 42.0
    376 18 15  641   5 3s 3p3(5SO) 9g   5.56027E-01  4.92736E+00 54.0
    377 18 15  610   8 3s 3p3(5SO)10p   5.61474E-01  4.93280E+00 18.0
    378 18 15  621   8 3s 3p3(5SO)10d   5.80555E-01  4.95188E+00 30.0
    379 18 15  601   8 3s 3p3(5SO)11s   5.89137E-01  4.96047E+00  6.0
    380 18 15  630   8 3s 3p3(5SO)10f   5.91216E-01  4.96255E+00 42.0
    381 18 15  641   6 3s 3p3(5SO)10g   5.93622E-01  4.96495E+00 54.0
    382 18 15  400   4 3s 3p3(3PO) 6p   6.66060E-01  5.03739E+00  4.0
    383 18 15  400   5 3s 3p2 3d2       6.86667E-01  5.05800E+00  4.0
    384 18 15  400   6 3p 3d(3FO) 4f    7.22652E-01  5.09398E+00  4.0
    385 18 15  400   7 3s 3p3(3PO) 7p   8.51380E-01  5.22271E+00  4.0
    386 18 15  400   8 3s 3p3(3PO) 8p   9.63595E-01  5.33492E+00  4.0
    387 18 15  400   9 3s 3p2 3d2       9.93932E-01  5.36526E+00  4.0
    388 18 15  400  10 3s 3p3(3PO) 9p   1.03644E+00  5.40777E+00  4.0
    389 18 15  400  11 3p 3d(3PO) 5p    1.04012E+00  5.41145E+00  4.0
    390 18 15  400  12 3s 3p3(3PO)10p   1.08713E+00  5.45846E+00  4.0
 ====================================================================
