 ====================================================================
      i NZ NE iSLP iLV iCONF                 E(RYD)      TE(RYD)   gi
 ====================================================================
      1 18 14  310   1 3s2 3p2         -5.48642E+00  0.00000E+00  9.0
      2 18 14  120   1 3s2 3p2         -5.34632E+00  1.40100E-01  5.0
      3 18 14  100   1 3s2 3p2         -5.12279E+00  3.63630E-01  1.0
      4 18 14  501   1 3s 3p3          -4.76002E+00  7.26400E-01  5.0
      5 18 14  321   1 3s 3p3          -4.41115E+00  1.07527E+00 15.0
      6 18 14  311   1 3s 3p3          -4.20894E+00  1.27748E+00  9.0
      7 18 14  121   1 3s 3p3          -4.09749E+00  1.38893E+00  5.0
      8 18 14  331   1 3s2 3p 3d       -3.78318E+00  1.70324E+00 21.0
      9 18 14  301   1 3s 3p3          -3.70957E+00  1.77685E+00  3.0
     10 18 14  111   1 3s 3p3          -3.68126E+00  1.80516E+00  3.0
     11 18 14  311   2 3s2 3p 3d       -3.48652E+00  1.99990E+00  9.0
     12 18 14  121   2 3s2 3p 3d       -3.43713E+00  2.04929E+00  5.0
     13 18 14  321   2 3s2 3p 3d       -3.42291E+00  2.06351E+00 15.0
     14 18 14  131   1 3s2 3p 3d       -3.22705E+00  2.25937E+00  7.0
     15 18 14  111   2 3s2 3p 3d       -3.13828E+00  2.34814E+00  3.0
     16 18 14  310   2 3p4             -3.08360E+00  2.40282E+00  9.0
     17 18 14  120   2 3p4             -3.01366E+00  2.47276E+00  5.0
     18 18 14  530   1 3s 3p2(4PE) 3d  -3.00399E+00  2.48243E+00 35.0
     19 18 14  520   1 3s 3p2(4PE) 3d  -2.92971E+00  2.55671E+00 25.0
     20 18 14  330   1 3s 3p2(4PE) 3d  -2.80754E+00  2.67888E+00 21.0
     21 18 14  311   3 3s2 3p 4s       -2.78396E+00  2.70246E+00  9.0
     22 18 14  111   3 3s2 3p 4s       -2.74433E+00  2.74209E+00  3.0
     23 18 14  510   1 3s 3p2(4PE) 3d  -2.68062E+00  2.80580E+00 15.0
     24 18 14  100   2 3p4             -2.60925E+00  2.87717E+00  1.0
     25 18 14  310   3 3s 3p2(4PE) 3d  -2.55491E+00  2.93151E+00  9.0
     26 18 14  340   1 3s 3p2(2DE) 3d  -2.47886E+00  3.00756E+00 27.0
     27 18 14  110   1 3s2 3p 4p       -2.46295E+00  3.02347E+00  3.0
     28 18 14  320   1 3s2 3p 4p       -2.43187E+00  3.05455E+00 15.0
     29 18 14  140   1 3s 3p2(2DE) 3d  -2.41020E+00  3.07622E+00  9.0
     30 18 14  320   2 3s 3p2(4PE) 3d  -2.39106E+00  3.09536E+00 15.0
     31 18 14  310   4 3s2 3p 4p       -2.38031E+00  3.10611E+00  9.0
     32 18 14  300   1 3s2 3p 4p       -2.37236E+00  3.11406E+00  3.0
     33 18 14  130   1 3s 3p2(2DE) 3d  -2.34101E+00  3.14541E+00  7.0
     34 18 14  120   3 3s2 3p 4p       -2.31726E+00  3.16916E+00  5.0
     35 18 14  330   2 3s 3p2(2DE) 3d  -2.26691E+00  3.21951E+00 21.0
     36 18 14  320   3 3p4:            -2.22968E+00  3.25674E+00 15.0
     37 18 14  100   3 3s2 3p 4p       -2.21489E+00  3.27153E+00  1.0
     38 18 14  310   5 3s 3p2(2DE) 3d  -2.20914E+00  3.27728E+00  9.0
     39 18 14  110   2 3s 3p2(2PE) 3d: -2.19698E+00  3.28944E+00  3.0
     40 18 14  300   2 3s 3p2(2DE) 3d  -2.12491E+00  3.36151E+00  3.0
     41 18 14  330   3 3p3 3d          -2.07423E+00  3.41219E+00 21.0
     42 18 14  320   4 3s2 3d2:        -2.07051E+00  3.41591E+00 15.0
     43 18 14  120   4 3s 3p2(2DE) 3d  -2.05961E+00  3.42681E+00  5.0
     44 18 14  320   5 3p3 3d:         -1.94085E+00  3.54557E+00 15.0
     45 18 14  510   2 3s 3p2(4PE) 4s  -1.90388E+00  3.58254E+00 15.0
     46 18 14  121   3 3s2 3p 4d       -1.88580E+00  3.60062E+00  5.0
     47 18 14  321   3 3s2 3p 4d       -1.86873E+00  3.61769E+00 15.0
     48 18 14  331   2 3s2 3p 4d       -1.86025E+00  3.62617E+00 21.0
     49 18 14  120   5 3s 3p2(2SE) 3d  -1.85541E+00  3.63101E+00  5.0
     50 18 14  311   4 3s2 3p 4d       -1.82900E+00  3.65742E+00  9.0
     51 18 14  100   4 3s 3p2(2DE) 3d  -1.82133E+00  3.66509E+00  1.0
     52 18 14  131   2 3s2 3p 4d       -1.80804E+00  3.67838E+00  7.0
     53 18 14  111   4 3s2 3p 4d       -1.78893E+00  3.69749E+00  3.0
     54 18 14  310   6 3s 3p2(4PE) 4s  -1.78081E+00  3.70561E+00  9.0
     55 18 14  130   2 3s 3p2(2PE) 3d  -1.74562E+00  3.74080E+00  7.0
     56 18 14  110   3 3s 3p2(2DE) 3d  -1.70270E+00  3.78372E+00  3.0
     57 18 14  330   4 3s2 3p 4f:      -1.66572E+00  3.82070E+00 21.0
     58 18 14  310   7 3s 3p2(2PE) 3d  -1.65548E+00  3.83094E+00  9.0
     59 18 14  140   2 3s2 3p 4f       -1.65522E+00  3.83120E+00  9.0
     60 18 14  340   2 3s2 3p 4f       -1.60084E+00  3.88558E+00 27.0
     61 18 14  120   6 3s2 3p 4f       -1.58648E+00  3.89994E+00  5.0
     62 18 14  320   6 3s 3p2(2DE) 4s  -1.57632E+00  3.91010E+00 15.0
     63 18 14  101   1 3p3 3d          -1.56976E+00  3.91666E+00  1.0
     64 18 14  301   2 3s 3p2(4PE) 4p  -1.55418E+00  3.93224E+00  3.0
     65 18 14  311   5 3s2 3p 5s       -1.54982E+00  3.93660E+00  9.0
     66 18 14  320   7 3s2 3p 4f:      -1.54845E+00  3.93797E+00 15.0
     67 18 14  521   1 3s 3p2(4PE) 4p  -1.54207E+00  3.94435E+00 25.0
     68 18 14  111   5 3s2 3p 5s       -1.53326E+00  3.95316E+00  3.0
     69 18 14  331   3 3p3 3d          -1.50453E+00  3.98189E+00 21.0
     70 18 14  511   1 3s 3p2(4PE) 4p  -1.50364E+00  3.98278E+00 15.0
     71 18 14  120   7 3s 3p2(2DE) 4s  -1.50031E+00  3.98611E+00  5.0
     72 18 14  130   3 3s2 3p 4f       -1.49366E+00  3.99276E+00  7.0
     73 18 14  321   4 3p3 3d          -1.48591E+00  4.00051E+00 15.0
     74 18 14  501   2 3s 3p2(4PE) 4p  -1.47281E+00  4.01361E+00  5.0
     75 18 14  330   5 3s2 3d2         -1.46322E+00  4.02320E+00 21.0
     76 18 14  321   5 3s 3p2(4PE) 4p  -1.44734E+00  4.03908E+00 15.0
     77 18 14  521   2 3p3 3d          -1.41777E+00  4.06865E+00 25.0
     78 18 14  110   4 3s2 3p 5p       -1.41072E+00  4.07570E+00  3.0
     79 18 14  341   1 3p3 3d          -1.39921E+00  4.08721E+00 27.0
     80 18 14  311   6 3s 3p2(4PE) 4p  -1.39648E+00  4.08994E+00  9.0
     81 18 14  120   8 3s 3p2(2PE) 3d  -1.39334E+00  4.09308E+00  5.0
     82 18 14  320   8 3s2 3p 5p       -1.38374E+00  4.10268E+00 15.0
     83 18 14  300   3 3s2 3p 5p       -1.38130E+00  4.10512E+00  3.0
     84 18 14  310   8 3s2 3p 5p       -1.37536E+00  4.11106E+00  9.0
     85 18 14  140   3 3s2 3d2         -1.35870E+00  4.12772E+00  9.0
     86 18 14  310   9 3s2 3d2         -1.34656E+00  4.13986E+00  9.0
     87 18 14  120   9 3s2 3p 5p       -1.33155E+00  4.15487E+00  5.0
     88 18 14  100   5 3s2 3p 5p       -1.31200E+00  4.17442E+00  1.0
     89 18 14  120  10 3s2 3d2         -1.30355E+00  4.18287E+00  5.0
     90 18 14  121   4 3p3 3d          -1.26246E+00  4.22396E+00  5.0
     91 18 14  141   1 3p3 3d          -1.25049E+00  4.23593E+00  9.0
     92 18 14  331   4 3s 3p2(2DE) 4p  -1.21782E+00  4.26860E+00 21.0
     93 18 14  541   1 3s 3p 3d2       -1.20724E+00  4.27918E+00 45.0
     94 18 14  300   4 3s 3p2(2SE) 4s  -1.20066E+00  4.28576E+00  3.0
     95 18 14  321   6 3s 3p2(2DE) 4p  -1.19290E+00  4.29352E+00 15.0
     96 18 14  131   3 3s 3p2(2DE) 4p  -1.16728E+00  4.31914E+00  7.0
     97 18 14  121   5 3s2 3p 5d       -1.16653E+00  4.31989E+00  5.0
     98 18 14  111   6 3s 3p2(2DE) 4p: -1.15803E+00  4.32839E+00  3.0
     99 18 14  321   7 3s2 3p 5d       -1.15143E+00  4.33499E+00 15.0
    100 18 14  311   7 3s2 3p 5d       -1.14504E+00  4.34138E+00  9.0
    101 18 14  121   6 3s 3p2(2DE) 4p  -1.13198E+00  4.35444E+00  5.0
    102 18 14  311   8 3s 3p2(2DE) 4p  -1.12206E+00  4.36436E+00  9.0
    103 18 14  131   4 3s2 3p 5d       -1.12096E+00  4.36546E+00  7.0
    104 18 14  331   5 3s2 3p 5d       -1.12048E+00  4.36594E+00 21.0
    105 18 14  100   6 3s 3p2(2SE) 4s  -1.11096E+00  4.37546E+00  1.0
    106 18 14  111   7 3s2 3p 5d       -1.09645E+00  4.38997E+00  3.0
    107 18 14  331   6 3p3 3d          -1.08425E+00  4.40217E+00 21.0
    108 18 14  301   3 3p3 3d          -1.07453E+00  4.41189E+00  3.0
    109 18 14  311   9 3p3 3d          -1.05949E+00  4.42693E+00  9.0
    110 18 14  310  10 3s 3p2(2PE) 4s  -1.05610E+00  4.43032E+00  9.0
    111 18 14  321   8 3p3 3d          -1.05206E+00  4.43436E+00 15.0
    112 18 14  100   7 3s2 3d 3d       -1.04527E+00  4.44115E+00  1.0
    113 18 14  110   5 3s 3p2(2PE) 4s  -1.03064E+00  4.45578E+00  3.0
    114 18 14  111   8 3p3 3d          -1.02733E+00  4.45909E+00  3.0
    115 18 14  340   3 3s2 3p 5f       -1.02638E+00  4.46004E+00 27.0
    116 18 14  130   4 3s2 3p 5f       -1.02191E+00  4.46451E+00  7.0
    117 18 14  330   6 3s2 3p 5f:      -1.01914E+00  4.46728E+00 21.0
    118 18 14  320   9 3s2 3p 5f:      -1.01111E+00  4.47531E+00 15.0
    119 18 14  341   2 3s2 3p 5g       -1.00985E+00  4.47657E+00 27.0
    120 18 14  141   2 3s2 3p 5g       -1.00982E+00  4.47660E+00  9.0
    121 18 14  311  10 3p3 3d          -1.00542E+00  4.48100E+00  9.0
    122 18 14  351   1 3s2 3p 5g       -1.00217E+00  4.48425E+00 33.0
    123 18 14  151   1 3s2 3p 5g       -1.00128E+00  4.48514E+00 11.0
    124 18 14  131   5 3s2 3p 5g       -9.99313E-01  4.48711E+00  7.0
    125 18 14  331   7 3s2 3p 5g       -9.99149E-01  4.48727E+00 21.0
    126 18 14  530   2 3s 3p2(4PE) 4d  -9.92114E-01  4.49431E+00 35.0
    127 18 14  311  11 3s2 3p 6s       -9.88387E-01  4.49803E+00  9.0
    128 18 14  521   3 3s 3p 3d2       -9.85844E-01  4.50058E+00 25.0
    129 18 14  120  11 3s2 3p 5f       -9.85537E-01  4.50088E+00  5.0
    130 18 14  111   9 3s2 3p 6s       -9.82823E-01  4.50360E+00  3.0
    131 18 14  140   4 3s2 3p 5f       -9.81616E-01  4.50480E+00  9.0
    132 18 14  510   3 3s 3p2(4PE) 4d  -9.80372E-01  4.50605E+00 15.0
    133 18 14  520   2 3s 3p2(4PE) 4d  -9.57600E-01  4.52882E+00 25.0
    134 18 14  310  11 3s 3p2(4PE) 4d  -9.49533E-01  4.53689E+00  9.0
    135 18 14  330   7 3s 3p2(4PE) 4d  -9.26138E-01  4.56028E+00 21.0
    136 18 14  531   1 3s 3p 3d2       -9.21168E-01  4.56525E+00 35.0
    137 18 14  320  10 3s2 3p 6p       -9.09023E-01  4.57740E+00 15.0
    138 18 14  511   2 3s 3p 3d2       -8.96169E-01  4.59025E+00 15.0
    139 18 14  300   5 3s2 3p 6p       -8.94739E-01  4.59168E+00  3.0
    140 18 14  110   6 3s2 3p 6p       -8.93821E-01  4.59260E+00  3.0
    141 18 14  310  12 3s2 3p 6p       -8.91129E-01  4.59529E+00  9.0
    142 18 14  120  12 3s2 3p 6p       -8.88654E-01  4.59777E+00  5.0
    143 18 14  320  11 3s 3p2(4PE) 4d  -8.73336E-01  4.61308E+00 15.0
    144 18 14  100   8 3s2 3p 6p       -8.68184E-01  4.61824E+00  1.0
    145 18 14  311  12 3s 3p2(2SE) 4p  -8.27600E-01  4.65882E+00  9.0
    146 18 14  521   4 3s 3p2(4PE) 4f: -8.17796E-01  4.66862E+00 25.0
    147 18 14  321   9 3p3 3d          -8.17202E-01  4.66922E+00 15.0
    148 18 14  131   6 3p3 3d          -8.08832E-01  4.67759E+00  7.0
    149 18 14  111  10 3s 3p2(2SE) 4p  -7.96056E-01  4.69036E+00  3.0
    150 18 14  321  10 3s2 3p 6d       -7.90499E-01  4.69592E+00 15.0
    151 18 14  121   7 3s2 3p 6d       -7.89761E-01  4.69666E+00  5.0
    152 18 14  101   2 3s 3p2(2PE) 4p  -7.88372E-01  4.69805E+00  1.0
    153 18 14  331   8 3s2 3p 6d:      -7.81010E-01  4.70541E+00 21.0
    154 18 14  131   7 3s2 3p 6d:      -7.74078E-01  4.71234E+00  7.0
    155 18 14  121   8 3p3 3d          -7.72803E-01  4.71362E+00  5.0
    156 18 14  131   8 3p3 3d          -7.67458E-01  4.71896E+00  7.0
    157 18 14  321  11 3s 3p 3d2       -7.66083E-01  4.72034E+00 15.0
    158 18 14  311  13 3s2 3p 6d       -7.64729E-01  4.72169E+00  9.0
    159 18 14  351   2 3s 3p 3d2       -7.60484E-01  4.72594E+00 33.0
    160 18 14  341   3 3s 3p2(4PE) 4f  -7.58976E-01  4.72744E+00 27.0
    161 18 14  111  11 3s2 3p 6d       -7.58788E-01  4.72763E+00  3.0
    162 18 14  331   9 3s 3p 3d2       -7.52993E-01  4.73343E+00 21.0
    163 18 14  541   2 3s 3p2(4PE) 4f  -7.42631E-01  4.74379E+00 45.0
    164 18 14  320  12 3s2 3d 4s       -7.12513E-01  4.77391E+00 15.0
    165 18 14  130   5 3s2 3p 6f       -7.12369E-01  4.77405E+00  7.0
    166 18 14  340   4 3s2 3p 6f       -7.12052E-01  4.77437E+00 27.0
    167 18 14  531   2 3s 3p2(4PE) 4f  -7.10194E-01  4.77623E+00 35.0
    168 18 14  330   8 3s2 3p 6f:      -7.06432E-01  4.77999E+00 21.0
    169 18 14  341   4 3s2 3p 6g       -7.02721E-01  4.78370E+00 27.0
    170 18 14  141   3 3s2 3p 6g       -7.02685E-01  4.78374E+00  9.0
    171 18 14  320  13 3s2 3p 6f:      -6.99375E-01  4.78705E+00 15.0
    172 18 14  351   3 3s2 3p 6g       -6.97276E-01  4.78914E+00 33.0
    173 18 14  151   2 3s2 3p 6g       -6.96783E-01  4.78964E+00 11.0
    174 18 14  331  10 3s2 3p 6g       -6.95579E-01  4.79084E+00 21.0
    175 18 14  131   9 3s2 3p 6g       -6.93975E-01  4.79245E+00  7.0
    176 18 14  140   5 3s2 3p 6f       -6.92795E-01  4.79363E+00  9.0
    177 18 14  120  13 3s2 3p 6f       -6.92657E-01  4.79376E+00  5.0
    178 18 14  321  12 3s 3p2(2PE) 4p  -6.91839E-01  4.79458E+00 15.0
    179 18 14  311  14 3s2 3p 7s       -6.90192E-01  4.79623E+00  9.0
    180 18 14  111  12 3s2 3p 7s       -6.85477E-01  4.80094E+00  3.0
    181 18 14  521   5 3s 3p 3d2       -6.77069E-01  4.80935E+00 25.0
    182 18 14  330   9 3s 3p2(2DE) 4d  -6.75992E-01  4.81043E+00 21.0
    183 18 14  120  14 3s2 3d 4s       -6.75440E-01  4.81098E+00  5.0
    184 18 14  510   4 3s 3p2(4PE) 5s  -6.69985E-01  4.81644E+00 15.0
    185 18 14  320  14 3s 3p2(2DE) 3d  -6.65693E-01  4.82073E+00 15.0
    186 18 14  301   4 3s 3p2(2PE) 4p  -6.64409E-01  4.82201E+00  3.0
    187 18 14  311  15 3s 3p2(2PE) 4p  -6.61600E-01  4.82482E+00  9.0
    188 18 14  340   5 3s 3p2(2DE) 4d  -6.60358E-01  4.82606E+00 27.0
    189 18 14  331  11 3s 3p2(4PE) 4f  -6.58545E-01  4.82788E+00 21.0
    190 18 14  130   6 3s 3p2(2DE) 4d  -6.55723E-01  4.83070E+00  7.0
    191 18 14  310  13 3s 3p2(4PE) 5s  -6.46734E-01  4.83969E+00  9.0
    192 18 14  110   7 3s2 3p 7p       -6.38961E-01  4.84746E+00  3.0
    193 18 14  121   9 3s 3p2(2PE) 4p  -6.37248E-01  4.84917E+00  5.0
    194 18 14  300   6 3s2 3p 7p       -6.34816E-01  4.85160E+00  3.0
    195 18 14  310  14 3s2 3p 7p       -6.31816E-01  4.85460E+00  9.0
    196 18 14  320  15 3s2 3p 7p       -6.31087E-01  4.85533E+00 15.0
    197 18 14  120  15 3s2 3p 7p       -6.25175E-01  4.86125E+00  5.0
    198 18 14  140   6 3s 3p2(2DE) 4d  -6.19929E-01  4.86649E+00  9.0
    199 18 14  100   9 3s2 3p 7p       -6.17869E-01  4.86855E+00  1.0
    200 18 14  120  16 3s 3p2(2DE) 4d  -6.10820E-01  4.87560E+00  5.0
    201 18 14  341   5 3s 3p 3d2       -6.07324E-01  4.87910E+00 27.0
    202 18 14  110   8 3s 3p2(2DE) 4d  -5.95462E-01  4.89096E+00  3.0
    203 18 14  300   7 3s 3p2(2DE) 4d  -5.91711E-01  4.89471E+00  3.0
    204 18 14  310  15 3s 3p2(2DE) 4d  -5.91420E-01  4.89500E+00  9.0
    205 18 14  301   5 3s 3p 3d2       -5.83580E-01  4.90284E+00  3.0
    206 18 14  111  13 3s 3p2(2PE) 4p  -5.81788E-01  4.90463E+00  3.0
    207 18 14  321  13 3s 3p2(4PE) 4f  -5.81201E-01  4.90522E+00 15.0
    208 18 14  501   3 3s 3p 3d2       -5.75060E-01  4.91136E+00  5.0
    209 18 14  131  10 3s2 3p 7d       -5.62036E-01  4.92438E+00  7.0
    210 18 14  331  12 3s2 3p 7d       -5.58719E-01  4.92770E+00 21.0
    211 18 14  321  14 3s2 3p 7d       -5.55944E-01  4.93048E+00 15.0
    212 18 14  100  10 3s 3p2(2DE) 4d  -5.52324E-01  4.93410E+00  1.0
    213 18 14  311  16 3s2 3p 7d       -5.51351E-01  4.93507E+00  9.0
    214 18 14  121  10 3s2 3p 7d       -5.50479E-01  4.93594E+00  5.0
    215 18 14  111  14 3s2 3p 7d       -5.41913E-01  4.94451E+00  3.0
    216 18 14  331  13 3s 3p2(2DE) 4f: -5.35711E-01  4.95071E+00 21.0
    217 18 14  130   7 3s2 3p 7f       -5.21483E-01  4.96494E+00  7.0
    218 18 14  340   6 3s2 3p 7f       -5.20673E-01  4.96575E+00 27.0
    219 18 14  330  10 3s2 3p 7f:      -5.19012E-01  4.96741E+00 21.0
    220 18 14  131  11 3s 3p2(2DE) 4f  -5.17918E-01  4.96850E+00  7.0
    221 18 14  341   6 3s2 3p 7g       -5.17619E-01  4.96880E+00 27.0
    222 18 14  141   4 3s2 3p 7g       -5.16747E-01  4.96967E+00  9.0
    223 18 14  320  16 3s2 3p 7f:      -5.15807E-01  4.97061E+00 15.0
    224 18 14  151   3 3s2 3p 7g       -5.13563E-01  4.97286E+00 11.0
    225 18 14  351   4 3s2 3p 7g       -5.13469E-01  4.97295E+00 33.0
    226 18 14  331  14 3s2 3p 7g       -5.11574E-01  4.97485E+00 21.0
    227 18 14  521   6 3s 3p2(4PE) 5p  -5.11180E-01  4.97524E+00 25.0
    228 18 14  120  17 3s2 3p 7f       -5.09235E-01  4.97719E+00  5.0
    229 18 14  140   7 3s2 3p 7f       -5.07883E-01  4.97854E+00  9.0
    230 18 14  311  17 3s2 3p 8s       -5.05398E-01  4.98102E+00  9.0
    231 18 14  131  12 3s2 3p 7g       -5.05037E-01  4.98138E+00  7.0
    232 18 14  111  15 3s2 3p 8s       -5.01149E-01  4.98527E+00  3.0
    233 18 14  511   3 3s 3p2(4PE) 5p  -5.00769E-01  4.98565E+00 15.0
    234 18 14  301   6 3s 3p2(4PE) 5p  -4.98652E-01  4.98777E+00  3.0
    235 18 14  501   4 3s 3p2(4PE) 5p  -4.80036E-01  5.00638E+00  5.0
    236 18 14  110   9 3s2 3p 8p       -4.75467E-01  5.01095E+00  3.0
    237 18 14  320  17 3s2 3p 8p       -4.73240E-01  5.01318E+00 15.0
    238 18 14  321  15 3s 3p2(4PE) 5p  -4.71829E-01  5.01459E+00 15.0
    239 18 14  300   8 3s2 3p 8p       -4.70014E-01  5.01641E+00  3.0
    240 18 14  341   7 3s 3p 3d2       -4.69724E-01  5.01670E+00 27.0
    241 18 14  310  16 3s2 3p 8p       -4.69648E-01  5.01677E+00  9.0
    242 18 14  120  18 3s2 3p 8p       -4.66115E-01  5.02031E+00  5.0
    243 18 14  100  11 3s2 3p 8p       -4.60033E-01  5.02639E+00  1.0
    244 18 14  311  18 3s 3p2(4PE) 5p  -4.53445E-01  5.03298E+00  9.0
    245 18 14  311  19 3s 3p 3d2       -4.39808E-01  5.04661E+00  9.0
    246 18 14  111  16 3s 3p2(2DE) 4f: -4.39488E-01  5.04693E+00  3.0
    247 18 14  321  16 3s2 3p 8d       -4.28060E-01  5.05836E+00 15.0
    248 18 14  121  11 3s 3p2(2DE) 4f: -4.26068E-01  5.06035E+00  5.0
    249 18 14  131  13 3s2 3p 8d       -4.25985E-01  5.06044E+00  7.0
    250 18 14  341   8 3s 3p2(2DE) 4f  -4.23690E-01  5.06273E+00 27.0
    251 18 14  331  15 3s2 3p 8d       -4.23305E-01  5.06312E+00 21.0
    252 18 14  121  12 3s2 3p 8d       -4.20176E-01  5.06624E+00  5.0
    253 18 14  111  17 3s2 3p 8d       -4.18868E-01  5.06755E+00  3.0
    254 18 14  311  20 3s2 3p 8d       -4.15130E-01  5.07129E+00  9.0
    255 18 14  141   5 3s 3p2(2DE) 4f  -4.14715E-01  5.07171E+00  9.0
    256 18 14  151   4 3s 3p2(2DE) 4f  -4.09469E-01  5.07695E+00 11.0
    257 18 14  130   8 3s2 3p 8f       -3.98916E-01  5.08750E+00  7.0
    258 18 14  351   5 3s2 3p 8g       -3.97930E-01  5.08849E+00 33.0
    259 18 14  340   7 3s2 3p 8f       -3.97896E-01  5.08852E+00 27.0
    260 18 14  330  11 3s2 3p 8f:      -3.97093E-01  5.08933E+00 21.0
    261 18 14  320  18 3s2 3p 8f:      -3.94929E-01  5.09149E+00 15.0
    262 18 14  141   6 3s2 3p 8g       -3.93536E-01  5.09288E+00  9.0
    263 18 14  331  16 3s2 3p 8g       -3.92601E-01  5.09382E+00 21.0
    264 18 14  341   9 3s2 3p 8g       -3.91687E-01  5.09473E+00 27.0
    265 18 14  131  14 3s2 3p 8g       -3.91560E-01  5.09486E+00  7.0
    266 18 14  120  19 3s2 3p 8f       -3.90544E-01  5.09588E+00  5.0
    267 18 14  140   8 3s2 3p 8f       -3.90066E-01  5.09635E+00  9.0
    268 18 14  311  21 3s2 3p 9s       -3.87456E-01  5.09896E+00  9.0
    269 18 14  111  18 3s2 3p 9s       -3.85577E-01  5.10084E+00  3.0
    270 18 14  151   5 3s2 3p 8g       -3.85480E-01  5.10094E+00 11.0
    271 18 14  331  17 3s 3p 3d2       -3.77782E-01  5.10864E+00 21.0
    272 18 14  321  17 3s 3p2(2DE) 4f  -3.76334E-01  5.11009E+00 15.0
    273 18 14  141   7 3s 3p2(2PE) 4f  -3.70142E-01  5.11628E+00  9.0
    274 18 14  320  19 3s2 3p 9p       -3.68605E-01  5.11782E+00 15.0
    275 18 14  110  10 3s2 3p 9p       -3.67404E-01  5.11902E+00  3.0
    276 18 14  351   6 3s 3p2(2DE) 4f  -3.66609E-01  5.11981E+00 33.0
    277 18 14  310  17 3s2 3p 9p       -3.63810E-01  5.12261E+00  9.0
    278 18 14  300   9 3s2 3p 9p       -3.63635E-01  5.12279E+00  3.0
    279 18 14  120  20 3s2 3p 9p       -3.61918E-01  5.12450E+00  5.0
    280 18 14  121  13 3s2 3d 4p       -3.60599E-01  5.12582E+00  5.0
    281 18 14  100  12 3s2 3p 9p       -3.56902E-01  5.12952E+00  1.0
    282 18 14  321  18 3s2 3d 4p       -3.56381E-01  5.13004E+00 15.0
    283 18 14  320  20 3s 3p2(2DE) 5s  -3.55292E-01  5.13113E+00 15.0
    284 18 14  131  15 3s2 3p 9d       -3.41307E-01  5.14511E+00  7.0
    285 18 14  331  18 3s2 3d 4p       -3.40215E-01  5.14620E+00 21.0
    286 18 14  111  19 3s2 3p 9d       -3.32415E-01  5.15401E+00  3.0
    287 18 14  121  14 3s2 3p 9d       -3.31684E-01  5.15474E+00  5.0
    288 18 14  311  22 3s2 3p 9d       -3.28931E-01  5.15749E+00  9.0
    289 18 14  331  19 3s2 3p 9d       -3.26671E-01  5.15975E+00 21.0
    290 18 14  311  23 3s 3p2(2DE) 4f  -3.24789E-01  5.16163E+00  9.0
    291 18 14  120  21 3s 3p2(2DE) 5s  -3.24594E-01  5.16183E+00  5.0
    292 18 14  321  19 3s2 3p 9d       -3.20719E-01  5.16570E+00 15.0
    293 18 14  131  16 3s 3p2(2SE) 4f  -3.20437E-01  5.16598E+00  7.0
    294 18 14  130   9 3s2 3p 9f       -3.14943E-01  5.17148E+00  7.0
    295 18 14  340   8 3s2 3p 9f       -3.13847E-01  5.17257E+00 27.0
    296 18 14  330  12 3s2 3p 9f:      -3.13586E-01  5.17283E+00 21.0
    297 18 14  320  21 3s2 3p 9f:      -3.12537E-01  5.17388E+00 15.0
    298 18 14  141   8 3s2 3p 9g       -3.11900E-01  5.17452E+00  9.0
    299 18 14  341  10 3s2 3p 9g       -3.11650E-01  5.17477E+00 27.0
    300 18 14  151   6 3s2 3p 9g       -3.10262E-01  5.17616E+00 11.0
    301 18 14  331  20 3s2 3p 9g       -3.09799E-01  5.17662E+00 21.0
    302 18 14  120  22 3s2 3p 9f       -3.08832E-01  5.17759E+00  5.0
    303 18 14  140   9 3s2 3p 9f       -3.08605E-01  5.17781E+00  9.0
    304 18 14  351   7 3s2 3p 9g       -3.07939E-01  5.17848E+00 33.0
    305 18 14  131  17 3s2 3p 9g       -3.07857E-01  5.17856E+00  7.0
    306 18 14  311  24 3s2 3p10s       -3.07094E-01  5.17933E+00  9.0
    307 18 14  111  20 3s2 3p10s       -3.05488E-01  5.18093E+00  3.0
    308 18 14  320  22 3s2 3p10p       -2.94133E-01  5.19229E+00 15.0
    309 18 14  110  11 3s2 3p10p       -2.92392E-01  5.19403E+00  3.0
    310 18 14  310  18 3s2 3p10p       -2.89963E-01  5.19646E+00  9.0
    311 18 14  311  25 3s2 3d 4p       -2.89703E-01  5.19672E+00  9.0
    312 18 14  300  10 3s2 3p10p       -2.89614E-01  5.19681E+00  3.0
    313 18 14  120  23 3s2 3p10p       -2.87237E-01  5.19918E+00  5.0
    314 18 14  320  23 3s 3p2(2SE) 3d  -2.86929E-01  5.19949E+00 15.0
    315 18 14  100  13 3s2 3p10p       -2.84823E-01  5.20160E+00  1.0
    316 18 14  121  15 3s 3p2(2DE) 5f: -2.82890E-01  5.20353E+00  5.0
    317 18 14  131  18 3s2 3p10d:      -2.78550E-01  5.20787E+00  7.0
    318 18 14  111  21 3s2 3p10d:      -2.74267E-01  5.21215E+00  3.0
    319 18 14  321  20 3s 3p2(2DE) 5p: -2.69844E-01  5.21658E+00 15.0
    320 18 14  530   3 3s 3p2(4PE) 5d  -2.69203E-01  5.21722E+00 35.0
    321 18 14  331  21 3s2 3p10d       -2.66784E-01  5.21964E+00 21.0
    322 18 14  111  22 3s 3p2(2DE) 5f: -2.65356E-01  5.22106E+00  3.0
    323 18 14  121  16 3s2 3p10d       -2.65131E-01  5.22129E+00  5.0
    324 18 14  510   5 3s 3p2(4PE) 5d  -2.64673E-01  5.22175E+00 15.0
    325 18 14  311  26 3s2 3p10d       -2.64610E-01  5.22181E+00  9.0
    326 18 14  321  21 3s2 3p10d       -2.63573E-01  5.22285E+00 15.0
    327 18 14  311  27 3s 3p 3d2       -2.59870E-01  5.22655E+00  9.0
    328 18 14  120  24 3s 3p2(2SE) 4d  -2.58895E-01  5.22753E+00  5.0
    329 18 14  310  19 3s 3p2(4PE) 5d  -2.56865E-01  5.22956E+00  9.0
    330 18 14  520   3 3s 3p2(4PE) 5d  -2.55947E-01  5.23047E+00 25.0
    331 18 14  130  10 3s2 3p10f       -2.55068E-01  5.23135E+00  7.0
    332 18 14  151   7 3s2 3p10g       -2.55025E-01  5.23140E+00 11.0
    333 18 14  330  13 3s2 3p10f:      -2.54668E-01  5.23175E+00 21.0
    334 18 14  331  22 3s2 3p10g       -2.54529E-01  5.23189E+00 21.0
    335 18 14  340   9 3s2 3p10f       -2.53843E-01  5.23258E+00 27.0
    336 18 14  341  11 3s2 3p10g       -2.53094E-01  5.23333E+00 27.0
    337 18 14  141   9 3s2 3p10g       -2.52738E-01  5.23368E+00  9.0
    338 18 14  320  24 3s2 3p10f:      -2.52256E-01  5.23416E+00 15.0
    339 18 14  131  19 3s2 3p10g       -2.51264E-01  5.23516E+00  7.0
    340 18 14  351   8 3s2 3p10g       -2.50188E-01  5.23623E+00 33.0
    341 18 14  140  10 3s2 3p10f       -2.50148E-01  5.23627E+00  9.0
    342 18 14  120  25 3s2 3p10f       -2.50097E-01  5.23632E+00  5.0
    343 18 14  101   3 3s 3p 3d2       -2.24273E-01  5.26215E+00  1.0
    344 18 14  541   3 3s 3p2(4PE) 5f  -1.60944E-01  5.32548E+00 45.0
    345 18 14  521   7 3s 3p2(4PE) 5f: -1.48691E-01  5.33773E+00 25.0
    346 18 14  531   3 3s 3p2(4PE) 5f  -1.47843E-01  5.33858E+00 35.0
    347 18 14  530   4 3s 3p2(4PE) 5g  -1.31455E-01  5.35497E+00 35.0
    348 18 14  550   1 3s 3p2(4PE) 5g  -1.30330E-01  5.35609E+00 55.0
    349 18 14  350   1 3s 3p2(4PE) 5g  -1.29114E-01  5.35731E+00 33.0
    350 18 14  540   1 3s 3p2(4PE) 5g  -1.22375E-01  5.36405E+00 45.0
    351 18 14  510   6 3s 3p2(4PE) 6s  -1.13012E-01  5.37341E+00 15.0
    352 18 14  301   7 3s 3p2(4PE) 6p  -3.16682E-02  5.45475E+00  3.0
    353 18 14  521   8 3s 3p2(4PE) 6p  -3.00281E-02  5.45639E+00 25.0
    354 18 14  511   4 3s 3p2(4PE) 6p  -2.45181E-02  5.46190E+00 15.0
    355 18 14  501   5 3s 3p2(4PE) 6p  -1.81816E-02  5.46824E+00  5.0
    356 18 14  530   5 3s 3p2(4PE) 6d   9.93915E-02  5.58581E+00 35.0
    357 18 14  510   7 3s 3p2(4PE) 6d   1.01168E-01  5.58759E+00 15.0
    358 18 14  520   4 3s 3p2(4PE) 6d   1.06350E-01  5.59277E+00 25.0
    359 18 14  540   2 3p2 3d2          1.42108E-01  5.62853E+00 45.0
    360 18 14  541   4 3s 3p2(4PE) 6f   1.57776E-01  5.64420E+00 45.0
    361 18 14  521   9 3s 3p2(4PE) 6f:  1.63914E-01  5.65033E+00 25.0
    362 18 14  531   4 3s 3p2(4PE) 6f   1.64952E-01  5.65137E+00 35.0
    363 18 14  150   1 3s 3p2(2DE) 5g   1.73902E-01  5.66032E+00 11.0
    364 18 14  350   2 3s 3p2(2DE) 5g   1.74105E-01  5.66053E+00 33.0
    365 18 14  530   6 3s 3p2(4PE) 6g   1.75397E-01  5.66182E+00 35.0
    366 18 14  550   2 3s 3p2(4PE) 6g   1.76053E-01  5.66247E+00 55.0
    367 18 14  350   3 3s 3p2(4PE) 6g   1.77036E-01  5.66346E+00 33.0
    368 18 14  540   3 3s 3p2(4PE) 6g   1.81457E-01  5.66788E+00 45.0
    369 18 14  360   1 3s 3p2(2DE) 5g   1.82843E-01  5.66926E+00 39.0
    370 18 14  160   1 3s 3p2(2DE) 5g   1.83565E-01  5.66999E+00 13.0
    371 18 14  510   8 3s 3p2(4PE) 7s   1.87964E-01  5.67438E+00 15.0
    372 18 14  301   8 3s 3p2(4PE) 7p   2.34055E-01  5.72048E+00  3.0
    373 18 14  521  10 3s 3p2(4PE) 7p   2.36788E-01  5.72321E+00 25.0
    374 18 14  511   5 3s 3p2(4PE) 7p   2.40030E-01  5.72645E+00 15.0
    375 18 14  501   6 3s 3p2(4PE) 7p   2.43026E-01  5.72945E+00  5.0
    376 18 14  101   4 3s 3p2(2PE) 5p   2.70799E-01  5.75722E+00  1.0
    377 18 14  301   9 3s 3p2(2PE) 5p   3.11534E-01  5.79795E+00  3.0
    378 18 14  520   5 3p2 3d2          3.13323E-01  5.79974E+00 25.0
    379 18 14  530   7 3s 3p2(4PE) 7d   3.14143E-01  5.80056E+00 35.0
    380 18 14  510   9 3s 3p2(4PE) 7d   3.14980E-01  5.80140E+00 15.0
    381 18 14  520   6 3s 3p2(4PE) 7d   3.18350E-01  5.80477E+00 25.0
    382 18 14  530   8 3p2 3d2          3.40603E-01  5.82702E+00 35.0
    383 18 14  350   4 3p2 3d2          3.44143E-01  5.83056E+00 33.0
    384 18 14  541   5 3s 3p2(4PE) 7f   3.49501E-01  5.83592E+00 45.0
    385 18 14  521  11 3s 3p2(4PE) 7f:  3.53091E-01  5.83951E+00 25.0
    386 18 14  531   5 3s 3p2(4PE) 7f   3.53934E-01  5.84035E+00 35.0
    387 18 14  530   9 3s 3p2(4PE) 7g   3.60803E-01  5.84722E+00 35.0
    388 18 14  550   3 3s 3p2(4PE) 7g   3.61163E-01  5.84758E+00 55.0
    389 18 14  350   5 3s 3p2(4PE) 7g   3.64088E-01  5.85051E+00 33.0
    390 18 14  540   4 3s 3p2(4PE) 7g   3.64665E-01  5.85109E+00 45.0
    391 18 14  510  10 3s 3p2(4PE) 8s   3.69314E-01  5.85573E+00 15.0
    392 18 14  301  10 3s 3p2(4PE) 8p   3.99275E-01  5.88569E+00  3.0
    393 18 14  521  12 3s 3p2(4PE) 8p   4.00447E-01  5.88687E+00 25.0
    394 18 14  511   6 3s 3p2(4PE) 8p   4.02509E-01  5.88893E+00 15.0
    395 18 14  501   7 3s 3p2(4PE) 8p   4.04178E-01  5.89060E+00  5.0
    396 18 14  530  10 3s 3p2(4PE) 8d   4.50401E-01  5.93682E+00 35.0
    397 18 14  510  11 3s 3p2(4PE) 8d   4.50843E-01  5.93726E+00 15.0
    398 18 14  520   7 3s 3p2(4PE) 8d   4.53143E-01  5.93956E+00 25.0
    399 18 14  301  11 3s 3p2(2PE) 6p:  4.67551E-01  5.95397E+00  3.0
    400 18 14  541   6 3s 3p2(4PE) 8f   4.73493E-01  5.95991E+00 45.0
    401 18 14  521  13 3s 3p2(4PE) 8f:  4.75791E-01  5.96221E+00 25.0
    402 18 14  531   6 3s 3p2(4PE) 8f   4.76431E-01  5.96285E+00 35.0
    403 18 14  150   2 3s 3p2(2DE) 6g   4.78741E-01  5.96516E+00 11.0
    404 18 14  530  11 3s 3p2(4PE) 8g   4.81130E-01  5.96755E+00 35.0
    405 18 14  350   6 3s 3p2(2DE) 6g   4.81225E-01  5.96765E+00 33.0
    406 18 14  550   4 3s 3p2(4PE) 8g   4.81353E-01  5.96777E+00 55.0
    407 18 14  350   7 3s 3p2(4PE) 8g   4.82491E-01  5.96891E+00 33.0
    408 18 14  540   5 3s 3p2(4PE) 8g   4.83708E-01  5.97013E+00 45.0
    409 18 14  510  12 3s 3p2(4PE) 9s   4.87084E-01  5.97350E+00 15.0
    410 18 14  360   2 3s 3p2(2DE) 6g   4.87270E-01  5.97369E+00 39.0
    411 18 14  160   2 3s 3p2(2DE) 6g   4.87525E-01  5.97395E+00 13.0
    412 18 14  521  14 3s 3p2(4PE) 9p   5.08141E-01  5.99456E+00 25.0
    413 18 14  301  12 3s 3p2(4PE) 9p   5.08700E-01  5.99512E+00  3.0
    414 18 14  511   7 3s 3p2(4PE) 9p   5.09533E-01  5.99595E+00 15.0
    415 18 14  501   8 3s 3p2(4PE) 9p   5.10567E-01  5.99699E+00  5.0
    416 18 14  530  12 3s 3p2(4PE) 9d   5.42276E-01  6.02870E+00 35.0
    417 18 14  510  13 3s 3p2(4PE) 9d   5.42533E-01  6.02895E+00 15.0
    418 18 14  520   8 3s 3p2(4PE) 9d   5.44168E-01  6.03059E+00 25.0
    419 18 14  150   3 3p2 3d2          5.46008E-01  6.03243E+00 11.0
    420 18 14  541   7 3s 3p2(4PE) 9f   5.58213E-01  6.04463E+00 45.0
    421 18 14  521  15 3s 3p2(4PE) 9f:  5.59777E-01  6.04620E+00 25.0
    422 18 14  531   7 3s 3p2(4PE) 9f   5.60260E-01  6.04668E+00 35.0
    423 18 14  530  13 3s 3p2(4PE) 9g   5.63605E-01  6.05002E+00 35.0
    424 18 14  550   5 3s 3p2(4PE) 9g   5.63749E-01  6.05017E+00 55.0
    425 18 14  350   8 3s 3p2(4PE) 9g   5.64206E-01  6.05063E+00 33.0
    426 18 14  540   6 3s 3p2(4PE) 9g   5.65401E-01  6.05182E+00 45.0
    427 18 14  510  14 3s 3p2(4PE)10s   5.67901E-01  6.05432E+00 15.0
    428 18 14  301  13 3s 3p2(4PE)10p   5.82619E-01  6.06904E+00  3.0
    429 18 14  521  16 3s 3p2(4PE)10p   5.82802E-01  6.06922E+00 25.0
    430 18 14  511   8 3s 3p2(4PE)10p   5.83786E-01  6.07021E+00 15.0
    431 18 14  501   9 3s 3p2(4PE)10p   5.84474E-01  6.07089E+00  5.0
    432 18 14  510  15 3p2 3d2          5.87376E-01  6.07380E+00 15.0
    433 18 14  520   9 3p2 3d2          6.03562E-01  6.08998E+00 25.0
    434 18 14  530  14 3s 3p2(4PE)10d   6.07162E-01  6.09358E+00 35.0
    435 18 14  510  16 3s 3p2(4PE)10d   6.07342E-01  6.09376E+00 15.0
    436 18 14  520  10 3s 3p2(4PE)10d   6.08527E-01  6.09495E+00 25.0
    437 18 14  541   8 3s 3p2(4PE)10f   6.18632E-01  6.10505E+00 45.0
    438 18 14  521  17 3s 3p2(4PE)10f:  6.19748E-01  6.10617E+00 25.0
    439 18 14  531   8 3s 3p2(4PE)10f   6.20115E-01  6.10653E+00 35.0
    440 18 14  530  15 3s 3p2(4PE)10g   6.22575E-01  6.10899E+00 35.0
    441 18 14  550   6 3s 3p2(4PE)10g   6.22673E-01  6.10909E+00 55.0
    442 18 14  350   9 3s 3p2(4PE)10g   6.22934E-01  6.10935E+00 33.0
    443 18 14  150   4 3s 3p2(2PE) 5g   6.66499E-01  6.15292E+00 11.0
    444 18 14  160   3 3s 3p2(2DE) 7g   6.69113E-01  6.15553E+00 13.0
    445 18 14  150   5 3s 3p2(2DE) 7g   6.69389E-01  6.15581E+00 11.0
    446 18 14  360   3 3s 3p2(2DE) 7g   6.70911E-01  6.15733E+00 39.0
    447 18 14  160   4 3p2 3d2          7.17707E-01  6.20413E+00 13.0
    448 18 14  101   5 3s 3p2(2PE) 6p   7.58754E-01  6.24517E+00  1.0
    449 18 14  150   6 3s 3p2(2DE) 8g   7.88401E-01  6.27482E+00 11.0
    450 18 14  360   4 3s 3p2(2DE) 8g   7.90211E-01  6.27663E+00 39.0
    451 18 14  160   5 3s 3p2(2DE) 8g   7.91891E-01  6.27831E+00 13.0
    452 18 14  150   7 3s 3p2(2DE) 9g   8.70738E-01  6.35716E+00 11.0
    453 18 14  360   5 3s 3p2(2DE) 9g   8.72058E-01  6.35848E+00 39.0
    454 18 14  160   6 3s 3p2(2DE) 9g   8.72867E-01  6.35929E+00 13.0
    455 18 14  150   8 3s 3p2(2DE)10g   9.29652E-01  6.41607E+00 11.0
    456 18 14  101   6 3s 3p2(2PE) 7p   1.02849E+00  6.51491E+00  1.0
    457 18 14  101   7 3s 3p2(2PE) 8p   1.19365E+00  6.68007E+00  1.0
    458 18 14  101   8 3s 3p2(2PE) 9p   1.30219E+00  6.78861E+00  1.0
    459 18 14  101   9 3s 3p2(2PE)10p   1.37736E+00  6.86378E+00  1.0
 ====================================================================
