 ====================================================================
      i NZ NE iSLP iLV iCONF                 E(RYD)      TE(RYD)   gi
 ====================================================================
      1 18 13  211   1 3s2 3p          -6.68097E+00  0.00000E+00  6.0
      2 18 13  410   1 3s 3p2          -5.80453E+00  8.76440E-01 12.0
      3 18 13  220   1 3s 3p2          -5.50715E+00  1.17382E+00 10.0
      4 18 13  200   1 3s 3p2          -5.12980E+00  1.55117E+00  2.0
      5 18 13  210   1 3s 3p2          -5.00684E+00  1.67413E+00  6.0
      6 18 13  220   2 3s2 3d          -4.68890E+00  1.99207E+00 10.0
      7 18 13  221   1 3p3             -4.36910E+00  2.31187E+00 10.0
      8 18 13  401   1 3p3             -4.25942E+00  2.42155E+00  4.0
      9 18 13  431   1 3s3p(3PO) 3d    -4.07084E+00  2.61013E+00 28.0
     10 18 13  211   2 3p3             -4.03060E+00  2.65037E+00  6.0
     11 18 13  411   1 3s3p(3PO) 3d    -3.82893E+00  2.85204E+00 12.0
     12 18 13  421   1 3s3p(3PO) 3d    -3.80178E+00  2.87919E+00 20.0
     13 18 13  221   2 3s3p(3PO) 3d    -3.70479E+00  2.97618E+00 10.0
     14 18 13  200   2 3s2 4s          -3.56269E+00  3.11828E+00  2.0
     15 18 13  231   1 3s3p(3PO) 3d    -3.55068E+00  3.13029E+00 14.0
     16 18 13  231   2 3s3p(1PO) 3d    -3.25176E+00  3.42921E+00 14.0
     17 18 13  211   3 3s3p(3PO) 3d    -3.24752E+00  3.43345E+00  6.0
     18 18 13  211   4 3s2 4p          -3.13965E+00  3.54132E+00  6.0
     19 18 13  211   5 3s3p(1PO) 3d    -3.07740E+00  3.60357E+00  6.0
     20 18 13  221   3 3s3p(1PO) 3d    -3.05673E+00  3.62424E+00 10.0
     21 18 13  230   1 3p2(1DE) 3d     -2.73903E+00  3.94194E+00 14.0
     22 18 13  430   1 3p2(3PE) 3d     -2.65546E+00  4.02551E+00 28.0
     23 18 13  210   2 3p2(1DE) 3d:    -2.58635E+00  4.09462E+00  6.0
     24 18 13  220   3 3s2 4d          -2.55678E+00  4.12419E+00 10.0
     25 18 13  420   1 3p2(3PE) 3d     -2.55668E+00  4.12429E+00 20.0
     26 18 13  411   2 3s3p(3PO) 4s    -2.53027E+00  4.15070E+00 12.0
     27 18 13  240   1 3p2(1DE) 3d     -2.51558E+00  4.16539E+00 18.0
     28 18 13  211   6 3s3p(3PO) 4s    -2.42450E+00  4.25647E+00  6.0
     29 18 13  220   4 3p2(1DE) 3d     -2.35374E+00  4.32723E+00 10.0
     30 18 13  231   3 3s2 4f          -2.28412E+00  4.39685E+00 14.0
     31 18 13  410   2 3p2(3PE) 3d     -2.27981E+00  4.40116E+00 12.0
     32 18 13  210   3 3s3p(3PO) 4p    -2.16778E+00  4.51319E+00  6.0
     33 18 13  200   3 3p2(1DE) 3d     -2.12700E+00  4.55397E+00  2.0
     34 18 13  420   2 3s3p(3PO) 4p    -2.11916E+00  4.56181E+00 20.0
     35 18 13  220   5 3p2(1SE) 3d:    -2.09583E+00  4.58514E+00 10.0
     36 18 13  210   4 3p2(3PE) 3d:    -2.08204E+00  4.59893E+00  6.0
     37 18 13  410   3 3s3p(3PO) 4p    -2.07096E+00  4.61001E+00 12.0
     38 18 13  200   4 3s2 5s          -2.05141E+00  4.62956E+00  2.0
     39 18 13  230   2 3p2(3PE) 3d     -2.05056E+00  4.63041E+00 14.0
     40 18 13  400   1 3s3p(3PO) 4p    -2.04423E+00  4.63674E+00  4.0
     41 18 13  211   7 3s3p(1PO) 4s    -1.99606E+00  4.68491E+00  6.0
     42 18 13  430   2 3s 3d2          -1.99463E+00  4.68634E+00 28.0
     43 18 13  220   6 3s3p(3PO) 4p    -1.97053E+00  4.71044E+00 10.0
     44 18 13  200   5 3s3p(3PO) 4p    -1.87456E+00  4.80641E+00  2.0
     45 18 13  211   8 3s2 5p          -1.83622E+00  4.84475E+00  6.0
     46 18 13  410   4 3s 3d2          -1.81837E+00  4.86260E+00 12.0
     47 18 13  220   7 3p2(3PE) 3d:    -1.77856E+00  4.90241E+00 10.0
     48 18 13  240   2 3p3d2(3PE)      -1.67554E+00  5.00543E+00 18.0
     49 18 13  220   8 3s2 5d          -1.64108E+00  5.03989E+00 10.0
     50 18 13  220   9 3s 3d2          -1.59128E+00  5.08969E+00 10.0
     51 18 13  210   5 3s3p(1PO) 4p    -1.56714E+00  5.11383E+00  6.0
     52 18 13  421   2 3s3p(3PO) 4d    -1.54607E+00  5.13490E+00 20.0
     53 18 13  221   4 3s3p(3PO) 4d    -1.54429E+00  5.13668E+00 10.0
     54 18 13  200   6 3s3p(1PO) 4p    -1.52338E+00  5.15759E+00  2.0
     55 18 13  431   2 3s3p(3PO) 4d    -1.50663E+00  5.17434E+00 28.0
     56 18 13  220  10 3s3p(1PO) 4p    -1.50408E+00  5.17689E+00 10.0
     57 18 13  231   4 3s3p(3PO) 4d    -1.47851E+00  5.20246E+00 14.0
     58 18 13  411   3 3s3p(3PO) 4d    -1.47003E+00  5.21094E+00 12.0
     59 18 13  240   3 3s2 5g          -1.45623E+00  5.22474E+00 18.0
     60 18 13  231   5 3s2 5f          -1.45349E+00  5.22748E+00 14.0
     61 18 13  211   9 3s3p(3PO) 4d    -1.42710E+00  5.25387E+00  6.0
     62 18 13  230   3 3s 3d2          -1.36252E+00  5.31845E+00 14.0
     63 18 13  200   7 3s2 6s          -1.32601E+00  5.35496E+00  2.0
     64 18 13  430   3 3s3p(3PO) 4f    -1.28364E+00  5.39733E+00 28.0
     65 18 13  440   1 3s3p(3PO) 4f    -1.28004E+00  5.40093E+00 36.0
     66 18 13  420   3 3s3p(3PO) 4f    -1.22920E+00  5.45177E+00 20.0
     67 18 13  211  10 3s2 6p          -1.22817E+00  5.45280E+00  6.0
     68 18 13  230   4 3s3p(3PO) 4f    -1.19878E+00  5.48219E+00 14.0
     69 18 13  200   8 3s 3d2          -1.18814E+00  5.49283E+00  2.0
     70 18 13  240   4 3s3p(3PO) 4f    -1.16223E+00  5.51874E+00 18.0
     71 18 13  220  11 3s3p(3PO) 4f    -1.13962E+00  5.54135E+00 10.0
     72 18 13  210   6 3s 3d2          -1.11217E+00  5.56880E+00  6.0
     73 18 13  220  12 3s2 6d          -1.08326E+00  5.59771E+00 10.0
     74 18 13  220  13 3p2(1DE) 4s     -1.08149E+00  5.59948E+00 10.0
     75 18 13  410   5 3p2(3PE) 4s     -1.04056E+00  5.64041E+00 12.0
     76 18 13  231   6 3s3p(1PO) 4d    -1.03902E+00  5.64195E+00 14.0
     77 18 13  221   5 3s3p(1PO) 4d    -1.01882E+00  5.66215E+00 10.0
     78 18 13  240   5 3s2 6g          -1.01789E+00  5.66308E+00 18.0
     79 18 13  441   1 3p3d2(3FE)      -1.01566E+00  5.66531E+00 36.0
     80 18 13  231   7 3s2 6f          -1.00728E+00  5.67369E+00 14.0
     81 18 13  411   4 3s3p(3PO) 5s    -1.00585E+00  5.67512E+00 12.0
     82 18 13  251   1 3s2 6h          -1.00141E+00  5.67956E+00 22.0
     83 18 13  210   7 3p2(3PE) 4s     -9.81418E-01  5.69955E+00  6.0
     84 18 13  211  11 3s3p(3PO) 5s    -9.78604E-01  5.70237E+00  6.0
     85 18 13  211  12 3s3p(1PO) 4d    -9.62191E-01  5.71878E+00  6.0
     86 18 13  200   9 3s2 7s          -9.34629E-01  5.74634E+00  2.0
     87 18 13  231   8 3p3d2(1DE)      -8.83125E-01  5.79785E+00 14.0
     88 18 13  211  13 3s2 7p          -8.68644E-01  5.81233E+00  6.0
     89 18 13  221   6 3p3d2(3FE)      -8.52189E-01  5.82878E+00 10.0
     90 18 13  420   4 3s3p(3PO) 5p    -8.21903E-01  5.85907E+00 20.0
     91 18 13  410   6 3s3p(3PO) 5p    -7.99486E-01  5.88148E+00 12.0
     92 18 13  220  14 3s2 7d          -7.89998E-01  5.89097E+00 10.0
     93 18 13  400   2 3s3p(3PO) 5p    -7.86952E-01  5.89402E+00  4.0
     94 18 13  220  15 3s3p(3PO) 5p    -7.79174E-01  5.90180E+00 10.0
     95 18 13  240   6 3s2 7g          -7.76303E-01  5.90467E+00 18.0
     96 18 13  210   8 3s3p(3PO) 5p    -7.72623E-01  5.90835E+00  6.0
     97 18 13  421   3 3p3d2(3PE)      -7.68903E-01  5.91207E+00 20.0
     98 18 13  201   1 3p3d2(3PE):     -7.61719E-01  5.91925E+00  2.0
     99 18 13  230   5 3s3p(1PO) 4f    -7.51106E-01  5.92986E+00 14.0
    100 18 13  231   9 3s2 7f          -7.45440E-01  5.93553E+00 14.0
    101 18 13  200  10 3s3p(3PO) 5p    -7.40111E-01  5.94086E+00  2.0
    102 18 13  251   2 3s2 7h          -7.36143E-01  5.94483E+00 22.0
    103 18 13  241   1 3p3d2(1GE)      -7.34810E-01  5.94616E+00 18.0
    104 18 13  221   7 3p2(1DE) 4p     -7.32715E-01  5.94826E+00 10.0
    105 18 13  201   2 3p2(3PE) 4p:    -7.01879E-01  5.97909E+00  2.0
    106 18 13  220  16 3s3p(1PO) 4f    -6.98401E-01  5.98257E+00 10.0
    107 18 13  200  11 3s2 8s          -6.92765E-01  5.98820E+00  2.0
    108 18 13  431   3 3p3d2(3FE)      -6.89951E-01  5.99102E+00 28.0
    109 18 13  240   7 3s3p(1PO) 4f    -6.87069E-01  5.99390E+00 18.0
    110 18 13  411   5 3p3d2(3PE)      -6.79919E-01  6.00105E+00 12.0
    111 18 13  251   3 3p3d2(1GE)      -6.79779E-01  6.00119E+00 22.0
    112 18 13  421   4 3p2(3PE) 4p     -6.74269E-01  6.00670E+00 20.0
    113 18 13  231  10 3p2(1DE) 4p     -6.70591E-01  6.01038E+00 14.0
    114 18 13  211  14 3p2(1DE) 4p     -6.63588E-01  6.01738E+00  6.0
    115 18 13  211  15 3s2 8p          -6.52260E-01  6.02871E+00  6.0
    116 18 13  411   6 3p2(3PE) 4p     -6.11954E-01  6.06902E+00 12.0
    117 18 13  401   2 3p2(3PE) 4p     -6.04295E-01  6.07668E+00  4.0
    118 18 13  200  12 3p2(1SE) 4s     -6.03662E-01  6.07731E+00  2.0
    119 18 13  221   8 3s3p(3PO) 5d    -6.00080E-01  6.08089E+00 10.0
    120 18 13  220  17 3s2 8d          -5.98893E-01  6.08208E+00 10.0
    121 18 13  420   5 3s3d(3DE) 4s    -5.82155E-01  6.09881E+00 20.0
    122 18 13  231  11 3s2 8f          -5.69670E-01  6.11130E+00 14.0
    123 18 13  251   4 3s2 8h          -5.63761E-01  6.11721E+00 22.0
    124 18 13  240   8 3s2 8g          -5.56779E-01  6.12419E+00 18.0
    125 18 13  421   5 3s3p(3PO) 5d    -5.41346E-01  6.13962E+00 20.0
    126 18 13  431   4 3s3p(3PO) 5d    -5.40991E-01  6.13998E+00 28.0
    127 18 13  211  16 3p2(3PE) 4p     -5.35983E-01  6.14499E+00  6.0
    128 18 13  200  13 3s2 9s          -5.34349E-01  6.14662E+00  2.0
    129 18 13  231  12 3s3p(3PO) 5d    -5.27761E-01  6.15321E+00 14.0
    130 18 13  421   6 3p3d2(3FE)      -5.17648E-01  6.16332E+00 20.0
    131 18 13  211  17 3s3p(3PO) 5d    -5.13046E-01  6.16792E+00  6.0
    132 18 13  411   7 3s3p(3PO) 5d    -5.11118E-01  6.16985E+00 12.0
    133 18 13  211  18 3s2 9p          -5.09683E-01  6.17129E+00  6.0
    134 18 13  220  18 3s2 9d          -4.80320E-01  6.20065E+00 10.0
    135 18 13  211  19 3s3p(1PO) 5s    -4.80245E-01  6.20073E+00  6.0
    136 18 13  221   9 3p2(3PE) 4p     -4.79587E-01  6.20138E+00 10.0
    137 18 13  220  19 3s3p(1PO) 5p    -4.56759E-01  6.22421E+00 10.0
    138 18 13  231  13 3s2 9f          -4.49790E-01  6.23118E+00 14.0
    139 18 13  251   5 3s2 9h          -4.45515E-01  6.23546E+00 22.0
    140 18 13  240   9 3s2 9g          -4.43512E-01  6.23746E+00 18.0
    141 18 13  430   4 3s3p(3PO) 5f    -4.38488E-01  6.24248E+00 28.0
    142 18 13  440   2 3s3p(3PO) 5f    -4.36109E-01  6.24486E+00 36.0
    143 18 13  241   2 3s3p(3PO) 5g    -4.26245E-01  6.25472E+00 18.0
    144 18 13  200  14 3s210s          -4.24887E-01  6.25608E+00  2.0
    145 18 13  441   2 3s3p(3PO) 5g    -4.24670E-01  6.25630E+00 36.0
    146 18 13  230   6 3s3p(3PO) 5f    -4.24351E-01  6.25662E+00 14.0
    147 18 13  420   6 3s3p(3PO) 5f    -4.14740E-01  6.26623E+00 20.0
    148 18 13  211  20 3s210p          -4.05183E-01  6.27579E+00  6.0
    149 18 13  231  14 3s3p(3PO) 5g    -4.03372E-01  6.27760E+00 14.0
    150 18 13  451   1 3s3p(3PO) 5g    -3.99547E-01  6.28142E+00 44.0
    151 18 13  431   5 3s3p(3PO) 5g    -3.95802E-01  6.28517E+00 28.0
    152 18 13  211  21 3p2(1SE) 4p     -3.95402E-01  6.28557E+00  6.0
    153 18 13  251   6 3s3p(3PO) 5g    -3.94961E-01  6.28601E+00 22.0
    154 18 13  240  10 3s3p(3PO) 5f    -3.88962E-01  6.29201E+00 18.0
    155 18 13  231  15 3s3d(3DE) 4p    -3.85665E-01  6.29531E+00 14.0
    156 18 13  220  20 3s210d          -3.79827E-01  6.30114E+00 10.0
    157 18 13  220  21 3s3p(3PO) 5f    -3.77594E-01  6.30338E+00 10.0
    158 18 13  231  16 3s210f          -3.63919E-01  6.31705E+00 14.0
    159 18 13  251   7 3s210h          -3.60906E-01  6.32006E+00 22.0
    160 18 13  210   9 3s3p(1PO) 5p    -2.95454E-01  6.38552E+00  6.0
    161 18 13  411   8 3s3p(3PO) 6s    -2.87136E-01  6.39383E+00 12.0
    162 18 13  401   3 3p3d2(3PE)      -2.86442E-01  6.39453E+00  4.0
    163 18 13  221  10 3p3d2(1DE)      -2.43585E-01  6.43739E+00 10.0
    164 18 13  241   3 3p3d2(3FE)      -2.02309E-01  6.47866E+00 18.0
    165 18 13  210  10 3s3p(3PO) 6p    -1.89698E-01  6.49127E+00  6.0
    166 18 13  420   7 3s3p(3PO) 6p    -1.87023E-01  6.49395E+00 20.0
    167 18 13  410   7 3s3p(3PO) 6p    -1.81513E-01  6.49946E+00 12.0
    168 18 13  400   3 3s3p(3PO) 6p    -1.73529E-01  6.50744E+00  4.0
    169 18 13  421   7 3s3d(3DE) 4p    -1.72618E-01  6.50835E+00 20.0
    170 18 13  230   7 3p2(1DE) 4d     -1.53479E-01  6.52749E+00 14.0
    171 18 13  431   6 3s3d(3DE) 4p    -1.52534E-01  6.52844E+00 28.0
    172 18 13  221  11 3s3d(3DE) 4p    -1.15144E-01  6.56583E+00 10.0
    173 18 13  411   9 3s3d(3DE) 4p    -1.03383E-01  6.57759E+00 12.0
    174 18 13  210  11 3p2(1DE) 4d:    -8.86486E-02  6.59232E+00  6.0
    175 18 13  430   5 3p2(3PE) 4d     -8.52033E-02  6.59577E+00 28.0
    176 18 13  410   8 3p2(3PE) 4d     -6.90650E-02  6.61191E+00 12.0
    177 18 13  230   8 3p2(3PE) 4d     -4.50986E-02  6.63587E+00 14.0
    178 18 13  221  12 3s3p(3PO) 6d    -4.35672E-02  6.63740E+00 10.0
    179 18 13  431   7 3s3p(3PO) 6d    -3.83733E-02  6.64260E+00 28.0
    180 18 13  221  13 3s3p(1PO) 5d    -3.74371E-02  6.64353E+00 10.0
    181 18 13  421   8 3s3p(3PO) 6d    -3.67567E-02  6.64421E+00 20.0
    182 18 13  420   8 3p2(3PE) 4d     -3.21121E-02  6.64886E+00 20.0
    183 18 13  210  12 3p2(3PE) 4d:    -3.12158E-02  6.64975E+00  6.0
    184 18 13  411  10 3s3p(3PO) 6d    -2.66223E-02  6.65435E+00 12.0
    185 18 13  441   3 3s3p(3PO) 6g     1.25908E-02  6.69356E+00 36.0
    186 18 13  241   4 3s3p(3PO) 6g     1.68174E-02  6.69779E+00 18.0
    187 18 13  440   3 3s3p(3PO) 6f     2.04081E-02  6.70138E+00 36.0
    188 18 13  430   6 3s3p(3PO) 6f     2.05464E-02  6.70152E+00 28.0
    189 18 13  230   9 3s3p(3PO) 6f     3.20903E-02  6.71306E+00 14.0
    190 18 13  420   9 3s3p(3PO) 6f     3.28482E-02  6.71382E+00 20.0
    191 18 13  431   8 3s3p(3PO) 6g     3.54036E-02  6.71637E+00 28.0
    192 18 13  451   2 3s3p(3PO) 6g     3.98265E-02  6.72080E+00 44.0
    193 18 13  440   4 3s3p(3PO) 6h     4.71856E-02  6.72816E+00 36.0
    194 18 13  241   5 3p2(1DE) 4f      5.32738E-02  6.73424E+00 18.0
    195 18 13  221  14 3p3d2(3PE)       7.13525E-02  6.75232E+00 10.0
    196 18 13  230  10 3s3p(1PO) 5f     8.26547E-02  6.76362E+00 14.0
    197 18 13  411  11 3s3p(3PO) 7s     1.10645E-01  6.79162E+00 12.0
    198 18 13  241   6 3s3p(1PO) 5g     1.19949E-01  6.80092E+00 18.0
    199 18 13  221  15 3p2(1DE) 4f      1.40797E-01  6.82177E+00 10.0
    200 18 13  441   4 3p2(3PE) 4f      1.55384E-01  6.83635E+00 36.0
    201 18 13  210  13 3s3p(3PO) 7p     1.65999E-01  6.84697E+00  6.0
    202 18 13  420  10 3s3p(3PO) 7p     1.70014E-01  6.85098E+00 20.0
    203 18 13  410   9 3s3p(3PO) 7p     1.72486E-01  6.85346E+00 12.0
    204 18 13  400   4 3s3p(3PO) 7p     1.76816E-01  6.85779E+00  4.0
    205 18 13  421   9 3p2(3PE) 4f      1.80652E-01  6.86162E+00 20.0
    206 18 13  431   9 3p2(3PE) 4f      2.00206E-01  6.88118E+00 28.0
    207 18 13  221  16 3p2(3PE) 4f      2.15042E-01  6.89601E+00 10.0
    208 18 13  241   7 3p2(3PE) 4f      2.49083E-01  6.93005E+00 18.0
    209 18 13  221  17 3s3p(3PO) 7d     2.53618E-01  6.93459E+00 10.0
    210 18 13  421  10 3s3p(3PO) 7d     2.55835E-01  6.93681E+00 20.0
    211 18 13  431  10 3s3p(3PO) 7d     2.61573E-01  6.94254E+00 28.0
    212 18 13  411  12 3s3p(3PO) 7d     2.63718E-01  6.94469E+00 12.0
    213 18 13  430   7 3s3p(3PO) 7f     2.93858E-01  6.97483E+00 28.0
    214 18 13  440   5 3s3p(3PO) 7f     2.94470E-01  6.97544E+00 36.0
    215 18 13  230  11 3s3p(3PO) 7f     2.99755E-01  6.98073E+00 14.0
    216 18 13  420  11 3s3p(3PO) 7f     3.01816E-01  6.98279E+00 20.0
    217 18 13  451   3 3s3p(3PO) 7g     3.05044E-01  6.98601E+00 44.0
    218 18 13  221  18 3s3d(1DE) 4p     3.05936E-01  6.98691E+00 10.0
    219 18 13  440   6 3s3p(3PO) 7h     3.11509E-01  6.99248E+00 36.0
    220 18 13  441   5 3s3p(3PO) 7g     3.11762E-01  6.99273E+00 36.0
    221 18 13  431  11 3s3p(3PO) 7g     3.20091E-01  7.00106E+00 28.0
    222 18 13  210  14 3s3p(1PO) 6p     3.27539E-01  7.00851E+00  6.0
    223 18 13  241   8 3s3p(3PO) 7g     3.29147E-01  7.01012E+00 18.0
    224 18 13  411  13 3s3p(3PO) 8s     3.52358E-01  7.03333E+00 12.0
    225 18 13  420  12 3s3d(3DE) 4d     3.54552E-01  7.03552E+00 20.0
    226 18 13  440   7 3s3d(3DE) 4d     3.67948E-01  7.04892E+00 36.0
    227 18 13  230  12 3s3d(3DE) 4d     3.80992E-01  7.06196E+00 14.0
    228 18 13  210  15 3s3p(3PO) 8p     3.81954E-01  7.06292E+00  6.0
    229 18 13  410  10 3s3p(3PO) 8p     3.89934E-01  7.07090E+00 12.0
    230 18 13  420  13 3s3p(3PO) 8p     3.91246E-01  7.07222E+00 20.0
    231 18 13  400   5 3s3p(3PO) 8p     3.92605E-01  7.07358E+00  4.0
    232 18 13  400   6 3s3d(3DE) 4d     4.19140E-01  7.10011E+00  4.0
    233 18 13  210  16 3s3d(3DE) 4d     4.21363E-01  7.10233E+00  6.0
    234 18 13  430   8 3s3d(3DE) 4d     4.39411E-01  7.12038E+00 28.0
    235 18 13  221  19 3s3p(3PO) 8d     4.44150E-01  7.12512E+00 10.0
    236 18 13  421  11 3s3p(3PO) 8d     4.44492E-01  7.12546E+00 20.0
    237 18 13  431  12 3s3p(3PO) 8d     4.49130E-01  7.13010E+00 28.0
    238 18 13  410  11 3p2(3PE) 5s      4.50643E-01  7.13161E+00 12.0
    239 18 13  411  14 3s3p(3PO) 8d     4.50932E-01  7.13190E+00 12.0
    240 18 13  440   8 3s3p(3PO) 8f     4.72778E-01  7.15375E+00 36.0
    241 18 13  221  20 3s3p(1PO) 6d     4.72795E-01  7.15377E+00 10.0
    242 18 13  230  13 3s3p(3PO) 8f     4.75020E-01  7.15599E+00 14.0
    243 18 13  451   4 3s3p(3PO) 8g     4.75324E-01  7.15629E+00 44.0
    244 18 13  430   9 3s3p(3PO) 8f     4.76081E-01  7.15705E+00 28.0
    245 18 13  420  14 3s3p(3PO) 8f     4.76816E-01  7.15779E+00 20.0
    246 18 13  441   6 3s3p(3PO) 8g     4.79126E-01  7.16010E+00 36.0
    247 18 13  241   9 3s3p(3PO) 8g     4.81203E-01  7.16217E+00 18.0
    248 18 13  210  17 3p2(3PE) 5s      4.82692E-01  7.16366E+00  6.0
    249 18 13  440   9 3s3p(3PO) 8h     4.83556E-01  7.16453E+00 36.0
    250 18 13  431  13 3s3p(3PO) 8g     4.84311E-01  7.16528E+00 28.0
    251 18 13  411  15 3s3p(3PO) 9s     5.11006E-01  7.19198E+00 12.0
    252 18 13  410  12 3s3d(3DE) 4d     5.12993E-01  7.19396E+00 12.0
    253 18 13  230  14 3s3p(1PO) 6f     5.33016E-01  7.21399E+00 14.0
    254 18 13  420  15 3s3p(3PO) 9p     5.37328E-01  7.21830E+00 20.0
    255 18 13  400   7 3s3p(3PO) 9p     5.41137E-01  7.22211E+00  4.0
    256 18 13  410  13 3s3p(3PO) 9p     5.41973E-01  7.22294E+00 12.0
    257 18 13  210  18 3s3p(3PO) 9p     5.45201E-01  7.22617E+00  6.0
    258 18 13  241  10 3s3p(1PO) 6g     5.45673E-01  7.22664E+00 18.0
    259 18 13  221  21 3p2(1DE) 5p      5.57303E-01  7.23827E+00 10.0
    260 18 13  421  12 3s3p(3PO) 9d     5.70968E-01  7.25194E+00 20.0
    261 18 13  451   5 3s3d(3DE) 4f     5.74236E-01  7.25521E+00 44.0
    262 18 13  221  22 3s3p(3PO) 9d     5.74323E-01  7.25529E+00 10.0
    263 18 13  431  14 3s3p(3PO) 9d     5.76926E-01  7.25790E+00 28.0
    264 18 13  411  16 3s3p(3PO) 9d     5.77250E-01  7.25822E+00 12.0
    265 18 13  440  10 3s3p(3PO) 9f     5.93807E-01  7.27478E+00 36.0
    266 18 13  201   3 3p2(3PE) 5p      5.94138E-01  7.27511E+00  2.0
    267 18 13  430  10 3s3p(3PO) 9f     5.94191E-01  7.27516E+00 28.0
    268 18 13  431  15 3s3p(3PO) 9g     5.94265E-01  7.27524E+00 28.0
    269 18 13  230  15 3s3p(3PO) 9f     5.95727E-01  7.27670E+00 14.0
    270 18 13  441   7 3s3p(3PO) 9g     5.95880E-01  7.27685E+00 36.0
    271 18 13  241  11 3s3p(3PO) 9g     5.96203E-01  7.27717E+00 18.0
    272 18 13  420  16 3s3p(3PO) 9f     5.96664E-01  7.27763E+00 20.0
    273 18 13  440  11 3s3p(3PO) 9h     6.01321E-01  7.28229E+00 36.0
    274 18 13  431  16 3s3d(3DE) 4f     6.15191E-01  7.29616E+00 28.0
    275 18 13  451   6 3s3p(3PO) 9g     6.16213E-01  7.29718E+00 44.0
    276 18 13  411  17 3s3p(3PO)10s     6.19768E-01  7.30074E+00 12.0
    277 18 13  421  13 3p2(3PE) 5p      6.24726E-01  7.30570E+00 20.0
    278 18 13  420  17 3s3p(3PO)10p     6.39576E-01  7.32055E+00 20.0
    279 18 13  210  19 3s3p(3PO)10p     6.40995E-01  7.32197E+00  6.0
    280 18 13  410  14 3s3p(3PO)10p     6.41325E-01  7.32230E+00 12.0
    281 18 13  400   8 3s3p(3PO)10p     6.42290E-01  7.32326E+00  4.0
    282 18 13  411  18 3p2(3PE) 5p      6.43456E-01  7.32443E+00 12.0
    283 18 13  401   4 3p2(3PE) 5p      6.43521E-01  7.32449E+00  4.0
    284 18 13  241  12 3s3d(3DE) 4f     6.49103E-01  7.33007E+00 18.0
    285 18 13  221  23 3s3p(3PO)10d     6.55670E-01  7.33664E+00 10.0
    286 18 13  441   8 3s3d(3DE) 4f     6.67760E-01  7.34873E+00 36.0
    287 18 13  431  17 3s3p(3PO)10d     6.68479E-01  7.34945E+00 28.0
    288 18 13  421  14 3s3p(3PO)10d     6.69722E-01  7.35069E+00 20.0
    289 18 13  411  19 3s3p(3PO)10d     6.71854E-01  7.35282E+00 12.0
    290 18 13  440  12 3s3p(3PO)10f     6.80231E-01  7.36120E+00 36.0
    291 18 13  430  11 3s3p(3PO)10f     6.80353E-01  7.36132E+00 28.0
    292 18 13  230  16 3s3p(3PO)10f     6.81323E-01  7.36229E+00 14.0
    293 18 13  210  20 3s3p(1PO) 7p     6.81915E-01  7.36288E+00  6.0
    294 18 13  420  18 3s3p(3PO)10f     6.82292E-01  7.36326E+00 20.0
    295 18 13  201   4 3p2(3PE) 6p      1.23491E+00  7.91588E+00  2.0
    296 18 13  401   5 3p2(3PE) 6p      1.25805E+00  7.93902E+00  4.0
    297 18 13  201   5 3p2(3PE) 7p      1.59480E+00  8.27577E+00  2.0
    298 18 13  401   6 3p2(3PE) 7p      1.60775E+00  8.28872E+00  4.0
    299 18 13  201   6 3p2(3PE) 8p      1.81764E+00  8.49861E+00  2.0
    300 18 13  401   7 3p2(3PE) 8p      1.82568E+00  8.50665E+00  4.0
    301 18 13  201   7 3p2(3PE) 9p      1.96532E+00  8.64629E+00  2.0
    302 18 13  401   8 3p2(3PE) 9p      1.97067E+00  8.65164E+00  4.0
    303 18 13  201   8 3p2(3PE)10p      2.06826E+00  8.74923E+00  2.0
    304 18 13  401   9 3p2(3PE)10p      2.07201E+00  8.75298E+00  4.0
 ====================================================================
