 ====================================================================
      i NZ NE iSLP iLV iCONF                 E(RYD)      TE(RYD)   gi
 ====================================================================
      1 18 12  100   1 3s2             -9.07903E+00  0.00000E+00  1.0
      2 18 12  311   1 3s 3p           -8.06164E+00  1.01739E+00  9.0
      3 18 12  111   1 3s 3p           -7.52590E+00  1.55313E+00  3.0
      4 18 12  120   1 3p2             -6.71082E+00  2.36821E+00  5.0
      5 18 12  310   1 3p2             -6.63784E+00  2.44119E+00  9.0
      6 18 12  100   2 3p2             -6.20795E+00  2.87108E+00  1.0
      7 18 12  320   1 3s 3d           -6.15016E+00  2.92887E+00 15.0
      8 18 12  120   2 3s 3d           -5.70925E+00  3.36978E+00  5.0
      9 18 12  331   1 3p 3d           -5.07922E+00  3.99981E+00 21.0
     10 18 12  121   1 3p 3d           -5.02558E+00  4.05345E+00  5.0
     11 18 12  311   2 3p 3d           -4.81098E+00  4.26805E+00  9.0
     12 18 12  321   1 3p 3d           -4.78273E+00  4.29630E+00 15.0
     13 18 12  131   1 3p 3d           -4.48276E+00  4.59627E+00  7.0
     14 18 12  300   1 3s 4s           -4.43221E+00  4.64682E+00  3.0
     15 18 12  111   2 3p 3d           -4.39576E+00  4.68327E+00  3.0
     16 18 12  100   3 3s 4s           -4.32928E+00  4.74975E+00  1.0
     17 18 12  311   3 3s 4p           -3.94751E+00  5.13152E+00  9.0
     18 18 12  111   3 3s 4p           -3.92885E+00  5.15018E+00  3.0
     19 18 12  320   2 3s 4d           -3.34342E+00  5.73561E+00 15.0
     20 18 12  120   3 3s 4d           -3.33765E+00  5.74138E+00  5.0
     21 18 12  330   1 3d2             -3.17091E+00  5.90812E+00 21.0
     22 18 12  331   2 3s 4f           -3.11896E+00  5.96007E+00 21.0
     23 18 12  311   4 3p 4s           -3.11321E+00  5.96582E+00  9.0
     24 18 12  140   1 3d2             -3.07743E+00  6.00160E+00  9.0
     25 18 12  111   4 3p 4s           -3.05117E+00  6.02786E+00  3.0
     26 18 12  131   2 3s 4f           -3.04946E+00  6.02957E+00  7.0
     27 18 12  120   4 3d2             -3.03538E+00  6.04365E+00  5.0
     28 18 12  310   2 3d2             -2.99840E+00  6.08063E+00  9.0
     29 18 12  110   1 3p 4p           -2.74218E+00  6.33685E+00  3.0
     30 18 12  320   3 3p 4p           -2.69410E+00  6.38493E+00 15.0
     31 18 12  100   4 3d2             -2.67185E+00  6.40718E+00  1.0
     32 18 12  300   2 3s 5s:          -2.65267E+00  6.42636E+00  3.0
     33 18 12  310   3 3p 4p           -2.63730E+00  6.44173E+00  9.0
     34 18 12  100   5 3s 5s           -2.58225E+00  6.49678E+00  1.0
     35 18 12  300   3 3p 4p:          -2.56775E+00  6.51128E+00  3.0
     36 18 12  120   5 3p 4p           -2.56094E+00  6.51809E+00  5.0
     37 18 12  311   5 3s 5p           -2.38066E+00  6.69837E+00  9.0
     38 18 12  111   5 3s 5p           -2.36740E+00  6.71163E+00  3.0
     39 18 12  100   6 3p 4p           -2.35801E+00  6.72102E+00  1.0
     40 18 12  320   4 3s 5d           -2.09399E+00  6.98504E+00 15.0
     41 18 12  121   2 3p 4d           -2.09224E+00  6.98679E+00  5.0
     42 18 12  321   2 3p 4d           -2.08854E+00  6.99049E+00 15.0
     43 18 12  120   6 3s 5d           -2.08791E+00  6.99112E+00  5.0
     44 18 12  331   3 3p 4d           -2.05731E+00  7.02172E+00 21.0
     45 18 12  131   3 3p 4d           -2.05271E+00  7.02632E+00  7.0
     46 18 12  340   1 3s 5g           -2.01481E+00  7.06422E+00 27.0
     47 18 12  140   2 3s 5g           -2.00073E+00  7.07830E+00  9.0
     48 18 12  311   6 3p 4d           -1.99891E+00  7.08012E+00  9.0
     49 18 12  331   4 3s 5f           -1.98853E+00  7.09050E+00 21.0
     50 18 12  111   6 3p 4d           -1.96749E+00  7.11154E+00  3.0
     51 18 12  131   4 3s 5f           -1.95987E+00  7.11916E+00  7.0
     52 18 12  130   1 3p 4f           -1.89701E+00  7.18202E+00  7.0
     53 18 12  330   2 3p 4f           -1.86314E+00  7.21589E+00 21.0
     54 18 12  340   2 3p 4f           -1.82388E+00  7.25515E+00 27.0
     55 18 12  320   5 3p 4f           -1.79525E+00  7.28378E+00 15.0
     56 18 12  120   7 3p 4f           -1.72558E+00  7.35345E+00  5.0
     57 18 12  300   4 3s 6s           -1.71245E+00  7.36658E+00  3.0
     58 18 12  140   3 3p 4f           -1.70329E+00  7.37574E+00  9.0
     59 18 12  100   7 3s 6s           -1.69661E+00  7.38242E+00  1.0
     60 18 12  311   7 3s 6p           -1.59255E+00  7.48648E+00  9.0
     61 18 12  111   7 3s 6p           -1.59081E+00  7.48822E+00  3.0
     62 18 12  120   8 3s 6d           -1.44756E+00  7.63147E+00  5.0
     63 18 12  320   6 3s 6d           -1.44081E+00  7.63822E+00 15.0
     64 18 12  331   5 3s 6f           -1.37862E+00  7.70041E+00 21.0
     65 18 12  131   5 3s 6f           -1.36730E+00  7.71173E+00  7.0
     66 18 12  320   7 3d 4s           -1.36534E+00  7.71369E+00 15.0
     67 18 12  340   3 3s 6g           -1.35766E+00  7.72137E+00 27.0
     68 18 12  140   4 3s 6g           -1.34942E+00  7.72961E+00  9.0
     69 18 12  120   9 3d 4s           -1.32863E+00  7.75040E+00  5.0
     70 18 12  311   8 3p 5s           -1.29359E+00  7.78544E+00  9.0
     71 18 12  111   8 3p 5s           -1.28160E+00  7.79743E+00  3.0
     72 18 12  300   5 3s 7s           -1.21606E+00  7.86297E+00  3.0
     73 18 12  100   8 3s 7s           -1.20934E+00  7.86969E+00  1.0
     74 18 12  311   9 3s 7p           -1.14154E+00  7.93749E+00  9.0
     75 18 12  111   9 3s 7p           -1.13535E+00  7.94368E+00  3.0
     76 18 12  110   2 3p 5p           -1.11070E+00  7.96833E+00  3.0
     77 18 12  320   8 3p 5p           -1.09223E+00  7.98680E+00 15.0
     78 18 12  310   4 3p 5p           -1.07918E+00  7.99985E+00  9.0
     79 18 12  120  10 3s 7d           -1.06806E+00  8.01097E+00  5.0
     80 18 12  300   6 3p 5p           -1.05841E+00  8.02062E+00  3.0
     81 18 12  320   9 3s 7d           -1.03909E+00  8.03994E+00 15.0
     82 18 12  331   6 3s 7f           -1.01129E+00  8.06774E+00 21.0
     83 18 12  131   6 3s 7f           -1.00816E+00  8.07087E+00  7.0
     84 18 12  120  11 3p 5p           -1.00328E+00  8.07575E+00  5.0
     85 18 12  100   9 3p 5p           -1.00207E+00  8.07696E+00  1.0
     86 18 12  340   4 3s 7g           -1.00177E+00  8.07726E+00 27.0
     87 18 12  140   5 3s 7g           -1.00024E+00  8.07879E+00  9.0
     88 18 12  121   3 3d 4p           -9.69140E-01  8.10989E+00  5.0
     89 18 12  321   3 3d 4p           -9.60243E-01  8.11879E+00 15.0
     90 18 12  331   7 3d 4p           -9.28260E-01  8.15077E+00 21.0
     91 18 12  131   7 3p 5d           -9.14137E-01  8.16489E+00  7.0
     92 18 12  300   7 3s 8s           -9.04822E-01  8.17421E+00  3.0
     93 18 12  100  10 3s 8s           -8.96607E-01  8.18242E+00  1.0
     94 18 12  311  10 3d 4p           -8.74081E-01  8.20495E+00  9.0
     95 18 12  111  10 3d 4p           -8.73102E-01  8.20593E+00  3.0
     96 18 12  111  11 3s 8p           -8.59859E-01  8.21917E+00  3.0
     97 18 12  311  11 3s 8p           -8.59199E-01  8.21983E+00  9.0
     98 18 12  121   4 3p 5d           -8.16380E-01  8.26265E+00  5.0
     99 18 12  320  10 3s 8d           -7.97333E-01  8.28170E+00 15.0
    100 18 12  331   8 3p 5d           -7.97264E-01  8.28177E+00 21.0
    101 18 12  120  12 3s 8d           -7.94677E-01  8.28435E+00  5.0
    102 18 12  321   4 3p 5d           -7.93207E-01  8.28582E+00 15.0
    103 18 12  131   8 3s 8f           -7.73245E-01  8.30579E+00  7.0
    104 18 12  340   5 3s 8g           -7.73028E-01  8.30600E+00 27.0
    105 18 12  331   9 3s 8f           -7.72530E-01  8.30650E+00 21.0
    106 18 12  140   6 3s 8g           -7.72472E-01  8.30656E+00  9.0
    107 18 12  311  12 3p 5d           -7.72403E-01  8.30663E+00  9.0
    108 18 12  130   2 3p 5f           -7.19491E-01  8.35954E+00  7.0
    109 18 12  131   9 3d 4p           -7.14821E-01  8.36421E+00  7.0
    110 18 12  330   3 3p 5f           -7.08446E-01  8.37058E+00 21.0
    111 18 12  340   6 3p 5f           -7.03292E-01  8.37574E+00 27.0
    112 18 12  300   8 3s 9s           -7.01859E-01  8.37717E+00  3.0
    113 18 12  100  11 3s 9s           -6.98144E-01  8.38089E+00  1.0
    114 18 12  111  12 3p 5d           -6.96207E-01  8.38282E+00  3.0
    115 18 12  141   1 3p 5g           -6.93600E-01  8.38543E+00  9.0
    116 18 12  341   1 3p 5g           -6.93425E-01  8.38560E+00 27.0
    117 18 12  320  11 3p 5f           -6.78467E-01  8.40056E+00 15.0
    118 18 12  311  13 3s 9p           -6.69051E-01  8.40998E+00  9.0
    119 18 12  140   7 3p 5f           -6.60757E-01  8.41827E+00  9.0
    120 18 12  111  13 3s 9p           -6.57737E-01  8.42129E+00  3.0
    121 18 12  331  10 3p 5g           -6.54630E-01  8.42440E+00 21.0
    122 18 12  131  10 3p 5g           -6.51205E-01  8.42782E+00  7.0
    123 18 12  120  13 3p 5f           -6.50852E-01  8.42818E+00  5.0
    124 18 12  320  12 3s 9d           -6.25786E-01  8.45324E+00 15.0
    125 18 12  120  14 3s 9d           -6.22956E-01  8.45607E+00  5.0
    126 18 12  331  11 3s 9f           -6.10098E-01  8.46893E+00 21.0
    127 18 12  131  11 3s 9f           -6.04623E-01  8.47441E+00  7.0
    128 18 12  340   7 3s 9g           -6.02562E-01  8.47647E+00 27.0
    129 18 12  140   8 3s 9g           -5.93969E-01  8.48506E+00  9.0
    130 18 12  300   9 3s10s           -5.59968E-01  8.51906E+00  3.0
    131 18 12  100  12 3s10s           -5.57654E-01  8.52138E+00  1.0
    132 18 12  311  14 3s10p           -5.36956E-01  8.54207E+00  9.0
    133 18 12  111  14 3s10p           -5.36237E-01  8.54279E+00  3.0
    134 18 12  320  13 3s10d           -5.06135E-01  8.57290E+00 15.0
    135 18 12  120  15 3s10d           -5.05550E-01  8.57348E+00  5.0
    136 18 12  331  12 3s10f           -4.93834E-01  8.58520E+00 21.0
    137 18 12  131  12 3s10f           -4.90815E-01  8.58821E+00  7.0
    138 18 12  130   3 3d 4d           -4.11653E-01  8.66738E+00  7.0
    139 18 12  110   3 3d 4d           -3.69965E-01  8.70907E+00  3.0
    140 18 12  110   4 3p 6p           -3.09617E-01  8.76941E+00  3.0
    141 18 12  310   5 3p 6p           -3.02670E-01  8.77636E+00  9.0
    142 18 12  330   4 3d 4d           -2.86822E-01  8.79221E+00 21.0
    143 18 12  141   2 3d 4f           -2.12763E-01  8.86627E+00  9.0
    144 18 12  310   6 3d 4d           -1.92746E-01  8.88628E+00  9.0
    145 18 12  121   5 3p 6d           -1.58376E-01  8.92065E+00  5.0
    146 18 12  321   5 3p 6d           -1.52363E-01  8.92667E+00 15.0
    147 18 12  341   2 3p 6g:          -1.21813E-01  8.95722E+00 27.0
    148 18 12  121   6 3d 4f           -1.21276E-01  8.95775E+00  5.0
    149 18 12  130   4 3p 6f           -9.70413E-02  8.98199E+00  7.0
    150 18 12  330   5 3p 6f           -8.95584E-02  8.98947E+00 21.0
    151 18 12  141   3 3p 6g           -7.28885E-02  9.00614E+00  9.0
    152 18 12  321   6 3d 4f           -5.82676E-02  9.02076E+00 15.0
    153 18 12  341   3 3d 4f:          -4.21021E-02  9.03693E+00 27.0
    154 18 12  110   5 3p 7p            1.44293E-01  9.22332E+00  3.0
    155 18 12  310   7 3p 7p            1.53260E-01  9.23229E+00  9.0
    156 18 12  121   7 3p 7d            2.41188E-01  9.32022E+00  5.0
    157 18 12  321   7 3p 7d            2.41531E-01  9.32056E+00 15.0
    158 18 12  130   5 3p 7f            2.75227E-01  9.35426E+00  7.0
    159 18 12  330   6 3p 7f            2.78925E-01  9.35795E+00 21.0
    160 18 12  141   4 3p 7g            2.86298E-01  9.36533E+00  9.0
    161 18 12  341   4 3p 7g            2.87810E-01  9.36684E+00 27.0
    162 18 12  110   6 3p 8p            4.29369E-01  9.50840E+00  3.0
    163 18 12  310   8 3p 8p            4.34635E-01  9.51367E+00  9.0
    164 18 12  321   8 3p 8d            4.91971E-01  9.57100E+00 15.0
    165 18 12  121   8 3p 8d            4.92746E-01  9.57178E+00  5.0
    166 18 12  130   6 3p 8f            5.15498E-01  9.59453E+00  7.0
    167 18 12  330   7 3p 8f            5.17756E-01  9.59679E+00 21.0
    168 18 12  141   5 3p 8g            5.22370E-01  9.60140E+00  9.0
    169 18 12  341   5 3p 8g            5.22907E-01  9.60194E+00 27.0
    170 18 12  110   7 3p 9p            6.19968E-01  9.69900E+00  3.0
    171 18 12  310   9 3p 9p            6.23359E-01  9.70239E+00  9.0
    172 18 12  121   9 3d 5p            6.43178E-01  9.72221E+00  5.0
    173 18 12  321   9 3d 5p            6.45115E-01  9.72414E+00 15.0
    174 18 12  121  10 3p 9d            6.63726E-01  9.74276E+00  5.0
    175 18 12  321  10 3p 9d            6.71312E-01  9.75034E+00 15.0
    176 18 12  130   7 3p 9f            6.79674E-01  9.75870E+00  7.0
    177 18 12  330   8 3p 9f            6.81158E-01  9.76019E+00 21.0
    178 18 12  141   6 3p 9g            6.84281E-01  9.76331E+00  9.0
    179 18 12  341   6 3p 9g            6.84512E-01  9.76354E+00 27.0
    180 18 12  110   8 3p10p            7.53718E-01  9.83275E+00  3.0
    181 18 12  310  10 3p10p            7.56018E-01  9.83505E+00  9.0
    182 18 12  121  11 3p10d            7.85214E-01  9.86424E+00  5.0
    183 18 12  321  11 3p10d            7.86125E-01  9.86516E+00 15.0
    184 18 12  130   8 3p10f            7.96823E-01  9.87585E+00  7.0
    185 18 12  330   9 3p10f            7.97839E-01  9.87687E+00 21.0
    186 18 12  141   7 3p10g            8.00038E-01  9.87907E+00  9.0
    187 18 12  341   7 3p10g            8.00126E-01  9.87916E+00 27.0
 ====================================================================
