 ====================================================================
      i NZ NE iSLP iLV iCONF                 E(RYD)      TE(RYD)   gi
 ====================================================================
      1 18 11  200   1 2p6 3s          -1.04893E+01  0.00000E+00  2.0
      2 18 11  211   1 2p6 3p          -9.21374E+00  1.27556E+00  6.0
      3 18 11  220   1 2p6 3d          -7.51967E+00  2.96963E+00 10.0
      4 18 11  200   2 2p6 4s          -5.27539E+00  5.21391E+00  2.0
      5 18 11  211   2 2p6 4p          -4.79865E+00  5.69065E+00  6.0
      6 18 11  220   2 2p6 4d          -4.18653E+00  6.30277E+00 10.0
      7 18 11  231   1 2p6 4f          -4.00949E+00  6.47981E+00 14.0
      8 18 11  200   3 2p6 5s          -3.17825E+00  7.31105E+00  2.0
      9 18 11  211   3 2p6 5p          -2.95036E+00  7.53894E+00  6.0
     10 18 11  220   3 2p6 5d          -2.65548E+00  7.83382E+00 10.0
     11 18 11  231   2 2p6 5f          -2.56632E+00  7.92298E+00 14.0
     12 18 11  200   4 2p6 6s          -2.12341E+00  8.36589E+00  2.0
     13 18 11  211   4 2p6 6p          -1.99735E+00  8.49195E+00  6.0
     14 18 11  220   4 2p6 6d          -1.83339E+00  8.65591E+00 10.0
     15 18 11  231   3 2p6 6f          -1.78195E+00  8.70735E+00 14.0
     16 18 11  200   5 2p6 7s          -1.51874E+00  8.97056E+00  2.0
     17 18 11  211   5 2p6 7p          -1.44181E+00  9.04749E+00  6.0
     18 18 11  220   5 2p6 7d          -1.34132E+00  9.14798E+00 10.0
     19 18 11  231   4 2p6 7f          -1.30895E+00  9.18035E+00 14.0
     20 18 11  200   6 2p6 8s          -1.14005E+00  9.34925E+00  2.0
     21 18 11  211   6 2p6 8p          -1.08970E+00  9.39960E+00  6.0
     22 18 11  220   6 2p6 8d          -1.02365E+00  9.46565E+00 10.0
     23 18 11  231   5 2p6 8f          -1.00198E+00  9.48732E+00 14.0
     24 18 11  200   7 2p6 9s          -8.87239E-01  9.60206E+00  2.0
     25 18 11  211   7 2p6 9p          -8.52505E-01  9.63680E+00  6.0
     26 18 11  220   7 2p6 9d          -8.06772E-01  9.68253E+00 10.0
     27 18 11  231   6 2p6 9f          -7.91554E-01  9.69775E+00 14.0
     28 18 11  200   8 2p610s          -7.10095E-01  9.77920E+00  2.0
     29 18 11  211   8 2p610p          -6.85132E-01  9.80417E+00  6.0
     30 18 11  220   8 2p610d          -6.52153E-01  9.83715E+00 10.0
     31 18 11  231   7 2p610f          -6.41064E-01  9.84824E+00 14.0
 ====================================================================
