 ================================================
       I  NZ  NE  ISLP  ILV        E(RYD)      NP
 ================================================
       1   7   3   200    1  -7.18774E+00      90
  6.937740E+00 4.870E-01
  6.987740E+00 4.810E-01
  7.037740E+00 4.750E-01
  7.087740E+00 4.700E-01
  7.137740E+00 4.640E-01
  7.187740E+00 4.580E-01
  7.538540E+00 4.220E-01
  7.901100E+00 3.880E-01
  8.275820E+00 3.570E-01
  8.663110E+00 3.280E-01
  9.063390E+00 3.020E-01
  9.477100E+00 2.780E-01
  9.904680E+00 2.560E-01
  1.034660E+01 2.350E-01
  1.080330E+01 2.170E-01
  1.127530E+01 1.990E-01
  1.176310E+01 1.830E-01
  1.226720E+01 1.690E-01
  1.278820E+01 1.550E-01
  1.332650E+01 1.430E-01
  1.388270E+01 1.310E-01
  1.445740E+01 1.210E-01
  1.505130E+01 1.113E-01
  1.747010E+01 8.061E-02
  2.089750E+01 5.560E-02
  2.432490E+01 4.013E-02
  2.775230E+01 3.001E-02
  3.117980E+01 2.308E-02
  3.460720E+01 1.816E-02
  3.803460E+01 1.458E-02
  3.803530E+01 2.901E-01
  3.809000E+01 2.891E-01
  3.814470E+01 2.881E-01
  3.819930E+01 2.872E-01
  3.825400E+01 2.862E-01
  3.830860E+01 2.852E-01
  3.836330E+01 2.843E-01
  3.841800E+01 2.833E-01
  3.847260E+01 2.823E-01
  3.852730E+01 2.814E-01
  3.852770E+01 3.744E-01
  3.984470E+01 3.454E-01
  4.120660E+01 3.184E-01
  4.261520E+01 2.934E-01
  4.407190E+01 2.701E-01
  4.557830E+01 2.486E-01
  4.713630E+01 2.287E-01
  4.874750E+01 2.103E-01
  5.041380E+01 1.932E-01
  5.213710E+01 1.775E-01
  5.391930E+01 1.629E-01
  5.576230E+01 1.495E-01
  5.766840E+01 1.371E-01
  5.963970E+01 1.257E-01
  6.167830E+01 1.152E-01
  6.378660E+01 1.055E-01
  6.596690E+01 9.662E-02
  6.822180E+01 8.843E-02
  7.055380E+01 8.091E-02
  7.296550E+01 7.400E-02
  7.545960E+01 6.765E-02
  7.803900E+01 6.183E-02
  8.070660E+01 5.648E-02
  8.346530E+01 5.158E-02
  8.631830E+01 4.709E-02
  8.926890E+01 4.297E-02
  9.232030E+01 3.920E-02
  9.547600E+01 3.575E-02
  9.873960E+01 3.259E-02
  1.021150E+02 2.970E-02
  1.056050E+02 2.706E-02
  1.092150E+02 2.464E-02
  1.129480E+02 2.243E-02
  1.168090E+02 2.041E-02
  1.208020E+02 1.857E-02
  1.249310E+02 1.689E-02
  1.292020E+02 1.536E-02
  1.336180E+02 1.396E-02
  1.381850E+02 1.269E-02
  1.429090E+02 1.152E-02
  1.477940E+02 1.047E-02
  1.528460E+02 9.501E-03
  1.580700E+02 8.624E-03
  1.634740E+02 7.825E-03
  1.690610E+02 7.098E-03
  1.748400E+02 6.437E-03
  1.808170E+02 5.836E-03
  1.869980E+02 5.289E-03
  1.933900E+02 4.793E-03
  2.000000E+02 4.342E-03
       2   7   3   211    1  -6.45458E+00      73
  6.204580E+00 6.630E-01
  6.254580E+00 6.470E-01
  6.304580E+00 6.320E-01
  6.354580E+00 6.180E-01
  6.404580E+00 6.040E-01
  6.454580E+00 5.900E-01
  6.645250E+00 5.410E-01
  6.841200E+00 4.970E-01
  7.042560E+00 4.560E-01
  7.249440E+00 4.180E-01
  7.461980E+00 3.830E-01
  7.680290E+00 3.510E-01
  7.904520E+00 3.220E-01
  8.134800E+00 2.960E-01
  8.371260E+00 2.710E-01
  8.614030E+00 2.480E-01
  8.863260E+00 2.280E-01
  9.119080E+00 2.090E-01
  9.381630E+00 1.920E-01
  9.651070E+00 1.760E-01
  9.927540E+00 1.610E-01
  1.021120E+01 1.470E-01
  1.050210E+01 1.350E-01
  1.080060E+01 1.240E-01
  1.110670E+01 1.140E-01
  1.142050E+01 1.040E-01
  1.174230E+01 9.540E-02
  1.207230E+01 8.740E-02
  1.241040E+01 8.010E-02
  1.275700E+01 7.340E-02
  1.311230E+01 6.720E-02
  1.347620E+01 6.160E-02
  1.384910E+01 5.640E-02
  1.423120E+01 5.160E-02
  1.462250E+01 4.730E-02
  1.502320E+01 4.330E-02
  1.543360E+01 3.970E-02
  1.585380E+01 3.630E-02
  1.628400E+01 3.330E-02
  1.672440E+01 3.050E-02
  1.717520E+01 2.790E-02
  1.763651E+01 2.550E-02
  1.810851E+01 2.340E-02
  1.859151E+01 2.140E-02
  1.895461E+01 2.010E-02
  1.968213E+01 1.774E-02
  2.043466E+01 1.564E-02
  2.121295E+01 1.379E-02
  2.201779E+01 1.216E-02
  2.285001E+01 1.072E-02
  2.371043E+01 9.446E-03
  2.459993E+01 8.326E-03
  2.551936E+01 7.338E-03
  2.646968E+01 6.468E-03
  2.745178E+01 5.700E-03
  2.846663E+01 5.023E-03
  2.951521E+01 4.427E-03
  3.059851E+01 3.901E-03
  3.171764E+01 3.437E-03
  3.287360E+01 3.029E-03
  3.406750E+01 2.668E-03
  3.530046E+01 2.351E-03
  3.657364E+01 2.071E-03
  3.788823E+01 1.825E-03
  3.924542E+01 1.608E-03
  4.064651E+01 1.416E-03
  4.209276E+01 1.247E-03
  4.358548E+01 1.099E-03
  4.512601E+01 9.678E-04
  4.671577E+01 8.525E-04
  4.835616E+01 7.508E-04
  5.004863E+01 6.612E-04
  5.179472E+01 5.823E-04
       3   7   3   200    2  -3.03612E+00      79
  2.786130E+00 8.720E-01
  2.836120E+00 8.450E-01
  2.886120E+00 8.200E-01
  2.936120E+00 7.950E-01
  2.986120E+00 7.720E-01
  3.036120E+00 7.500E-01
  3.177590E+00 6.910E-01
  3.324640E+00 6.380E-01
  3.477480E+00 5.880E-01
  3.636310E+00 5.420E-01
  3.801330E+00 5.000E-01
  3.972780E+00 4.610E-01
  4.150850E+00 4.250E-01
  4.335800E+00 3.920E-01
  4.527860E+00 3.610E-01
  4.727270E+00 3.330E-01
  4.934280E+00 3.070E-01
  5.149170E+00 2.830E-01
  5.372190E+00 2.610E-01
  5.603630E+00 2.400E-01
  5.843770E+00 2.210E-01
  6.092910E+00 2.040E-01
  6.351370E+00 1.880E-01
  6.619450E+00 1.730E-01
  6.897480E+00 1.600E-01
  7.185800E+00 1.470E-01
  7.484750E+00 1.360E-01
  7.794700E+00 1.250E-01
  8.116020E+00 1.150E-01
  8.449070E+00 1.060E-01
  8.794270E+00 9.750E-02
  9.152010E+00 8.980E-02
  9.522720E+00 8.270E-02
  9.906820E+00 7.620E-02
  1.030480E+01 7.020E-02
  1.071700E+01 6.460E-02
  1.114400E+01 5.950E-02
  1.158630E+01 5.480E-02
  1.204440E+01 5.050E-02
  1.251870E+01 4.650E-02
  1.300990E+01 4.280E-02
  1.351850E+01 3.940E-02
  1.404500E+01 3.630E-02
  1.459010E+01 3.340E-02
  1.515430E+01 3.070E-02
  1.573820E+01 2.830E-02
  1.634270E+01 2.610E-02
  1.696820E+01 2.400E-02
  1.761540E+01 2.210E-02
  1.828520E+01 2.030E-02
  1.897810E+01 1.870E-02
  1.969510E+01 1.720E-02
  2.043680E+01 1.580E-02
  2.120399E+01 1.460E-02
  2.178610E+01 1.370E-02
  2.296179E+01 1.212E-02
  2.419444E+01 1.074E-02
  2.548651E+01 9.523E-03
  2.684061E+01 8.442E-03
  2.825938E+01 7.482E-03
  2.974568E+01 6.631E-03
  3.130234E+01 5.877E-03
  3.293240E+01 5.207E-03
  3.463899E+01 4.614E-03
  3.642532E+01 4.088E-03
  3.829480E+01 3.622E-03
  4.025093E+01 3.208E-03
  4.229733E+01 2.842E-03
  4.443779E+01 2.517E-03
  4.667622E+01 2.230E-03
  4.901669E+01 1.975E-03
  5.146338E+01 1.749E-03
  5.402071E+01 1.548E-03
  5.669325E+01 1.371E-03
  5.948560E+01 1.214E-03
  6.240279E+01 1.075E-03
  6.544975E+01 9.514E-04
  6.863185E+01 8.421E-04
  7.195447E+01 7.454E-04
       4   7   3   211    2  -2.83878E+00      79
  2.588790E+00 1.360E+00
  2.638780E+00 1.310E+00
  2.688780E+00 1.250E+00
  2.738780E+00 1.200E+00
  2.788780E+00 1.150E+00
  2.838780E+00 1.100E+00
  2.943000E+00 1.010E+00
  3.050380E+00 9.290E-01
  3.161020E+00 8.530E-01
  3.274990E+00 7.840E-01
  3.392390E+00 7.200E-01
  3.513300E+00 6.610E-01
  3.637800E+00 6.070E-01
  3.765990E+00 5.570E-01
  3.897960E+00 5.120E-01
  4.033810E+00 4.700E-01
  4.173630E+00 4.310E-01
  4.317510E+00 3.960E-01
  4.465570E+00 3.630E-01
  4.617900E+00 3.340E-01
  4.774600E+00 3.060E-01
  4.935790E+00 2.810E-01
  5.101570E+00 2.580E-01
  5.272060E+00 2.370E-01
  5.447370E+00 2.170E-01
  5.627610E+00 1.990E-01
  5.812900E+00 1.830E-01
  6.003370E+00 1.680E-01
  6.199140E+00 1.540E-01
  6.400340E+00 1.410E-01
  6.607090E+00 1.290E-01
  6.819520E+00 1.190E-01
  7.037770E+00 1.090E-01
  7.261980E+00 1.000E-01
  7.492280E+00 9.170E-02
  7.728820E+00 8.410E-02
  7.971750E+00 7.710E-02
  8.221210E+00 7.070E-02
  8.477350E+00 6.490E-02
  8.740330E+00 5.950E-02
  9.010310E+00 5.450E-02
  9.287440E+00 5.000E-02
  9.571890E+00 4.590E-02
  9.863830E+00 4.210E-02
  1.016340E+01 3.860E-02
  1.047090E+01 3.530E-02
  1.078630E+01 3.240E-02
  1.110990E+01 2.970E-02
  1.144190E+01 2.720E-02
  1.178250E+01 2.500E-02
  1.213180E+01 2.290E-02
  1.249010E+01 2.100E-02
  1.285750E+01 1.920E-02
  1.323430E+01 1.760E-02
  1.362060E+01 1.610E-02
  1.401670E+01 1.480E-02
  1.442280E+01 1.360E-02
  1.483900E+01 1.240E-02
  1.526580E+01 1.140E-02
  1.533880E+01 1.120E-02
  1.597241E+01 9.892E-03
  1.662868E+01 8.725E-03
  1.730829E+01 7.695E-03
  1.801198E+01 6.786E-03
  1.874048E+01 5.984E-03
  1.949457E+01 5.277E-03
  2.027502E+01 4.653E-03
  2.108266E+01 4.102E-03
  2.191829E+01 3.617E-03
  2.278276E+01 3.189E-03
  2.367696E+01 2.811E-03
  2.460176E+01 2.478E-03
  2.555811E+01 2.184E-03
  2.654692E+01 1.925E-03
  2.756917E+01 1.697E-03
  2.862589E+01 1.495E-03
  2.971805E+01 1.318E-03
  3.084673E+01 1.161E-03
  3.201297E+01 1.023E-03
       5   7   3   220    1  -2.78020E+00      82
  2.530210E+00 1.010E+00
  2.580200E+00 9.420E-01
  2.630200E+00 8.830E-01
  2.680200E+00 8.280E-01
  2.730200E+00 7.770E-01
  2.780200E+00 7.300E-01
  2.852500E+00 6.690E-01
  2.926470E+00 6.120E-01
  3.002130E+00 5.600E-01
  3.079510E+00 5.130E-01
  3.158660E+00 4.700E-01
  3.239610E+00 4.300E-01
  3.322380E+00 3.930E-01
  3.407030E+00 3.600E-01
  3.493580E+00 3.300E-01
  3.582060E+00 3.020E-01
  3.672530E+00 2.760E-01
  3.765010E+00 2.530E-01
  3.859550E+00 2.310E-01
  3.956180E+00 2.110E-01
  4.054950E+00 1.940E-01
  4.155890E+00 1.770E-01
  4.259050E+00 1.620E-01
  4.364460E+00 1.480E-01
  4.472170E+00 1.360E-01
  4.582230E+00 1.240E-01
  4.694680E+00 1.140E-01
  4.809560E+00 1.040E-01
  4.926910E+00 9.500E-02
  5.046790E+00 8.700E-02
  5.169240E+00 7.950E-02
  5.294300E+00 7.280E-02
  5.422030E+00 6.660E-02
  5.552480E+00 6.090E-02
  5.685690E+00 5.570E-02
  5.821710E+00 5.090E-02
  5.960600E+00 4.660E-02
  6.102400E+00 4.260E-02
  6.247180E+00 3.900E-02
  6.394980E+00 3.560E-02
  6.545860E+00 3.260E-02
  6.699870E+00 2.980E-02
  6.857070E+00 2.720E-02
  7.017520E+00 2.490E-02
  7.181270E+00 2.280E-02
  7.348380E+00 2.080E-02
  7.518920E+00 1.900E-02
  7.692930E+00 1.740E-02
  7.870490E+00 1.590E-02
  8.051660E+00 1.460E-02
  8.236490E+00 1.330E-02
  8.425050E+00 1.220E-02
  8.617420E+00 1.110E-02
  8.813640E+00 1.020E-02
  9.013800E+00 9.300E-03
  9.217950E+00 8.500E-03
  9.426160E+00 7.770E-03
  9.638520E+00 7.100E-03
  9.855080E+00 6.490E-03
  1.007590E+01 5.940E-03
  1.030110E+01 5.420E-03
  1.053070E+01 4.960E-03
  1.076480E+01 4.530E-03
  1.100350E+01 4.140E-03
  1.124690E+01 3.790E-03
  1.149490E+01 3.460E-03
  1.174780E+01 3.160E-03
  1.200560E+01 2.890E-03
  1.226830E+01 2.640E-03
  1.253610E+01 2.410E-03
  1.280900E+01 2.210E-03
  1.308720E+01 2.010E-03
  1.337060E+01 1.840E-03
  1.365950E+01 1.680E-03
  1.395380E+01 1.540E-03
  1.403020E+01 1.500E-03
  1.446423E+01 1.323E-03
  1.491017E+01 1.163E-03
  1.536833E+01 1.023E-03
  1.583903E+01 8.990E-04
  1.632253E+01 7.902E-04
  1.681917E+01 6.946E-04
       6   7   3   200    3  -1.66848E+00      84
  1.418480E+00 1.450E+00
  1.468480E+00 1.360E+00
  1.518480E+00 1.280E+00
  1.568480E+00 1.210E+00
  1.618480E+00 1.150E+00
  1.668480E+00 1.080E+00
  1.743190E+00 9.990E-01
  1.820960E+00 9.220E-01
  1.901890E+00 8.510E-01
  1.986130E+00 7.850E-01
  2.073770E+00 7.250E-01
  2.164960E+00 6.690E-01
  2.259820E+00 6.170E-01
  2.358500E+00 5.690E-01
  2.461120E+00 5.250E-01
  2.567850E+00 4.840E-01
  2.678830E+00 4.470E-01
  2.794210E+00 4.120E-01
  2.914160E+00 3.800E-01
  3.038850E+00 3.510E-01
  3.168460E+00 3.230E-01
  3.303150E+00 2.980E-01
  3.443110E+00 2.750E-01
  3.588540E+00 2.540E-01
  3.739640E+00 2.340E-01
  3.896600E+00 2.160E-01
  4.059650E+00 1.990E-01
  4.228990E+00 1.830E-01
  4.404870E+00 1.690E-01
  4.587500E+00 1.560E-01
  4.777130E+00 1.440E-01
  4.974020E+00 1.320E-01
  5.178420E+00 1.220E-01
  5.390590E+00 1.130E-01
  5.610810E+00 1.040E-01
  5.839380E+00 9.560E-02
  6.076570E+00 8.810E-02
  6.322700E+00 8.120E-02
  6.578080E+00 7.480E-02
  6.843040E+00 6.900E-02
  7.117910E+00 6.360E-02
  7.403030E+00 5.860E-02
  7.698760E+00 5.400E-02
  8.005480E+00 4.970E-02
  8.323570E+00 4.580E-02
  8.653410E+00 4.220E-02
  8.995420E+00 3.890E-02
  9.350020E+00 3.580E-02
  9.717630E+00 3.300E-02
  1.009870E+01 3.040E-02
  1.049370E+01 2.800E-02
  1.090310E+01 2.580E-02
  1.132750E+01 2.380E-02
  1.176720E+01 2.190E-02
  1.222280E+01 2.020E-02
  1.269500E+01 1.860E-02
  1.318410E+01 1.710E-02
  1.369090E+01 1.580E-02
  1.421590E+01 1.450E-02
  1.475970E+01 1.340E-02
  1.532300E+01 1.230E-02
  1.590640E+01 1.130E-02
  1.651060E+01 1.040E-02
  1.713620E+01 9.610E-03
  1.778410E+01 8.850E-03
  1.845490E+01 8.150E-03
  1.914940E+01 7.500E-03
  1.986839E+01 6.910E-03
  2.041850E+01 6.490E-03
  2.152444E+01 5.750E-03
  2.268614E+01 5.103E-03
  2.390619E+01 4.528E-03
  2.518735E+01 4.018E-03
  2.653242E+01 3.565E-03
  2.794443E+01 3.163E-03
  2.942642E+01 2.806E-03
  3.098169E+01 2.489E-03
  3.261363E+01 2.208E-03
  3.432568E+01 1.958E-03
  3.612158E+01 1.737E-03
  3.800514E+01 1.540E-03
  3.998039E+01 1.366E-03
  4.205147E+01 1.211E-03
  4.422270E+01 1.074E-03
       7   7   3   211    3  -1.58828E+00      83
  1.338290E+00 2.370E+00
  1.388280E+00 2.190E+00
  1.438280E+00 2.030E+00
  1.488290E+00 1.890E+00
  1.538290E+00 1.760E+00
  1.588290E+00 1.640E+00
  1.650030E+00 1.510E+00
  1.713890E+00 1.390E+00
  1.779920E+00 1.280E+00
  1.848180E+00 1.180E+00
  1.918730E+00 1.080E+00
  1.991640E+00 9.940E-01
  2.066990E+00 9.140E-01
  2.144820E+00 8.410E-01
  2.225220E+00 7.730E-01
  2.308260E+00 7.110E-01
  2.394000E+00 6.540E-01
  2.482530E+00 6.010E-01
  2.573910E+00 5.520E-01
  2.668230E+00 5.080E-01
  2.765570E+00 4.670E-01
  2.866000E+00 4.290E-01
  2.969610E+00 3.940E-01
  3.076480E+00 3.620E-01
  3.186700E+00 3.330E-01
  3.300360E+00 3.060E-01
  3.417540E+00 2.810E-01
  3.538350E+00 2.580E-01
  3.662860E+00 2.370E-01
  3.791180E+00 2.180E-01
  3.923410E+00 2.000E-01
  4.059640E+00 1.840E-01
  4.199980E+00 1.690E-01
  4.344530E+00 1.550E-01
  4.493400E+00 1.420E-01
  4.646680E+00 1.310E-01
  4.804510E+00 1.200E-01
  4.966980E+00 1.100E-01
  5.134200E+00 1.010E-01
  5.306310E+00 9.280E-02
  5.483410E+00 8.520E-02
  5.665630E+00 7.820E-02
  5.853090E+00 7.180E-02
  6.045920E+00 6.590E-02
  6.244240E+00 6.040E-02
  6.448190E+00 5.550E-02
  6.657910E+00 5.090E-02
  6.873510E+00 4.670E-02
  7.095160E+00 4.280E-02
  7.322980E+00 3.930E-02
  7.557110E+00 3.610E-02
  7.797720E+00 3.310E-02
  8.044940E+00 3.030E-02
  8.298930E+00 2.780E-02
  8.559850E+00 2.550E-02
  8.827840E+00 2.340E-02
  9.103080E+00 2.150E-02
  9.385730E+00 1.970E-02
  9.675940E+00 1.810E-02
  9.973900E+00 1.660E-02
  1.027980E+01 1.520E-02
  1.059370E+01 1.390E-02
  1.091600E+01 1.280E-02
  1.124660E+01 1.170E-02
  1.158600E+01 1.070E-02
  1.193410E+01 9.830E-03
  1.229130E+01 9.010E-03
  1.265760E+01 8.260E-03
  1.303340E+01 7.570E-03
  1.341880E+01 6.940E-03
  1.381400E+01 6.360E-03
  1.408830E+01 6.000E-03
  1.468831E+01 5.328E-03
  1.531082E+01 4.703E-03
  1.595659E+01 4.151E-03
  1.662637E+01 3.664E-03
  1.732097E+01 3.234E-03
  1.804118E+01 2.854E-03
  1.878786E+01 2.518E-03
  1.956186E+01 2.222E-03
  2.036409E+01 1.960E-03
  2.119542E+01 1.730E-03
  2.205682E+01 1.526E-03
       8   7   3   220    2  -1.56374E+00      87
  1.313740E+00 2.330E+00
  1.363740E+00 2.110E+00
  1.413740E+00 1.910E+00
  1.463740E+00 1.740E+00
  1.513740E+00 1.590E+00
  1.563740E+00 1.450E+00
  1.613310E+00 1.330E+00
  1.664160E+00 1.220E+00
  1.716300E+00 1.120E+00
  1.769770E+00 1.020E+00
  1.824590E+00 9.370E-01
  1.880780E+00 8.580E-01
  1.938390E+00 7.860E-01
  1.997430E+00 7.210E-01
  2.057940E+00 6.600E-01
  2.119950E+00 6.050E-01
  2.183480E+00 5.540E-01
  2.248570E+00 5.070E-01
  2.315240E+00 4.650E-01
  2.383540E+00 4.260E-01
  2.453480E+00 3.900E-01
  2.525110E+00 3.570E-01
  2.598460E+00 3.270E-01
  2.673560E+00 3.000E-01
  2.750450E+00 2.740E-01
  2.829150E+00 2.510E-01
  2.909720E+00 2.300E-01
  2.992180E+00 2.110E-01
  3.076560E+00 1.930E-01
  3.162920E+00 1.770E-01
  3.251270E+00 1.620E-01
  3.341680E+00 1.480E-01
  3.434160E+00 1.360E-01
  3.528760E+00 1.240E-01
  3.625530E+00 1.130E-01
  3.724500E+00 1.040E-01
  3.825720E+00 9.510E-02
  3.929220E+00 8.700E-02
  4.035060E+00 7.960E-02
  4.143260E+00 7.290E-02
  4.253890E+00 6.670E-02
  4.366970E+00 6.110E-02
  4.482570E+00 5.590E-02
  4.600720E+00 5.110E-02
  4.721480E+00 4.680E-02
  4.844880E+00 4.280E-02
  4.970990E+00 3.910E-02
  5.099840E+00 3.580E-02
  5.231490E+00 3.280E-02
  5.365980E+00 3.000E-02
  5.503380E+00 2.740E-02
  5.643730E+00 2.510E-02
  5.787090E+00 2.300E-02
  5.933510E+00 2.100E-02
  6.083040E+00 1.920E-02
  6.235740E+00 1.760E-02
  6.391670E+00 1.610E-02
  6.550890E+00 1.470E-02
  6.713440E+00 1.340E-02
  6.879400E+00 1.230E-02
  7.048820E+00 1.120E-02
  7.221760E+00 1.030E-02
  7.398280E+00 9.400E-03
  7.578460E+00 8.600E-03
  7.762340E+00 7.860E-03
  7.949990E+00 7.190E-03
  8.141490E+00 6.570E-03
  8.336890E+00 6.010E-03
  8.536270E+00 5.490E-03
  8.739680E+00 5.020E-03
  8.947210E+00 4.590E-03
  9.158920E+00 4.200E-03
  9.374880E+00 3.840E-03
  9.595170E+00 3.510E-03
  9.819860E+00 3.210E-03
  1.004900E+01 2.930E-03
  1.028270E+01 2.680E-03
  1.052110E+01 2.450E-03
  1.076410E+01 2.240E-03
  1.101190E+01 2.050E-03
  1.126460E+01 1.870E-03
  1.152220E+01 1.710E-03
  1.178490E+01 1.560E-03
  1.205260E+01 1.430E-03
  1.232560E+01 1.300E-03
  1.260380E+01 1.190E-03
  1.281370E+01 1.120E-03
       9   7   3   200    4  -1.05346E+00      89
  8.034670E-01 2.400E+00
  8.534640E-01 2.150E+00
  9.034640E-01 1.940E+00
  9.534650E-01 1.750E+00
  1.003460E+00 1.600E+00
  1.053460E+00 1.460E+00
  1.099030E+00 1.340E+00
  1.146470E+00 1.240E+00
  1.195880E+00 1.150E+00
  1.247320E+00 1.060E+00
  1.300880E+00 9.760E-01
  1.356630E+00 9.010E-01
  1.414670E+00 8.310E-01
  1.475080E+00 7.670E-01
  1.537950E+00 7.080E-01
  1.603370E+00 6.530E-01
  1.671460E+00 6.030E-01
  1.742300E+00 5.560E-01
  1.816000E+00 5.130E-01
  1.892680E+00 4.740E-01
  1.972440E+00 4.370E-01
  2.055410E+00 4.030E-01
  2.141710E+00 3.720E-01
  2.231450E+00 3.430E-01
  2.324780E+00 3.170E-01
  2.421830E+00 2.920E-01
  2.522730E+00 2.700E-01
  2.627630E+00 2.490E-01
  2.736680E+00 2.290E-01
  2.850040E+00 2.110E-01
  2.967870E+00 1.950E-01
  3.090330E+00 1.800E-01
  3.217590E+00 1.660E-01
  3.349840E+00 1.530E-01
  3.487250E+00 1.410E-01
  3.630020E+00 1.300E-01
  3.778340E+00 1.200E-01
  3.932420E+00 1.110E-01
  4.092470E+00 1.020E-01
  4.258700E+00 9.410E-02
  4.431340E+00 8.670E-02
  4.610620E+00 8.000E-02
  4.796780E+00 7.370E-02
  4.990080E+00 6.800E-02
  5.190770E+00 6.270E-02
  5.399110E+00 5.780E-02
  5.615380E+00 5.320E-02
  5.839860E+00 4.910E-02
  6.072850E+00 4.520E-02
  6.314650E+00 4.170E-02
  6.565570E+00 3.840E-02
  6.825940E+00 3.540E-02
  7.096080E+00 3.260E-02
  7.376360E+00 3.010E-02
  7.667110E+00 2.770E-02
  7.968710E+00 2.550E-02
  8.281550E+00 2.350E-02
  8.606010E+00 2.170E-02
  8.942500E+00 2.000E-02
  9.291430E+00 1.840E-02
  9.653250E+00 1.700E-02
  1.002840E+01 1.560E-02
  1.041730E+01 1.440E-02
  1.082050E+01 1.330E-02
  1.123840E+01 1.220E-02
  1.167160E+01 1.130E-02
  1.212060E+01 1.040E-02
  1.258590E+01 9.550E-03
  1.306810E+01 8.800E-03
  1.356770E+01 8.100E-03
  1.408540E+01 7.460E-03
  1.462170E+01 6.870E-03
  1.517730E+01 6.330E-03
  1.575290E+01 5.830E-03
  1.634900E+01 5.370E-03
  1.696640E+01 4.940E-03
  1.760590E+01 4.550E-03
  1.826810E+01 4.190E-03
  1.895370E+01 3.860E-03
  1.966370E+01 3.550E-03
  1.980350E+01 3.500E-03
  2.088409E+01 3.121E-03
  2.202080E+01 2.772E-03
  2.321638E+01 2.461E-03
  2.447374E+01 2.186E-03
  2.579594E+01 1.941E-03
  2.718614E+01 1.723E-03
  2.864769E+01 1.530E-03
  3.018407E+01 1.358E-03
      10   7   3   211    4  -1.01321E+00      87
  7.632080E-01 4.030E+00
  8.132060E-01 3.540E+00
  8.632060E-01 3.120E+00
  9.132060E-01 2.780E+00
  9.632060E-01 2.480E+00
  1.013210E+00 2.230E+00
  1.053080E+00 2.050E+00
  1.094400E+00 1.890E+00
  1.137230E+00 1.740E+00
  1.181600E+00 1.600E+00
  1.227570E+00 1.480E+00
  1.275180E+00 1.360E+00
  1.324490E+00 1.250E+00
  1.375550E+00 1.150E+00
  1.428420E+00 1.060E+00
  1.483140E+00 9.760E-01
  1.539780E+00 8.990E-01
  1.598390E+00 8.270E-01
  1.659030E+00 7.610E-01
  1.721760E+00 7.000E-01
  1.786650E+00 6.440E-01
  1.853760E+00 5.930E-01
  1.923150E+00 5.450E-01
  1.994880E+00 5.020E-01
  2.069040E+00 4.610E-01
  2.145680E+00 4.240E-01
  2.224880E+00 3.900E-01
  2.306710E+00 3.590E-01
  2.391250E+00 3.300E-01
  2.478560E+00 3.030E-01
  2.568740E+00 2.790E-01
  2.661850E+00 2.570E-01
  2.757980E+00 2.360E-01
  2.857210E+00 2.170E-01
  2.959620E+00 1.990E-01
  3.065310E+00 1.830E-01
  3.174360E+00 1.680E-01
  3.286860E+00 1.550E-01
  3.402900E+00 1.420E-01
  3.522570E+00 1.310E-01
  3.645980E+00 1.200E-01
  3.773210E+00 1.100E-01
  3.904370E+00 1.010E-01
  4.039570E+00 9.310E-02
  4.178890E+00 8.550E-02
  4.322450E+00 7.850E-02
  4.470360E+00 7.210E-02
  4.622730E+00 6.620E-02
  4.779660E+00 6.080E-02
  4.941280E+00 5.580E-02
  5.107700E+00 5.130E-02
  5.279030E+00 4.710E-02
  5.455400E+00 4.320E-02
  5.636940E+00 3.970E-02
  5.823760E+00 3.640E-02
  6.015990E+00 3.340E-02
  6.213770E+00 3.070E-02
  6.417230E+00 2.820E-02
  6.626500E+00 2.580E-02
  6.841710E+00 2.370E-02
  7.063020E+00 2.180E-02
  7.290570E+00 2.000E-02
  7.524480E+00 1.830E-02
  7.764930E+00 1.680E-02
  8.012050E+00 1.540E-02
  8.266000E+00 1.410E-02
  8.526930E+00 1.300E-02
  8.795010E+00 1.190E-02
  9.070390E+00 1.090E-02
  9.353240E+00 1.000E-02
  9.643730E+00 9.180E-03
  9.942020E+00 8.420E-03
  1.024830E+01 7.720E-03
  1.056270E+01 7.080E-03
  1.088550E+01 6.490E-03
  1.121670E+01 5.950E-03
  1.155670E+01 5.450E-03
  1.190550E+01 5.000E-03
  1.226350E+01 4.580E-03
  1.263070E+01 4.200E-03
  1.300730E+01 3.850E-03
  1.339370E+01 3.530E-03
  1.351320E+01 3.440E-03
  1.410074E+01 3.089E-03
  1.471120E+01 2.728E-03
  1.534539E+01 2.410E-03
  1.600414E+01 2.128E-03
      11   7   3   220    3  -1.00068E+00      97
  7.506870E-01 4.380E+00
  8.006850E-01 3.750E+00
  8.506850E-01 3.240E+00
  9.006850E-01 2.820E+00
  9.506850E-01 2.470E+00
  1.000680E+00 2.170E+00
  1.035570E+00 1.990E+00
  1.071450E+00 1.830E+00
  1.108360E+00 1.680E+00
  1.146310E+00 1.540E+00
  1.185340E+00 1.410E+00
  1.225460E+00 1.300E+00
  1.266700E+00 1.190E+00
  1.309080E+00 1.090E+00
  1.352620E+00 1.000E+00
  1.397370E+00 9.170E-01
  1.443330E+00 8.410E-01
  1.490540E+00 7.710E-01
  1.539020E+00 7.070E-01
  1.588810E+00 6.490E-01
  1.639920E+00 5.950E-01
  1.692380E+00 5.450E-01
  1.746240E+00 5.000E-01
  1.801500E+00 4.580E-01
  1.858210E+00 4.200E-01
  1.916400E+00 3.850E-01
  1.976090E+00 3.530E-01
  2.037310E+00 3.230E-01
  2.100100E+00 2.970E-01
  2.164490E+00 2.720E-01
  2.230510E+00 2.490E-01
  2.298200E+00 2.280E-01
  2.367590E+00 2.090E-01
  2.438700E+00 1.920E-01
  2.511590E+00 1.750E-01
  2.586270E+00 1.610E-01
  2.662800E+00 1.470E-01
  2.741190E+00 1.350E-01
  2.821500E+00 1.230E-01
  2.903760E+00 1.130E-01
  2.988000E+00 1.040E-01
  3.074270E+00 9.490E-02
  3.162600E+00 8.690E-02
  3.253030E+00 7.960E-02
  3.345610E+00 7.290E-02
  3.440370E+00 6.670E-02
  3.537360E+00 6.110E-02
  3.636610E+00 5.590E-02
  3.738180E+00 5.120E-02
  3.842100E+00 4.690E-02
  3.948410E+00 4.290E-02
  4.057170E+00 3.930E-02
  4.168420E+00 3.600E-02
  4.282200E+00 3.290E-02
  4.398560E+00 3.010E-02
  4.517550E+00 2.760E-02
  4.639210E+00 2.520E-02
  4.763600E+00 2.310E-02
  4.890760E+00 2.110E-02
  5.020740E+00 1.930E-02
  5.153600E+00 1.770E-02
  5.289380E+00 1.620E-02
  5.428140E+00 1.480E-02
  5.569930E+00 1.350E-02
  5.714800E+00 1.240E-02
  5.862810E+00 1.130E-02
  6.014020E+00 1.040E-02
  6.168470E+00 9.490E-03
  6.326230E+00 8.680E-03
  6.487350E+00 7.940E-03
  6.651890E+00 7.260E-03
  6.819920E+00 6.640E-03
  6.991480E+00 6.070E-03
  7.166650E+00 5.560E-03
  7.345470E+00 5.080E-03
  7.528020E+00 4.650E-03
  7.714360E+00 4.250E-03
  7.904550E+00 3.890E-03
  8.098660E+00 3.550E-03
  8.296750E+00 3.250E-03
  8.498890E+00 2.970E-03
  8.705140E+00 2.710E-03
  8.915580E+00 2.480E-03
  9.130270E+00 2.270E-03
  9.349280E+00 2.070E-03
  9.572690E+00 1.900E-03
  9.800560E+00 1.730E-03
  1.003300E+01 1.580E-03
  1.027000E+01 1.450E-03
  1.051170E+01 1.320E-03
  1.075820E+01 1.210E-03
  1.100950E+01 1.110E-03
  1.126580E+01 1.010E-03
  1.152700E+01 9.240E-04
  1.179330E+01 8.440E-04
  1.206480E+01 7.710E-04
  1.225070E+01 7.260E-04
      12   7   3   200    5  -7.25103E-01      90
  5.751030E-01 2.890E+00
  6.251030E-01 2.470E+00
  6.751030E-01 2.140E+00
  7.251030E-01 1.860E+00
  7.556730E-01 1.720E+00
  7.875050E-01 1.590E+00
  8.206510E-01 1.470E+00
  8.551640E-01 1.350E+00
  8.910960E-01 1.250E+00
  9.285060E-01 1.150E+00
  9.674520E-01 1.060E+00
  1.007990E+00 9.830E-01
  1.050190E+00 9.080E-01
  1.094120E+00 8.380E-01
  1.139840E+00 7.730E-01
  1.187420E+00 7.140E-01
  1.236940E+00 6.590E-01
  1.288470E+00 6.080E-01
  1.342100E+00 5.610E-01
  1.397890E+00 5.180E-01
  1.455940E+00 4.780E-01
  1.516340E+00 4.410E-01
  1.579170E+00 4.070E-01
  1.644530E+00 3.750E-01
  1.712520E+00 3.460E-01
  1.783240E+00 3.200E-01
  1.856790E+00 2.950E-01
  1.933280E+00 2.720E-01
  2.012820E+00 2.510E-01
  2.095540E+00 2.320E-01
  2.181550E+00 2.140E-01
  2.270980E+00 1.970E-01
  2.363950E+00 1.820E-01
  2.460610E+00 1.680E-01
  2.561090E+00 1.550E-01
  2.665530E+00 1.430E-01
  2.774080E+00 1.320E-01
  2.886900E+00 1.210E-01
  3.004150E+00 1.120E-01
  3.126000E+00 1.030E-01
  3.252610E+00 9.520E-02
  3.384160E+00 8.780E-02
  3.520830E+00 8.090E-02
  3.662820E+00 7.460E-02
  3.810320E+00 6.880E-02
  3.963540E+00 6.350E-02
  4.122680E+00 5.850E-02
  4.287960E+00 5.400E-02
  4.459610E+00 4.980E-02
  4.637860E+00 4.590E-02
  4.822950E+00 4.230E-02
  5.015130E+00 3.900E-02
  5.214660E+00 3.590E-02
  5.421790E+00 3.310E-02
  5.636820E+00 3.050E-02
  5.860010E+00 2.810E-02
  6.091670E+00 2.590E-02
  6.332090E+00 2.390E-02
  6.581600E+00 2.200E-02
  6.840510E+00 2.030E-02
  7.109160E+00 1.870E-02
  7.387890E+00 1.730E-02
  7.677070E+00 1.590E-02
  7.977060E+00 1.470E-02
  8.288250E+00 1.350E-02
  8.611010E+00 1.240E-02
  8.945780E+00 1.150E-02
  9.292950E+00 1.060E-02
  9.652960E+00 9.730E-03
  1.002630E+01 8.970E-03
  1.041330E+01 8.260E-03
  1.081460E+01 7.610E-03
  1.123060E+01 7.010E-03
  1.166190E+01 6.460E-03
  1.210890E+01 5.950E-03
  1.257220E+01 5.480E-03
  1.305230E+01 5.050E-03
  1.354990E+01 4.650E-03
  1.406550E+01 4.280E-03
  1.459970E+01 3.950E-03
  1.515320E+01 3.630E-03
  1.572660E+01 3.350E-03
  1.632060E+01 3.080E-03
  1.693590E+01 2.840E-03
  1.757320E+01 2.610E-03
  1.823320E+01 2.410E-03
  1.891660E+01 2.220E-03
  1.947510E+01 2.080E-03
  2.054182E+01 1.861E-03
  2.166478E+01 1.654E-03
      13   7   3   211    5  -7.02084E-01      90
  5.520840E-01 4.740E+00
  6.020840E-01 3.960E+00
  6.520840E-01 3.350E+00
  7.020840E-01 2.870E+00
  7.296750E-01 2.650E+00
  7.583070E-01 2.440E+00
  7.880160E-01 2.250E+00
  8.188380E-01 2.070E+00
  8.508110E-01 1.910E+00
  8.839740E-01 1.760E+00
  9.183660E-01 1.620E+00
  9.540280E-01 1.490E+00
  9.910030E-01 1.370E+00
  1.029330E+00 1.270E+00
  1.069060E+00 1.160E+00
  1.110240E+00 1.070E+00
  1.152900E+00 9.880E-01
  1.197110E+00 9.100E-01
  1.242900E+00 8.380E-01
  1.290330E+00 7.710E-01
  1.339450E+00 7.100E-01
  1.390320E+00 6.540E-01
  1.442980E+00 6.020E-01
  1.497500E+00 5.540E-01
  1.553930E+00 5.100E-01
  1.612320E+00 4.690E-01
  1.672750E+00 4.320E-01
  1.735260E+00 3.970E-01
  1.799930E+00 3.660E-01
  1.866810E+00 3.360E-01
  1.935980E+00 3.090E-01
  2.007490E+00 2.850E-01
  2.081420E+00 2.620E-01
  2.157840E+00 2.410E-01
  2.236820E+00 2.220E-01
  2.318440E+00 2.040E-01
  2.402760E+00 1.870E-01
  2.489870E+00 1.720E-01
  2.579850E+00 1.590E-01
  2.672760E+00 1.460E-01
  2.768710E+00 1.340E-01
  2.867770E+00 1.230E-01
  2.970020E+00 1.130E-01
  3.075560E+00 1.040E-01
  3.184470E+00 9.570E-02
  3.296840E+00 8.790E-02
  3.412770E+00 8.080E-02
  3.532360E+00 7.420E-02
  3.655690E+00 6.820E-02
  3.782870E+00 6.270E-02
  3.914000E+00 5.760E-02
  4.049180E+00 5.290E-02
  4.188520E+00 4.860E-02
  4.332120E+00 4.460E-02
  4.480090E+00 4.100E-02
  4.632550E+00 3.770E-02
  4.789600E+00 3.460E-02
  4.951370E+00 3.180E-02
  5.117970E+00 2.920E-02
  5.289520E+00 2.680E-02
  5.466140E+00 2.460E-02
  5.647970E+00 2.260E-02
  5.835110E+00 2.070E-02
  6.027710E+00 1.900E-02
  6.225900E+00 1.750E-02
  6.429800E+00 1.600E-02
  6.639570E+00 1.470E-02
  6.855320E+00 1.350E-02
  7.077220E+00 1.240E-02
  7.305400E+00 1.140E-02
  7.540000E+00 1.040E-02
  7.781180E+00 9.570E-03
  8.029090E+00 8.780E-03
  8.283880E+00 8.050E-03
  8.545720E+00 7.390E-03
  8.814750E+00 6.780E-03
  9.091140E+00 6.210E-03
  9.375070E+00 5.700E-03
  9.666690E+00 5.230E-03
  9.966180E+00 4.790E-03
  1.027370E+01 4.400E-03
  1.058940E+01 4.030E-03
  1.091360E+01 3.700E-03
  1.124630E+01 3.390E-03
  1.158780E+01 3.110E-03
  1.193830E+01 2.850E-03
  1.229790E+01 2.610E-03
  1.266680E+01 2.390E-03
  1.304530E+01 2.190E-03
  1.320210E+01 2.120E-03
      14   7   3   220    4  -6.94856E-01     104
  5.448560E-01 5.120E+00
  5.948570E-01 4.190E+00
  6.448570E-01 3.470E+00
  6.948570E-01 2.910E+00
  7.202440E-01 2.680E+00
  7.464260E-01 2.460E+00
  7.734240E-01 2.260E+00
  8.012570E-01 2.080E+00
  8.299470E-01 1.910E+00
  8.595130E-01 1.750E+00
  8.899780E-01 1.610E+00
  9.213630E-01 1.480E+00
  9.536900E-01 1.360E+00
  9.869820E-01 1.250E+00
  1.021260E+00 1.140E+00
  1.056550E+00 1.050E+00
  1.092880E+00 9.640E-01
  1.130260E+00 8.850E-01
  1.168730E+00 8.120E-01
  1.208300E+00 7.450E-01
  1.249010E+00 6.840E-01
  1.290880E+00 6.270E-01
  1.333930E+00 5.760E-01
  1.378200E+00 5.280E-01
  1.423700E+00 4.850E-01
  1.470470E+00 4.450E-01
  1.518530E+00 4.080E-01
  1.567920E+00 3.740E-01
  1.618660E+00 3.430E-01
  1.670770E+00 3.150E-01
  1.724300E+00 2.890E-01
  1.779270E+00 2.650E-01
  1.835710E+00 2.430E-01
  1.893650E+00 2.220E-01
  1.953120E+00 2.040E-01
  2.014160E+00 1.870E-01
  2.076800E+00 1.710E-01
  2.141070E+00 1.570E-01
  2.207000E+00 1.440E-01
  2.274630E+00 1.320E-01
  2.344000E+00 1.210E-01
  2.415130E+00 1.110E-01
  2.488070E+00 1.020E-01
  2.562840E+00 9.310E-02
  2.639490E+00 8.530E-02
  2.718060E+00 7.810E-02
  2.798580E+00 7.160E-02
  2.881090E+00 6.560E-02
  2.965620E+00 6.000E-02
  3.052220E+00 5.500E-02
  3.140930E+00 5.040E-02
  3.231790E+00 4.610E-02
  3.324840E+00 4.230E-02
  3.420120E+00 3.870E-02
  3.517670E+00 3.540E-02
  3.617530E+00 3.250E-02
  3.719760E+00 2.970E-02
  3.824390E+00 2.720E-02
  3.931470E+00 2.490E-02
  4.041030E+00 2.280E-02
  4.153140E+00 2.090E-02
  4.267830E+00 1.910E-02
  4.385160E+00 1.750E-02
  4.505160E+00 1.600E-02
  4.627890E+00 1.460E-02
  4.753400E+00 1.340E-02
  4.881740E+00 1.230E-02
  5.012950E+00 1.120E-02
  5.147090E+00 1.030E-02
  5.284210E+00 9.400E-03
  5.424370E+00 8.600E-03
  5.567600E+00 7.870E-03
  5.713980E+00 7.200E-03
  5.863550E+00 6.590E-03
  6.016370E+00 6.030E-03
  6.172490E+00 5.520E-03
  6.331970E+00 5.040E-03
  6.494870E+00 4.610E-03
  6.661250E+00 4.220E-03
  6.831160E+00 3.860E-03
  7.004660E+00 3.530E-03
  7.181820E+00 3.230E-03
  7.362690E+00 2.950E-03
  7.547340E+00 2.700E-03
  7.735830E+00 2.470E-03
  7.928220E+00 2.260E-03
  8.124580E+00 2.060E-03
  8.324980E+00 1.890E-03
  8.529460E+00 1.730E-03
  8.738110E+00 1.580E-03
  8.951000E+00 1.440E-03
  9.168180E+00 1.320E-03
  9.389730E+00 1.210E-03
  9.615720E+00 1.100E-03
  9.846210E+00 1.010E-03
  1.008130E+01 9.210E-04
  1.032100E+01 8.420E-04
  1.056550E+01 7.690E-04
  1.081470E+01 7.030E-04
  1.106880E+01 6.420E-04
  1.132790E+01 5.870E-04
  1.159200E+01 5.370E-04
  1.186120E+01 4.900E-04
  1.194490E+01 4.770E-04
      15   7   3   200    6  -5.29392E-01      96
  4.293920E-01 3.460E+00
  4.793920E-01 2.800E+00
  5.293920E-01 2.310E+00
  5.512700E-01 2.130E+00
  5.740480E-01 1.970E+00
  5.977620E-01 1.820E+00
  6.224490E-01 1.680E+00
  6.481500E-01 1.550E+00
  6.749050E-01 1.430E+00
  7.027550E-01 1.320E+00
  7.317460E-01 1.220E+00
  7.619220E-01 1.120E+00
  7.933310E-01 1.040E+00
  8.260220E-01 9.570E-01
  8.600460E-01 8.830E-01
  8.954560E-01 8.150E-01
  9.323070E-01 7.520E-01
  9.706570E-01 6.940E-01
  1.010560E+00 6.410E-01
  1.052090E+00 5.910E-01
  1.095300E+00 5.460E-01
  1.140250E+00 5.040E-01
  1.187030E+00 4.650E-01
  1.235690E+00 4.290E-01
  1.286320E+00 3.960E-01
  1.338990E+00 3.650E-01
  1.393770E+00 3.370E-01
  1.450760E+00 3.110E-01
  1.510040E+00 2.870E-01
  1.571690E+00 2.650E-01
  1.635810E+00 2.440E-01
  1.702490E+00 2.250E-01
  1.771840E+00 2.080E-01
  1.843950E+00 1.920E-01
  1.918930E+00 1.770E-01
  1.996900E+00 1.630E-01
  2.077960E+00 1.510E-01
  2.162230E+00 1.390E-01
  2.249840E+00 1.280E-01
  2.340920E+00 1.180E-01
  2.435590E+00 1.090E-01
  2.533990E+00 1.010E-01
  2.636260E+00 9.280E-02
  2.742560E+00 8.560E-02
  2.853020E+00 7.890E-02
  2.967810E+00 7.280E-02
  3.087090E+00 6.710E-02
  3.211030E+00 6.190E-02
  3.339800E+00 5.710E-02
  3.473570E+00 5.270E-02
  3.612550E+00 4.850E-02
  3.756920E+00 4.480E-02
  3.906880E+00 4.130E-02
  4.062630E+00 3.810E-02
  4.224400E+00 3.510E-02
  4.392390E+00 3.240E-02
  4.566850E+00 2.980E-02
  4.748000E+00 2.750E-02
  4.936100E+00 2.540E-02
  5.131390E+00 2.340E-02
  5.334130E+00 2.150E-02
  5.544600E+00 1.990E-02
  5.763080E+00 1.830E-02
  5.989850E+00 1.690E-02
  6.225210E+00 1.560E-02
  6.469480E+00 1.430E-02
  6.722970E+00 1.320E-02
  6.986010E+00 1.220E-02
  7.258940E+00 1.120E-02
  7.542110E+00 1.040E-02
  7.835900E+00 9.540E-03
  8.140660E+00 8.790E-03
  8.456800E+00 8.100E-03
  8.784720E+00 7.460E-03
  9.124810E+00 6.880E-03
  9.477530E+00 6.340E-03
  9.843300E+00 5.840E-03
  1.022260E+01 5.380E-03
  1.061580E+01 4.960E-03
  1.102360E+01 4.570E-03
  1.144630E+01 4.210E-03
  1.188440E+01 3.870E-03
  1.233860E+01 3.570E-03
  1.280940E+01 3.290E-03
  1.329730E+01 3.030E-03
  1.380290E+01 2.790E-03
  1.432690E+01 2.570E-03
  1.486980E+01 2.370E-03
  1.543230E+01 2.180E-03
  1.601511E+01 2.010E-03
  1.661880E+01 1.850E-03
  1.724420E+01 1.700E-03
  1.789191E+01 1.570E-03
  1.856281E+01 1.440E-03
  1.925760E+01 1.330E-03
  1.927940E+01 1.330E-03
      16   7   3   211    6  -5.15013E-01      97
  4.150130E-01 5.590E+00
  4.650130E-01 4.410E+00
  5.150130E-01 3.560E+00
  5.351210E-01 3.280E+00
  5.560030E-01 3.030E+00
  5.776860E-01 2.790E+00
  6.001980E-01 2.570E+00
  6.235690E-01 2.370E+00
  6.478290E-01 2.190E+00
  6.730100E-01 2.020E+00
  6.991430E-01 1.860E+00
  7.262620E-01 1.710E+00
  7.544000E-01 1.580E+00
  7.835940E-01 1.450E+00
  8.138780E-01 1.340E+00
  8.452910E-01 1.230E+00
  8.778690E-01 1.140E+00
  9.116530E-01 1.050E+00
  9.466830E-01 9.640E-01
  9.830000E-01 8.880E-01
  1.020650E+00 8.180E-01
  1.059670E+00 7.540E-01
  1.100110E+00 6.940E-01
  1.142010E+00 6.390E-01
  1.185430E+00 5.890E-01
  1.230400E+00 5.420E-01
  1.276990E+00 4.990E-01
  1.325240E+00 4.590E-01
  1.375200E+00 4.230E-01
  1.426930E+00 3.890E-01
  1.480480E+00 3.580E-01
  1.535920E+00 3.300E-01
  1.593290E+00 3.040E-01
  1.652660E+00 2.790E-01
  1.714080E+00 2.570E-01
  1.777630E+00 2.370E-01
  1.843360E+00 2.180E-01
  1.911340E+00 2.000E-01
  1.981640E+00 1.840E-01
  2.054310E+00 1.700E-01
  2.129450E+00 1.560E-01
  2.207110E+00 1.430E-01
  2.287370E+00 1.320E-01
  2.370300E+00 1.210E-01
  2.455990E+00 1.120E-01
  2.544500E+00 1.030E-01
  2.635930E+00 9.440E-02
  2.730340E+00 8.680E-02
  2.827830E+00 7.980E-02
  2.928480E+00 7.330E-02
  3.032370E+00 6.740E-02
  3.139610E+00 6.200E-02
  3.250270E+00 5.690E-02
  3.364440E+00 5.230E-02
  3.482240E+00 4.810E-02
  3.603740E+00 4.420E-02
  3.729060E+00 4.060E-02
  3.858290E+00 3.730E-02
  3.991530E+00 3.430E-02
  4.128890E+00 3.150E-02
  4.270470E+00 2.890E-02
  4.416390E+00 2.660E-02
  4.566750E+00 2.440E-02
  4.721680E+00 2.240E-02
  4.881270E+00 2.060E-02
  5.045660E+00 1.890E-02
  5.214970E+00 1.740E-02
  5.389300E+00 1.590E-02
  5.568800E+00 1.460E-02
  5.753580E+00 1.340E-02
  5.943780E+00 1.230E-02
  6.139520E+00 1.130E-02
  6.340950E+00 1.040E-02
  6.548190E+00 9.540E-03
  6.761390E+00 8.760E-03
  6.980690E+00 8.040E-03
  7.206230E+00 7.380E-03
  7.438160E+00 6.770E-03
  7.676620E+00 6.210E-03
  7.921780E+00 5.700E-03
  8.173780E+00 5.230E-03
  8.432780E+00 4.800E-03
  8.698940E+00 4.400E-03
  8.972430E+00 4.030E-03
  9.253400E+00 3.700E-03
  9.542040E+00 3.400E-03
  9.838500E+00 3.110E-03
  1.014300E+01 2.860E-03
  1.045560E+01 2.620E-03
  1.077660E+01 2.400E-03
  1.110610E+01 2.200E-03
  1.144440E+01 2.020E-03
  1.179160E+01 1.850E-03
  1.214790E+01 1.700E-03
  1.251350E+01 1.550E-03
  1.288860E+01 1.420E-03
  1.301500E+01 1.390E-03
      17   7   3   220    5  -5.10469E-01     110
  4.104690E-01 6.040E+00
  4.604690E-01 4.660E+00
  5.104690E-01 3.690E+00
  5.295620E-01 3.400E+00
  5.492910E-01 3.120E+00
  5.696750E-01 2.870E+00
  5.907310E-01 2.640E+00
  6.124780E-01 2.430E+00
  6.349330E-01 2.230E+00
  6.581160E-01 2.050E+00
  6.820450E-01 1.890E+00
  7.067410E-01 1.730E+00
  7.322230E-01 1.590E+00
  7.585120E-01 1.460E+00
  7.856280E-01 1.340E+00
  8.135920E-01 1.230E+00
  8.424250E-01 1.140E+00
  8.721500E-01 1.040E+00
  9.027890E-01 9.570E-01
  9.343630E-01 8.790E-01
  9.668960E-01 8.080E-01
  1.000410E+00 7.420E-01
  1.034930E+00 6.810E-01
  1.070490E+00 6.250E-01
  1.107090E+00 5.740E-01
  1.144780E+00 5.270E-01
  1.183570E+00 4.840E-01
  1.223490E+00 4.440E-01
  1.264570E+00 4.080E-01
  1.306830E+00 3.740E-01
  1.350300E+00 3.430E-01
  1.395010E+00 3.150E-01
  1.440990E+00 2.890E-01
  1.488260E+00 2.650E-01
  1.536850E+00 2.430E-01
  1.586790E+00 2.230E-01
  1.638120E+00 2.050E-01
  1.690860E+00 1.880E-01
  1.745040E+00 1.720E-01
  1.800700E+00 1.580E-01
  1.857860E+00 1.450E-01
  1.916550E+00 1.330E-01
  1.976820E+00 1.220E-01
  2.038690E+00 1.120E-01
  2.102200E+00 1.020E-01
  2.167370E+00 9.380E-02
  2.234250E+00 8.600E-02
  2.302870E+00 7.880E-02
  2.373270E+00 7.230E-02
  2.445470E+00 6.620E-02
  2.519530E+00 6.070E-02
  2.595460E+00 5.560E-02
  2.673320E+00 5.100E-02
  2.753140E+00 4.670E-02
  2.834960E+00 4.280E-02
  2.918810E+00 3.920E-02
  3.004740E+00 3.590E-02
  3.092790E+00 3.290E-02
  3.183000E+00 3.010E-02
  3.275400E+00 2.760E-02
  3.370050E+00 2.530E-02
  3.466980E+00 2.320E-02
  3.566240E+00 2.120E-02
  3.667860E+00 1.940E-02
  3.771900E+00 1.780E-02
  3.878400E+00 1.630E-02
  3.987400E+00 1.490E-02
  4.098960E+00 1.360E-02
  4.213110E+00 1.250E-02
  4.329900E+00 1.140E-02
  4.449380E+00 1.050E-02
  4.571610E+00 9.580E-03
  4.696620E+00 8.770E-03
  4.824470E+00 8.020E-03
  4.955210E+00 7.340E-03
  5.088890E+00 6.720E-03
  5.225550E+00 6.150E-03
  5.365260E+00 5.630E-03
  5.508070E+00 5.150E-03
  5.654020E+00 4.710E-03
  5.803180E+00 4.310E-03
  5.955600E+00 3.940E-03
  6.111320E+00 3.610E-03
  6.270420E+00 3.300E-03
  6.432940E+00 3.020E-03
  6.598950E+00 2.760E-03
  6.768490E+00 2.520E-03
  6.941640E+00 2.310E-03
  7.118450E+00 2.110E-03
  7.298970E+00 1.930E-03
  7.483280E+00 1.770E-03
  7.671430E+00 1.610E-03
  7.863490E+00 1.480E-03
  8.059510E+00 1.350E-03
  8.259570E+00 1.240E-03
  8.463720E+00 1.130E-03
  8.672040E+00 1.030E-03
  8.884580E+00 9.440E-04
  9.101420E+00 8.630E-04
  9.322620E+00 7.890E-04
  9.548260E+00 7.210E-04
  9.778390E+00 6.590E-04
  1.001310E+01 6.020E-04
  1.025240E+01 5.500E-04
  1.049650E+01 5.030E-04
  1.074540E+01 4.600E-04
  1.099910E+01 4.200E-04
  1.125770E+01 3.840E-04
  1.152140E+01 3.510E-04
  1.176050E+01 3.240E-04
      18   7   3   200    7  -4.03422E-01     103
  3.034220E-01 4.860E+00
  3.534220E-01 3.610E+00
  4.034220E-01 2.780E+00
  4.198280E-01 2.570E+00
  4.369040E-01 2.370E+00
  4.546780E-01 2.190E+00
  4.731790E-01 2.020E+00
  4.924350E-01 1.860E+00
  5.124770E-01 1.720E+00
  5.333380E-01 1.590E+00
  5.550490E-01 1.470E+00
  5.776450E-01 1.350E+00
  6.011630E-01 1.250E+00
  6.256370E-01 1.150E+00
  6.511090E-01 1.060E+00
  6.776160E-01 9.830E-01
  7.052000E-01 9.070E-01
  7.339050E-01 8.370E-01
  7.637750E-01 7.720E-01
  7.948570E-01 7.130E-01
  8.271990E-01 6.580E-01
  8.608500E-01 6.070E-01
  8.958640E-01 5.600E-01
  9.322930E-01 5.170E-01
  9.701950E-01 4.770E-01
  1.009630E+00 4.400E-01
  1.050650E+00 4.060E-01
  1.093320E+00 3.750E-01
  1.137720E+00 3.460E-01
  1.183900E+00 3.190E-01
  1.231930E+00 2.950E-01
  1.281890E+00 2.720E-01
  1.333860E+00 2.510E-01
  1.387910E+00 2.320E-01
  1.444120E+00 2.140E-01
  1.502580E+00 1.970E-01
  1.563370E+00 1.820E-01
  1.626590E+00 1.680E-01
  1.692320E+00 1.550E-01
  1.760670E+00 1.430E-01
  1.831740E+00 1.320E-01
  1.905630E+00 1.220E-01
  1.982450E+00 1.120E-01
  2.062310E+00 1.030E-01
  2.145330E+00 9.540E-02
  2.231630E+00 8.800E-02
  2.321330E+00 8.110E-02
  2.414570E+00 7.490E-02
  2.511470E+00 6.900E-02
  2.612180E+00 6.370E-02
  2.716840E+00 5.870E-02
  2.825600E+00 5.420E-02
  2.938610E+00 5.000E-02
  3.056040E+00 4.610E-02
  3.178050E+00 4.250E-02
  3.304810E+00 3.920E-02
  3.436500E+00 3.610E-02
  3.573300E+00 3.330E-02
  3.715410E+00 3.070E-02
  3.863010E+00 2.830E-02
  4.016320E+00 2.610E-02
  4.175540E+00 2.410E-02
  4.340890E+00 2.220E-02
  4.512600E+00 2.050E-02
  4.690900E+00 1.890E-02
  4.876040E+00 1.740E-02
  5.068260E+00 1.600E-02
  5.267820E+00 1.480E-02
  5.474990E+00 1.360E-02
  5.690040E+00 1.260E-02
  5.913260E+00 1.160E-02
  6.144950E+00 1.070E-02
  6.385410E+00 9.850E-03
  6.634950E+00 9.080E-03
  6.893910E+00 8.370E-03
  7.162620E+00 7.710E-03
  7.441420E+00 7.110E-03
  7.730680E+00 6.550E-03
  8.030770E+00 6.040E-03
  8.342080E+00 5.560E-03
  8.664990E+00 5.130E-03
  8.999920E+00 4.720E-03
  9.347300E+00 4.350E-03
  9.707550E+00 4.010E-03
  1.008110E+01 3.690E-03
  1.046850E+01 3.400E-03
  1.087020E+01 3.140E-03
  1.128660E+01 2.890E-03
  1.171830E+01 2.660E-03
  1.216590E+01 2.450E-03
  1.262980E+01 2.260E-03
  1.311060E+01 2.080E-03
  1.360890E+01 1.920E-03
  1.412530E+01 1.760E-03
  1.466050E+01 1.630E-03
  1.521500E+01 1.500E-03
  1.578950E+01 1.380E-03
  1.638480E+01 1.270E-03
  1.700140E+01 1.170E-03
  1.764011E+01 1.080E-03
  1.830170E+01 9.920E-04
  1.898700E+01 9.140E-04
  1.915340E+01 8.960E-04
      19   7   3   211    7  -3.93845E-01     103
  3.438450E-01 5.720E+00
  3.938450E-01 4.300E+00
  4.091010E-01 3.970E+00
  4.249510E-01 3.660E+00
  4.414140E-01 3.380E+00
  4.585150E-01 3.110E+00
  4.762760E-01 2.870E+00
  4.947220E-01 2.650E+00
  5.138780E-01 2.440E+00
  5.337680E-01 2.250E+00
  5.544210E-01 2.070E+00
  5.758620E-01 1.910E+00
  5.981200E-01 1.760E+00
  6.212250E-01 1.620E+00
  6.452050E-01 1.500E+00
  6.700930E-01 1.380E+00
  6.959190E-01 1.270E+00
  7.227160E-01 1.170E+00
  7.505180E-01 1.080E+00
  7.793600E-01 9.940E-01
  8.092760E-01 9.160E-01
  8.403050E-01 8.440E-01
  8.724840E-01 7.780E-01
  9.058510E-01 7.160E-01
  9.404460E-01 6.600E-01
  9.763100E-01 6.080E-01
  1.013490E+00 5.600E-01
  1.052020E+00 5.160E-01
  1.091950E+00 4.750E-01
  1.133320E+00 4.370E-01
  1.176190E+00 4.030E-01
  1.220600E+00 3.710E-01
  1.266590E+00 3.410E-01
  1.314230E+00 3.140E-01
  1.363560E+00 2.890E-01
  1.414640E+00 2.660E-01
  1.467510E+00 2.450E-01
  1.522250E+00 2.260E-01
  1.578890E+00 2.080E-01
  1.637510E+00 1.910E-01
  1.698160E+00 1.760E-01
  1.760910E+00 1.620E-01
  1.825820E+00 1.490E-01
  1.892950E+00 1.370E-01
  1.962370E+00 1.260E-01
  2.034150E+00 1.160E-01
  2.108360E+00 1.070E-01
  2.185070E+00 9.820E-02
  2.264340E+00 9.030E-02
  2.346270E+00 8.310E-02
  2.430920E+00 7.640E-02
  2.518360E+00 7.020E-02
  2.608690E+00 6.460E-02
  2.701990E+00 5.940E-02
  2.798320E+00 5.460E-02
  2.897790E+00 5.020E-02
  3.000470E+00 4.610E-02
  3.106460E+00 4.240E-02
  3.215850E+00 3.900E-02
  3.328720E+00 3.580E-02
  3.445180E+00 3.290E-02
  3.565330E+00 3.030E-02
  3.689250E+00 2.780E-02
  3.817050E+00 2.560E-02
  3.948830E+00 2.350E-02
  4.084690E+00 2.160E-02
  4.224760E+00 1.980E-02
  4.369120E+00 1.820E-02
  4.517900E+00 1.670E-02
  4.671210E+00 1.540E-02
  4.829150E+00 1.410E-02
  4.991860E+00 1.300E-02
  5.159450E+00 1.190E-02
  5.332040E+00 1.090E-02
  5.509760E+00 1.000E-02
  5.692730E+00 9.210E-03
  5.881080E+00 8.460E-03
  6.074950E+00 7.760E-03
  6.274470E+00 7.130E-03
  6.479780E+00 6.540E-03
  6.691000E+00 6.000E-03
  6.908300E+00 5.510E-03
  7.131810E+00 5.060E-03
  7.361670E+00 4.640E-03
  7.598040E+00 4.260E-03
  7.841070E+00 3.910E-03
  8.090910E+00 3.590E-03
  8.347730E+00 3.290E-03
  8.611670E+00 3.020E-03
  8.882910E+00 2.770E-03
  9.161610E+00 2.540E-03
  9.447940E+00 2.330E-03
  9.742070E+00 2.140E-03
  1.004420E+01 1.960E-03
  1.035440E+01 1.800E-03
  1.067300E+01 1.650E-03
  1.100010E+01 1.510E-03
  1.133590E+01 1.390E-03
  1.168060E+01 1.270E-03
  1.203440E+01 1.160E-03
  1.239740E+01 1.070E-03
  1.277000E+01 9.780E-04
  1.289380E+01 9.510E-04
      20   7   3   220    6  -3.90805E-01     116
  3.408050E-01 6.110E+00
  3.908050E-01 4.510E+00
  4.055800E-01 4.150E+00
  4.208700E-01 3.820E+00
  4.366910E-01 3.510E+00
  4.530580E-01 3.230E+00
  4.699860E-01 2.970E+00
  4.874930E-01 2.730E+00
  5.055940E-01 2.520E+00
  5.243080E-01 2.310E+00
  5.436500E-01 2.130E+00
  5.636380E-01 1.960E+00
  5.842910E-01 1.800E+00
  6.056270E-01 1.650E+00
  6.276640E-01 1.520E+00
  6.504210E-01 1.400E+00
  6.739180E-01 1.290E+00
  6.981740E-01 1.180E+00
  7.232100E-01 1.090E+00
  7.490460E-01 9.990E-01
  7.757030E-01 9.180E-01
  8.032020E-01 8.430E-01
  8.315640E-01 7.750E-01
  8.608130E-01 7.120E-01
  8.909690E-01 6.540E-01
  9.220570E-01 6.010E-01
  9.540980E-01 5.520E-01
  9.871180E-01 5.070E-01
  1.021140E+00 4.650E-01
  1.056180E+00 4.280E-01
  1.092280E+00 3.920E-01
  1.129460E+00 3.600E-01
  1.167730E+00 3.310E-01
  1.207140E+00 3.040E-01
  1.247690E+00 2.790E-01
  1.289430E+00 2.560E-01
  1.332380E+00 2.350E-01
  1.376560E+00 2.160E-01
  1.422010E+00 1.980E-01
  1.468750E+00 1.820E-01
  1.516820E+00 1.670E-01
  1.566230E+00 1.530E-01
  1.617030E+00 1.400E-01
  1.669240E+00 1.290E-01
  1.722890E+00 1.180E-01
  1.778010E+00 1.080E-01
  1.834650E+00 9.920E-02
  1.892810E+00 9.100E-02
  1.952560E+00 8.350E-02
  2.013900E+00 7.650E-02
  2.076890E+00 7.020E-02
  2.141550E+00 6.430E-02
  2.207910E+00 5.900E-02
  2.276020E+00 5.410E-02
  2.345900E+00 4.960E-02
  2.417600E+00 4.540E-02
  2.491150E+00 4.160E-02
  2.566590E+00 3.820E-02
  2.643950E+00 3.500E-02
  2.723280E+00 3.200E-02
  2.804610E+00 2.940E-02
  2.887990E+00 2.690E-02
  2.973440E+00 2.460E-02
  3.061020E+00 2.260E-02
  3.150760E+00 2.070E-02
  3.242710E+00 1.890E-02
  3.336900E+00 1.730E-02
  3.433380E+00 1.590E-02
  3.532200E+00 1.460E-02
  3.633380E+00 1.330E-02
  3.736990E+00 1.220E-02
  3.843070E+00 1.120E-02
  3.951660E+00 1.020E-02
  4.062800E+00 9.370E-03
  4.176540E+00 8.580E-03
  4.292940E+00 7.850E-03
  4.412030E+00 7.190E-03
  4.533860E+00 6.580E-03
  4.658500E+00 6.020E-03
  4.785970E+00 5.510E-03
  4.916340E+00 5.050E-03
  5.049660E+00 4.620E-03
  5.185970E+00 4.230E-03
  5.325330E+00 3.870E-03
  5.467790E+00 3.540E-03
  5.613410E+00 3.240E-03
  5.762230E+00 2.960E-03
  5.914320E+00 2.710E-03
  6.069720E+00 2.480E-03
  6.228500E+00 2.270E-03
  6.390700E+00 2.070E-03
  6.556400E+00 1.900E-03
  6.725640E+00 1.740E-03
  6.898480E+00 1.590E-03
  7.074980E+00 1.450E-03
  7.255210E+00 1.330E-03
  7.439220E+00 1.210E-03
  7.627080E+00 1.110E-03
  7.818840E+00 1.020E-03
  8.014560E+00 9.280E-04
  8.214320E+00 8.490E-04
  8.418180E+00 7.760E-04
  8.626200E+00 7.100E-04
  8.838440E+00 6.490E-04
  9.054980E+00 5.930E-04
  9.275870E+00 5.420E-04
  9.501200E+00 4.950E-04
  9.731020E+00 4.530E-04
  9.965400E+00 4.140E-04
  1.020440E+01 3.780E-04
  1.044810E+01 3.460E-04
  1.069660E+01 3.160E-04
  1.095000E+01 2.890E-04
  1.120830E+01 2.640E-04
  1.147150E+01 2.410E-04
  1.164080E+01 2.280E-04
      21   7   3   200    8  -3.17600E-01      95
  2.676000E-01 4.640E+00
  3.176000E-01 3.290E+00
  3.303560E-01 3.040E+00
  3.436310E-01 2.800E+00
  3.574450E-01 2.590E+00
  3.718200E-01 2.390E+00
  3.867790E-01 2.200E+00
  4.023450E-01 2.030E+00
  4.185430E-01 1.880E+00
  4.353980E-01 1.730E+00
  4.529370E-01 1.600E+00
  4.711880E-01 1.480E+00
  4.901790E-01 1.360E+00
  5.099390E-01 1.260E+00
  5.305010E-01 1.160E+00
  5.518950E-01 1.070E+00
  5.741560E-01 9.880E-01
  5.973170E-01 9.120E-01
  6.214160E-01 8.420E-01
  6.464890E-01 7.770E-01
  6.725760E-01 7.170E-01
  6.997160E-01 6.620E-01
  7.279520E-01 6.110E-01
  7.573290E-01 5.640E-01
  7.878890E-01 5.200E-01
  8.196820E-01 4.800E-01
  8.527550E-01 4.430E-01
  8.871600E-01 4.090E-01
  9.229490E-01 3.770E-01
  9.601760E-01 3.480E-01
  9.989000E-01 3.210E-01
  1.039180E+00 2.960E-01
  1.081070E+00 2.730E-01
  1.124640E+00 2.520E-01
  1.169960E+00 2.330E-01
  1.217090E+00 2.150E-01
  1.266110E+00 1.980E-01
  1.317080E+00 1.830E-01
  1.370090E+00 1.690E-01
  1.425210E+00 1.560E-01
  1.482530E+00 1.440E-01
  1.542130E+00 1.320E-01
  1.604100E+00 1.220E-01
  1.668540E+00 1.130E-01
  1.735530E+00 1.040E-01
  1.805170E+00 9.600E-02
  1.877570E+00 8.850E-02
  1.952840E+00 8.170E-02
  2.031080E+00 7.530E-02
  2.112410E+00 6.950E-02
  2.196940E+00 6.410E-02
  2.284810E+00 5.910E-02
  2.376130E+00 5.450E-02
  2.471040E+00 5.030E-02
  2.569670E+00 4.640E-02
  2.672160E+00 4.280E-02
  2.778670E+00 3.950E-02
  2.889340E+00 3.640E-02
  3.004340E+00 3.360E-02
  3.123810E+00 3.100E-02
  3.247940E+00 2.850E-02
  3.376890E+00 2.630E-02
  3.510850E+00 2.430E-02
  3.650000E+00 2.240E-02
  3.794540E+00 2.060E-02
  3.944670E+00 1.900E-02
  4.100600E+00 1.760E-02
  4.262540E+00 1.620E-02
  4.430710E+00 1.490E-02
  4.605340E+00 1.380E-02
  4.786670E+00 1.270E-02
  4.974960E+00 1.170E-02
  5.170440E+00 1.080E-02
  5.373400E+00 9.940E-03
  5.584090E+00 9.160E-03
  5.802810E+00 8.450E-03
  6.029830E+00 7.790E-03
  6.265480E+00 7.180E-03
  6.510050E+00 6.620E-03
  6.763880E+00 6.100E-03
  7.027290E+00 5.620E-03
  7.300620E+00 5.180E-03
  7.584250E+00 4.780E-03
  7.878530E+00 4.400E-03
  8.183840E+00 4.060E-03
  8.500590E+00 3.740E-03
  8.829170E+00 3.440E-03
  9.170000E+00 3.170E-03
  9.523530E+00 2.920E-03
  9.890190E+00 2.700E-03
  1.027050E+01 2.480E-03
  1.066480E+01 2.290E-03
  1.107370E+01 2.110E-03
  1.149780E+01 1.940E-03
  1.156760E+01 1.920E-03
      22   7   3   211    8  -3.10902E-01     109
  2.609030E-01 7.390E+00
  3.109020E-01 5.090E+00
  3.228450E-01 4.700E+00
  3.352530E-01 4.330E+00
  3.481450E-01 4.000E+00
  3.615400E-01 3.690E+00
  3.754560E-01 3.400E+00
  3.899120E-01 3.130E+00
  4.049290E-01 2.890E+00
  4.205270E-01 2.660E+00
  4.367280E-01 2.460E+00
  4.535540E-01 2.270E+00
  4.710280E-01 2.090E+00
  4.891740E-01 1.930E+00
  5.080160E-01 1.770E+00
  5.275790E-01 1.640E+00
  5.478890E-01 1.510E+00
  5.689740E-01 1.390E+00
  5.908600E-01 1.280E+00
  6.135770E-01 1.180E+00
  6.371540E-01 1.090E+00
  6.616200E-01 1.000E+00
  6.870070E-01 9.250E-01
  7.133480E-01 8.520E-01
  7.406750E-01 7.850E-01
  7.690230E-01 7.240E-01
  7.984260E-01 6.670E-01
  8.289210E-01 6.140E-01
  8.605450E-01 5.660E-01
  8.933360E-01 5.210E-01
  9.273330E-01 4.800E-01
  9.625770E-01 4.420E-01
  9.991090E-01 4.070E-01
  1.036970E+00 3.750E-01
  1.076210E+00 3.460E-01
  1.116870E+00 3.180E-01
  1.158990E+00 2.930E-01
  1.202630E+00 2.700E-01
  1.247830E+00 2.480E-01
  1.294640E+00 2.290E-01
  1.343120E+00 2.110E-01
  1.393310E+00 1.940E-01
  1.445280E+00 1.780E-01
  1.499070E+00 1.640E-01
  1.554740E+00 1.510E-01
  1.612360E+00 1.390E-01
  1.671970E+00 1.280E-01
  1.733650E+00 1.180E-01
  1.797450E+00 1.090E-01
  1.863440E+00 9.980E-02
  1.931690E+00 9.180E-02
  2.002260E+00 8.450E-02
  2.075220E+00 7.770E-02
  2.150640E+00 7.150E-02
  2.228600E+00 6.580E-02
  2.309160E+00 6.050E-02
  2.392410E+00 5.560E-02
  2.478420E+00 5.120E-02
  2.567270E+00 4.700E-02
  2.659030E+00 4.320E-02
  2.753810E+00 3.980E-02
  2.851670E+00 3.660E-02
  2.952700E+00 3.360E-02
  3.057000E+00 3.090E-02
  3.164640E+00 2.840E-02
  3.275730E+00 2.610E-02
  3.390360E+00 2.400E-02
  3.508630E+00 2.210E-02
  3.630620E+00 2.030E-02
  3.756450E+00 1.860E-02
  3.886210E+00 1.710E-02
  4.020010E+00 1.570E-02
  4.157950E+00 1.440E-02
  4.300140E+00 1.330E-02
  4.446700E+00 1.220E-02
  4.597730E+00 1.120E-02
  4.753360E+00 1.030E-02
  4.913680E+00 9.440E-03
  5.078840E+00 8.670E-03
  5.248950E+00 7.960E-03
  5.424130E+00 7.310E-03
  5.604510E+00 6.710E-03
  5.790210E+00 6.170E-03
  5.981380E+00 5.660E-03
  6.178140E+00 5.200E-03
  6.380620E+00 4.770E-03
  6.588980E+00 4.380E-03
  6.803350E+00 4.020E-03
  7.023870E+00 3.690E-03
  7.250680E+00 3.380E-03
  7.483950E+00 3.110E-03
  7.723820E+00 2.850E-03
  7.970440E+00 2.610E-03
  8.223980E+00 2.400E-03
  8.484580E+00 2.200E-03
  8.752420E+00 2.020E-03
  9.027660E+00 1.850E-03
  9.310470E+00 1.700E-03
  9.601020E+00 1.560E-03
  9.899480E+00 1.430E-03
  1.020600E+01 1.310E-03
  1.052090E+01 1.200E-03
  1.084410E+01 1.100E-03
  1.117610E+01 1.010E-03
  1.151680E+01 9.270E-04
  1.186660E+01 8.500E-04
  1.222560E+01 7.790E-04
  1.259400E+01 7.140E-04
  1.281090E+01 6.790E-04
      23   7   3   220    7  -3.08770E-01     122
  2.587700E-01 7.930E+00
  3.087700E-01 5.360E+00
  3.204830E-01 4.940E+00
  3.326180E-01 4.550E+00
  3.451880E-01 4.190E+00
  3.582060E-01 3.850E+00
  3.716870E-01 3.550E+00
  3.856430E-01 3.270E+00
  4.000910E-01 3.010E+00
  4.150450E-01 2.770E+00
  4.305200E-01 2.550E+00
  4.465310E-01 2.340E+00
  4.630940E-01 2.150E+00
  4.802270E-01 1.980E+00
  4.979440E-01 1.820E+00
  5.162620E-01 1.680E+00
  5.352010E-01 1.540E+00
  5.547750E-01 1.420E+00
  5.750050E-01 1.310E+00
  5.959070E-01 1.200E+00
  6.175010E-01 1.100E+00
  6.398060E-01 1.020E+00
  6.628400E-01 9.330E-01
  6.866250E-01 8.580E-01
  7.111790E-01 7.890E-01
  7.365240E-01 7.250E-01
  7.626800E-01 6.660E-01
  7.896690E-01 6.120E-01
  8.175120E-01 5.630E-01
  8.462320E-01 5.170E-01
  8.758500E-01 4.750E-01
  9.063900E-01 4.360E-01
  9.378750E-01 4.010E-01
  9.703280E-01 3.680E-01
  1.003770E+00 3.380E-01
  1.038240E+00 3.110E-01
  1.073740E+00 2.850E-01
  1.110320E+00 2.620E-01
  1.147980E+00 2.400E-01
  1.186770E+00 2.210E-01
  1.226700E+00 2.030E-01
  1.267800E+00 1.860E-01
  1.310100E+00 1.710E-01
  1.353630E+00 1.570E-01
  1.398420E+00 1.440E-01
  1.444500E+00 1.320E-01
  1.491880E+00 1.210E-01
  1.540610E+00 1.110E-01
  1.590720E+00 1.020E-01
  1.642230E+00 9.360E-02
  1.695170E+00 8.590E-02
  1.749580E+00 7.880E-02
  1.805490E+00 7.230E-02
  1.862930E+00 6.630E-02
  1.921940E+00 6.080E-02
  1.982540E+00 5.570E-02
  2.044780E+00 5.110E-02
  2.108680E+00 4.690E-02
  2.174280E+00 4.300E-02
  2.241610E+00 3.940E-02
  2.310720E+00 3.610E-02
  2.381630E+00 3.310E-02
  2.454390E+00 3.030E-02
  2.529030E+00 2.780E-02
  2.605590E+00 2.550E-02
  2.684100E+00 2.340E-02
  2.764620E+00 2.140E-02
  2.847160E+00 1.960E-02
  2.931790E+00 1.800E-02
  3.018530E+00 1.650E-02
  3.107420E+00 1.510E-02
  3.198510E+00 1.380E-02
  3.291850E+00 1.270E-02
  3.387460E+00 1.160E-02
  3.485410E+00 1.060E-02
  3.585720E+00 9.720E-03
  3.688440E+00 8.900E-03
  3.793620E+00 8.150E-03
  3.901310E+00 7.470E-03
  4.011540E+00 6.830E-03
  4.124370E+00 6.260E-03
  4.239840E+00 5.730E-03
  4.358000E+00 5.250E-03
  4.478900E+00 4.800E-03
  4.602590E+00 4.400E-03
  4.729110E+00 4.020E-03
  4.858520E+00 3.680E-03
  4.990870E+00 3.370E-03
  5.126200E+00 3.080E-03
  5.264570E+00 2.820E-03
  5.406040E+00 2.580E-03
  5.550640E+00 2.360E-03
  5.698450E+00 2.160E-03
  5.849510E+00 1.980E-03
  6.003870E+00 1.810E-03
  6.161600E+00 1.660E-03
  6.322750E+00 1.510E-03
  6.487370E+00 1.390E-03
  6.655530E+00 1.270E-03
  6.827280E+00 1.160E-03
  7.002670E+00 1.060E-03
  7.181780E+00 9.700E-04
  7.364650E+00 8.870E-04
  7.551360E+00 8.110E-04
  7.741960E+00 7.410E-04
  7.936510E+00 6.780E-04
  8.135070E+00 6.200E-04
  8.337720E+00 5.670E-04
  8.544510E+00 5.180E-04
  8.755510E+00 4.740E-04
  8.970780E+00 4.330E-04
  9.190390E+00 3.960E-04
  9.414410E+00 3.620E-04
  9.642910E+00 3.310E-04
  9.875950E+00 3.020E-04
  1.011360E+01 2.760E-04
  1.035590E+01 2.520E-04
  1.060300E+01 2.310E-04
  1.085490E+01 2.110E-04
  1.111170E+01 1.930E-04
  1.137350E+01 1.760E-04
  1.155880E+01 1.650E-04
      24   7   3   200    9  -2.56513E-01      97
  2.065130E-01 5.770E+00
  2.565130E-01 3.830E+00
  2.667190E-01 3.530E+00
  2.773370E-01 3.260E+00
  2.883830E-01 3.010E+00
  2.998750E-01 2.780E+00
  3.118310E-01 2.560E+00
  3.242700E-01 2.360E+00
  3.372100E-01 2.180E+00
  3.506730E-01 2.010E+00
  3.646800E-01 1.860E+00
  3.792510E-01 1.720E+00
  3.944110E-01 1.580E+00
  4.101820E-01 1.460E+00
  4.265890E-01 1.350E+00
  4.436580E-01 1.240E+00
  4.614150E-01 1.150E+00
  4.798880E-01 1.060E+00
  4.991060E-01 9.780E-01
  5.190980E-01 9.030E-01
  5.398950E-01 8.330E-01
  5.615300E-01 7.690E-01
  5.840360E-01 7.090E-01
  6.074470E-01 6.550E-01
  6.318010E-01 6.040E-01
  6.571340E-01 5.580E-01
  6.834850E-01 5.140E-01
  7.108950E-01 4.750E-01
  7.394060E-01 4.380E-01
  7.690620E-01 4.040E-01
  7.999070E-01 3.730E-01
  8.319900E-01 3.440E-01
  8.653580E-01 3.180E-01
  9.000640E-01 2.930E-01
  9.361590E-01 2.700E-01
  9.736980E-01 2.490E-01
  1.012740E+00 2.300E-01
  1.053340E+00 2.120E-01
  1.095560E+00 1.960E-01
  1.139470E+00 1.810E-01
  1.185130E+00 1.670E-01
  1.232610E+00 1.540E-01
  1.281980E+00 1.420E-01
  1.333320E+00 1.310E-01
  1.386690E+00 1.210E-01
  1.442190E+00 1.120E-01
  1.499900E+00 1.030E-01
  1.559890E+00 9.490E-02
  1.622260E+00 8.760E-02
  1.687100E+00 8.080E-02
  1.754500E+00 7.450E-02
  1.824570E+00 6.880E-02
  1.897410E+00 6.340E-02
  1.973120E+00 5.850E-02
  2.051820E+00 5.400E-02
  2.133610E+00 4.980E-02
  2.218630E+00 4.590E-02
  2.306980E+00 4.240E-02
  2.398810E+00 3.910E-02
  2.494240E+00 3.600E-02
  2.593400E+00 3.320E-02
  2.696450E+00 3.070E-02
  2.803520E+00 2.830E-02
  2.914780E+00 2.610E-02
  3.030370E+00 2.400E-02
  3.150470E+00 2.220E-02
  3.275250E+00 2.040E-02
  3.404870E+00 1.890E-02
  3.539520E+00 1.740E-02
  3.679400E+00 1.600E-02
  3.824690E+00 1.480E-02
  3.975600E+00 1.360E-02
  4.132340E+00 1.260E-02
  4.295120E+00 1.160E-02
  4.464180E+00 1.070E-02
  4.639730E+00 9.860E-03
  4.822040E+00 9.090E-03
  5.011340E+00 8.380E-03
  5.207880E+00 7.730E-03
  5.411950E+00 7.120E-03
  5.623820E+00 6.570E-03
  5.843770E+00 6.050E-03
  6.072100E+00 5.580E-03
  6.309110E+00 5.140E-03
  6.555120E+00 4.740E-03
  6.810470E+00 4.370E-03
  7.075480E+00 4.030E-03
  7.350520E+00 3.710E-03
  7.635940E+00 3.420E-03
  7.932110E+00 3.160E-03
  8.239440E+00 2.910E-03
  8.558310E+00 2.680E-03
  8.889140E+00 2.470E-03
  9.232360E+00 2.280E-03
  9.588420E+00 2.100E-03
  9.957770E+00 1.930E-03
  1.025650E+01 1.810E-03
      25   7   3   211    9  -2.51647E-01       0
      26   7   3   220    8  -2.50094E-01       0
 ================================================
