 ================================================
       I  NZ  NE  ISLP  ILV        E(RYD)      NP
 ================================================
       1   7   2   100    1  -4.05249E+01      62
  4.022729E+01 3.490E-01
  4.030170E+01 3.475E-01
  4.037610E+01 3.460E-01
  4.045039E+01 3.445E-01
  4.052451E+01 3.431E-01
  4.257430E+01 3.043E-01
  4.471010E+01 2.699E-01
  4.693510E+01 2.393E-01
  4.925211E+01 2.122E-01
  5.166440E+01 1.881E-01
  5.423590E+01 1.663E-01
  5.691383E+01 1.469E-01
  5.970192E+01 1.299E-01
  6.260394E+01 1.148E-01
  6.562383E+01 1.014E-01
  6.876561E+01 8.958E-02
  7.203351E+01 7.914E-02
  7.543179E+01 6.990E-02
  7.896487E+01 6.174E-02
  8.263725E+01 5.453E-02
  8.645369E+01 4.816E-02
  9.041893E+01 4.253E-02
  9.453795E+01 3.755E-02
  9.881584E+01 3.315E-02
  1.032579E+02 2.927E-02
  1.078694E+02 2.584E-02
  1.126558E+02 2.281E-02
  1.176230E+02 2.013E-02
  1.227767E+02 1.777E-02
  1.281231E+02 1.568E-02
  1.336683E+02 1.384E-02
  1.394187E+02 1.221E-02
  1.453806E+02 1.077E-02
  1.515611E+02 9.505E-03
  1.579669E+02 8.386E-03
  1.646050E+02 7.398E-03
  1.714829E+02 6.526E-03
  1.786079E+02 5.756E-03
  1.859878E+02 5.077E-03
  1.936305E+02 4.477E-03
  2.015443E+02 3.949E-03
  2.097372E+02 3.482E-03
  2.182178E+02 3.105E-03
  2.228750E+02 2.911E-03
  2.354810E+02 2.483E-03
  2.487990E+02 2.117E-03
  2.628710E+02 1.802E-03
  2.777390E+02 1.533E-03
  2.934480E+02 1.303E-03
  3.100450E+02 1.107E-03
  3.275810E+02 9.392E-04
  3.461090E+02 7.963E-04
  3.656840E+02 6.749E-04
  3.863670E+02 5.710E-04
  4.082200E+02 4.830E-04
  4.313080E+02 4.082E-04
  4.557030E+02 3.451E-04
  4.814770E+02 2.913E-04
  5.087090E+02 2.458E-04
  5.374810E+02 2.071E-04
  5.678810E+02 1.747E-04
  6.000000E+02 1.471E-04
       2   7   2   300    1  -9.71504E+00      62
  9.417520E+00 3.937E-01
  9.491900E+00 3.878E-01
  9.566280E+00 3.821E-01
  9.640660E+00 3.765E-01
  9.714680E+00 3.710E-01
  1.032120E+01 3.300E-01
  1.095590E+01 2.935E-01
  1.162030E+01 2.611E-01
  1.231580E+01 2.323E-01
  1.304400E+01 2.067E-01
  1.380650E+01 1.839E-01
  1.460510E+01 1.636E-01
  1.544150E+01 1.456E-01
  1.631760E+01 1.296E-01
  1.723550E+01 1.153E-01
  1.819720E+01 1.026E-01
  1.920490E+01 9.135E-02
  2.026089E+01 8.131E-02
  2.136780E+01 7.239E-02
  2.256172E+01 6.405E-02
  2.381239E+01 5.675E-02
  2.512215E+01 5.027E-02
  2.649335E+01 4.453E-02
  2.792848E+01 3.944E-02
  2.943013E+01 3.493E-02
  3.100096E+01 3.093E-02
  3.264374E+01 2.739E-02
  3.436128E+01 2.425E-02
  3.615656E+01 2.147E-02
  3.803261E+01 1.900E-02
  3.999260E+01 1.682E-02
  4.203973E+01 1.488E-02
  4.417746E+01 1.317E-02
  4.640921E+01 1.166E-02
  4.873863E+01 1.031E-02
  5.116940E+01 9.124E-03
  5.370543E+01 8.071E-03
  5.635065E+01 7.140E-03
  5.910916E+01 6.315E-03
  6.198523E+01 5.585E-03
  6.498326E+01 4.939E-03
  6.810771E+01 4.368E-03
  7.136334E+01 3.862E-03
  7.475499E+01 3.415E-03
  7.828758E+01 3.019E-03
  8.196632E+01 2.669E-03
  8.579648E+01 2.359E-03
  8.978362E+01 2.085E-03
  9.393327E+01 1.843E-03
  9.825139E+01 1.629E-03
  1.027440E+02 1.439E-03
  1.074174E+02 1.272E-03
  1.122778E+02 1.124E-03
  1.173320E+02 9.928E-04
  1.225868E+02 8.771E-04
  1.280492E+02 7.748E-04
  1.337266E+02 6.845E-04
  1.396263E+02 6.046E-04
  1.457563E+02 5.340E-04
  1.521243E+02 4.716E-04
  1.587386E+02 4.165E-04
  1.656076E+02 3.678E-04
       3   7   2   311    1  -9.24083E+00      61
  8.943310E+00 4.442E-01
  9.017680E+00 4.335E-01
  9.092060E+00 4.231E-01
  9.166440E+00 4.131E-01
  9.240470E+00 4.034E-01
  9.626460E+00 3.571E-01
  1.002670E+01 3.161E-01
  1.044180E+01 2.798E-01
  1.087220E+01 2.477E-01
  1.131840E+01 2.192E-01
  1.178100E+01 1.940E-01
  1.226070E+01 1.717E-01
  1.275800E+01 1.520E-01
  1.327360E+01 1.345E-01
  1.380810E+01 1.191E-01
  1.436210E+01 1.054E-01
  1.493650E+01 9.328E-02
  1.553190E+01 8.256E-02
  1.614909E+01 7.307E-02
  1.678889E+01 6.467E-02
  1.745210E+01 5.723E-02
  1.813950E+01 5.066E-02
  1.885201E+01 4.483E-02
  1.959061E+01 3.968E-02
  2.035609E+01 3.512E-02
  2.114970E+01 3.108E-02
  2.198756E+01 2.740E-02
  2.285597E+01 2.418E-02
  2.375592E+01 2.134E-02
  2.468846E+01 1.883E-02
  2.565469E+01 1.661E-02
  2.665573E+01 1.466E-02
  2.769272E+01 1.293E-02
  2.876686E+01 1.141E-02
  2.987939E+01 1.007E-02
  3.103157E+01 8.881E-03
  3.222470E+01 7.835E-03
  3.346011E+01 6.911E-03
  3.473920E+01 6.096E-03
  3.606340E+01 5.377E-03
  3.743419E+01 4.743E-03
  3.885303E+01 4.183E-03
  4.032153E+01 3.689E-03
  4.184129E+01 3.254E-03
  4.341393E+01 2.870E-03
  4.504117E+01 2.531E-03
  4.672476E+01 2.232E-03
  4.846652E+01 1.968E-03
  5.026834E+01 1.735E-03
  5.213205E+01 1.530E-03
  5.405966E+01 1.349E-03
  5.605325E+01 1.189E-03
  5.811482E+01 1.049E-03
  6.024657E+01 9.245E-04
  6.245074E+01 8.150E-04
  6.472958E+01 7.185E-04
  6.708543E+01 6.334E-04
  6.952065E+01 5.583E-04
  7.203780E+01 4.922E-04
  7.463942E+01 4.338E-04
  7.732811E+01 3.824E-04
       4   7   2   100    2  -9.22280E+00      62
  8.925290E+00 4.156E-01
  8.999670E+00 4.089E-01
  9.074050E+00 4.024E-01
  9.148430E+00 3.960E-01
  9.222450E+00 3.898E-01
  9.774440E+00 3.470E-01
  1.035460E+01 3.087E-01
  1.096380E+01 2.746E-01
  1.160310E+01 2.442E-01
  1.227350E+01 2.171E-01
  1.297590E+01 1.929E-01
  1.371140E+01 1.713E-01
  1.448100E+01 1.521E-01
  1.528560E+01 1.351E-01
  1.612640E+01 1.199E-01
  1.700430E+01 1.063E-01
  1.792039E+01 9.432E-02
  1.887570E+01 8.363E-02
  1.987131E+01 7.413E-02
  2.090829E+01 6.569E-02
  2.201572E+01 5.816E-02
  2.317061E+01 5.143E-02
  2.437463E+01 4.547E-02
  2.562952E+01 4.019E-02
  2.693706E+01 3.553E-02
  2.829906E+01 3.140E-02
  2.971744E+01 2.775E-02
  3.119411E+01 2.452E-02
  3.273111E+01 2.167E-02
  3.433044E+01 1.914E-02
  3.599426E+01 1.691E-02
  3.772476E+01 1.494E-02
  3.952412E+01 1.320E-02
  4.139471E+01 1.165E-02
  4.333885E+01 1.029E-02
  4.535899E+01 9.088E-03
  4.745764E+01 8.024E-03
  4.963739E+01 7.084E-03
  5.190085E+01 6.254E-03
  5.425076E+01 5.521E-03
  5.668994E+01 4.873E-03
  5.922121E+01 4.301E-03
  6.184758E+01 3.796E-03
  6.457207E+01 3.350E-03
  6.739780E+01 2.956E-03
  7.032800E+01 2.608E-03
  7.336594E+01 2.301E-03
  7.651497E+01 2.030E-03
  7.977861E+01 1.791E-03
  8.316035E+01 1.580E-03
  8.666396E+01 1.393E-03
  9.029312E+01 1.229E-03
  9.405176E+01 1.084E-03
  9.794377E+01 9.558E-04
  1.019733E+02 8.428E-04
  1.061444E+02 7.432E-04
  1.104615E+02 6.552E-04
  1.149290E+02 5.777E-04
  1.195512E+02 5.093E-04
  1.243331E+02 4.489E-04
  1.292791E+02 3.957E-04
  1.343943E+02 3.488E-04
       5   7   2   111    1  -8.91670E+00      60
  8.619180E+00 4.046E-01
  8.693560E+00 3.940E-01
  8.767940E+00 3.837E-01
  8.842320E+00 3.737E-01
  8.916340E+00 3.641E-01
  9.267790E+00 3.223E-01
  9.632660E+00 2.852E-01
  1.001130E+01 2.523E-01
  1.040410E+01 2.231E-01
  1.081130E+01 1.973E-01
  1.123330E+01 1.744E-01
  1.167030E+01 1.541E-01
  1.212280E+01 1.362E-01
  1.259100E+01 1.203E-01
  1.307510E+01 1.062E-01
  1.357560E+01 9.379E-02
  1.409270E+01 8.278E-02
  1.462650E+01 7.305E-02
  1.517760E+01 6.444E-02
  1.574590E+01 5.683E-02
  1.633189E+01 5.011E-02
  1.693581E+01 4.417E-02
  1.755769E+01 3.893E-02
  1.819791E+01 3.430E-02
  1.885670E+01 3.021E-02
  1.953419E+01 2.661E-02
  2.023061E+01 2.343E-02
  2.094620E+01 2.062E-02
  2.169942E+01 1.825E-02
  2.247554E+01 1.606E-02
  2.327513E+01 1.413E-02
  2.409880E+01 1.243E-02
  2.494714E+01 1.094E-02
  2.582083E+01 9.626E-03
  2.672049E+01 8.469E-03
  2.764682E+01 7.450E-03
  2.860043E+01 6.554E-03
  2.958209E+01 5.765E-03
  3.059242E+01 5.071E-03
  3.163222E+01 4.461E-03
  3.270216E+01 3.923E-03
  3.380304E+01 3.451E-03
  3.493558E+01 3.035E-03
  3.610063E+01 2.669E-03
  3.729895E+01 2.347E-03
  3.853136E+01 2.064E-03
  3.979869E+01 1.815E-03
  4.110185E+01 1.596E-03
  4.244168E+01 1.403E-03
  4.381905E+01 1.233E-03
  4.523489E+01 1.084E-03
  4.669012E+01 9.533E-04
  4.818573E+01 8.380E-04
  4.972267E+01 7.367E-04
  5.130186E+01 6.476E-04
  5.292439E+01 5.692E-04
  5.459128E+01 5.003E-04
  5.630357E+01 4.397E-04
  5.806238E+01 3.865E-04
  5.986876E+01 3.397E-04
       6   7   2   300    2  -4.19768E+00      64
  3.900160E+00 7.150E-01
  3.974540E+00 6.899E-01
  4.048920E+00 6.660E-01
  4.123300E+00 6.432E-01
  4.197320E+00 6.217E-01
  4.453580E+00 5.546E-01
  4.723740E+00 4.948E-01
  5.008490E+00 4.413E-01
  5.308550E+00 3.936E-01
  5.624670E+00 3.510E-01
  5.957630E+00 3.129E-01
  6.308260E+00 2.790E-01
  6.677400E+00 2.487E-01
  7.065950E+00 2.217E-01
  7.474850E+00 1.976E-01
  7.905070E+00 1.761E-01
  8.357630E+00 1.570E-01
  8.833600E+00 1.399E-01
  9.334100E+00 1.246E-01
  9.860270E+00 1.110E-01
  1.041340E+01 9.891E-02
  1.099460E+01 8.811E-02
  1.160530E+01 7.848E-02
  1.224700E+01 6.990E-02
  1.292090E+01 6.225E-02
  1.362870E+01 5.543E-02
  1.437180E+01 4.936E-02
  1.515210E+01 4.395E-02
  1.597100E+01 3.913E-02
  1.685347E+01 3.470E-02
  1.778027E+01 3.079E-02
  1.875342E+01 2.731E-02
  1.977502E+01 2.423E-02
  2.084727E+01 2.149E-02
  2.197247E+01 1.906E-02
  2.315303E+01 1.690E-02
  2.439140E+01 1.499E-02
  2.569017E+01 1.329E-02
  2.705205E+01 1.179E-02
  2.847980E+01 1.045E-02
  2.997639E+01 9.266E-03
  3.154485E+01 8.214E-03
  3.318828E+01 7.281E-03
  3.491003E+01 6.454E-03
  3.671349E+01 5.720E-03
  3.860220E+01 5.070E-03
  4.057993E+01 4.493E-03
  4.265042E+01 3.981E-03
  4.481772E+01 3.528E-03
  4.708597E+01 3.126E-03
  4.945950E+01 2.769E-03
  5.194283E+01 2.453E-03
  5.454057E+01 2.173E-03
  5.725760E+01 1.925E-03
  6.009892E+01 1.705E-03
  6.306979E+01 1.510E-03
  6.617567E+01 1.338E-03
  6.942216E+01 1.185E-03
  7.281520E+01 1.049E-03
  7.636078E+01 9.288E-04
  8.006526E+01 8.224E-04
  8.393518E+01 7.282E-04
  8.797739E+01 6.447E-04
  9.219891E+01 5.707E-04
       7   7   2   311    2  -4.06870E+00      62
  3.771180E+00 8.953E-01
  3.845560E+00 8.554E-01
  3.919950E+00 8.179E-01
  3.994320E+00 7.826E-01
  4.068350E+00 7.494E-01
  4.277640E+00 6.650E-01
  4.495900E+00 5.901E-01
  4.723450E+00 5.235E-01
  4.960610E+00 4.644E-01
  5.207750E+00 4.119E-01
  5.465210E+00 3.653E-01
  5.733350E+00 3.239E-01
  6.012570E+00 2.872E-01
  6.303240E+00 2.546E-01
  6.605780E+00 2.257E-01
  6.920590E+00 2.001E-01
  7.248100E+00 1.774E-01
  7.588750E+00 1.572E-01
  7.943000E+00 1.393E-01
  8.311310E+00 1.234E-01
  8.694160E+00 1.093E-01
  9.092040E+00 9.686E-02
  9.505480E+00 8.580E-02
  9.934980E+00 7.599E-02
  1.038110E+01 6.730E-02
  1.084440E+01 5.960E-02
  1.132540E+01 5.277E-02
  1.182470E+01 4.673E-02
  1.234300E+01 4.137E-02
  1.288080E+01 3.662E-02
  1.343890E+01 3.242E-02
  1.401770E+01 2.869E-02
  1.461820E+01 2.540E-02
  1.524090E+01 2.247E-02
  1.588650E+01 1.989E-02
  1.656998E+01 1.755E-02
  1.727884E+01 1.549E-02
  1.801390E+01 1.367E-02
  1.877600E+01 1.206E-02
  1.956602E+01 1.064E-02
  2.038484E+01 9.387E-03
  2.123337E+01 8.281E-03
  2.211258E+01 7.305E-03
  2.302339E+01 6.444E-03
  2.396683E+01 5.684E-03
  2.494391E+01 5.013E-03
  2.595567E+01 4.421E-03
  2.700320E+01 3.899E-03
  2.808762E+01 3.438E-03
  2.921004E+01 3.032E-03
  3.037164E+01 2.673E-03
  3.157362E+01 2.357E-03
  3.281721E+01 2.078E-03
  3.410368E+01 1.832E-03
  3.543434E+01 1.615E-03
  3.681050E+01 1.424E-03
  3.823357E+01 1.255E-03
  3.970494E+01 1.106E-03
  4.122606E+01 9.748E-04
  4.279839E+01 8.591E-04
  4.442346E+01 7.571E-04
  4.610287E+01 6.672E-04
       8   7   2   100    3  -4.06733E+00      64
  3.769810E+00 7.574E-01
  3.844190E+00 7.294E-01
  3.918570E+00 7.029E-01
  3.992950E+00 6.777E-01
  4.066970E+00 6.540E-01
  4.310080E+00 5.835E-01
  4.566540E+00 5.206E-01
  4.836970E+00 4.643E-01
  5.122060E+00 4.141E-01
  5.422490E+00 3.692E-01
  5.738970E+00 3.292E-01
  6.072260E+00 2.934E-01
  6.423120E+00 2.615E-01
  6.792370E+00 2.330E-01
  7.180830E+00 2.076E-01
  7.589360E+00 1.849E-01
  8.018860E+00 1.647E-01
  8.470250E+00 1.467E-01
  8.944500E+00 1.306E-01
  9.442590E+00 1.163E-01
  9.965560E+00 1.035E-01
  1.051450E+01 9.211E-02
  1.109040E+01 8.196E-02
  1.169450E+01 7.292E-02
  1.232800E+01 6.487E-02
  1.299200E+01 5.769E-02
  1.368780E+01 5.131E-02
  1.441680E+01 4.562E-02
  1.518020E+01 4.056E-02
  1.597940E+01 3.605E-02
  1.684038E+01 3.203E-02
  1.774313E+01 2.840E-02
  1.868951E+01 2.517E-02
  1.968141E+01 2.232E-02
  2.072079E+01 1.978E-02
  2.180974E+01 1.753E-02
  2.295038E+01 1.554E-02
  2.414493E+01 1.377E-02
  2.539571E+01 1.220E-02
  2.670511E+01 1.081E-02
  2.807565E+01 9.579E-03
  2.950990E+01 8.486E-03
  3.101054E+01 7.518E-03
  3.258035E+01 6.659E-03
  3.422226E+01 5.899E-03
  3.593925E+01 5.224E-03
  3.773448E+01 4.627E-03
  3.961119E+01 4.097E-03
  4.157271E+01 3.628E-03
  4.362254E+01 3.213E-03
  4.576431E+01 2.844E-03
  4.800182E+01 2.518E-03
  5.033893E+01 2.229E-03
  5.277965E+01 1.974E-03
  5.532826E+01 1.747E-03
  5.798906E+01 1.546E-03
  6.076656E+01 1.369E-03
  6.366545E+01 1.211E-03
  6.669058E+01 1.072E-03
  6.984698E+01 9.485E-04
  7.313980E+01 8.393E-04
  7.657452E+01 7.426E-04
  8.015671E+01 6.570E-04
  8.389217E+01 5.813E-04
       9   7   2   320    1  -4.00300E+00      60
  3.705480E+00 6.592E-01
  3.779860E+00 6.162E-01
  3.854240E+00 5.766E-01
  3.928620E+00 5.402E-01
  4.002640E+00 5.067E-01
  4.149560E+00 4.475E-01
  4.301300E+00 3.953E-01
  4.458000E+00 3.491E-01
  4.619800E+00 3.082E-01
  4.786840E+00 2.722E-01
  4.959270E+00 2.403E-01
  5.137230E+00 2.121E-01
  5.320870E+00 1.873E-01
  5.510360E+00 1.653E-01
  5.705840E+00 1.459E-01
  5.907490E+00 1.288E-01
  6.115450E+00 1.137E-01
  6.329910E+00 1.003E-01
  6.551040E+00 8.851E-02
  6.779010E+00 7.810E-02
  7.013990E+00 6.891E-02
  7.256180E+00 6.079E-02
  7.505760E+00 5.363E-02
  7.762930E+00 4.731E-02
  8.027860E+00 4.173E-02
  8.300780E+00 3.680E-02
  8.581870E+00 3.246E-02
  8.871350E+00 2.862E-02
  9.169430E+00 2.524E-02
  9.476310E+00 2.226E-02
  9.792230E+00 1.962E-02
  1.011740E+01 1.730E-02
  1.045210E+01 1.525E-02
  1.079640E+01 1.345E-02
  1.115080E+01 1.185E-02
  1.151530E+01 1.045E-02
  1.189030E+01 9.208E-03
  1.227600E+01 8.115E-03
  1.267260E+01 7.151E-03
  1.308050E+01 6.302E-03
  1.349980E+01 5.553E-03
  1.393090E+01 4.893E-03
  1.437400E+01 4.311E-03
  1.482940E+01 3.798E-03
  1.529750E+01 3.345E-03
  1.577840E+01 2.947E-03
  1.628226E+01 2.600E-03
  1.680043E+01 2.286E-03
  1.733325E+01 2.011E-03
  1.788112E+01 1.768E-03
  1.844438E+01 1.555E-03
  1.902342E+01 1.367E-03
  1.961867E+01 1.202E-03
  2.023050E+01 1.057E-03
  2.085933E+01 9.291E-04
  2.150560E+01 8.169E-04
  2.216971E+01 7.181E-04
  2.285213E+01 6.313E-04
  2.355328E+01 5.550E-04
  2.427365E+01 4.879E-04
      10   7   2   120    1  -4.00016E+00      60
  3.702650E+00 6.518E-01
  3.777020E+00 6.091E-01
  3.851400E+00 5.698E-01
  3.925790E+00 5.336E-01
  3.999800E+00 5.005E-01
  4.145730E+00 4.421E-01
  4.296480E+00 3.905E-01
  4.452180E+00 3.448E-01
  4.612970E+00 3.045E-01
  4.778990E+00 2.689E-01
  4.950380E+00 2.374E-01
  5.127270E+00 2.096E-01
  5.309830E+00 1.850E-01
  5.498190E+00 1.633E-01
  5.692510E+00 1.441E-01
  5.892940E+00 1.272E-01
  6.099640E+00 1.122E-01
  6.312770E+00 9.904E-02
  6.532490E+00 8.738E-02
  6.758970E+00 7.709E-02
  6.992380E+00 6.800E-02
  7.232880E+00 5.998E-02
  7.480660E+00 5.291E-02
  7.735890E+00 4.666E-02
  7.998750E+00 4.115E-02
  8.269420E+00 3.628E-02
  8.548100E+00 3.199E-02
  8.834970E+00 2.820E-02
  9.130220E+00 2.486E-02
  9.434060E+00 2.192E-02
  9.746680E+00 1.932E-02
  1.006830E+01 1.702E-02
  1.039910E+01 1.500E-02
  1.073930E+01 1.322E-02
  1.108910E+01 1.165E-02
  1.144870E+01 1.026E-02
  1.181840E+01 9.042E-03
  1.219830E+01 7.966E-03
  1.258870E+01 7.017E-03
  1.298990E+01 6.180E-03
  1.340200E+01 5.443E-03
  1.382530E+01 4.793E-03
  1.426010E+01 4.221E-03
  1.470650E+01 3.717E-03
  1.516490E+01 3.272E-03
  1.563540E+01 2.881E-03
  1.611839E+01 2.536E-03
  1.662544E+01 2.243E-03
  1.714655E+01 1.972E-03
  1.768207E+01 1.734E-03
  1.823233E+01 1.524E-03
  1.879771E+01 1.340E-03
  1.937857E+01 1.178E-03
  1.997528E+01 1.035E-03
  2.058823E+01 9.098E-04
  2.121779E+01 7.997E-04
  2.186441E+01 7.029E-04
  2.252844E+01 6.177E-04
  2.321034E+01 5.429E-04
  2.391054E+01 4.771E-04
      11   7   2   111    2  -3.97794E+00      61
  3.680420E+00 8.762E-01
  3.754800E+00 8.346E-01
  3.829180E+00 7.955E-01
  3.903560E+00 7.588E-01
  3.977580E+00 7.245E-01
  4.172890E+00 6.429E-01
  4.376620E+00 5.703E-01
  4.589040E+00 5.059E-01
  4.810460E+00 4.486E-01
  5.041150E+00 3.978E-01
  5.281410E+00 3.526E-01
  5.531540E+00 3.125E-01
  5.791860E+00 2.770E-01
  6.062660E+00 2.454E-01
  6.344280E+00 2.174E-01
  6.637030E+00 1.925E-01
  6.941250E+00 1.705E-01
  7.257250E+00 1.509E-01
  7.585400E+00 1.336E-01
  7.926020E+00 1.183E-01
  8.279480E+00 1.047E-01
  8.646120E+00 9.260E-02
  9.026320E+00 8.192E-02
  9.420430E+00 7.245E-02
  9.828830E+00 6.407E-02
  1.025190E+01 5.665E-02
  1.069000E+01 5.009E-02
  1.114360E+01 4.427E-02
  1.161300E+01 3.913E-02
  1.209860E+01 3.458E-02
  1.260100E+01 3.055E-02
  1.312030E+01 2.699E-02
  1.365720E+01 2.384E-02
  1.421190E+01 2.105E-02
  1.478500E+01 1.859E-02
  1.537690E+01 1.641E-02
  1.598800E+01 1.449E-02
  1.663655E+01 1.285E-02
  1.730742E+01 1.132E-02
  1.800124E+01 9.981E-03
  1.871870E+01 8.796E-03
  1.946049E+01 7.752E-03
  2.022733E+01 6.832E-03
  2.101990E+01 6.020E-03
  2.183897E+01 5.304E-03
  2.268530E+01 4.674E-03
  2.355969E+01 4.118E-03
  2.446292E+01 3.628E-03
  2.539583E+01 3.196E-03
  2.635922E+01 2.815E-03
  2.735397E+01 2.480E-03
  2.838098E+01 2.184E-03
  2.944113E+01 1.924E-03
  3.053539E+01 1.694E-03
  3.166466E+01 1.492E-03
  3.282993E+01 1.314E-03
  3.403221E+01 1.157E-03
  3.527251E+01 1.019E-03
  3.655186E+01 8.969E-04
  3.787134E+01 7.896E-04
  3.923204E+01 6.952E-04
      12   7   2   300    3  -2.33129E+00      65
  2.033770E+00 1.188E+00
  2.108150E+00 1.109E+00
  2.182530E+00 1.037E+00
  2.256910E+00 9.720E-01
  2.330930E+00 9.129E-01
  2.469810E+00 8.151E-01
  2.616470E+00 7.278E-01
  2.771320E+00 6.497E-01
  2.934780E+00 5.800E-01
  3.107300E+00 5.177E-01
  3.289350E+00 4.620E-01
  3.481430E+00 4.123E-01
  3.684040E+00 3.679E-01
  3.897740E+00 3.283E-01
  4.123070E+00 2.929E-01
  4.360650E+00 2.613E-01
  4.611080E+00 2.331E-01
  4.875010E+00 2.080E-01
  5.153140E+00 1.855E-01
  5.446160E+00 1.654E-01
  5.754830E+00 1.475E-01
  6.079920E+00 1.315E-01
  6.422250E+00 1.173E-01
  6.782670E+00 1.046E-01
  7.162080E+00 9.323E-02
  7.561400E+00 8.311E-02
  7.981620E+00 7.408E-02
  8.423750E+00 6.602E-02
  8.888860E+00 5.884E-02
  9.378070E+00 5.244E-02
  9.892540E+00 4.673E-02
  1.043350E+01 4.163E-02
  1.100220E+01 3.709E-02
  1.159990E+01 3.305E-02
  1.222820E+01 2.944E-02
  1.288830E+01 2.622E-02
  1.358190E+01 2.336E-02
  1.431040E+01 2.080E-02
  1.509725E+01 1.849E-02
  1.592476E+01 1.641E-02
  1.679494E+01 1.457E-02
  1.770985E+01 1.294E-02
  1.867165E+01 1.149E-02
  1.968259E+01 1.020E-02
  2.074506E+01 9.051E-03
  2.186151E+01 8.034E-03
  2.303453E+01 7.131E-03
  2.426685E+01 6.329E-03
  2.556125E+01 5.617E-03
  2.692070E+01 4.984E-03
  2.834828E+01 4.423E-03
  2.984721E+01 3.925E-03
  3.142085E+01 3.482E-03
  3.307272E+01 3.090E-03
  3.480649E+01 2.741E-03
  3.662598E+01 2.432E-03
  3.853517E+01 2.157E-03
  4.053827E+01 1.914E-03
  4.263965E+01 1.698E-03
  4.484386E+01 1.506E-03
  4.715561E+01 1.336E-03
  4.957988E+01 1.185E-03
  5.212183E+01 1.051E-03
  5.478687E+01 9.316E-04
  5.758067E+01 8.261E-04
      13   7   2   311    3  -2.27866E+00      62
  1.981140E+00 1.514E+00
  2.055520E+00 1.399E+00
  2.129900E+00 1.295E+00
  2.204280E+00 1.202E+00
  2.278300E+00 1.118E+00
  2.403320E+00 9.942E-01
  2.534270E+00 8.839E-01
  2.671360E+00 7.858E-01
  2.814870E+00 6.984E-01
  2.965030E+00 6.207E-01
  3.122120E+00 5.516E-01
  3.286400E+00 4.901E-01
  3.458160E+00 4.354E-01
  3.637680E+00 3.867E-01
  3.825270E+00 3.435E-01
  4.021240E+00 3.050E-01
  4.225900E+00 2.708E-01
  4.439580E+00 2.404E-01
  4.662640E+00 2.134E-01
  4.895400E+00 1.894E-01
  5.138250E+00 1.681E-01
  5.391550E+00 1.492E-01
  5.655690E+00 1.324E-01
  5.931070E+00 1.175E-01
  6.218090E+00 1.042E-01
  6.517170E+00 9.242E-02
  6.828760E+00 8.197E-02
  7.153310E+00 7.269E-02
  7.491260E+00 6.445E-02
  7.843110E+00 5.715E-02
  8.209340E+00 5.066E-02
  8.590460E+00 4.491E-02
  8.986990E+00 3.980E-02
  9.399450E+00 3.528E-02
  9.828420E+00 3.126E-02
  1.027450E+01 2.770E-02
  1.073810E+01 2.454E-02
  1.122010E+01 2.174E-02
  1.172080E+01 1.926E-02
  1.224120E+01 1.706E-02
  1.278160E+01 1.511E-02
  1.334290E+01 1.338E-02
  1.392580E+01 1.185E-02
  1.454573E+01 1.049E-02
  1.518995E+01 9.262E-03
  1.585930E+01 8.180E-03
  1.655466E+01 7.224E-03
  1.727692E+01 6.380E-03
  1.802698E+01 5.634E-03
  1.880582E+01 4.975E-03
  1.961438E+01 4.392E-03
  2.045372E+01 3.878E-03
  2.132484E+01 3.424E-03
  2.222884E+01 3.022E-03
  2.316676E+01 2.668E-03
  2.413980E+01 2.355E-03
  2.514911E+01 2.079E-03
  2.619589E+01 1.835E-03
  2.728137E+01 1.619E-03
  2.840685E+01 1.429E-03
  2.957362E+01 1.261E-03
  3.078305E+01 1.113E-03
      14   7   2   100    4  -2.27854E+00      65
  1.981020E+00 1.261E+00
  2.055400E+00 1.174E+00
  2.129780E+00 1.095E+00
  2.204160E+00 1.023E+00
  2.278180E+00 9.590E-01
  2.411760E+00 8.563E-01
  2.552850E+00 7.645E-01
  2.701840E+00 6.825E-01
  2.859130E+00 6.093E-01
  3.025160E+00 5.438E-01
  3.200380E+00 4.853E-01
  3.385240E+00 4.331E-01
  3.580250E+00 3.864E-01
  3.785910E+00 3.448E-01
  4.002750E+00 3.076E-01
  4.231330E+00 2.743E-01
  4.472230E+00 2.447E-01
  4.726060E+00 2.182E-01
  4.993450E+00 1.946E-01
  5.275060E+00 1.735E-01
  5.571570E+00 1.546E-01
  5.883710E+00 1.378E-01
  6.212210E+00 1.229E-01
  6.557850E+00 1.095E-01
  6.921450E+00 9.756E-02
  7.303840E+00 8.692E-02
  7.705900E+00 7.744E-02
  8.128540E+00 6.898E-02
  8.572700E+00 6.144E-02
  9.039380E+00 5.471E-02
  9.529590E+00 4.872E-02
  1.004440E+01 4.338E-02
  1.058490E+01 3.862E-02
  1.115230E+01 3.437E-02
  1.174770E+01 3.059E-02
  1.237230E+01 2.723E-02
  1.302760E+01 2.423E-02
  1.371470E+01 2.156E-02
  1.443510E+01 1.918E-02
  1.521455E+01 1.709E-02
  1.603337E+01 1.517E-02
  1.689345E+01 1.346E-02
  1.779674E+01 1.194E-02
  1.874525E+01 1.060E-02
  1.974112E+01 9.403E-03
  2.078658E+01 8.343E-03
  2.188391E+01 7.402E-03
  2.303554E+01 6.566E-03
  2.424399E+01 5.825E-03
  2.551189E+01 5.167E-03
  2.684200E+01 4.583E-03
  2.823717E+01 4.065E-03
  2.970038E+01 3.605E-03
  3.123477E+01 3.197E-03
  3.284358E+01 2.836E-03
  3.453018E+01 2.514E-03
  3.629814E+01 2.230E-03
  3.815109E+01 1.977E-03
  4.009299E+01 1.753E-03
  4.212776E+01 1.554E-03
  4.425955E+01 1.378E-03
  4.649280E+01 1.221E-03
  4.883202E+01 1.083E-03
  5.128192E+01 9.597E-04
  5.384744E+01 8.507E-04
      15   7   2   320    2  -2.25157E+00      61
  1.954050E+00 1.481E+00
  2.028430E+00 1.338E+00
  2.102810E+00 1.213E+00
  2.177190E+00 1.102E+00
  2.251210E+00 1.004E+00
  2.352490E+00 8.880E-01
  2.457410E+00 7.853E-01
  2.566060E+00 6.945E-01
  2.678550E+00 6.140E-01
  2.795000E+00 5.429E-01
  2.915520E+00 4.799E-01
  3.040230E+00 4.242E-01
  3.169250E+00 3.750E-01
  3.302710E+00 3.314E-01
  3.440740E+00 2.929E-01
  3.583460E+00 2.588E-01
  3.731010E+00 2.287E-01
  3.883520E+00 2.020E-01
  4.041150E+00 1.785E-01
  4.204020E+00 1.577E-01
  4.372300E+00 1.393E-01
  4.546120E+00 1.230E-01
  4.725650E+00 1.086E-01
  4.911040E+00 9.593E-02
  5.102460E+00 8.471E-02
  5.300070E+00 7.479E-02
  5.504040E+00 6.604E-02
  5.714540E+00 5.830E-02
  5.931770E+00 5.146E-02
  6.155880E+00 4.543E-02
  6.387090E+00 4.010E-02
  6.625560E+00 3.539E-02
  6.871510E+00 3.123E-02
  7.125130E+00 2.756E-02
  7.386630E+00 2.432E-02
  7.656220E+00 2.146E-02
  7.934110E+00 1.894E-02
  8.220520E+00 1.671E-02
  8.515670E+00 1.474E-02
  8.819800E+00 1.300E-02
  9.133150E+00 1.147E-02
  9.455950E+00 1.012E-02
  9.788450E+00 8.923E-03
  1.013090E+01 7.870E-03
  1.048360E+01 6.940E-03
  1.084670E+01 6.120E-03
  1.122060E+01 5.397E-03
  1.160550E+01 4.759E-03
  1.200170E+01 4.196E-03
  1.240950E+01 3.700E-03
  1.282910E+01 3.262E-03
  1.326100E+01 2.875E-03
  1.370540E+01 2.535E-03
  1.416250E+01 2.234E-03
  1.464000E+01 1.963E-03
  1.513127E+01 1.726E-03
  1.563665E+01 1.518E-03
  1.615646E+01 1.335E-03
  1.669110E+01 1.174E-03
  1.724092E+01 1.032E-03
  1.780630E+01 9.077E-04
      16   7   2   120    2  -2.25001E+00      61
  1.952490E+00 1.463E+00
  2.026880E+00 1.322E+00
  2.101250E+00 1.197E+00
  2.175640E+00 1.087E+00
  2.249660E+00 9.908E-01
  2.350270E+00 8.764E-01
  2.454520E+00 7.751E-01
  2.562510E+00 6.855E-01
  2.674340E+00 6.062E-01
  2.790130E+00 5.359E-01
  2.909990E+00 4.738E-01
  3.034030E+00 4.188E-01
  3.162380E+00 3.702E-01
  3.295160E+00 3.272E-01
  3.432480E+00 2.891E-01
  3.574490E+00 2.555E-01
  3.721300E+00 2.257E-01
  3.873050E+00 1.994E-01
  4.029870E+00 1.762E-01
  4.191920E+00 1.556E-01
  4.359310E+00 1.374E-01
  4.532220E+00 1.214E-01
  4.710770E+00 1.072E-01
  4.895130E+00 9.464E-02
  5.085440E+00 8.356E-02
  5.281870E+00 7.377E-02
  5.484580E+00 6.512E-02
  5.693740E+00 5.748E-02
  5.909500E+00 5.073E-02
  6.132060E+00 4.477E-02
  6.361580E+00 3.951E-02
  6.598240E+00 3.487E-02
  6.842230E+00 3.076E-02
  7.093730E+00 2.714E-02
  7.352940E+00 2.394E-02
  7.620060E+00 2.112E-02
  7.895280E+00 1.863E-02
  8.178820E+00 1.643E-02
  8.470870E+00 1.449E-02
  8.771650E+00 1.278E-02
  9.081380E+00 1.127E-02
  9.400290E+00 9.939E-03
  9.728590E+00 8.763E-03
  1.006650E+01 7.726E-03
  1.041430E+01 6.812E-03
  1.077220E+01 6.005E-03
  1.114050E+01 5.293E-03
  1.151940E+01 4.665E-03
  1.190910E+01 4.112E-03
  1.230990E+01 3.624E-03
  1.272220E+01 3.194E-03
  1.314610E+01 2.814E-03
  1.358190E+01 2.480E-03
  1.403000E+01 2.185E-03
  1.449060E+01 1.925E-03
  1.497286E+01 1.696E-03
  1.546877E+01 1.491E-03
  1.597869E+01 1.311E-03
  1.650294E+01 1.153E-03
  1.704190E+01 1.014E-03
  1.759590E+01 8.911E-04
      17   7   2   111    3  -2.24119E+00      62
  1.943670E+00 1.529E+00
  2.018050E+00 1.406E+00
  2.092430E+00 1.296E+00
  2.166810E+00 1.198E+00
  2.240830E+00 1.110E+00
  2.359110E+00 9.869E-01
  2.482990E+00 8.773E-01
  2.612660E+00 7.797E-01
  2.748350E+00 6.928E-01
  2.890300E+00 6.156E-01
  3.038740E+00 5.468E-01
  3.193910E+00 4.857E-01
  3.356050E+00 4.313E-01
  3.525430E+00 3.829E-01
  3.702300E+00 3.399E-01
  3.886930E+00 3.017E-01
  4.079600E+00 2.677E-01
  4.280590E+00 2.376E-01
  4.490180E+00 2.107E-01
  4.708670E+00 1.869E-01
  4.936370E+00 1.658E-01
  5.173570E+00 1.470E-01
  5.420610E+00 1.303E-01
  5.677790E+00 1.155E-01
  5.945460E+00 1.024E-01
  6.223960E+00 9.073E-02
  6.513620E+00 8.039E-02
  6.814810E+00 7.122E-02
  7.127890E+00 6.309E-02
  7.453230E+00 5.587E-02
  7.791200E+00 4.948E-02
  8.142200E+00 4.381E-02
  8.506610E+00 3.878E-02
  8.884850E+00 3.433E-02
  9.277320E+00 3.038E-02
  9.684440E+00 2.688E-02
  1.010670E+01 2.378E-02
  1.054440E+01 2.104E-02
  1.099810E+01 1.861E-02
  1.146820E+01 1.646E-02
  1.195520E+01 1.456E-02
  1.245960E+01 1.287E-02
  1.298180E+01 1.138E-02
  1.352240E+01 1.006E-02
  1.408190E+01 8.892E-03
  1.467937E+01 7.915E-03
  1.529893E+01 6.985E-03
  1.594130E+01 6.164E-03
  1.660721E+01 5.438E-03
  1.729741E+01 4.798E-03
  1.801270E+01 4.233E-03
  1.875385E+01 3.735E-03
  1.952170E+01 3.294E-03
  2.031709E+01 2.906E-03
  2.114091E+01 2.563E-03
  2.199402E+01 2.261E-03
  2.287735E+01 1.994E-03
  2.379185E+01 1.758E-03
  2.473851E+01 1.551E-03
  2.571829E+01 1.367E-03
  2.673224E+01 1.206E-03
  2.778142E+01 1.063E-03
      18   7   2   300    4  -1.48109E+00      65
  1.183570E+00 1.926E+00
  1.257950E+00 1.710E+00
  1.332330E+00 1.528E+00
  1.406710E+00 1.373E+00
  1.480730E+00 1.241E+00
  1.565200E+00 1.109E+00
  1.654600E+00 9.915E-01
  1.749210E+00 8.861E-01
  1.849320E+00 7.919E-01
  1.955230E+00 7.077E-01
  2.067260E+00 6.323E-01
  2.185760E+00 5.649E-01
  2.311060E+00 5.047E-01
  2.443550E+00 4.508E-01
  2.583590E+00 4.026E-01
  2.731600E+00 3.596E-01
  2.887990E+00 3.211E-01
  3.053200E+00 2.867E-01
  3.227690E+00 2.559E-01
  3.411940E+00 2.284E-01
  3.606430E+00 2.039E-01
  3.811700E+00 1.819E-01
  4.028280E+00 1.623E-01
  4.256720E+00 1.448E-01
  4.497620E+00 1.292E-01
  4.751570E+00 1.152E-01
  5.019210E+00 1.027E-01
  5.301180E+00 9.160E-02
  5.598170E+00 8.166E-02
  5.910870E+00 7.278E-02
  6.240020E+00 6.486E-02
  6.586360E+00 5.779E-02
  6.950680E+00 5.149E-02
  7.333780E+00 4.586E-02
  7.736490E+00 4.084E-02
  8.159670E+00 3.637E-02
  8.604220E+00 3.238E-02
  9.071060E+00 2.882E-02
  9.561120E+00 2.565E-02
  1.007540E+01 2.282E-02
  1.061490E+01 2.031E-02
  1.118060E+01 1.806E-02
  1.148910E+01 1.698E-02
  1.235740E+01 1.433E-02
  1.321220E+01 1.236E-02
  1.393460E+01 1.113E-02
  1.469467E+01 9.885E-03
  1.549430E+01 8.779E-03
  1.633543E+01 7.797E-03
  1.722014E+01 6.924E-03
  1.815057E+01 6.148E-03
  1.912898E+01 5.460E-03
  2.015776E+01 4.848E-03
  2.123935E+01 4.304E-03
  2.237634E+01 3.821E-03
  2.357144E+01 3.393E-03
  2.482750E+01 3.012E-03
  2.614749E+01 2.674E-03
  2.753453E+01 2.374E-03
  2.899185E+01 2.107E-03
  3.052286E+01 1.870E-03
  3.213110E+01 1.660E-03
  3.382036E+01 1.473E-03
  3.559447E+01 1.308E-03
  3.745753E+01 1.160E-03
      19   7   2   100    5  -1.45466E+00      66
  1.157140E+00 2.049E+00
  1.231520E+00 1.812E+00
  1.305900E+00 1.614E+00
  1.380280E+00 1.445E+00
  1.454300E+00 1.302E+00
  1.536850E+00 1.163E+00
  1.624160E+00 1.040E+00
  1.716500E+00 9.289E-01
  1.814150E+00 8.299E-01
  1.917380E+00 7.413E-01
  2.026520E+00 6.622E-01
  2.141880E+00 5.915E-01
  2.263780E+00 5.282E-01
  2.392580E+00 4.717E-01
  2.528650E+00 4.212E-01
  2.672370E+00 3.760E-01
  2.824120E+00 3.357E-01
  2.984340E+00 2.996E-01
  3.153450E+00 2.674E-01
  3.331900E+00 2.386E-01
  3.520180E+00 2.129E-01
  3.718760E+00 1.900E-01
  3.928150E+00 1.694E-01
  4.148900E+00 1.511E-01
  4.381560E+00 1.348E-01
  4.626690E+00 1.202E-01
  4.884900E+00 1.071E-01
  5.156800E+00 9.551E-02
  5.443040E+00 8.513E-02
  5.744290E+00 7.586E-02
  6.061240E+00 6.759E-02
  6.394610E+00 6.022E-02
  6.745130E+00 5.364E-02
  7.113580E+00 4.777E-02
  7.500760E+00 4.254E-02
  7.907470E+00 3.787E-02
  8.334590E+00 3.371E-02
  8.782980E+00 3.001E-02
  9.253550E+00 2.670E-02
  9.747230E+00 2.376E-02
  1.026500E+01 2.114E-02
  1.080790E+01 1.880E-02
  1.137680E+01 1.672E-02
  1.146270E+01 1.643E-02
  1.188700E+01 1.504E-02
  1.276380E+01 1.275E-02
  1.359740E+01 1.105E-02
  1.432989E+01 9.958E-03
  1.509992E+01 8.841E-03
  1.590932E+01 7.849E-03
  1.675999E+01 6.968E-03
  1.765395E+01 6.185E-03
  1.859328E+01 5.491E-03
  1.958018E+01 4.874E-03
  2.061696E+01 4.326E-03
  2.170599E+01 3.839E-03
  2.284978E+01 3.407E-03
  2.405099E+01 3.024E-03
  2.531235E+01 2.684E-03
  2.663670E+01 2.381E-03
  2.802704E+01 2.113E-03
  2.948656E+01 1.875E-03
  3.101848E+01 1.664E-03
  3.262625E+01 1.476E-03
  3.431346E+01 1.310E-03
  3.608386E+01 1.162E-03
      20   7   2   311    4  -1.45462E+00      63
  1.157100E+00 2.461E+00
  1.231480E+00 2.160E+00
  1.305860E+00 1.910E+00
  1.380240E+00 1.699E+00
  1.454260E+00 1.520E+00
  1.533700E+00 1.355E+00
  1.617310E+00 1.207E+00
  1.705280E+00 1.076E+00
  1.797810E+00 9.583E-01
  1.895120E+00 8.535E-01
  1.997400E+00 7.601E-01
  2.104870E+00 6.768E-01
  2.217770E+00 6.025E-01
  2.336320E+00 5.363E-01
  2.460760E+00 4.772E-01
  2.591330E+00 4.246E-01
  2.728290E+00 3.777E-01
  2.871900E+00 3.360E-01
  3.022410E+00 2.988E-01
  3.180110E+00 2.656E-01
  3.345280E+00 2.361E-01
  3.518190E+00 2.099E-01
  3.699160E+00 1.865E-01
  3.888470E+00 1.657E-01
  4.086440E+00 1.472E-01
  4.293380E+00 1.307E-01
  4.509630E+00 1.161E-01
  4.735500E+00 1.030E-01
  4.971340E+00 9.145E-02
  5.217500E+00 8.116E-02
  5.474330E+00 7.201E-02
  5.742200E+00 6.388E-02
  6.021460E+00 5.666E-02
  6.312510E+00 5.025E-02
  6.615720E+00 4.455E-02
  6.931490E+00 3.949E-02
  7.260210E+00 3.501E-02
  7.602310E+00 3.102E-02
  7.958190E+00 2.749E-02
  8.328280E+00 2.435E-02
  8.713010E+00 2.157E-02
  9.112830E+00 1.910E-02
  9.528180E+00 1.691E-02
  9.959520E+00 1.497E-02
  1.040730E+01 1.325E-02
  1.087210E+01 1.173E-02
  1.135420E+01 1.038E-02
  1.146260E+01 1.010E-02
  1.188700E+01 9.128E-03
  1.276370E+01 7.521E-03
  1.359730E+01 6.355E-03
  1.420884E+01 5.622E-03
  1.484501E+01 4.969E-03
  1.550671E+01 4.391E-03
  1.619484E+01 3.880E-03
  1.691039E+01 3.428E-03
  1.765428E+01 3.029E-03
  1.842758E+01 2.676E-03
  1.923131E+01 2.364E-03
  2.006653E+01 2.088E-03
  2.093440E+01 1.845E-03
  2.183603E+01 1.629E-03
  2.277263E+01 1.439E-03
      21   7   2   320    3  -1.44089E+00      61
  1.143370E+00 2.649E+00
  1.217750E+00 2.275E+00
  1.292130E+00 1.969E+00
  1.366510E+00 1.715E+00
  1.440530E+00 1.504E+00
  1.511300E+00 1.333E+00
  1.584960E+00 1.182E+00
  1.661610E+00 1.047E+00
  1.741320E+00 9.278E-01
  1.824210E+00 8.219E-01
  1.910360E+00 7.281E-01
  1.999900E+00 6.448E-01
  2.092910E+00 5.710E-01
  2.189500E+00 5.056E-01
  2.289790E+00 4.476E-01
  2.393880E+00 3.962E-01
  2.501900E+00 3.506E-01
  2.613950E+00 3.103E-01
  2.730150E+00 2.745E-01
  2.850630E+00 2.429E-01
  2.975510E+00 2.149E-01
  3.104930E+00 1.900E-01
  3.239000E+00 1.681E-01
  3.377860E+00 1.486E-01
  3.521650E+00 1.314E-01
  3.670500E+00 1.162E-01
  3.824560E+00 1.027E-01
  3.983980E+00 9.076E-02
  4.148890E+00 8.021E-02
  4.319460E+00 7.088E-02
  4.495820E+00 6.263E-02
  4.678150E+00 5.533E-02
  4.866600E+00 4.888E-02
  5.061330E+00 4.317E-02
  5.262520E+00 3.813E-02
  5.470320E+00 3.367E-02
  5.684920E+00 2.973E-02
  5.906490E+00 2.625E-02
  6.135210E+00 2.318E-02
  6.371270E+00 2.046E-02
  6.614850E+00 1.806E-02
  6.866150E+00 1.594E-02
  7.125350E+00 1.407E-02
  7.392670E+00 1.241E-02
  7.668290E+00 1.095E-02
  7.952440E+00 9.662E-03
  8.245310E+00 8.524E-03
  8.547120E+00 7.519E-03
  8.858100E+00 6.632E-03
  9.178460E+00 5.849E-03
  9.508430E+00 5.159E-03
  9.848240E+00 4.549E-03
  1.019810E+01 4.011E-03
  1.055830E+01 3.536E-03
  1.092910E+01 3.118E-03
  1.131070E+01 2.748E-03
  1.144890E+01 2.628E-03
  1.187330E+01 2.317E-03
  1.231720E+01 2.035E-03
  1.317200E+01 1.605E-03
  1.363148E+01 1.393E-03
      22   7   2   120    3  -1.44002E+00      61
  1.142500E+00 2.614E+00
  1.216880E+00 2.244E+00
  1.291260E+00 1.941E+00
  1.365640E+00 1.690E+00
  1.439660E+00 1.481E+00
  1.511440E+00 1.312E+00
  1.586040E+00 1.162E+00
  1.663550E+00 1.029E+00
  1.744050E+00 9.113E-01
  1.827640E+00 8.068E-01
  1.914420E+00 7.143E-01
  2.004480E+00 6.323E-01
  2.097930E+00 5.596E-01
  2.194870E+00 4.953E-01
  2.295400E+00 4.382E-01
  2.399640E+00 3.878E-01
  2.507700E+00 3.430E-01
  2.619680E+00 3.035E-01
  2.735720E+00 2.684E-01
  2.855920E+00 2.374E-01
  2.980420E+00 2.099E-01
  3.109330E+00 1.856E-01
  3.242790E+00 1.641E-01
  3.380930E+00 1.451E-01
  3.523890E+00 1.283E-01
  3.671800E+00 1.134E-01
  3.824810E+00 1.002E-01
  3.983060E+00 8.855E-02
  4.146710E+00 7.825E-02
  4.315900E+00 6.914E-02
  4.490800E+00 6.108E-02
  4.671560E+00 5.396E-02
  4.858350E+00 4.767E-02
  5.051330E+00 4.211E-02
  5.250680E+00 3.719E-02
  5.456570E+00 3.284E-02
  5.669190E+00 2.900E-02
  5.888710E+00 2.561E-02
  6.115340E+00 2.261E-02
  6.349250E+00 1.996E-02
  6.590650E+00 1.762E-02
  6.839740E+00 1.556E-02
  7.096730E+00 1.373E-02
  7.361830E+00 1.212E-02
  7.635250E+00 1.070E-02
  7.917220E+00 9.440E-03
  8.207960E+00 8.331E-03
  8.507710E+00 7.351E-03
  8.816700E+00 6.486E-03
  9.135170E+00 5.722E-03
  9.463360E+00 5.048E-03
  9.801550E+00 4.453E-03
  1.015000E+01 3.928E-03
  1.050890E+01 3.465E-03
  1.087860E+01 3.056E-03
  1.125940E+01 2.695E-03
  1.165150E+01 2.377E-03
  1.205520E+01 2.096E-03
  1.247080E+01 1.848E-03
  1.289870E+01 1.629E-03
  1.333910E+01 1.437E-03
      23   7   2   111    4  -1.43564E+00      62
  1.138120E+00 2.534E+00
  1.212490E+00 2.211E+00
  1.286880E+00 1.943E+00
  1.361260E+00 1.719E+00
  1.435280E+00 1.531E+00
  1.511440E+00 1.364E+00
  1.591540E+00 1.215E+00
  1.675760E+00 1.082E+00
  1.764280E+00 9.637E-01
  1.857290E+00 8.580E-01
  1.954970E+00 7.638E-01
  2.057530E+00 6.797E-01
  2.165180E+00 6.048E-01
  2.278110E+00 5.381E-01
  2.396560E+00 4.786E-01
  2.520730E+00 4.257E-01
  2.650850E+00 3.785E-01
  2.787150E+00 3.364E-01
  2.929880E+00 2.990E-01
  3.079260E+00 2.657E-01
  3.235560E+00 2.361E-01
  3.399010E+00 2.097E-01
  3.569890E+00 1.862E-01
  3.748440E+00 1.653E-01
  3.934940E+00 1.468E-01
  4.129660E+00 1.303E-01
  4.332880E+00 1.156E-01
  4.544880E+00 1.025E-01
  4.765950E+00 9.095E-02
  4.996380E+00 8.065E-02
  5.236470E+00 7.151E-02
  5.486530E+00 6.339E-02
  5.746860E+00 5.618E-02
  6.017770E+00 4.978E-02
  6.299580E+00 4.410E-02
  6.592620E+00 3.907E-02
  6.897210E+00 3.460E-02
  7.213690E+00 3.063E-02
  7.542390E+00 2.712E-02
  7.883660E+00 2.400E-02
  8.237830E+00 2.124E-02
  8.605280E+00 1.880E-02
  8.986350E+00 1.663E-02
  9.381400E+00 1.471E-02
  9.790800E+00 1.301E-02
  1.021490E+01 1.150E-02
  1.065420E+01 1.017E-02
  1.110890E+01 8.986E-03
  1.144360E+01 8.226E-03
  1.186800E+01 7.380E-03
  1.274470E+01 6.007E-03
  1.357830E+01 5.018E-03
  1.416472E+01 4.481E-03
  1.477364E+01 3.957E-03
  1.540585E+01 3.494E-03
  1.606212E+01 3.085E-03
  1.674327E+01 2.723E-03
  1.745018E+01 2.404E-03
  1.818369E+01 2.122E-03
  1.894470E+01 1.874E-03
  1.973415E+01 1.654E-03
  2.055295E+01 1.460E-03
      24   7   2   300    5  -1.02361E+00      65
  7.677076E-01 2.857E+00
  8.004670E-01 2.613E+00
  8.748470E-01 2.191E+00
  9.492270E-01 1.862E+00
  1.023250E+00 1.602E+00
  1.081170E+00 1.432E+00
  1.142430E+00 1.279E+00
  1.207200E+00 1.143E+00
  1.275680E+00 1.021E+00
  1.348080E+00 9.124E-01
  1.424620E+00 8.151E-01
  1.505530E+00 7.281E-01
  1.591040E+00 6.504E-01
  1.681410E+00 5.810E-01
  1.776900E+00 5.189E-01
  1.877800E+00 4.634E-01
  1.984390E+00 4.139E-01
  2.096980E+00 3.696E-01
  2.215900E+00 3.300E-01
  2.341470E+00 2.946E-01
  2.474060E+00 2.630E-01
  2.614030E+00 2.348E-01
  2.761770E+00 2.096E-01
  2.917690E+00 1.871E-01
  3.082210E+00 1.670E-01
  3.255770E+00 1.490E-01
  3.438840E+00 1.329E-01
  3.631900E+00 1.186E-01
  3.835470E+00 1.058E-01
  4.050060E+00 9.439E-02
  4.276240E+00 8.419E-02
  4.514570E+00 7.509E-02
  4.765670E+00 6.696E-02
  5.030150E+00 5.970E-02
  5.308680E+00 5.323E-02
  5.601930E+00 4.745E-02
  5.910620E+00 4.230E-02
  6.235480E+00 3.770E-02
  6.577280E+00 3.360E-02
  6.936830E+00 2.994E-02
  7.314960E+00 2.667E-02
  7.712530E+00 2.376E-02
  8.130450E+00 2.117E-02
  8.569650E+00 1.885E-02
  9.031110E+00 1.679E-02
  9.515830E+00 1.495E-02
  1.002490E+01 1.331E-02
  1.055930E+01 1.185E-02
  1.103160E+01 1.074E-02
  1.189990E+01 9.002E-03
  1.275470E+01 7.717E-03
  1.345367E+01 6.970E-03
  1.418966E+01 6.193E-03
  1.496456E+01 5.502E-03
  1.578036E+01 4.888E-03
  1.663914E+01 4.343E-03
  1.754312E+01 3.858E-03
  1.849458E+01 3.427E-03
  1.949593E+01 3.045E-03
  2.054968E+01 2.705E-03
  2.165849E+01 2.402E-03
  2.282518E+01 2.134E-03
  2.405261E+01 1.895E-03
  2.534389E+01 1.684E-03
  2.670222E+01 1.495E-03
      25   7   2   100    6  -1.00849E+00      65
  7.563672E-01 3.015E+00
  7.853510E-01 2.778E+00
  8.597310E-01 2.317E+00
  9.341110E-01 1.961E+00
  1.008130E+00 1.681E+00
  1.064820E+00 1.502E+00
  1.124750E+00 1.342E+00
  1.188090E+00 1.199E+00
  1.255040E+00 1.071E+00
  1.325790E+00 9.565E-01
  1.400550E+00 8.543E-01
  1.479550E+00 7.630E-01
  1.563000E+00 6.815E-01
  1.651170E+00 6.086E-01
  1.744300E+00 5.435E-01
  1.842650E+00 4.853E-01
  1.946510E+00 4.333E-01
  2.056180E+00 3.868E-01
  2.171950E+00 3.453E-01
  2.294160E+00 3.083E-01
  2.423140E+00 2.752E-01
  2.559250E+00 2.456E-01
  2.702850E+00 2.192E-01
  2.854330E+00 1.956E-01
  3.014100E+00 1.745E-01
  3.182590E+00 1.557E-01
  3.360220E+00 1.389E-01
  3.547480E+00 1.239E-01
  3.744830E+00 1.105E-01
  3.952800E+00 9.856E-02
  4.171890E+00 8.789E-02
  4.402660E+00 7.837E-02
  4.645680E+00 6.987E-02
  4.901550E+00 6.229E-02
  5.170890E+00 5.552E-02
  5.454350E+00 4.949E-02
  5.752590E+00 4.410E-02
  6.066330E+00 3.930E-02
  6.396300E+00 3.502E-02
  6.743240E+00 3.119E-02
  7.107960E+00 2.779E-02
  7.491260E+00 2.475E-02
  7.894020E+00 2.204E-02
  8.317100E+00 1.963E-02
  8.761430E+00 1.748E-02
  9.227960E+00 1.556E-02
  9.717690E+00 1.385E-02
  1.023160E+01 1.233E-02
  1.077090E+01 1.097E-02
  1.101650E+01 1.042E-02
  1.188480E+01 8.692E-03
  1.273960E+01 7.414E-03
  1.343014E+01 6.725E-03
  1.415679E+01 5.973E-03
  1.492137E+01 5.306E-03
  1.572579E+01 4.713E-03
  1.657205E+01 4.186E-03
  1.746227E+01 3.718E-03
  1.839861E+01 3.302E-03
  1.938342E+01 2.932E-03
  2.041911E+01 2.604E-03
  2.150824E+01 2.312E-03
  2.265343E+01 2.053E-03
  2.385748E+01 1.823E-03
  2.512329E+01 1.619E-03
      26   7   2   311    5  -1.00843E+00      63
  7.563221E-01 3.592E+00
  7.852870E-01 3.299E+00
  8.596670E-01 2.734E+00
  9.340470E-01 2.298E+00
  1.008070E+00 1.957E+00
  1.063410E+00 1.745E+00
  1.121730E+00 1.556E+00
  1.183160E+00 1.388E+00
  1.247870E+00 1.237E+00
  1.316000E+00 1.103E+00
  1.387720E+00 9.830E-01
  1.463200E+00 8.760E-01
  1.542620E+00 7.805E-01
  1.626140E+00 6.954E-01
  1.713960E+00 6.194E-01
  1.806280E+00 5.517E-01
  1.903300E+00 4.913E-01
  2.005210E+00 4.374E-01
  2.112240E+00 3.894E-01
  2.224610E+00 3.466E-01
  2.342540E+00 3.084E-01
  2.466280E+00 2.744E-01
  2.596060E+00 2.441E-01
  2.732130E+00 2.172E-01
  2.874750E+00 1.931E-01
  3.024200E+00 1.717E-01
  3.180730E+00 1.527E-01
  3.344630E+00 1.357E-01
  3.516200E+00 1.206E-01
  3.695720E+00 1.072E-01
  3.883510E+00 9.523E-02
  4.079870E+00 8.459E-02
  4.285130E+00 7.513E-02
  4.499620E+00 6.672E-02
  4.723680E+00 5.924E-02
  4.957650E+00 5.259E-02
  5.201900E+00 4.668E-02
  5.456790E+00 4.142E-02
  5.722680E+00 3.675E-02
  5.999970E+00 3.261E-02
  6.289050E+00 2.892E-02
  6.590320E+00 2.565E-02
  6.904190E+00 2.275E-02
  7.231090E+00 2.017E-02
  7.571430E+00 1.788E-02
  7.925670E+00 1.584E-02
  8.294250E+00 1.404E-02
  8.677640E+00 1.244E-02
  9.076300E+00 1.102E-02
  9.490710E+00 9.763E-03
  9.921370E+00 8.647E-03
  1.036880E+01 7.657E-03
  1.083340E+01 6.779E-03
  1.101640E+01 6.470E-03
  1.188470E+01 5.248E-03
  1.273950E+01 4.354E-03
  1.332379E+01 3.915E-03
  1.393250E+01 3.462E-03
  1.456655E+01 3.061E-03
  1.522693E+01 2.707E-03
  1.591461E+01 2.394E-03
  1.663065E+01 2.116E-03
  1.737608E+01 1.871E-03
      27   7   2   320    4  -1.00052E+00      62
  7.503898E-01 3.955E+00
  7.773840E-01 3.620E+00
  8.517650E-01 2.936E+00
  9.261450E-01 2.417E+00
  1.000160E+00 2.018E+00
  1.052330E+00 1.791E+00
  1.106760E+00 1.589E+00
  1.163530E+00 1.410E+00
  1.222740E+00 1.251E+00
  1.284450E+00 1.110E+00
  1.348770E+00 9.842E-01
  1.415760E+00 8.727E-01
  1.485540E+00 7.737E-01
  1.558180E+00 6.859E-01
  1.633780E+00 6.079E-01
  1.712440E+00 5.388E-01
  1.794260E+00 4.774E-01
  1.879350E+00 4.230E-01
  1.967800E+00 3.747E-01
  2.059720E+00 3.319E-01
  2.155220E+00 2.939E-01
  2.254420E+00 2.603E-01
  2.357430E+00 2.304E-01
  2.464380E+00 2.040E-01
  2.575370E+00 1.806E-01
  2.690540E+00 1.598E-01
  2.810010E+00 1.414E-01
  2.933910E+00 1.252E-01
  3.062380E+00 1.107E-01
  3.195540E+00 9.796E-02
  3.333550E+00 8.665E-02
  3.476550E+00 7.664E-02
  3.624670E+00 6.778E-02
  3.778070E+00 5.994E-02
  3.936900E+00 5.299E-02
  4.101320E+00 4.685E-02
  4.271480E+00 4.141E-02
  4.447560E+00 3.661E-02
  4.629710E+00 3.235E-02
  4.818120E+00 2.859E-02
  5.012940E+00 2.526E-02
  5.214370E+00 2.232E-02
  5.422580E+00 1.972E-02
  5.637760E+00 1.742E-02
  5.860100E+00 1.539E-02
  6.089790E+00 1.359E-02
  6.327040E+00 1.200E-02
  6.572040E+00 1.060E-02
  6.825010E+00 9.358E-03
  7.086140E+00 8.262E-03
  7.355680E+00 7.294E-03
  7.633820E+00 6.439E-03
  7.920790E+00 5.683E-03
  8.216840E+00 5.016E-03
  8.522190E+00 4.427E-03
  8.837070E+00 3.906E-03
  9.161740E+00 3.447E-03
  9.496450E+00 3.041E-03
  9.841440E+00 2.683E-03
  1.019700E+01 2.367E-03
  1.056330E+01 2.088E-03
  1.094080E+01 1.842E-03
      28   7   2   120    4  -9.99996E-01      62
  7.499970E-01 3.894E+00
  7.768560E-01 3.565E+00
  8.512360E-01 2.891E+00
  9.256160E-01 2.379E+00
  9.996360E-01 1.986E+00
  1.051530E+00 1.763E+00
  1.105700E+00 1.565E+00
  1.162210E+00 1.388E+00
  1.221160E+00 1.232E+00
  1.282610E+00 1.093E+00
  1.346660E+00 9.690E-01
  1.413400E+00 8.593E-01
  1.482910E+00 7.618E-01
  1.555280E+00 6.754E-01
  1.630620E+00 5.986E-01
  1.709010E+00 5.305E-01
  1.790550E+00 4.701E-01
  1.875350E+00 4.165E-01
  1.963510E+00 3.689E-01
  2.055130E+00 3.268E-01
  2.150320E+00 2.894E-01
  2.249200E+00 2.563E-01
  2.351880E+00 2.269E-01
  2.458460E+00 2.008E-01
  2.569080E+00 1.778E-01
  2.683850E+00 1.573E-01
  2.802900E+00 1.392E-01
  2.926350E+00 1.232E-01
  3.054330E+00 1.090E-01
  3.186980E+00 9.640E-02
  3.324430E+00 8.526E-02
  3.466820E+00 7.540E-02
  3.614300E+00 6.668E-02
  3.767000E+00 5.895E-02
  3.925070E+00 5.212E-02
  4.088670E+00 4.607E-02
  4.257950E+00 4.072E-02
  4.433060E+00 3.599E-02
  4.614170E+00 3.180E-02
  4.801450E+00 2.810E-02
  4.995050E+00 2.482E-02
  5.195150E+00 2.193E-02
  5.401920E+00 1.937E-02
  5.615550E+00 1.711E-02
  5.836210E+00 1.511E-02
  6.064090E+00 1.334E-02
  6.299380E+00 1.178E-02
  6.542270E+00 1.040E-02
  6.792950E+00 9.180E-03
  7.051640E+00 8.103E-03
  7.318530E+00 7.152E-03
  7.593830E+00 6.312E-03
  7.877760E+00 5.570E-03
  8.170520E+00 4.915E-03
  8.472350E+00 4.336E-03
  8.783470E+00 3.826E-03
  9.104100E+00 3.375E-03
  9.434490E+00 2.977E-03
  9.774870E+00 2.625E-03
  1.012550E+01 2.315E-03
  1.048660E+01 2.042E-03
  1.085840E+01 1.800E-03
      29   7   2   111    5  -9.97506E-01      62
  7.481287E-01 3.710E+00
  7.743650E-01 3.423E+00
  8.487450E-01 2.815E+00
  9.231250E-01 2.350E+00
  9.971450E-01 1.989E+00
  1.050530E+00 1.773E+00
  1.106740E+00 1.581E+00
  1.165910E+00 1.409E+00
  1.228190E+00 1.256E+00
  1.293720E+00 1.119E+00
  1.362660E+00 9.969E-01
  1.435150E+00 8.881E-01
  1.511360E+00 7.910E-01
  1.591460E+00 7.044E-01
  1.675610E+00 6.272E-01
  1.764000E+00 5.583E-01
  1.856810E+00 4.970E-01
  1.954230E+00 4.423E-01
  2.056440E+00 3.935E-01
  2.163670E+00 3.501E-01
  2.276090E+00 3.114E-01
  2.393940E+00 2.769E-01
  2.517420E+00 2.462E-01
  2.646760E+00 2.189E-01
  2.782190E+00 1.946E-01
  2.923940E+00 1.729E-01
  3.072260E+00 1.536E-01
  3.227390E+00 1.365E-01
  3.389580E+00 1.212E-01
  3.559090E+00 1.077E-01
  3.736200E+00 9.558E-02
  3.921160E+00 8.485E-02
  4.114250E+00 7.531E-02
  4.315760E+00 6.683E-02
  4.525990E+00 5.929E-02
  4.745210E+00 5.260E-02
  4.973740E+00 4.665E-02
  5.211880E+00 4.137E-02
  5.459960E+00 3.668E-02
  5.718270E+00 3.251E-02
  5.987160E+00 2.882E-02
  6.266960E+00 2.554E-02
  6.558010E+00 2.262E-02
  6.860650E+00 2.004E-02
  7.175240E+00 1.775E-02
  7.502130E+00 1.572E-02
  7.841690E+00 1.392E-02
  8.194300E+00 1.232E-02
  8.560320E+00 1.091E-02
  8.940150E+00 9.652E-03
  9.334180E+00 8.540E-03
  9.742810E+00 7.556E-03
  1.016640E+01 6.683E-03
  1.060550E+01 5.911E-03
  1.100550E+01 5.304E-03
  1.187380E+01 4.248E-03
  1.272860E+01 3.485E-03
  1.329093E+01 3.165E-03
  1.387574E+01 2.797E-03
  1.448386E+01 2.471E-03
  1.511611E+01 2.184E-03
  1.577338E+01 1.929E-03
      30   7   2   300    6  -7.49492E-01      65
  5.621189E-01 3.608E+00
  6.007320E-01 3.118E+00
  6.751120E-01 2.465E+00
  7.491320E-01 1.997E+00
  7.912190E-01 1.784E+00
  8.356960E-01 1.594E+00
  8.826980E-01 1.424E+00
  9.323640E-01 1.272E+00
  9.848440E-01 1.136E+00
  1.040300E+00 1.015E+00
  1.098880E+00 9.064E-01
  1.160770E+00 8.096E-01
  1.226160E+00 7.231E-01
  1.295220E+00 6.458E-01
  1.368180E+00 5.767E-01
  1.445220E+00 5.150E-01
  1.526590E+00 4.599E-01
  1.612520E+00 4.107E-01
  1.703240E+00 3.667E-01
  1.799030E+00 3.274E-01
  1.900150E+00 2.923E-01
  2.006890E+00 2.610E-01
  2.119550E+00 2.330E-01
  2.238450E+00 2.080E-01
  2.363920E+00 1.856E-01
  2.496300E+00 1.657E-01
  2.635960E+00 1.479E-01
  2.783270E+00 1.320E-01
  2.938660E+00 1.178E-01
  3.102520E+00 1.051E-01
  3.275300E+00 9.375E-02
  3.457470E+00 8.364E-02
  3.649510E+00 7.462E-02
  3.851910E+00 6.657E-02
  4.065220E+00 5.938E-02
  4.289990E+00 5.296E-02
  4.526780E+00 4.723E-02
  4.776220E+00 4.212E-02
  5.038940E+00 3.756E-02
  5.315600E+00 3.349E-02
  5.606890E+00 2.986E-02
  5.913530E+00 2.662E-02
  6.236290E+00 2.373E-02
  6.575960E+00 2.115E-02
  6.933350E+00 1.885E-02
  7.309330E+00 1.680E-02
  7.704810E+00 1.497E-02
  8.120710E+00 1.334E-02
  8.558020E+00 1.189E-02
  9.017760E+00 1.059E-02
  9.500990E+00 9.435E-03
  1.000880E+01 8.404E-03
  1.054240E+01 7.485E-03
  1.075750E+01 7.155E-03
  1.118190E+01 6.524E-03
  1.205860E+01 5.507E-03
  1.289220E+01 4.754E-03
  1.359944E+01 4.287E-03
  1.434450E+01 3.810E-03
  1.512934E+01 3.386E-03
  1.595604E+01 3.009E-03
  1.682677E+01 2.674E-03
  1.774382E+01 2.377E-03
  1.870961E+01 2.112E-03
  1.972662E+01 1.877E-03
      31   7   2   100    7  -7.40041E-01      65
  5.550308E-01 3.805E+00
  5.912800E-01 3.303E+00
  6.656610E-01 2.597E+00
  7.396810E-01 2.094E+00
  7.811880E-01 1.870E+00
  8.250300E-01 1.670E+00
  8.713350E-01 1.492E+00
  9.202390E-01 1.332E+00
  9.718840E-01 1.190E+00
  1.026420E+00 1.062E+00
  1.084010E+00 9.487E-01
  1.144820E+00 8.471E-01
  1.209020E+00 7.564E-01
  1.276790E+00 6.753E-01
  1.348340E+00 6.030E-01
  1.423850E+00 5.383E-01
  1.503560E+00 4.806E-01
  1.587680E+00 4.290E-01
  1.676450E+00 3.830E-01
  1.770120E+00 3.418E-01
  1.868950E+00 3.051E-01
  1.973210E+00 2.723E-01
  2.083200E+00 2.431E-01
  2.199210E+00 2.169E-01
  2.321560E+00 1.936E-01
  2.450580E+00 1.727E-01
  2.586620E+00 1.541E-01
  2.730060E+00 1.375E-01
  2.881270E+00 1.227E-01
  3.040650E+00 1.095E-01
  3.208630E+00 9.764E-02
  3.385650E+00 8.710E-02
  3.572180E+00 7.769E-02
  3.768700E+00 6.929E-02
  3.975710E+00 6.180E-02
  4.193760E+00 5.511E-02
  4.423390E+00 4.915E-02
  4.665200E+00 4.382E-02
  4.919780E+00 3.907E-02
  5.187790E+00 3.484E-02
  5.469890E+00 3.106E-02
  5.766780E+00 2.768E-02
  6.079190E+00 2.468E-02
  6.407890E+00 2.199E-02
  6.753660E+00 1.960E-02
  7.117350E+00 1.747E-02
  7.499830E+00 1.557E-02
  7.902010E+00 1.387E-02
  8.324840E+00 1.236E-02
  8.769320E+00 1.101E-02
  9.236470E+00 9.809E-03
  9.727380E+00 8.737E-03
  1.024320E+01 7.782E-03
  1.078500E+01 6.931E-03
  1.135420E+01 6.173E-03
  1.195190E+01 5.497E-03
  1.257950E+01 4.894E-03
  1.326457E+01 4.398E-03
  1.398599E+01 3.908E-03
  1.474563E+01 3.472E-03
  1.554547E+01 3.085E-03
  1.638757E+01 2.742E-03
  1.727411E+01 2.436E-03
  1.820738E+01 2.164E-03
  1.918977E+01 1.923E-03
      32   7   2   311    6  -7.39985E-01      62
  5.549887E-01 4.489E+00
  5.912240E-01 3.882E+00
  6.656050E-01 3.031E+00
  7.396250E-01 2.429E+00
  7.802020E-01 2.167E+00
  8.229870E-01 1.933E+00
  8.680920E-01 1.725E+00
  9.156330E-01 1.538E+00
  9.657330E-01 1.372E+00
  1.018520E+00 1.223E+00
  1.074120E+00 1.091E+00
  1.132680E+00 9.726E-01
  1.194330E+00 8.670E-01
  1.259230E+00 7.727E-01
  1.327520E+00 6.887E-01
  1.399380E+00 6.137E-01
  1.474960E+00 5.468E-01
  1.554440E+00 4.871E-01
  1.638000E+00 4.339E-01
  1.725820E+00 3.864E-01
  1.818090E+00 3.441E-01
  1.915020E+00 3.064E-01
  2.016810E+00 2.727E-01
  2.123670E+00 2.428E-01
  2.235830E+00 2.161E-01
  2.353500E+00 1.923E-01
  2.476930E+00 1.711E-01
  2.606360E+00 1.522E-01
  2.742040E+00 1.354E-01
  2.884220E+00 1.204E-01
  3.033180E+00 1.070E-01
  3.189190E+00 9.516E-02
  3.352540E+00 8.459E-02
  3.523510E+00 7.518E-02
  3.702400E+00 6.681E-02
  3.889530E+00 5.936E-02
  4.085220E+00 5.274E-02
  4.289780E+00 4.684E-02
  4.503570E+00 4.160E-02
  4.726920E+00 3.694E-02
  4.960190E+00 3.280E-02
  5.203750E+00 2.912E-02
  5.457980E+00 2.584E-02
  5.723250E+00 2.294E-02
  5.999970E+00 2.035E-02
  6.288530E+00 1.806E-02
  6.589370E+00 1.602E-02
  6.902900E+00 1.421E-02
  7.229560E+00 1.260E-02
  7.569810E+00 1.117E-02
  7.924100E+00 9.903E-03
  8.292900E+00 8.778E-03
  8.676690E+00 7.780E-03
  9.075990E+00 6.894E-03
  9.491270E+00 6.109E-03
  9.923080E+00 5.412E-03
  1.037190E+01 4.794E-03
  1.074800E+01 4.346E-03
  1.161630E+01 3.508E-03
  1.247110E+01 2.896E-03
  1.305050E+01 2.634E-03
  1.365476E+01 2.330E-03
      33   7   2   320    5  -7.35029E-01      61
  5.512717E-01 4.950E+00
  5.862690E-01 4.251E+00
  6.606490E-01 3.252E+00
  7.346690E-01 2.555E+00
  7.736820E-01 2.271E+00
  8.145220E-01 2.019E+00
  8.572590E-01 1.794E+00
  9.019650E-01 1.594E+00
  9.487150E-01 1.416E+00
  9.975850E-01 1.257E+00
  1.048650E+00 1.117E+00
  1.102000E+00 9.914E-01
  1.157700E+00 8.801E-01
  1.215850E+00 7.811E-01
  1.276530E+00 6.932E-01
  1.339830E+00 6.151E-01
  1.405840E+00 5.457E-01
  1.474660E+00 4.840E-01
  1.546380E+00 4.293E-01
  1.621090E+00 3.806E-01
  1.698900E+00 3.375E-01
  1.779920E+00 2.992E-01
  1.864240E+00 2.652E-01
  1.951980E+00 2.350E-01
  2.043250E+00 2.082E-01
  2.138150E+00 1.845E-01
  2.236810E+00 1.634E-01
  2.339340E+00 1.447E-01
  2.445860E+00 1.282E-01
  2.556500E+00 1.135E-01
  2.671390E+00 1.005E-01
  2.790650E+00 8.895E-02
  2.914410E+00 7.873E-02
  3.042820E+00 6.967E-02
  3.176000E+00 6.165E-02
  3.314110E+00 5.455E-02
  3.457280E+00 4.826E-02
  3.605660E+00 4.268E-02
  3.759400E+00 3.775E-02
  3.918660E+00 3.338E-02
  4.083590E+00 2.952E-02
  4.254350E+00 2.610E-02
  4.431100E+00 2.307E-02
  4.614020E+00 2.039E-02
  4.803260E+00 1.802E-02
  4.999010E+00 1.593E-02
  5.201440E+00 1.407E-02
  5.410740E+00 1.243E-02
  5.627070E+00 1.098E-02
  5.850640E+00 9.702E-03
  6.081630E+00 8.569E-03
  6.320240E+00 7.567E-03
  6.566670E+00 6.682E-03
  6.821120E+00 5.900E-03
  7.083790E+00 5.209E-03
  7.354900E+00 4.598E-03
  7.634660E+00 4.059E-03
  7.923290E+00 3.582E-03
  8.221000E+00 3.161E-03
  8.528040E+00 2.789E-03
  8.844610E+00 2.461E-03
      34   7   2   120    5  -7.34687E-01      61
  5.510152E-01 4.864E+00
  5.859270E-01 4.179E+00
  6.603070E-01 3.197E+00
  7.343270E-01 2.511E+00
  7.731800E-01 2.232E+00
  8.138600E-01 1.984E+00
  8.564370E-01 1.763E+00
  9.009840E-01 1.567E+00
  9.475740E-01 1.392E+00
  9.962840E-01 1.236E+00
  1.047190E+00 1.098E+00
  1.100380E+00 9.748E-01
  1.155920E+00 8.653E-01
  1.213910E+00 7.681E-01
  1.274430E+00 6.816E-01
  1.337570E+00 6.048E-01
  1.403410E+00 5.366E-01
  1.472060E+00 4.760E-01
  1.543610E+00 4.221E-01
  1.618140E+00 3.743E-01
  1.695770E+00 3.318E-01
  1.776600E+00 2.942E-01
  1.860720E+00 2.607E-01
  1.948250E+00 2.310E-01
  2.039300E+00 2.047E-01
  2.133960E+00 1.814E-01
  2.232370E+00 1.606E-01
  2.334630E+00 1.423E-01
  2.440870E+00 1.260E-01
  2.551200E+00 1.115E-01
  2.665740E+00 9.875E-02
  2.784640E+00 8.741E-02
  2.908000E+00 7.736E-02
  3.035970E+00 6.845E-02
  3.168680E+00 6.056E-02
  3.306270E+00 5.358E-02
  3.448880E+00 4.739E-02
  3.596640E+00 4.191E-02
  3.749710E+00 3.707E-02
  3.908240E+00 3.277E-02
  4.072360E+00 2.897E-02
  4.242250E+00 2.561E-02
  4.418050E+00 2.264E-02
  4.599930E+00 2.001E-02
  4.788050E+00 1.768E-02
  4.982580E+00 1.562E-02
  5.183690E+00 1.380E-02
  5.391540E+00 1.219E-02
  5.606320E+00 1.077E-02
  5.828200E+00 9.508E-03
  6.057370E+00 8.396E-03
  6.294010E+00 7.413E-03
  6.538320E+00 6.545E-03
  6.790480E+00 5.777E-03
  7.050690E+00 5.099E-03
  7.319150E+00 4.501E-03
  7.596060E+00 3.972E-03
  7.881640E+00 3.504E-03
  8.176080E+00 3.092E-03
  8.479610E+00 2.728E-03
  8.792450E+00 2.406E-03
      35   7   2   111    6  -7.33132E-01      63
  5.498490E-01 4.660E+00
  5.843720E-01 4.034E+00
  6.587520E-01 3.124E+00
  7.327720E-01 2.485E+00
  7.720770E-01 2.216E+00
  8.134930E-01 1.977E+00
  8.571260E-01 1.763E+00
  9.030860E-01 1.572E+00
  9.514880E-01 1.401E+00
  1.002450E+00 1.249E+00
  1.056090E+00 1.113E+00
  1.112550E+00 9.923E-01
  1.171950E+00 8.842E-01
  1.234430E+00 7.878E-01
  1.300140E+00 7.019E-01
  1.369220E+00 6.252E-01
  1.441820E+00 5.568E-01
  1.518110E+00 4.958E-01
  1.598250E+00 4.414E-01
  1.682410E+00 3.930E-01
  1.770770E+00 3.498E-01
  1.863500E+00 3.113E-01
  1.960790E+00 2.770E-01
  2.062830E+00 2.464E-01
  2.169840E+00 2.192E-01
  2.281990E+00 1.950E-01
  2.399520E+00 1.734E-01
  2.522630E+00 1.541E-01
  2.651550E+00 1.370E-01
  2.786500E+00 1.218E-01
  2.927730E+00 1.082E-01
  3.075480E+00 9.615E-02
  3.229990E+00 8.542E-02
  3.391520E+00 7.587E-02
  3.560330E+00 6.738E-02
  3.736690E+00 5.983E-02
  3.920870E+00 5.311E-02
  4.113160E+00 4.715E-02
  4.313850E+00 4.184E-02
  4.523230E+00 3.713E-02
  4.741610E+00 3.294E-02
  4.969300E+00 2.922E-02
  5.206610E+00 2.591E-02
  5.453870E+00 2.298E-02
  5.711410E+00 2.037E-02
  5.979570E+00 1.806E-02
  6.258700E+00 1.601E-02
  6.549150E+00 1.419E-02
  6.851290E+00 1.257E-02
  7.165480E+00 1.114E-02
  7.492110E+00 9.865E-03
  7.831550E+00 8.737E-03
  8.184210E+00 7.737E-03
  8.550470E+00 6.850E-03
  8.930760E+00 6.064E-03
  9.325490E+00 5.368E-03
  9.735090E+00 4.750E-03
  1.016000E+01 4.204E-03
  1.060060E+01 3.719E-03
  1.074110E+01 3.580E-03
  1.160940E+01 2.854E-03
  1.204220E+01 2.570E-03
  1.258333E+01 2.356E-03
      36   7   2   300    7  -5.72382E-01      64
  4.292865E-01 4.369E+00
  4.980020E-01 3.214E+00
  5.720220E-01 2.421E+00
  6.041170E-01 2.162E+00
  6.380120E-01 1.931E+00
  6.738070E-01 1.725E+00
  7.116080E-01 1.540E+00
  7.515240E-01 1.375E+00
  7.936740E-01 1.228E+00
  8.381790E-01 1.097E+00
  8.851700E-01 9.794E-01
  9.347830E-01 8.746E-01
  9.871620E-01 7.809E-01
  1.042460E+00 6.973E-01
  1.100830E+00 6.226E-01
  1.162450E+00 5.559E-01
  1.227490E+00 4.963E-01
  1.296130E+00 4.431E-01
  1.368580E+00 3.956E-01
  1.445040E+00 3.532E-01
  1.525730E+00 3.153E-01
  1.610870E+00 2.815E-01
  1.700710E+00 2.512E-01
  1.795490E+00 2.243E-01
  1.895490E+00 2.002E-01
  2.000980E+00 1.787E-01
  2.112250E+00 1.595E-01
  2.229620E+00 1.423E-01
  2.353410E+00 1.270E-01
  2.483960E+00 1.134E-01
  2.621630E+00 1.012E-01
  2.766800E+00 9.027E-02
  2.919860E+00 8.055E-02
  3.081220E+00 7.187E-02
  3.251340E+00 6.413E-02
  3.430650E+00 5.722E-02
  3.619650E+00 5.105E-02
  3.818850E+00 4.554E-02
  4.028760E+00 4.063E-02
  4.249950E+00 3.624E-02
  4.483010E+00 3.233E-02
  4.728550E+00 2.883E-02
  4.987200E+00 2.572E-02
  5.259660E+00 2.294E-02
  5.546620E+00 2.046E-02
  5.848830E+00 1.824E-02
  6.167070E+00 1.627E-02
  6.502150E+00 1.451E-02
  6.854930E+00 1.294E-02
  7.226310E+00 1.153E-02
  7.617230E+00 1.028E-02
  8.028670E+00 9.168E-03
  8.461670E+00 8.173E-03
  8.917300E+00 7.286E-03
  9.396700E+00 6.494E-03
  9.901060E+00 5.789E-03
  1.043160E+01 5.159E-03
  1.098970E+01 4.598E-03
  1.157660E+01 4.098E-03
  1.219380E+01 3.652E-03
  1.286642E+01 3.274E-03
  1.357548E+01 2.911E-03
  1.432288E+01 2.588E-03
  1.511069E+01 2.300E-03
      37   7   2   100    8  -5.66081E-01      64
  4.245607E-01 4.609E+00
  4.917010E-01 3.389E+00
  5.657210E-01 2.539E+00
  5.971510E-01 2.268E+00
  6.303410E-01 2.025E+00
  6.653890E-01 1.808E+00
  7.023990E-01 1.615E+00
  7.414790E-01 1.442E+00
  7.827420E-01 1.288E+00
  8.263090E-01 1.150E+00
  8.723070E-01 1.027E+00
  9.208690E-01 9.170E-01
  9.721350E-01 8.187E-01
  1.026250E+00 7.310E-01
  1.083380E+00 6.527E-01
  1.143670E+00 5.827E-01
  1.207310E+00 5.202E-01
  1.274480E+00 4.644E-01
  1.345360E+00 4.146E-01
  1.420150E+00 3.701E-01
  1.499070E+00 3.304E-01
  1.582330E+00 2.949E-01
  1.670180E+00 2.632E-01
  1.762840E+00 2.349E-01
  1.860590E+00 2.097E-01
  1.963690E+00 1.871E-01
  2.072420E+00 1.670E-01
  2.187080E+00 1.490E-01
  2.307990E+00 1.330E-01
  2.435460E+00 1.186E-01
  2.569850E+00 1.059E-01
  2.711520E+00 9.445E-02
  2.860840E+00 8.426E-02
  3.018210E+00 7.517E-02
  3.184050E+00 6.706E-02
  3.358790E+00 5.981E-02
  3.542890E+00 5.335E-02
  3.736840E+00 4.758E-02
  3.941120E+00 4.244E-02
  4.156280E+00 3.784E-02
  4.382860E+00 3.375E-02
  4.621440E+00 3.009E-02
  4.872620E+00 2.683E-02
  5.137040E+00 2.392E-02
  5.415350E+00 2.133E-02
  5.708260E+00 1.901E-02
  6.016480E+00 1.695E-02
  6.340780E+00 1.510E-02
  6.681940E+00 1.346E-02
  7.040800E+00 1.200E-02
  7.418230E+00 1.069E-02
  7.815120E+00 9.528E-03
  8.232420E+00 8.490E-03
  8.671130E+00 7.564E-03
  9.132280E+00 6.739E-03
  9.616940E+00 6.003E-03
  1.012620E+01 5.348E-03
  1.066140E+01 4.763E-03
  1.122350E+01 4.242E-03
  1.181400E+01 3.778E-03
  1.243410E+01 3.365E-03
  1.311254E+01 3.032E-03
  1.382724E+01 2.695E-03
  1.458011E+01 2.395E-03
      38   7   2   311    7  -5.66037E-01      63
  4.245285E-01 5.395E+00
  4.916570E-01 3.942E+00
  5.656780E-01 2.935E+00
  5.965970E-01 2.619E+00
  6.292110E-01 2.337E+00
  6.636080E-01 2.086E+00
  6.998800E-01 1.861E+00
  7.381240E-01 1.660E+00
  7.784400E-01 1.481E+00
  8.209330E-01 1.321E+00
  8.657130E-01 1.178E+00
  9.128930E-01 1.051E+00
  9.625950E-01 9.369E-01
  1.014940E+00 8.354E-01
  1.070060E+00 7.448E-01
  1.128090E+00 6.639E-01
  1.189160E+00 5.917E-01
  1.253440E+00 5.274E-01
  1.321060E+00 4.699E-01
  1.392180E+00 4.187E-01
  1.466970E+00 3.730E-01
  1.545600E+00 3.323E-01
  1.628240E+00 2.960E-01
  1.715080E+00 2.636E-01
  1.806300E+00 2.347E-01
  1.902110E+00 2.090E-01
  2.002710E+00 1.860E-01
  2.108300E+00 1.656E-01
  2.219120E+00 1.473E-01
  2.335370E+00 1.311E-01
  2.457300E+00 1.167E-01
  2.585150E+00 1.038E-01
  2.719170E+00 9.231E-02
  2.859610E+00 8.210E-02
  3.006750E+00 7.300E-02
  3.160850E+00 6.491E-02
  3.322200E+00 5.770E-02
  3.491090E+00 5.129E-02
  3.667830E+00 4.558E-02
  3.852730E+00 4.050E-02
  4.046100E+00 3.598E-02
  4.248270E+00 3.197E-02
  4.459600E+00 2.839E-02
  4.680420E+00 2.522E-02
  4.911090E+00 2.239E-02
  5.152000E+00 1.988E-02
  5.403500E+00 1.765E-02
  5.666010E+00 1.566E-02
  5.939920E+00 1.390E-02
  6.225650E+00 1.234E-02
  6.523610E+00 1.095E-02
  6.834260E+00 9.709E-03
  7.158020E+00 8.612E-03
  7.495370E+00 7.638E-03
  7.846780E+00 6.773E-03
  8.212730E+00 6.005E-03
  8.593710E+00 5.324E-03
  8.990250E+00 4.719E-03
  9.402850E+00 4.182E-03
  9.832050E+00 3.706E-03
  1.027840E+01 3.284E-03
  1.057400E+01 3.038E-03
  1.107710E+01 2.777E-03
      39   7   2   320    6  -5.62728E-01      61
  4.220459E-01 5.935E+00
  4.883480E-01 4.271E+00
  5.623680E-01 3.120E+00
  5.924560E-01 2.777E+00
  6.240240E-01 2.470E+00
  6.571330E-01 2.198E+00
  6.918480E-01 1.955E+00
  7.282340E-01 1.739E+00
  7.663580E-01 1.546E+00
  8.062880E-01 1.374E+00
  8.480970E-01 1.222E+00
  8.918580E-01 1.086E+00
  9.376450E-01 9.647E-01
  9.855360E-01 8.570E-01
  1.035610E+00 7.613E-01
  1.087950E+00 6.761E-01
  1.142640E+00 6.004E-01
  1.199760E+00 5.330E-01
  1.259410E+00 4.732E-01
  1.321670E+00 4.200E-01
  1.386630E+00 3.727E-01
  1.454400E+00 3.307E-01
  1.525060E+00 2.933E-01
  1.598720E+00 2.602E-01
  1.675490E+00 2.307E-01
  1.755450E+00 2.046E-01
  1.838720E+00 1.814E-01
  1.925420E+00 1.608E-01
  2.015650E+00 1.425E-01
  2.109520E+00 1.263E-01
  2.207150E+00 1.119E-01
  2.308670E+00 9.912E-02
  2.414190E+00 8.780E-02
  2.523840E+00 7.776E-02
  2.637750E+00 6.886E-02
  2.756050E+00 6.096E-02
  2.878860E+00 5.397E-02
  3.006330E+00 4.777E-02
  3.138600E+00 4.228E-02
  3.275790E+00 3.741E-02
  3.418070E+00 3.310E-02
  3.565580E+00 2.928E-02
  3.718460E+00 2.590E-02
  3.876870E+00 2.291E-02
  4.040980E+00 2.026E-02
  4.210920E+00 1.791E-02
  4.386870E+00 1.583E-02
  4.569000E+00 1.400E-02
  4.757470E+00 1.237E-02
  4.952450E+00 1.093E-02
  5.154130E+00 9.661E-03
  5.362670E+00 8.536E-03
  5.578260E+00 7.541E-03
  5.801080E+00 6.661E-03
  6.031330E+00 5.884E-03
  6.269190E+00 5.196E-03
  6.514860E+00 4.588E-03
  6.768540E+00 4.051E-03
  7.030440E+00 3.577E-03
  7.300750E+00 3.157E-03
  7.579690E+00 2.787E-03
      40   7   2   120    6  -5.62495E-01      61
  4.218712E-01 5.824E+00
  4.881150E-01 4.192E+00
  5.621350E-01 3.062E+00
  5.921160E-01 2.725E+00
  6.235770E-01 2.425E+00
  6.565800E-01 2.157E+00
  6.911890E-01 1.919E+00
  7.274690E-01 1.707E+00
  7.654870E-01 1.518E+00
  8.053130E-01 1.349E+00
  8.470180E-01 1.199E+00
  8.906750E-01 1.066E+00
  9.363590E-01 9.473E-01
  9.841480E-01 8.416E-01
  1.034120E+00 7.476E-01
  1.086360E+00 6.640E-01
  1.140940E+00 5.896E-01
  1.197970E+00 5.235E-01
  1.257510E+00 4.647E-01
  1.319660E+00 4.124E-01
  1.384520E+00 3.660E-01
  1.452170E+00 3.247E-01
  1.522710E+00 2.881E-01
  1.596250E+00 2.555E-01
  1.672880E+00 2.266E-01
  1.752710E+00 2.009E-01
  1.835840E+00 1.781E-01
  1.922370E+00 1.579E-01
  2.012430E+00 1.399E-01
  2.106110E+00 1.240E-01
  2.203540E+00 1.098E-01
  2.304840E+00 9.729E-02
  2.410110E+00 8.617E-02
  2.519500E+00 7.631E-02
  2.633110E+00 6.756E-02
  2.751080E+00 5.981E-02
  2.873530E+00 5.295E-02
  3.000600E+00 4.686E-02
  3.132430E+00 4.146E-02
  3.269150E+00 3.669E-02
  3.410890E+00 3.246E-02
  3.557820E+00 2.871E-02
  3.710060E+00 2.539E-02
  3.867770E+00 2.245E-02
  4.031100E+00 1.985E-02
  4.200200E+00 1.755E-02
  4.375230E+00 1.551E-02
  4.556350E+00 1.371E-02
  4.743720E+00 1.212E-02
  4.937510E+00 1.071E-02
  5.137880E+00 9.458E-03
  5.345010E+00 8.355E-03
  5.559070E+00 7.380E-03
  5.780240E+00 6.518E-03
  6.008690E+00 5.756E-03
  6.244620E+00 5.082E-03
  6.488210E+00 4.487E-03
  6.739640E+00 3.961E-03
  6.999120E+00 3.496E-03
  7.266830E+00 3.085E-03
  7.542980E+00 2.723E-03
      41   7   2   111    7  -5.61458E-01      62
  4.210935E-01 5.622E+00
  4.870780E-01 4.088E+00
  5.610980E-01 3.018E+00
  5.911370E-01 2.693E+00
  6.228030E-01 2.402E+00
  6.561800E-01 2.143E+00
  6.913560E-01 1.911E+00
  7.284210E-01 1.705E+00
  7.674710E-01 1.520E+00
  8.086040E-01 1.355E+00
  8.519240E-01 1.209E+00
  8.975380E-01 1.077E+00
  9.455580E-01 9.604E-01
  9.961000E-01 8.561E-01
  1.049290E+00 7.629E-01
  1.105240E+00 6.798E-01
  1.164090E+00 6.057E-01
  1.225980E+00 5.396E-01
  1.291040E+00 4.807E-01
  1.359420E+00 4.281E-01
  1.431270E+00 3.812E-01
  1.506750E+00 3.395E-01
  1.586020E+00 3.022E-01
  1.669240E+00 2.690E-01
  1.756590E+00 2.394E-01
  1.848250E+00 2.131E-01
  1.944400E+00 1.896E-01
  2.045240E+00 1.686E-01
  2.150950E+00 1.500E-01
  2.261740E+00 1.334E-01
  2.377830E+00 1.186E-01
  2.499420E+00 1.055E-01
  2.626740E+00 9.377E-02
  2.760020E+00 8.334E-02
  2.899490E+00 7.407E-02
  3.045390E+00 6.581E-02
  3.197970E+00 5.847E-02
  3.357500E+00 5.193E-02
  3.524220E+00 4.612E-02
  3.698420E+00 4.096E-02
  3.880370E+00 3.637E-02
  4.070340E+00 3.228E-02
  4.268650E+00 2.865E-02
  4.475580E+00 2.543E-02
  4.691440E+00 2.256E-02
  4.916550E+00 2.002E-02
  5.151230E+00 1.776E-02
  5.395810E+00 1.575E-02
  5.650630E+00 1.397E-02
  5.916040E+00 1.238E-02
  6.192380E+00 1.098E-02
  6.480030E+00 9.730E-03
  6.779360E+00 8.623E-03
  7.090740E+00 7.641E-03
  7.414560E+00 6.770E-03
  7.751230E+00 5.997E-03
  8.101140E+00 5.312E-03
  8.464720E+00 4.704E-03
  8.842390E+00 4.166E-03
  9.234580E+00 3.688E-03
  9.641720E+00 3.265E-03
  1.006430E+01 2.890E-03
      42   7   2   300    8  -4.51369E-01      64
  3.385267E-01 5.380E+00
  3.769890E-01 4.160E+00
  4.510090E-01 2.876E+00
  4.760780E-01 2.568E+00
  5.025480E-01 2.294E+00
  5.304960E-01 2.048E+00
  5.600050E-01 1.829E+00
  5.911600E-01 1.633E+00
  6.240540E-01 1.459E+00
  6.587820E-01 1.302E+00
  6.954450E-01 1.163E+00
  7.341490E-01 1.039E+00
  7.750090E-01 9.273E-01
  8.181410E-01 8.280E-01
  8.636700E-01 7.393E-01
  9.117290E-01 6.601E-01
  9.624560E-01 5.894E-01
  1.016000E+00 5.262E-01
  1.072500E+00 4.698E-01
  1.132140E+00 4.194E-01
  1.195080E+00 3.745E-01
  1.261490E+00 3.343E-01
  1.331570E+00 2.984E-01
  1.405520E+00 2.664E-01
  1.483540E+00 2.378E-01
  1.565860E+00 2.123E-01
  1.652710E+00 1.895E-01
  1.744330E+00 1.691E-01
  1.840970E+00 1.510E-01
  1.942910E+00 1.347E-01
  2.050430E+00 1.203E-01
  2.163830E+00 1.073E-01
  2.283430E+00 9.578E-02
  2.409540E+00 8.547E-02
  2.542520E+00 7.627E-02
  2.682740E+00 6.806E-02
  2.830570E+00 6.073E-02
  2.986410E+00 5.419E-02
  3.150700E+00 4.835E-02
  3.323870E+00 4.314E-02
  3.506390E+00 3.849E-02
  3.698750E+00 3.434E-02
  3.901460E+00 3.063E-02
  4.115070E+00 2.733E-02
  4.340130E+00 2.438E-02
  4.577250E+00 2.174E-02
  4.827050E+00 1.939E-02
  5.090180E+00 1.730E-02
  5.367330E+00 1.543E-02
  5.659220E+00 1.376E-02
  5.966620E+00 1.227E-02
  6.290300E+00 1.094E-02
  6.631100E+00 9.757E-03
  6.989900E+00 8.700E-03
  7.367610E+00 7.757E-03
  7.765180E+00 6.916E-03
  8.183630E+00 6.166E-03
  8.624000E+00 5.497E-03
  9.087390E+00 4.900E-03
  9.574960E+00 4.368E-03
  1.008790E+01 3.893E-03
  1.062760E+01 3.470E-03
  1.119520E+01 3.093E-03
  1.179210E+01 2.757E-03
      43   7   2   100    9  -4.46959E-01      64
  3.352193E-01 5.675E+00
  3.725790E-01 4.392E+00
  4.465990E-01 3.016E+00
  4.711980E-01 2.693E+00
  4.971700E-01 2.405E+00
  5.245900E-01 2.148E+00
  5.535390E-01 1.918E+00
  5.841010E-01 1.713E+00
  6.163660E-01 1.529E+00
  6.504280E-01 1.366E+00
  6.863860E-01 1.219E+00
  7.243440E-01 1.089E+00
  7.644120E-01 9.721E-01
  8.067060E-01 8.680E-01
  8.513490E-01 7.750E-01
  8.984680E-01 6.919E-01
  9.481980E-01 6.178E-01
  1.000680E+00 5.515E-01
  1.056070E+00 4.924E-01
  1.114520E+00 4.396E-01
  1.176200E+00 3.924E-01
  1.241280E+00 3.503E-01
  1.309950E+00 3.127E-01
  1.382390E+00 2.791E-01
  1.458820E+00 2.491E-01
  1.539440E+00 2.223E-01
  1.624480E+00 1.984E-01
  1.714180E+00 1.771E-01
  1.808780E+00 1.581E-01
  1.908550E+00 1.411E-01
  2.013750E+00 1.259E-01
  2.124680E+00 1.123E-01
  2.241640E+00 1.002E-01
  2.364940E+00 8.943E-02
  2.494920E+00 7.979E-02
  2.631920E+00 7.118E-02
  2.776310E+00 6.351E-02
  2.928490E+00 5.665E-02
  3.088840E+00 5.054E-02
  3.257800E+00 4.508E-02
  3.435800E+00 4.021E-02
  3.623310E+00 3.586E-02
  3.820830E+00 3.198E-02
  4.028850E+00 2.852E-02
  4.247920E+00 2.544E-02
  4.478600E+00 2.268E-02
  4.721480E+00 2.022E-02
  4.977160E+00 1.803E-02
  5.246300E+00 1.608E-02
  5.529570E+00 1.433E-02
  5.827680E+00 1.278E-02
  6.141360E+00 1.139E-02
  6.471390E+00 1.015E-02
  6.818580E+00 9.048E-03
  7.183770E+00 8.064E-03
  7.567860E+00 7.186E-03
  7.971750E+00 6.404E-03
  8.396430E+00 5.706E-03
  8.842900E+00 5.084E-03
  9.312220E+00 4.530E-03
  9.805500E+00 4.035E-03
  1.032390E+01 3.595E-03
  1.086860E+01 3.202E-03
  1.144080E+01 2.852E-03
      44   7   2   311    8  -4.46926E-01      63
  3.351945E-01 6.609E+00
  3.725460E-01 5.093E+00
  4.465660E-01 3.475E+00
  4.709980E-01 3.101E+00
  4.967700E-01 2.768E+00
  5.239520E-01 2.470E+00
  5.526170E-01 2.204E+00
  5.828420E-01 1.966E+00
  6.147090E-01 1.754E+00
  6.483010E-01 1.565E+00
  6.837060E-01 1.396E+00
  7.210170E-01 1.245E+00
  7.603310E-01 1.111E+00
  8.017470E-01 9.904E-01
  8.453720E-01 8.831E-01
  8.913140E-01 7.874E-01
  9.396880E-01 7.020E-01
  9.906140E-01 6.258E-01
  1.044210E+00 5.579E-01
  1.100620E+00 4.972E-01
  1.159970E+00 4.431E-01
  1.222400E+00 3.949E-01
  1.288050E+00 3.518E-01
  1.357090E+00 3.134E-01
  1.429660E+00 2.792E-01
  1.505940E+00 2.487E-01
  1.586090E+00 2.215E-01
  1.670300E+00 1.972E-01
  1.758730E+00 1.756E-01
  1.851600E+00 1.564E-01
  1.949100E+00 1.392E-01
  2.051420E+00 1.239E-01
  2.158800E+00 1.103E-01
  2.271440E+00 9.812E-02
  2.389580E+00 8.731E-02
  2.513460E+00 7.768E-02
  2.643320E+00 6.910E-02
  2.779420E+00 6.146E-02
  2.922030E+00 5.466E-02
  3.071410E+00 4.860E-02
  3.227840E+00 4.321E-02
  3.391630E+00 3.842E-02
  3.563070E+00 3.415E-02
  3.742480E+00 3.035E-02
  3.930170E+00 2.697E-02
  4.126490E+00 2.397E-02
  4.331760E+00 2.129E-02
  4.546360E+00 1.892E-02
  4.770630E+00 1.680E-02
  5.004970E+00 1.492E-02
  5.249760E+00 1.325E-02
  5.505400E+00 1.177E-02
  5.772300E+00 1.045E-02
  6.050890E+00 9.273E-03
  6.341610E+00 8.230E-03
  6.644910E+00 7.304E-03
  6.961250E+00 6.482E-03
  7.291120E+00 5.751E-03
  7.635000E+00 5.102E-03
  7.993400E+00 4.525E-03
  8.366850E+00 4.014E-03
  8.755870E+00 3.560E-03
  9.161030E+00 3.156E-03
      45   7   2   320    7  -4.44606E-01      61
  3.334553E-01 7.256E+00
  3.702260E-01 5.543E+00
  4.442470E-01 3.712E+00
  4.680610E-01 3.306E+00
  4.930870E-01 2.944E+00
  5.193780E-01 2.621E+00
  5.469900E-01 2.334E+00
  5.759790E-01 2.077E+00
  6.064060E-01 1.849E+00
  6.383310E-01 1.645E+00
  6.718170E-01 1.463E+00
  7.069290E-01 1.302E+00
  7.437340E-01 1.158E+00
  7.823010E-01 1.029E+00
  8.227000E-01 9.153E-01
  8.650050E-01 8.136E-01
  9.092900E-01 7.231E-01
  9.556330E-01 6.426E-01
  1.004110E+00 5.709E-01
  1.054810E+00 5.072E-01
  1.107810E+00 4.505E-01
  1.163200E+00 4.001E-01
  1.221060E+00 3.552E-01
  1.281480E+00 3.153E-01
  1.344560E+00 2.799E-01
  1.410400E+00 2.484E-01
  1.479080E+00 2.204E-01
  1.550720E+00 1.956E-01
  1.625400E+00 1.735E-01
  1.703240E+00 1.538E-01
  1.784340E+00 1.364E-01
  1.868800E+00 1.210E-01
  1.956750E+00 1.072E-01
  2.048290E+00 9.504E-02
  2.143550E+00 8.422E-02
  2.242630E+00 7.463E-02
  2.345670E+00 6.611E-02
  2.452780E+00 5.856E-02
  2.564100E+00 5.187E-02
  2.679750E+00 4.593E-02
  2.799860E+00 4.067E-02
  2.924570E+00 3.600E-02
  3.054020E+00 3.187E-02
  3.188340E+00 2.820E-02
  3.327690E+00 2.496E-02
  3.472200E+00 2.208E-02
  3.622030E+00 1.953E-02
  3.777320E+00 1.728E-02
  3.938240E+00 1.528E-02
  4.104940E+00 1.351E-02
  4.277570E+00 1.195E-02
  4.456310E+00 1.056E-02
  4.641310E+00 9.337E-03
  4.832760E+00 8.253E-03
  5.030820E+00 7.293E-03
  5.235670E+00 6.444E-03
  5.447480E+00 5.694E-03
  5.666450E+00 5.030E-03
  5.892750E+00 4.443E-03
  6.126570E+00 3.924E-03
  6.368110E+00 3.465E-03
      46   7   2   120    7  -4.44441E-01      61
  3.333308E-01 7.109E+00
  3.700610E-01 5.433E+00
  4.440810E-01 3.639E+00
  4.678160E-01 3.241E+00
  4.927620E-01 2.887E+00
  5.189730E-01 2.570E+00
  5.465050E-01 2.288E+00
  5.754150E-01 2.037E+00
  6.057640E-01 1.813E+00
  6.376120E-01 1.613E+00
  6.710220E-01 1.435E+00
  7.060590E-01 1.277E+00
  7.427900E-01 1.136E+00
  7.812840E-01 1.010E+00
  8.216120E-01 8.979E-01
  8.638470E-01 7.982E-01
  9.080640E-01 7.094E-01
  9.543400E-01 6.305E-01
  1.002750E+00 5.602E-01
  1.053380E+00 4.976E-01
  1.106320E+00 4.420E-01
  1.161640E+00 3.925E-01
  1.219430E+00 3.485E-01
  1.279790E+00 3.094E-01
  1.342800E+00 2.746E-01
  1.408560E+00 2.437E-01
  1.477170E+00 2.162E-01
  1.548720E+00 1.918E-01
  1.623320E+00 1.702E-01
  1.701060E+00 1.509E-01
  1.782050E+00 1.338E-01
  1.866400E+00 1.186E-01
  1.954230E+00 1.052E-01
  2.045630E+00 9.320E-02
  2.140730E+00 8.259E-02
  2.239640E+00 7.317E-02
  2.342480E+00 6.482E-02
  2.449370E+00 5.741E-02
  2.560440E+00 5.084E-02
  2.675820E+00 4.502E-02
  2.795620E+00 3.985E-02
  2.920000E+00 3.528E-02
  3.049070E+00 3.122E-02
  3.182970E+00 2.763E-02
  3.321850E+00 2.445E-02
  3.465840E+00 2.163E-02
  3.615090E+00 1.913E-02
  3.769750E+00 1.692E-02
  3.929970E+00 1.496E-02
  4.095890E+00 1.323E-02
  4.267680E+00 1.169E-02
  4.445490E+00 1.034E-02
  4.629490E+00 9.135E-03
  4.819830E+00 8.073E-03
  5.016680E+00 7.133E-03
  5.220220E+00 6.301E-03
  5.430600E+00 5.566E-03
  5.648020E+00 4.916E-03
  5.872650E+00 4.342E-03
  6.104660E+00 3.834E-03
  6.344240E+00 3.385E-03
      47   7   2   111    8  -4.43715E-01      62
  3.327862E-01 6.907E+00
  3.693350E-01 5.308E+00
  4.433550E-01 3.587E+00
  4.671270E-01 3.201E+00
  4.921890E-01 2.855E+00
  5.186090E-01 2.547E+00
  5.464570E-01 2.273E+00
  5.758050E-01 2.027E+00
  6.067300E-01 1.808E+00
  6.393140E-01 1.613E+00
  6.736380E-01 1.438E+00
  7.097910E-01 1.282E+00
  7.478630E-01 1.143E+00
  7.879510E-01 1.019E+00
  8.301510E-01 9.087E-01
  8.745680E-01 8.099E-01
  9.213090E-01 7.219E-01
  9.704850E-01 6.433E-01
  1.022210E+00 5.732E-01
  1.076610E+00 5.107E-01
  1.133810E+00 4.550E-01
  1.193940E+00 4.053E-01
  1.257130E+00 3.610E-01
  1.323530E+00 3.215E-01
  1.393280E+00 2.863E-01
  1.466530E+00 2.549E-01
  1.543440E+00 2.269E-01
  1.624170E+00 2.020E-01
  1.708890E+00 1.797E-01
  1.797770E+00 1.599E-01
  1.890990E+00 1.423E-01
  1.988750E+00 1.266E-01
  2.091230E+00 1.126E-01
  2.198630E+00 1.002E-01
  2.311160E+00 8.907E-02
  2.429020E+00 7.920E-02
  2.552450E+00 7.041E-02
  2.681660E+00 6.259E-02
  2.816890E+00 5.563E-02
  2.958380E+00 4.944E-02
  3.106370E+00 4.393E-02
  3.261130E+00 3.902E-02
  3.422910E+00 3.467E-02
  3.591990E+00 3.079E-02
  3.768650E+00 2.734E-02
  3.953160E+00 2.428E-02
  4.145830E+00 2.155E-02
  4.346960E+00 1.913E-02
  4.556870E+00 1.698E-02
  4.775870E+00 1.507E-02
  5.004280E+00 1.337E-02
  5.242460E+00 1.186E-02
  5.490750E+00 1.052E-02
  5.749500E+00 9.334E-03
  6.019080E+00 8.277E-03
  6.299870E+00 7.340E-03
  6.592240E+00 6.507E-03
  6.896610E+00 5.768E-03
  7.213360E+00 5.113E-03
  7.542920E+00 4.531E-03
  7.885710E+00 4.015E-03
  8.242160E+00 3.557E-03
      48   7   2   300    9  -3.65039E-01      64
  2.737792E-01 6.395E+00
  2.906590E-01 5.376E+00
  3.646790E-01 3.359E+00
  3.847910E-01 2.999E+00
  4.060220E-01 2.678E+00
  4.284350E-01 2.392E+00
  4.520960E-01 2.136E+00
  4.770720E-01 1.907E+00
  5.034380E-01 1.703E+00
  5.312700E-01 1.521E+00
  5.606490E-01 1.358E+00
  5.916610E-01 1.212E+00
  6.243950E-01 1.083E+00
  6.589480E-01 9.666E-01
  6.954180E-01 8.630E-01
  7.339110E-01 7.706E-01
  7.745390E-01 6.880E-01
  8.174180E-01 6.143E-01
  8.626720E-01 5.484E-01
  9.104320E-01 4.896E-01
  9.608330E-01 4.371E-01
  1.014020E+00 3.903E-01
  1.070150E+00 3.484E-01
  1.129370E+00 3.110E-01
  1.191860E+00 2.777E-01
  1.257800E+00 2.479E-01
  1.327360E+00 2.213E-01
  1.400760E+00 1.975E-01
  1.478190E+00 1.763E-01
  1.559870E+00 1.574E-01
  1.646030E+00 1.405E-01
  1.736910E+00 1.254E-01
  1.832770E+00 1.119E-01
  1.933880E+00 9.986E-02
  2.040500E+00 8.912E-02
  2.152950E+00 7.953E-02
  2.271530E+00 7.098E-02
  2.396560E+00 6.334E-02
  2.528390E+00 5.652E-02
  2.667380E+00 5.043E-02
  2.813910E+00 4.500E-02
  2.968370E+00 4.015E-02
  3.131190E+00 3.583E-02
  3.302810E+00 3.196E-02
  3.483680E+00 2.852E-02
  3.674300E+00 2.544E-02
  3.875170E+00 2.270E-02
  4.086830E+00 2.025E-02
  4.309840E+00 1.806E-02
  4.544780E+00 1.611E-02
  4.792290E+00 1.437E-02
  5.053010E+00 1.282E-02
  5.327610E+00 1.143E-02
  5.616830E+00 1.019E-02
  5.921400E+00 9.091E-03
  6.242120E+00 8.107E-03
  6.579810E+00 7.229E-03
  6.935340E+00 6.446E-03
  7.309610E+00 5.748E-03
  7.703590E+00 5.125E-03
  8.118260E+00 4.569E-03
  8.554680E+00 4.073E-03
  9.013940E+00 3.631E-03
  9.497190E+00 3.237E-03
      49   7   2   100   10  -3.61833E-01      64
  2.713747E-01 6.735E+00
  2.874520E-01 5.683E+00
  3.614730E-01 3.523E+00
  3.812290E-01 3.146E+00
  4.020830E-01 2.809E+00
  4.240960E-01 2.508E+00
  4.473330E-01 2.240E+00
  4.718600E-01 2.000E+00
  4.977500E-01 1.786E+00
  5.250770E-01 1.594E+00
  5.539230E-01 1.424E+00
  5.843690E-01 1.271E+00
  6.165050E-01 1.135E+00
  6.504240E-01 1.013E+00
  6.862230E-01 9.048E-01
  7.240070E-01 8.078E-01
  7.638830E-01 7.213E-01
  8.059660E-01 6.439E-01
  8.503780E-01 5.749E-01
  8.972440E-01 5.132E-01
  9.467000E-01 4.582E-01
  9.988850E-01 4.090E-01
  1.053950E+00 3.651E-01
  1.112050E+00 3.259E-01
  1.173340E+00 2.909E-01
  1.238010E+00 2.597E-01
  1.306230E+00 2.318E-01
  1.378190E+00 2.069E-01
  1.454100E+00 1.847E-01
  1.534160E+00 1.648E-01
  1.618600E+00 1.471E-01
  1.707650E+00 1.313E-01
  1.801560E+00 1.171E-01
  1.900590E+00 1.045E-01
  2.005000E+00 9.328E-02
  2.115080E+00 8.324E-02
  2.231130E+00 7.427E-02
  2.353460E+00 6.627E-02
  2.482410E+00 5.912E-02
  2.618310E+00 5.274E-02
  2.761540E+00 4.705E-02
  2.912470E+00 4.198E-02
  3.071500E+00 3.744E-02
  3.239060E+00 3.340E-02
  3.415580E+00 2.979E-02
  3.601520E+00 2.657E-02
  3.797360E+00 2.370E-02
  4.003630E+00 2.113E-02
  4.220840E+00 1.884E-02
  4.449550E+00 1.680E-02
  4.690340E+00 1.498E-02
  4.943840E+00 1.336E-02
  5.210670E+00 1.191E-02
  5.491520E+00 1.062E-02
  5.787070E+00 9.466E-03
  6.098070E+00 8.438E-03
  6.425280E+00 7.521E-03
  6.769510E+00 6.704E-03
  7.131610E+00 5.975E-03
  7.512440E+00 5.325E-03
  7.912950E+00 4.745E-03
  8.334070E+00 4.228E-03
  8.776840E+00 3.768E-03
  9.242280E+00 3.357E-03
      50   7   2   311    9  -3.61807E-01      63
  2.713552E-01 7.810E+00
  2.874270E-01 6.572E+00
  3.614470E-01 4.048E+00
  3.810560E-01 3.613E+00
  4.017430E-01 3.225E+00
  4.235680E-01 2.878E+00
  4.465910E-01 2.569E+00
  4.708740E-01 2.293E+00
  4.964850E-01 2.046E+00
  5.234930E-01 1.826E+00
  5.519710E-01 1.629E+00
  5.819960E-01 1.453E+00
  6.136470E-01 1.297E+00
  6.470090E-01 1.157E+00
  6.821680E-01 1.032E+00
  7.192170E-01 9.202E-01
  7.582510E-01 8.206E-01
  7.993690E-01 7.318E-01
  8.426770E-01 6.526E-01
  8.882830E-01 5.819E-01
  9.363010E-01 5.187E-01
  9.868490E-01 4.624E-01
  1.040050E+00 4.122E-01
  1.096040E+00 3.674E-01
  1.154940E+00 3.274E-01
  1.216900E+00 2.918E-01
  1.282060E+00 2.600E-01
  1.350570E+00 2.316E-01
  1.422600E+00 2.063E-01
  1.498300E+00 1.838E-01
  1.577840E+00 1.637E-01
  1.661410E+00 1.457E-01
  1.749180E+00 1.298E-01
  1.841350E+00 1.155E-01
  1.938110E+00 1.029E-01
  2.039670E+00 9.156E-02
  2.146250E+00 8.149E-02
  2.258050E+00 7.251E-02
  2.375320E+00 6.452E-02
  2.498290E+00 5.740E-02
  2.627200E+00 5.107E-02
  2.762310E+00 4.542E-02
  2.903880E+00 4.040E-02
  3.052180E+00 3.592E-02
  3.207500E+00 3.194E-02
  3.370120E+00 2.840E-02
  3.540350E+00 2.524E-02
  3.718500E+00 2.244E-02
  3.904880E+00 1.994E-02
  4.099840E+00 1.772E-02
  4.303700E+00 1.574E-02
  4.516830E+00 1.398E-02
  4.739590E+00 1.242E-02
  4.972350E+00 1.103E-02
  5.215510E+00 9.797E-03
  5.469450E+00 8.699E-03
  5.734600E+00 7.723E-03
  6.011370E+00 6.856E-03
  6.300210E+00 6.085E-03
  6.601560E+00 5.401E-03
  6.915890E+00 4.792E-03
  7.243670E+00 4.252E-03
  7.585390E+00 3.772E-03
      51   7   2   320    8  -3.60120E-01      61
  2.700892E-01 8.539E+00
  2.857390E-01 7.166E+00
  3.597590E-01 4.334E+00
  3.790150E-01 3.862E+00
  3.992740E-01 3.442E+00
  4.205810E-01 3.066E+00
  4.429860E-01 2.731E+00
  4.665390E-01 2.433E+00
  4.912910E-01 2.167E+00
  5.172960E-01 1.929E+00
  5.446100E-01 1.717E+00
  5.732910E-01 1.529E+00
  6.033960E-01 1.361E+00
  6.349880E-01 1.211E+00
  6.681300E-01 1.077E+00
  7.028870E-01 9.584E-01
  7.393250E-01 8.525E-01
  7.775140E-01 7.581E-01
  8.175240E-01 6.741E-01
  8.594300E-01 5.993E-01
  9.033050E-01 5.327E-01
  9.492290E-01 4.734E-01
  9.972790E-01 4.207E-01
  1.047540E+00 3.737E-01
  1.100090E+00 3.320E-01
  1.155020E+00 2.949E-01
  1.212420E+00 2.618E-01
  1.272370E+00 2.325E-01
  1.334970E+00 2.064E-01
  1.400320E+00 1.832E-01
  1.468520E+00 1.625E-01
  1.539650E+00 1.442E-01
  1.613830E+00 1.279E-01
  1.691150E+00 1.135E-01
  1.771740E+00 1.006E-01
  1.855690E+00 8.924E-02
  1.943110E+00 7.911E-02
  2.034130E+00 7.013E-02
  2.128860E+00 6.215E-02
  2.227410E+00 5.507E-02
  2.329910E+00 4.880E-02
  2.436490E+00 4.323E-02
  2.547270E+00 3.829E-02
  2.662370E+00 3.391E-02
  2.781940E+00 3.002E-02
  2.906120E+00 2.658E-02
  3.035020E+00 2.353E-02
  3.168800E+00 2.083E-02
  3.307600E+00 1.843E-02
  3.451570E+00 1.631E-02
  3.600850E+00 1.443E-02
  3.755600E+00 1.276E-02
  3.915970E+00 1.129E-02
  4.082120E+00 9.982E-03
  4.254210E+00 8.826E-03
  4.432400E+00 7.803E-03
  4.616850E+00 6.898E-03
  4.807750E+00 6.097E-03
  5.005250E+00 5.388E-03
  5.209540E+00 4.761E-03
  5.420800E+00 4.207E-03
      52   7   2   120    8  -3.59998E-01      61
  2.699985E-01 8.356E+00
  2.856180E-01 7.015E+00
  3.596380E-01 4.244E+00
  3.788340E-01 3.782E+00
  3.990320E-01 3.371E+00
  4.202790E-01 3.003E+00
  4.426250E-01 2.675E+00
  4.661180E-01 2.383E+00
  4.908120E-01 2.122E+00
  5.167610E-01 1.890E+00
  5.440190E-01 1.683E+00
  5.726450E-01 1.498E+00
  6.026970E-01 1.333E+00
  6.342380E-01 1.187E+00
  6.673310E-01 1.056E+00
  7.020400E-01 9.393E-01
  7.384320E-01 8.355E-01
  7.765780E-01 7.430E-01
  8.165470E-01 6.607E-01
  8.584130E-01 5.874E-01
  9.022510E-01 5.221E-01
  9.481390E-01 4.640E-01
  9.961540E-01 4.123E-01
  1.046380E+00 3.663E-01
  1.098900E+00 3.254E-01
  1.153800E+00 2.890E-01
  1.211160E+00 2.566E-01
  1.271080E+00 2.279E-01
  1.333650E+00 2.023E-01
  1.398960E+00 1.795E-01
  1.467110E+00 1.593E-01
  1.538190E+00 1.413E-01
  1.612320E+00 1.254E-01
  1.689590E+00 1.112E-01
  1.770100E+00 9.861E-02
  1.853970E+00 8.743E-02
  1.941310E+00 7.751E-02
  2.032220E+00 6.870E-02
  2.126820E+00 6.088E-02
  2.225230E+00 5.394E-02
  2.327570E+00 4.779E-02
  2.433970E+00 4.233E-02
  2.544530E+00 3.749E-02
  2.659400E+00 3.320E-02
  2.778700E+00 2.939E-02
  2.902570E+00 2.602E-02
  3.031130E+00 2.303E-02
  3.164520E+00 2.038E-02
  3.302890E+00 1.803E-02
  3.446370E+00 1.595E-02
  3.595110E+00 1.411E-02
  3.749260E+00 1.248E-02
  3.908960E+00 1.104E-02
  4.074380E+00 9.759E-03
  4.245650E+00 8.628E-03
  4.422950E+00 7.627E-03
  4.606430E+00 6.741E-03
  4.796250E+00 5.957E-03
  4.992590E+00 5.264E-03
  5.195600E+00 4.650E-03
  5.405470E+00 4.108E-03
      53   7   2   111    9  -3.59469E-01      63
  2.696017E-01 8.173E+00
  2.850890E-01 6.880E+00
  3.591090E-01 4.191E+00
  3.782240E-01 3.740E+00
  3.983810E-01 3.337E+00
  4.196350E-01 2.978E+00
  4.420450E-01 2.657E+00
  4.656710E-01 2.371E+00
  4.905770E-01 2.115E+00
  5.168280E-01 1.887E+00
  5.444950E-01 1.683E+00
  5.736500E-01 1.501E+00
  6.043690E-01 1.339E+00
  6.367320E-01 1.194E+00
  6.708210E-01 1.065E+00
  7.067240E-01 9.496E-01
  7.445290E-01 8.467E-01
  7.843320E-01 7.548E-01
  8.262310E-01 6.728E-01
  8.703270E-01 5.997E-01
  9.167280E-01 5.345E-01
  9.655440E-01 4.763E-01
  1.016890E+00 4.244E-01
  1.070890E+00 3.782E-01
  1.127660E+00 3.369E-01
  1.187340E+00 3.001E-01
  1.250050E+00 2.673E-01
  1.315950E+00 2.380E-01
  1.385170E+00 2.119E-01
  1.457860E+00 1.887E-01
  1.534180E+00 1.680E-01
  1.614300E+00 1.495E-01
  1.698370E+00 1.331E-01
  1.786570E+00 1.184E-01
  1.879090E+00 1.054E-01
  1.976100E+00 9.374E-02
  2.077800E+00 8.338E-02
  2.184380E+00 7.416E-02
  2.296050E+00 6.595E-02
  2.413030E+00 5.864E-02
  2.535520E+00 5.214E-02
  2.663760E+00 4.635E-02
  2.797980E+00 4.119E-02
  2.938410E+00 3.661E-02
  3.085310E+00 3.253E-02
  3.238920E+00 2.890E-02
  3.399520E+00 2.567E-02
  3.567360E+00 2.280E-02
  3.742730E+00 2.025E-02
  3.925920E+00 1.798E-02
  4.117210E+00 1.596E-02
  4.316920E+00 1.417E-02
  4.525340E+00 1.258E-02
  4.742810E+00 1.116E-02
  4.969650E+00 9.905E-03
  5.206190E+00 8.788E-03
  5.452790E+00 7.796E-03
  5.709800E+00 6.915E-03
  5.977580E+00 6.132E-03
  6.256520E+00 5.438E-03
  6.546990E+00 4.821E-03
  6.849380E+00 4.274E-03
  7.164110E+00 3.788E-03
 ================================================
