 ====================================================================
      i NZ NE iSLP iLV iCONF                 E(RYD)      TE(RYD)   gi
 ====================================================================
      1  7  7  401   1 2s2 2p3         -1.08039E+00  0.00000E+00  4.0
      2  7  7  221   1 2s2 2p3         -8.91269E-01  1.89121E-01 10.0
      3  7  7  211   1 2s2 2p3         -7.95499E-01  2.84891E-01  6.0
      4  7  7  410   1 2p2(3PE) 3s     -3.09527E-01  7.70863E-01 12.0
      5  7  7  210   1 2p2(3PE) 3s     -2.79250E-01  8.01140E-01  6.0
      6  7  7  410   2 2s 2p4          -2.74321E-01  8.06069E-01 12.0
      7  7  7  201   1 2p2(3PE) 3p     -2.14279E-01  8.66111E-01  2.0
      8  7  7  421   1 2p2(3PE) 3p     -2.02552E-01  8.77838E-01 20.0
      9  7  7  411   1 2p2(3PE) 3p     -1.95908E-01  8.84482E-01 12.0
     10  7  7  401   2 2p2(3PE) 3p     -1.85261E-01  8.95129E-01  4.0
     11  7  7  221   2 2p2(3PE) 3p     -1.84223E-01  8.96167E-01 10.0
     12  7  7  211   2 2p2(3PE) 3p     -1.75181E-01  9.05209E-01  6.0
     13  7  7  220   1 2p2(1DE) 3s     -1.32581E-01  9.47809E-01 10.0
     14  7  7  410   3 2p2(3PE) 4s     -1.22775E-01  9.57615E-01 12.0
     15  7  7  210   2 2p2(3PE) 4s     -1.18551E-01  9.61839E-01  6.0
     16  7  7  210   3 2p2(3PE) 3d     -1.14486E-01  9.65904E-01  6.0
     17  7  7  430   1 2p2(3PE) 3d     -1.13751E-01  9.66639E-01 28.0
     18  7  7  410   4 2p2(3PE) 3d     -1.12759E-01  9.67631E-01 12.0
     19  7  7  230   1 2p2(3PE) 3d     -1.12639E-01  9.67751E-01 14.0
     20  7  7  420   1 2p2(3PE) 3d     -1.11218E-01  9.69172E-01 20.0
     21  7  7  220   2 2p2(3PE) 3d     -1.10032E-01  9.70358E-01 10.0
     22  7  7  201   2 2p2(3PE) 4p     -9.81957E-02  9.82194E-01  2.0
     23  7  7  421   2 2p2(3PE) 4p     -9.49093E-02  9.85481E-01 20.0
     24  7  7  411   2 2p2(3PE) 4p     -9.30727E-02  9.87317E-01 12.0
     25  7  7  221   3 2p2(3PE) 4p     -9.08345E-02  9.89555E-01 10.0
     26  7  7  401   3 2p2(3PE) 4p     -8.92726E-02  9.91117E-01  4.0
     27  7  7  211   3 2p2(3PE) 4p     -8.72839E-02  9.93106E-01  6.0
     28  7  7  410   5 2p2(3PE) 5s     -6.71880E-02  1.01320E+00 12.0
     29  7  7  210   4 2p2(3PE) 5s     -6.55345E-02  1.01486E+00  6.0
     30  7  7  210   5 2p2(3PE) 4d     -6.39596E-02  1.01643E+00  6.0
     31  7  7  430   2 2p2(3PE) 4d     -6.38227E-02  1.01657E+00 28.0
     32  7  7  230   2 2p2(3PE) 4d     -6.31945E-02  1.01720E+00 14.0
     33  7  7  410   6 2p2(3PE) 4d     -6.31612E-02  1.01723E+00 12.0
     34  7  7  420   2 2p2(3PE) 4d     -6.28097E-02  1.01758E+00 20.0
     35  7  7  421   3 2p2(3PE) 4f     -6.27664E-02  1.01762E+00 20.0
     36  7  7  221   4 2p2(3PE) 4f     -6.27662E-02  1.01762E+00 10.0
     37  7  7  441   1 2p2(3PE) 4f     -6.26465E-02  1.01774E+00 36.0
     38  7  7  241   1 2p2(3PE) 4f     -6.26433E-02  1.01775E+00 18.0
     39  7  7  431   1 2p2(3PE) 4f     -6.22916E-02  1.01810E+00 28.0
     40  7  7  231   1 2p2(3PE) 4f     -6.22882E-02  1.01810E+00 14.0
     41  7  7  220   3 2p2(3PE) 4d     -6.21516E-02  1.01824E+00 10.0
     42  7  7  221   5 2p2(1DE) 3p     -5.90120E-02  1.02138E+00 10.0
     43  7  7  201   3 2p2(3PE) 5p     -5.66082E-02  1.02378E+00  2.0
     44  7  7  421   4 2p2(3PE) 5p     -5.52597E-02  1.02513E+00 20.0
     45  7  7  231   2 2p2(1DE) 3p     -5.51505E-02  1.02524E+00 14.0
     46  7  7  411   3 2p2(3PE) 5p     -5.44979E-02  1.02589E+00 12.0
     47  7  7  211   4 2p2(3PE) 5p     -5.39468E-02  1.02644E+00  6.0
     48  7  7  401   4 2p2(3PE) 5p     -5.27597E-02  1.02763E+00  4.0
     49  7  7  221   6 2p2(3PE) 5p     -4.80813E-02  1.03231E+00 10.0
     50  7  7  211   5 2p2(1DE) 3p     -4.29172E-02  1.03747E+00  6.0
     51  7  7  410   7 2p2(3PE) 6s     -4.23384E-02  1.03805E+00 12.0
     52  7  7  210   6 2p2(3PE) 6s     -4.15219E-02  1.03887E+00  6.0
     53  7  7  210   7 2p2(3PE) 5d     -4.07908E-02  1.03960E+00  6.0
     54  7  7  430   3 2p2(3PE) 5d     -4.07327E-02  1.03966E+00 28.0
     55  7  7  230   3 2p2(3PE) 5d     -4.03765E-02  1.04001E+00 14.0
     56  7  7  410   8 2p2(3PE) 5d     -4.03625E-02  1.04003E+00 12.0
     57  7  7  420   3 2p2(3PE) 5d     -4.01992E-02  1.04019E+00 20.0
     58  7  7  421   5 2p2(3PE) 5f     -4.01427E-02  1.04025E+00 20.0
     59  7  7  221   7 2p2(3PE) 5f     -4.01426E-02  1.04025E+00 10.0
     60  7  7  441   2 2p2(3PE) 5f     -4.00815E-02  1.04031E+00 36.0
     61  7  7  241   2 2p2(3PE) 5f     -4.00788E-02  1.04031E+00 18.0
     62  7  7  230   4 2p2(3PE) 5g     -4.00323E-02  1.04036E+00 14.0
     63  7  7  430   4 2p2(3PE) 5g     -4.00323E-02  1.04036E+00 28.0
     64  7  7  440   1 2p2(3PE) 5g     -3.99639E-02  1.04043E+00 36.0
     65  7  7  240   1 2p2(3PE) 5g     -3.99639E-02  1.04043E+00 18.0
     66  7  7  431   2 2p2(3PE) 5f     -3.98971E-02  1.04049E+00 28.0
     67  7  7  231   3 2p2(3PE) 5f     -3.98939E-02  1.04050E+00 14.0
     68  7  7  220   4 2p2(3PE) 5d     -3.98267E-02  1.04056E+00 10.0
     69  7  7  201   4 2p2(3PE) 6p     -3.68640E-02  1.04353E+00  2.0
     70  7  7  421   6 2p2(3PE) 6p     -3.61754E-02  1.04421E+00 20.0
     71  7  7  411   4 2p2(3PE) 6p     -3.57879E-02  1.04460E+00 12.0
     72  7  7  401   5 2p2(3PE) 6p     -3.48474E-02  1.04554E+00  4.0
     73  7  7  221   8 2p2(3PE) 6p     -3.38992E-02  1.04649E+00 10.0
     74  7  7  211   6 2p2(3PE) 6p     -3.29024E-02  1.04749E+00  6.0
     75  7  7  410   9 2p2(3PE) 7s     -2.91109E-02  1.05128E+00 12.0
     76  7  7  210   8 2p2(3PE) 7s     -2.86482E-02  1.05174E+00  6.0
     77  7  7  210   9 2p2(3PE) 6d     -2.82487E-02  1.05214E+00  6.0
     78  7  7  430   5 2p2(3PE) 6d     -2.82184E-02  1.05217E+00 28.0
     79  7  7  230   5 2p2(3PE) 6d     -2.80023E-02  1.05239E+00 14.0
     80  7  7  410  10 2p2(3PE) 6d     -2.79949E-02  1.05240E+00 12.0
     81  7  7  420   4 2p2(3PE) 6d     -2.79065E-02  1.05248E+00 20.0
     82  7  7  221   9 2p2(3PE) 6f     -2.78594E-02  1.05253E+00 10.0
     83  7  7  421   7 2p2(3PE) 6f     -2.78594E-02  1.05253E+00 20.0
     84  7  7  441   3 2p2(3PE) 6f     -2.78259E-02  1.05256E+00 36.0
     85  7  7  241   3 2p2(3PE) 6f     -2.78240E-02  1.05257E+00 18.0
     86  7  7  430   6 2p2(3PE) 6g     -2.78015E-02  1.05259E+00 28.0
     87  7  7  230   6 2p2(3PE) 6g     -2.78015E-02  1.05259E+00 14.0
     88  7  7  441   4 2p2(3PE) 6h     -2.77828E-02  1.05261E+00 36.0
     89  7  7  241   4 2p2(3PE) 6h     -2.77827E-02  1.05261E+00 18.0
     90  7  7  440   2 2p2(3PE) 6g     -2.77526E-02  1.05264E+00 36.0
     91  7  7  240   2 2p2(3PE) 6g     -2.77526E-02  1.05264E+00 18.0
     92  7  7  431   3 2p2(3PE) 6f     -2.77225E-02  1.05267E+00 28.0
     93  7  7  231   4 2p2(3PE) 6f     -2.77202E-02  1.05267E+00 14.0
     94  7  7  220   5 2p2(3PE) 6d     -2.76808E-02  1.05271E+00 10.0
     95  7  7  201   5 2p2(3PE) 7p     -2.59225E-02  1.05447E+00  2.0
     96  7  7  421   8 2p2(3PE) 7p     -2.55210E-02  1.05487E+00 20.0
     97  7  7  411   5 2p2(3PE) 7p     -2.52958E-02  1.05509E+00 12.0
     98  7  7  401   6 2p2(3PE) 7p     -2.47336E-02  1.05566E+00  4.0
     99  7  7  221  10 2p2(3PE) 7p     -2.43393E-02  1.05605E+00 10.0
    100  7  7  211   7 2p2(3PE) 7p     -2.38944E-02  1.05650E+00  6.0
    101  7  7  410  11 2p2(3PE) 8s     -2.12397E-02  1.05915E+00 12.0
    102  7  7  210  10 2p2(3PE) 8s     -2.09524E-02  1.05944E+00  6.0
    103  7  7  210  11 2p2(3PE) 7d     -2.07094E-02  1.05968E+00  6.0
    104  7  7  430   7 2p2(3PE) 7d     -2.06916E-02  1.05970E+00 28.0
    105  7  7  230   7 2p2(3PE) 7d     -2.05521E-02  1.05984E+00 14.0
    106  7  7  410  12 2p2(3PE) 7d     -2.05474E-02  1.05984E+00 12.0
    107  7  7  420   5 2p2(3PE) 7d     -2.04947E-02  1.05990E+00 20.0
    108  7  7  421   9 2p2(3PE) 7f     -2.04593E-02  1.05993E+00 20.0
    109  7  7  221  11 2p2(3PE) 7f     -2.04592E-02  1.05993E+00 10.0
    110  7  7  441   5 2p2(3PE) 7f     -2.04390E-02  1.05995E+00 36.0
    111  7  7  241   5 2p2(3PE) 7f     -2.04376E-02  1.05995E+00 18.0
    112  7  7  430   8 2p2(3PE) 7g     -2.04247E-02  1.05997E+00 28.0
    113  7  7  230   8 2p2(3PE) 7g     -2.04247E-02  1.05997E+00 14.0
    114  7  7  441   6 2p2(3PE) 7h     -2.04114E-02  1.05998E+00 36.0
    115  7  7  241   6 2p2(3PE) 7h     -2.04113E-02  1.05998E+00 18.0
    116  7  7  440   3 2p2(3PE) 7g     -2.03909E-02  1.06000E+00 36.0
    117  7  7  240   3 2p2(3PE) 7g     -2.03909E-02  1.06000E+00 18.0
    118  7  7  431   4 2p2(3PE) 7f     -2.03749E-02  1.06002E+00 28.0
    119  7  7  231   5 2p2(3PE) 7f     -2.03733E-02  1.06002E+00 14.0
    120  7  7  220   6 2p2(3PE) 7d     -2.03494E-02  1.06004E+00 10.0
    121  7  7  201   6 2p2(3PE) 8p     -1.92231E-02  1.06117E+00  2.0
    122  7  7  421  10 2p2(3PE) 8p     -1.89680E-02  1.06142E+00 20.0
    123  7  7  411   6 2p2(3PE) 8p     -1.88252E-02  1.06156E+00 12.0
    124  7  7  401   7 2p2(3PE) 8p     -1.84636E-02  1.06193E+00  4.0
    125  7  7  221  12 2p2(3PE) 8p     -1.82526E-02  1.06214E+00 10.0
    126  7  7  211   8 2p2(3PE) 8p     -1.79867E-02  1.06240E+00  6.0
    127  7  7  410  13 2p2(3PE) 9s     -1.61784E-02  1.06421E+00 12.0
    128  7  7  210  12 2p2(3PE) 9s     -1.59879E-02  1.06440E+00  6.0
    129  7  7  210  13 2p2(3PE) 8d     -1.58287E-02  1.06456E+00  6.0
    130  7  7  430   9 2p2(3PE) 8d     -1.58174E-02  1.06457E+00 28.0
    131  7  7  230   9 2p2(3PE) 8d     -1.57226E-02  1.06467E+00 14.0
    132  7  7  410  14 2p2(3PE) 8d     -1.57192E-02  1.06467E+00 12.0
    133  7  7  420   6 2p2(3PE) 8d     -1.56854E-02  1.06470E+00 20.0
    134  7  7  421  11 2p2(3PE) 8f     -1.56592E-02  1.06473E+00 20.0
    135  7  7  221  13 2p2(3PE) 8f     -1.56591E-02  1.06473E+00 10.0
    136  7  7  441   7 2p2(3PE) 8f     -1.56459E-02  1.06474E+00 36.0
    137  7  7  241   7 2p2(3PE) 8f     -1.56449E-02  1.06475E+00 18.0
    138  7  7  430  10 2p2(3PE) 8g     -1.56367E-02  1.06475E+00 28.0
    139  7  7  230  10 2p2(3PE) 8g     -1.56367E-02  1.06475E+00 14.0
    140  7  7  241   8 2p2(3PE) 8h     -1.56272E-02  1.06476E+00 18.0
    141  7  7  441   8 2p2(3PE) 8h     -1.56272E-02  1.06476E+00 36.0
    142  7  7  440   4 2p2(3PE) 8g     -1.56130E-02  1.06478E+00 36.0
    143  7  7  240   4 2p2(3PE) 8g     -1.56130E-02  1.06478E+00 18.0
    144  7  7  431   5 2p2(3PE) 8f     -1.56033E-02  1.06479E+00 28.0
    145  7  7  231   6 2p2(3PE) 8f     -1.56022E-02  1.06479E+00 14.0
    146  7  7  220   7 2p2(3PE) 8d     -1.55870E-02  1.06480E+00 10.0
    147  7  7  201   7 2p2(3PE) 9p     -1.48232E-02  1.06557E+00  2.0
    148  7  7  421  12 2p2(3PE) 9p     -1.46509E-02  1.06574E+00 20.0
    149  7  7  411   7 2p2(3PE) 9p     -1.45546E-02  1.06584E+00 12.0
    150  7  7  401   8 2p2(3PE) 9p     -1.43086E-02  1.06608E+00  4.0
    151  7  7  221  14 2p2(3PE) 9p     -1.41802E-02  1.06621E+00 10.0
    152  7  7  211   9 2p2(3PE) 9p     -1.40042E-02  1.06639E+00  6.0
    153  7  7  410  15 2p2(3PE)10s     -1.27325E-02  1.06766E+00 12.0
    154  7  7  210  14 2p2(3PE)10s     -1.25997E-02  1.06779E+00  6.0
    155  7  7  210  15 2p2(3PE) 9d     -1.24896E-02  1.06790E+00  6.0
    156  7  7  430  11 2p2(3PE) 9d     -1.24820E-02  1.06791E+00 28.0
    157  7  7  230  11 2p2(3PE) 9d     -1.24148E-02  1.06798E+00 14.0
    158  7  7  410  16 2p2(3PE) 9d     -1.24123E-02  1.06798E+00 12.0
    159  7  7  420   7 2p2(3PE) 9d     -1.23893E-02  1.06800E+00 20.0
    160  7  7  421  13 2p2(3PE) 9f     -1.23697E-02  1.06802E+00 20.0
    161  7  7  221  15 2p2(3PE) 9f     -1.23696E-02  1.06802E+00 10.0
    162  7  7  441   9 2p2(3PE) 9f     -1.23605E-02  1.06803E+00 36.0
    163  7  7  241   9 2p2(3PE) 9f     -1.23598E-02  1.06803E+00 18.0
    164  7  7  430  12 2p2(3PE) 9g     -1.23542E-02  1.06804E+00 28.0
    165  7  7  230  12 2p2(3PE) 9g     -1.23542E-02  1.06804E+00 14.0
    166  7  7  241  10 2p2(3PE) 9h     -1.23473E-02  1.06804E+00 18.0
    167  7  7  441  10 2p2(3PE) 9h     -1.23473E-02  1.06804E+00 36.0
    168  7  7  440   5 2p2(3PE) 9g     -1.23370E-02  1.06805E+00 36.0
    169  7  7  240   5 2p2(3PE) 9g     -1.23370E-02  1.06805E+00 18.0
    170  7  7  431   6 2p2(3PE) 9f     -1.23307E-02  1.06806E+00 28.0
    171  7  7  231   7 2p2(3PE) 9f     -1.23299E-02  1.06806E+00 14.0
    172  7  7  220   8 2p2(3PE) 9d     -1.23199E-02  1.06807E+00 10.0
    173  7  7  201   8 2p2(3PE)10p     -1.17784E-02  1.06861E+00  2.0
    174  7  7  421  14 2p2(3PE)10p     -1.16565E-02  1.06873E+00 20.0
    175  7  7  411   8 2p2(3PE)10p     -1.15885E-02  1.06880E+00 12.0
    176  7  7  401   9 2p2(3PE)10p     -1.14137E-02  1.06898E+00  4.0
    177  7  7  221  16 2p2(3PE)10p     -1.13290E-02  1.06906E+00 10.0
    178  7  7  211  10 2p2(3PE)10p     -1.12055E-02  1.06918E+00  6.0
    179  7  7  410  17 2p2(3PE)11s     -1.02810E-02  1.07011E+00 12.0
    180  7  7  210  16 2p2(3PE)11s     -1.01847E-02  1.07021E+00  6.0
    181  7  7  210  17 2p2(3PE)10d     -1.01053E-02  1.07028E+00  6.0
    182  7  7  430  13 2p2(3PE)10d     -1.01000E-02  1.07029E+00 28.0
    183  7  7  230  13 2p2(3PE)10d     -1.00507E-02  1.07034E+00 14.0
    184  7  7  410  18 2p2(3PE)10d     -1.00488E-02  1.07034E+00 12.0
    185  7  7  420   8 2p2(3PE)10d     -1.00325E-02  1.07036E+00 20.0
    186  7  7  421  15 2p2(3PE)10f     -1.00175E-02  1.07037E+00 20.0
    187  7  7  221  17 2p2(3PE)10f     -1.00175E-02  1.07037E+00 10.0
    188  7  7  441  11 2p2(3PE)10f     -1.00108E-02  1.07038E+00 36.0
    189  7  7  241  11 2p2(3PE)10f     -1.00103E-02  1.07038E+00 18.0
    190  7  7  430  14 2p2(3PE)10g     -1.00063E-02  1.07038E+00 28.0
    191  7  7  230  14 2p2(3PE)10g     -1.00063E-02  1.07038E+00 14.0
    192  7  7  200   1 2p2(1DE) 3d      2.74730E-02  1.10786E+00  2.0
    193  7  7  200   2 2p2(1SE) 3s      5.56554E-02  1.13605E+00  2.0
    194  7  7  200   3 2p2(1DE) 4d      7.78979E-02  1.15829E+00  2.0
    195  7  7  200   4 2p2(1DE) 5d      9.92543E-02  1.17964E+00  2.0
    196  7  7  200   5 2p2(1DE) 6d      1.11208E-01  1.19160E+00  2.0
    197  7  7  601   1 2p3(5SO) 3s      1.17351E-01  1.19774E+00  6.0
    198  7  7  200   6 2p2(1DE) 7d      1.18475E-01  1.19886E+00  2.0
    199  7  7  200   7 2p2(1DE) 8d      1.23210E-01  1.20360E+00  2.0
    200  7  7  200   8 2p2(1DE) 9d      1.26464E-01  1.20685E+00  2.0
    201  7  7  610   1 2p3(5SO) 3p      2.24091E-01  1.30448E+00 18.0
    202  7  7  601   2 2p3(5SO) 4s      3.02218E-01  1.38261E+00  6.0
    203  7  7  621   1 2p3(5SO) 3d      3.12804E-01  1.39319E+00 30.0
    204  7  7  610   2 2p3(5SO) 4p      3.30868E-01  1.41126E+00 18.0
    205  7  7  601   3 2p3(5SO) 5s      3.58249E-01  1.43864E+00  6.0
    206  7  7  621   2 2p3(5SO) 4d      3.62093E-01  1.44248E+00 30.0
    207  7  7  630   1 2p3(5SO) 4f      3.63015E-01  1.44340E+00 42.0
    208  7  7  610   3 2p3(5SO) 5p      3.70364E-01  1.45075E+00 18.0
    209  7  7  601   4 2p3(5SO) 6s      3.83156E-01  1.46355E+00  6.0
    210  7  7  621   3 2p3(5SO) 5d      3.84988E-01  1.46538E+00 30.0
    211  7  7  630   2 2p3(5SO) 5f      3.85517E-01  1.46591E+00 42.0
    212  7  7  641   1 2p3(5SO) 5g      3.85522E-01  1.46591E+00 54.0
    213  7  7  610   4 2p3(5SO) 6p      3.89398E-01  1.46979E+00 18.0
    214  7  7  601   5 2p3(5SO) 7s      3.96399E-01  1.47679E+00  6.0
    215  7  7  621   4 2p3(5SO) 6d      3.97418E-01  1.47781E+00 30.0
    216  7  7  630   3 2p3(5SO) 6f      3.97741E-01  1.47813E+00 42.0
    217  7  7  641   2 2p3(5SO) 6g      3.97744E-01  1.47813E+00 54.0
    218  7  7  610   5 2p3(5SO) 7p      4.00031E-01  1.48042E+00 18.0
    219  7  7  601   6 2p3(5SO) 8s      4.04276E-01  1.48467E+00  6.0
    220  7  7  621   5 2p3(5SO) 7d      4.04902E-01  1.48529E+00 30.0
    221  7  7  630   4 2p3(5SO) 7f      4.05112E-01  1.48550E+00 42.0
    222  7  7  641   3 2p3(5SO) 7g      4.05114E-01  1.48550E+00 54.0
    223  7  7  610   6 2p3(5SO) 8p      4.06573E-01  1.48696E+00 18.0
    224  7  7  601   7 2p3(5SO) 9s      4.09340E-01  1.48973E+00  6.0
    225  7  7  621   6 2p3(5SO) 8d      4.09752E-01  1.49014E+00 30.0
    226  7  7  630   5 2p3(5SO) 8f      4.09895E-01  1.49028E+00 42.0
    227  7  7  641   4 2p3(5SO) 8g      4.09897E-01  1.49029E+00 54.0
    228  7  7  610   7 2p3(5SO) 9p      4.10884E-01  1.49127E+00 18.0
    229  7  7  601   8 2p3(5SO)10s      4.12787E-01  1.49318E+00  6.0
    230  7  7  621   7 2p3(5SO) 9d      4.13073E-01  1.49346E+00 30.0
    231  7  7  630   6 2p3(5SO) 9f      4.13175E-01  1.49356E+00 42.0
    232  7  7  641   5 2p3(5SO) 9g      4.13176E-01  1.49357E+00 54.0
    233  7  7  610   8 2p3(5SO)10p      4.13874E-01  1.49426E+00 18.0
    234  7  7  601   9 2p3(5SO)11s      4.15240E-01  1.49563E+00  6.0
    235  7  7  621   8 2p3(5SO)10d      4.15446E-01  1.49584E+00 30.0
    236  7  7  630   7 2p3(5SO)10f      4.15521E-01  1.49591E+00 42.0
    237  7  7  641   6 2p3(5SO)10g      4.15522E-01  1.49591E+00 54.0
    238  7  7  400   1 2p3(3PO) 3p      7.99007E-01  1.87940E+00  4.0
    239  7  7  400   2 2p3(3PO) 4p      9.01684E-01  1.98207E+00  4.0
    240  7  7  400   3 2p3(3PO) 5p      9.40133E-01  2.02052E+00  4.0
    241  7  7  400   4 2p3(3PO) 6p      9.58780E-01  2.03917E+00  4.0
    242  7  7  400   5 2p3(3PO) 7p      9.69238E-01  2.04963E+00  4.0
    243  7  7  400   6 2p3(3PO) 8p      9.75689E-01  2.05608E+00  4.0
    244  7  7  400   7 2p3(3PO) 9p      9.79948E-01  2.06034E+00  4.0
    245  7  7  400   8 2p3(3PO)10p      9.82906E-01  2.06330E+00  4.0
 ====================================================================
