 ====================================================================
      i NZ NE iSLP iLV iCONF                 E(RYD)      TE(RYD)   gi
 ====================================================================
      1  7  6  310   1 2s2 2p2         -2.17775E+00  0.00000E+00  9.0
      2  7  6  120   1 2s2 2p2         -2.03337E+00  1.44380E-01  5.0
      3  7  6  100   1 2s2 2p2         -1.86165E+00  3.16100E-01  1.0
      4  7  6  501   1 2s 2p3          -1.76772E+00  4.10030E-01  5.0
      5  7  6  321   1 2s 2p3          -1.33697E+00  8.40780E-01 15.0
      6  7  6  311   1 2s 2p3          -1.17259E+00  1.00516E+00  9.0
      7  7  6  121   1 2s 2p3          -8.46089E-01  1.33166E+00  5.0
      8  7  6  311   2 2s2 2p 3s       -8.13816E-01  1.36393E+00  9.0
      9  7  6  111   1 2s2 2p 3s       -8.09748E-01  1.36800E+00  3.0
     10  7  6  301   1 2s 2p3          -7.40646E-01  1.43710E+00  3.0
     11  7  6  110   1 2s2 2p 3p       -6.73009E-01  1.50474E+00  3.0
     12  7  6  320   1 2s2 2p 3p       -6.54210E-01  1.52354E+00 15.0
     13  7  6  300   1 2s2 2p 3p       -6.32672E-01  1.54508E+00  3.0
     14  7  6  111   2 2s 2p3          -6.27380E-01  1.55037E+00  3.0
     15  7  6  310   2 2s2 2p 3p       -6.18166E-01  1.55958E+00  9.0
     16  7  6  120   2 2s2 2p 3p       -5.83814E-01  1.59394E+00  5.0
     17  7  6  100   2 2s2 2p 3p       -5.45655E-01  1.63210E+00  1.0
     18  7  6  331   1 2s2 2p 3d       -4.72515E-01  1.70524E+00 21.0
     19  7  6  121   2 2s2 2p 3d       -4.66844E-01  1.71091E+00  5.0
     20  7  6  321   2 2s2 2p 3d       -4.64413E-01  1.71334E+00 15.0
     21  7  6  311   3 2s2 2p 3d       -4.51391E-01  1.72636E+00  9.0
     22  7  6  131   1 2s2 2p 3d       -4.47028E-01  1.73072E+00  7.0
     23  7  6  111   3 2s2 2p 3d       -4.38997E-01  1.73875E+00  3.0
     24  7  6  311   4 2s2 2p 4s       -3.83282E-01  1.79447E+00  9.0
     25  7  6  111   4 2s2 2p 4s       -3.71034E-01  1.80672E+00  3.0
     26  7  6  110   2 2s2 2p 4p       -3.32679E-01  1.84507E+00  3.0
     27  7  6  320   2 2s2 2p 4p       -3.27678E-01  1.85007E+00 15.0
     28  7  6  310   3 2s2 2p 4p       -3.24615E-01  1.85314E+00  9.0
     29  7  6  300   2 2s2 2p 4p       -3.21918E-01  1.85583E+00  3.0
     30  7  6  510   1 2s2p2(4PE) 3s   -3.14023E-01  1.86373E+00 15.0
     31  7  6  120   3 2s2 2p 4p       -3.03523E-01  1.87423E+00  5.0
     32  7  6  100   3 2s2 2p 4p       -2.89207E-01  1.88854E+00  1.0
     33  7  6  331   2 2s2 2p 4d       -2.64200E-01  1.91355E+00 21.0
     34  7  6  121   3 2s2 2p 4d       -2.61859E-01  1.91589E+00  5.0
     35  7  6  321   3 2s2 2p 4d       -2.58810E-01  1.91894E+00 15.0
     36  7  6  311   5 2s2 2p 4d       -2.55383E-01  1.92237E+00  9.0
     37  7  6  310   4 2s2p2(4PE) 3s   -2.52024E-01  1.92573E+00  9.0
     38  7  6  130   1 2s2 2p 4f       -2.51901E-01  1.92585E+00  7.0
     39  7  6  330   1 2s2 2p 4f       -2.51833E-01  1.92592E+00 21.0
     40  7  6  131   2 2s2 2p 4d       -2.51507E-01  1.92624E+00  7.0
     41  7  6  340   1 2s2 2p 4f       -2.50393E-01  1.92736E+00 27.0
     42  7  6  140   1 2s2 2p 4f       -2.50152E-01  1.92760E+00  9.0
     43  7  6  320   3 2s2 2p 4f       -2.49833E-01  1.92792E+00 15.0
     44  7  6  120   4 2s2 2p 4f       -2.49693E-01  1.92806E+00  5.0
     45  7  6  111   5 2s2 2p 4d       -2.49029E-01  1.92872E+00  3.0
     46  7  6  311   6 2s2 2p 5s       -2.23128E-01  1.95462E+00  9.0
     47  7  6  111   6 2s2 2p 5s       -2.18148E-01  1.95960E+00  3.0
     48  7  6  110   3 2s2 2p 5p       -1.99697E-01  1.97805E+00  3.0
     49  7  6  320   4 2s2 2p 5p       -1.97496E-01  1.98025E+00 15.0
     50  7  6  300   3 2s2 2p 5p       -1.94830E-01  1.98292E+00  3.0
     51  7  6  310   5 2s2 2p 5p       -1.88040E-01  1.98971E+00  9.0
     52  7  6  120   5 2s2 2p 5p       -1.86319E-01  1.99143E+00  5.0
     53  7  6  100   4 2s2 2p 5p       -1.79260E-01  1.99849E+00  1.0
     54  7  6  331   3 2s2 2p 5d       -1.67627E-01  2.01012E+00 21.0
     55  7  6  121   4 2s2 2p 5d       -1.66526E-01  2.01122E+00  5.0
     56  7  6  310   6 2p4             -1.66523E-01  2.01123E+00  9.0
     57  7  6  321   4 2s2 2p 5d       -1.64899E-01  2.01285E+00 15.0
     58  7  6  311   7 2s2 2p 5d       -1.63311E-01  2.01444E+00  9.0
     59  7  6  130   2 2s2 2p 5f       -1.61270E-01  2.01648E+00  7.0
     60  7  6  330   2 2s2 2p 5f       -1.61217E-01  2.01653E+00 21.0
     61  7  6  131   3 2s2 2p 5d       -1.60889E-01  2.01686E+00  7.0
     62  7  6  340   2 2s2 2p 5f       -1.60316E-01  2.01743E+00 27.0
     63  7  6  140   2 2s2 2p 5f       -1.60119E-01  2.01763E+00  9.0
     64  7  6  141   1 2s2 2p 5g       -1.60087E-01  2.01766E+00  9.0
     65  7  6  341   1 2s2 2p 5g       -1.60086E-01  2.01766E+00 27.0
     66  7  6  351   1 2s2 2p 5g       -1.60006E-01  2.01774E+00 33.0
     67  7  6  151   1 2s2 2p 5g       -1.60005E-01  2.01775E+00 11.0
     68  7  6  331   4 2s2 2p 5g       -1.59985E-01  2.01777E+00 21.0
     69  7  6  320   5 2s2 2p 5f       -1.59953E-01  2.01780E+00 15.0
     70  7  6  131   4 2s2 2p 5g       -1.59948E-01  2.01780E+00  7.0
     71  7  6  120   6 2s2 2p 5f       -1.59844E-01  2.01791E+00  5.0
     72  7  6  111   7 2s2 2p 5d       -1.59700E-01  2.01805E+00  3.0
     73  7  6  301   2 2s2p2(4PE) 3p   -1.56175E-01  2.02158E+00  3.0
     74  7  6  521   1 2s2p2(4PE) 3p   -1.50672E-01  2.02708E+00 25.0
     75  7  6  311   8 2s2 2p 6s       -1.46025E-01  2.03173E+00  9.0
     76  7  6  111   8 2s2 2p 6s       -1.43343E-01  2.03441E+00  3.0
     77  7  6  110   4 2s2 2p 6p       -1.33243E-01  2.04451E+00  3.0
     78  7  6  511   1 2s2p2(4PE) 3p   -1.32260E-01  2.04549E+00 15.0
     79  7  6  320   6 2s2 2p 6p       -1.32093E-01  2.04566E+00 15.0
     80  7  6  300   4 2s2 2p 6p       -1.30608E-01  2.04714E+00  3.0
     81  7  6  310   7 2s2 2p 6p       -1.26550E-01  2.05120E+00  9.0
     82  7  6  120   7 2s2 2p 6p       -1.26009E-01  2.05174E+00  5.0
     83  7  6  100   5 2s2 2p 6p       -1.21993E-01  2.05576E+00  1.0
     84  7  6  331   5 2s2 2p 6d       -1.15609E-01  2.06214E+00 21.0
     85  7  6  121   5 2s2 2p 6d       -1.15014E-01  2.06274E+00  5.0
     86  7  6  321   5 2s2 2p 6d       -1.14697E-01  2.06305E+00 15.0
     87  7  6  311   9 2s2 2p 6d       -1.13330E-01  2.06442E+00  9.0
     88  7  6  130   3 2s2 2p 6f       -1.11930E-01  2.06582E+00  7.0
     89  7  6  330   3 2s2 2p 6f       -1.11893E-01  2.06586E+00 21.0
     90  7  6  131   5 2s2 2p 6d       -1.11655E-01  2.06610E+00  7.0
     91  7  6  340   3 2s2 2p 6f       -1.11344E-01  2.06641E+00 27.0
     92  7  6  140   3 2s2 2p 6f       -1.11209E-01  2.06654E+00  9.0
     93  7  6  141   2 2s2 2p 6g       -1.11194E-01  2.06656E+00  9.0
     94  7  6  341   2 2s2 2p 6g       -1.11193E-01  2.06656E+00 27.0
     95  7  6  351   2 2s2 2p 6g       -1.11116E-01  2.06663E+00 33.0
     96  7  6  151   2 2s2 2p 6g       -1.11115E-01  2.06664E+00 11.0
     97  7  6  350   1 2s2 2p 6h       -1.11114E-01  2.06664E+00 33.0
     98  7  6  150   1 2s2 2p 6h       -1.11114E-01  2.06664E+00 11.0
     99  7  6  160   1 2s2 2p 6h       -1.11112E-01  2.06664E+00 13.0
    100  7  6  360   1 2s2 2p 6h       -1.11112E-01  2.06664E+00 39.0
    101  7  6  320   7 2s2 2p 6f       -1.11111E-01  2.06664E+00 15.0
    102  7  6  340   4 2s2 2p 6h       -1.11109E-01  2.06664E+00 27.0
    103  7  6  140   4 2s2 2p 6h       -1.11104E-01  2.06665E+00  9.0
    104  7  6  331   6 2s2 2p 6g       -1.11097E-01  2.06665E+00 21.0
    105  7  6  131   6 2s2 2p 6g       -1.11069E-01  2.06668E+00  7.0
    106  7  6  120   8 2s2 2p 6f       -1.11040E-01  2.06671E+00  5.0
    107  7  6  111   9 2s2 2p 6d       -1.10987E-01  2.06676E+00  3.0
    108  7  6  311  10 2s2 2p 7s       -1.03063E-01  2.07469E+00  9.0
    109  7  6  111  10 2s2 2p 7s       -1.01331E-01  2.07642E+00  3.0
    110  7  6  501   2 2s2p2(4PE) 3p   -9.66745E-02  2.08108E+00  5.0
    111  7  6  110   5 2s2 2p 7p       -9.52304E-02  2.08252E+00  3.0
    112  7  6  321   6 2s2p2(4PE) 3p   -9.47991E-02  2.08295E+00 15.0
    113  7  6  320   8 2s2 2p 7p       -9.45611E-02  2.08319E+00 15.0
    114  7  6  300   5 2s2 2p 7p       -9.36422E-02  2.08411E+00  3.0
    115  7  6  310   8 2s2 2p 7p       -9.15698E-02  2.08618E+00  9.0
    116  7  6  120   9 2s2 2p 7p       -9.09111E-02  2.08684E+00  5.0
    117  7  6  100   6 2s2 2p 7p       -8.83801E-02  2.08937E+00  1.0
    118  7  6  331   7 2s2 2p 7d       -8.44917E-02  2.09326E+00 21.0
    119  7  6  121   6 2s2 2p 7d       -8.41343E-02  2.09362E+00  5.0
    120  7  6  311  11 2s2 2p 7d       -8.35062E-02  2.09424E+00  9.0
    121  7  6  321   7 2s2 2p 7d       -8.22520E-02  2.09550E+00 15.0
    122  7  6  130   4 2s2 2p 7f       -8.21784E-02  2.09557E+00  7.0
    123  7  6  330   4 2s2 2p 7f       -8.21528E-02  2.09560E+00 21.0
    124  7  6  131   7 2s2 2p 7d       -8.19852E-02  2.09576E+00  7.0
    125  7  6  340   5 2s2 2p 7f       -8.18005E-02  2.09595E+00 27.0
    126  7  6  140   5 2s2 2p 7f       -8.17070E-02  2.09604E+00  9.0
    127  7  6  141   3 2s2 2p 7g       -8.16974E-02  2.09605E+00  9.0
    128  7  6  341   3 2s2 2p 7g       -8.16971E-02  2.09605E+00 27.0
    129  7  6  120  10 2s2 2p 7f       -8.16584E-02  2.09609E+00  5.0
    130  7  6  320   9 2s2 2p 7f       -8.16463E-02  2.09610E+00 15.0
    131  7  6  150   2 2s2 2p 7h       -8.16367E-02  2.09611E+00 11.0
    132  7  6  350   2 2s2 2p 7h       -8.16367E-02  2.09611E+00 33.0
    133  7  6  360   2 2s2 2p 7h       -8.16342E-02  2.09612E+00 39.0
    134  7  6  160   2 2s2 2p 7h       -8.16341E-02  2.09612E+00 13.0
    135  7  6  161   1 2s2 2p 7i       -8.16327E-02  2.09612E+00 13.0
    136  7  6  361   1 2s2 2p 7i       -8.16327E-02  2.09612E+00 39.0
    137  7  6  351   3 2s2 2p 7i       -8.16323E-02  2.09612E+00 33.0
    138  7  6  351   4 2s2 2p 7g       -8.16323E-02  2.09612E+00 33.0
    139  7  6  151   3 2s2 2p 7i       -8.16322E-02  2.09612E+00 11.0
    140  7  6  151   4 2s2 2p 7g       -8.16322E-02  2.09612E+00 11.0
    141  7  6  340   6 2s2 2p 7h       -8.16299E-02  2.09612E+00 27.0
    142  7  6  140   6 2s2 2p 7h       -8.16248E-02  2.09613E+00  9.0
    143  7  6  331   8 2s2 2p 7g       -8.16214E-02  2.09613E+00 21.0
    144  7  6  131   8 2s2 2p 7g       -8.16018E-02  2.09615E+00  7.0
    145  7  6  111  11 2s2 2p 7d       -8.15712E-02  2.09618E+00  3.0
    146  7  6  120  11 2p4             -7.94931E-02  2.09826E+00  5.0
    147  7  6  311  12 2s2 2p 8s       -7.69554E-02  2.10079E+00  9.0
    148  7  6  111  12 2s2 2p 8s       -7.54094E-02  2.10234E+00  3.0
    149  7  6  110   6 2s2 2p 8p       -7.14506E-02  2.10630E+00  3.0
    150  7  6  320  10 2s2 2p 8p       -7.10294E-02  2.10672E+00 15.0
    151  7  6  300   6 2s2 2p 8p       -7.04197E-02  2.10733E+00  3.0
    152  7  6  310   9 2s2 2p 8p       -6.91733E-02  2.10858E+00  9.0
    153  7  6  120  12 2s2 2p 8p       -6.85950E-02  2.10916E+00  5.0
    154  7  6  311  13 2s2p2(4PE) 3p   -6.79676E-02  2.10978E+00  9.0
    155  7  6  100   7 2s2 2p 8p       -6.69716E-02  2.11078E+00  1.0
    156  7  6  331   9 2s2 2p 8d       -6.44251E-02  2.11333E+00 21.0
    157  7  6  121   7 2s2 2p 8d       -6.41939E-02  2.11356E+00  5.0
    158  7  6  321   8 2s2 2p 8d       -6.33355E-02  2.11441E+00 15.0
    159  7  6  130   5 2s2 2p 8f       -6.28784E-02  2.11487E+00  7.0
    160  7  6  330   5 2s2 2p 8f       -6.28603E-02  2.11489E+00 21.0
    161  7  6  131   9 2s2 2p 8d       -6.27405E-02  2.11501E+00  7.0
    162  7  6  340   7 2s2 2p 8f       -6.26223E-02  2.11513E+00 27.0
    163  7  6  140   7 2s2 2p 8f       -6.25557E-02  2.11519E+00  9.0
    164  7  6  141   4 2s2 2p 8g       -6.25490E-02  2.11520E+00  9.0
    165  7  6  341   4 2s2 2p 8g       -6.25488E-02  2.11520E+00 27.0
    166  7  6  320  11 2s2 2p 8f       -6.25157E-02  2.11523E+00 15.0
    167  7  6  350   3 2s2 2p 8h       -6.25037E-02  2.11525E+00 33.0
    168  7  6  150   3 2s2 2p 8h       -6.25037E-02  2.11525E+00 11.0
    169  7  6  360   3 2s2 2p 8h       -6.25013E-02  2.11525E+00 39.0
    170  7  6  160   3 2s2 2p 8h       -6.25013E-02  2.11525E+00 13.0
    171  7  6  361   2 2s2 2p 8i       -6.25000E-02  2.11525E+00 39.0
    172  7  6  161   2 2s2 2p 8i       -6.25000E-02  2.11525E+00 13.0
    173  7  6  351   5 2s2 2p 8i       -6.24995E-02  2.11525E+00 33.0
    174  7  6  351   6 2s2 2p 8g       -6.24995E-02  2.11525E+00 33.0
    175  7  6  151   6 2s2 2p 8g       -6.24994E-02  2.11525E+00 11.0
    176  7  6  151   5 2s2 2p 8i       -6.24994E-02  2.11525E+00 11.0
    177  7  6  340   8 2s2 2p 8h       -6.24976E-02  2.11525E+00 27.0
    178  7  6  140   8 2s2 2p 8h       -6.24934E-02  2.11526E+00  9.0
    179  7  6  331  10 2s2 2p 8g       -6.24915E-02  2.11526E+00 21.0
    180  7  6  131  10 2s2 2p 8g       -6.24778E-02  2.11527E+00  7.0
    181  7  6  120  13 2s2 2p 8f       -6.24710E-02  2.11528E+00  5.0
    182  7  6  111  13 2s2 2p 8d       -6.24658E-02  2.11528E+00  3.0
    183  7  6  311  14 2s2 2p 8d       -6.21962E-02  2.11555E+00  9.0
    184  7  6  311  15 2s2 2p 9s       -5.83170E-02  2.11943E+00  9.0
    185  7  6  111  14 2s2 2p 9s       -5.82984E-02  2.11945E+00  3.0
    186  7  6  110   7 2s2 2p 9p       -5.55866E-02  2.12216E+00  3.0
    187  7  6  320  12 2s2 2p 9p       -5.53053E-02  2.12244E+00 15.0
    188  7  6  300   7 2s2 2p 9p       -5.48795E-02  2.12287E+00  3.0
    189  7  6  310  10 2s2 2p 9p       -5.40633E-02  2.12369E+00  9.0
    190  7  6  120  14 2s2 2p 9p       -5.36425E-02  2.12411E+00  5.0
    191  7  6  100   8 2s2 2p 9p       -5.24982E-02  2.12525E+00  1.0
    192  7  6  331  11 2s2 2p 9d       -5.07388E-02  2.12701E+00 21.0
    193  7  6  121   8 2s2 2p 9d       -5.05805E-02  2.12717E+00  5.0
    194  7  6  321   9 2s2 2p 9d       -5.00297E-02  2.12772E+00 15.0
    195  7  6  311  16 2s2 2p 9d       -4.96971E-02  2.12805E+00  9.0
    196  7  6  130   6 2s2 2p 9f       -4.96545E-02  2.12810E+00  7.0
    197  7  6  330   6 2s2 2p 9f       -4.96414E-02  2.12811E+00 21.0
    198  7  6  131  11 2s2 2p 9d       -4.95538E-02  2.12820E+00  7.0
    199  7  6  340   9 2s2 2p 9f       -4.94735E-02  2.12828E+00 27.0
    200  7  6  140   9 2s2 2p 9f       -4.94248E-02  2.12833E+00  9.0
    201  7  6  141   5 2s2 2p 9g       -4.94199E-02  2.12833E+00  9.0
    202  7  6  341   5 2s2 2p 9g       -4.94197E-02  2.12833E+00 27.0
    203  7  6  320  13 2s2 2p 9f       -4.93971E-02  2.12835E+00 15.0
    204  7  6  350   4 2s2 2p 9h       -4.93859E-02  2.12836E+00 33.0
    205  7  6  150   4 2s2 2p 9h       -4.93859E-02  2.12836E+00 11.0
    206  7  6  360   4 2s2 2p 9h       -4.93838E-02  2.12837E+00 39.0
    207  7  6  160   4 2s2 2p 9h       -4.93838E-02  2.12837E+00 13.0
    208  7  6  161   3 2s2 2p 9i       -4.93828E-02  2.12837E+00 13.0
    209  7  6  361   3 2s2 2p 9i       -4.93828E-02  2.12837E+00 39.0
    210  7  6  351   8 2s2 2p 9g       -4.93822E-02  2.12837E+00 33.0
    211  7  6  351   7 2s2 2p 9i       -4.93822E-02  2.12837E+00 33.0
    212  7  6  151   7 2s2 2p 9g       -4.93822E-02  2.12837E+00 11.0
    213  7  6  151   8 2s2 2p 9i       -4.93821E-02  2.12837E+00 11.0
    214  7  6  340  10 2s2 2p 9h       -4.93808E-02  2.12837E+00 27.0
    215  7  6  140  10 2s2 2p 9h       -4.93774E-02  2.12837E+00  9.0
    216  7  6  331  12 2s2 2p 9g       -4.93763E-02  2.12837E+00 21.0
    217  7  6  131  12 2s2 2p 9g       -4.93664E-02  2.12838E+00  7.0
    218  7  6  120  15 2s2 2p 9f       -4.93662E-02  2.12838E+00  5.0
    219  7  6  111  15 2s2 2p 9d       -4.93620E-02  2.12839E+00  3.0
    220  7  6  311  17 2s2 2p10s       -4.66769E-02  2.13107E+00  9.0
    221  7  6  111  16 2s2 2p10s       -4.64139E-02  2.13134E+00  3.0
    222  7  6  110   8 2s2 2p10p       -4.44763E-02  2.13327E+00  3.0
    223  7  6  320  14 2s2 2p10p       -4.42796E-02  2.13347E+00 15.0
    224  7  6  300   8 2s2 2p10p       -4.39704E-02  2.13378E+00  3.0
    225  7  6  310  11 2s2 2p10p       -4.34042E-02  2.13435E+00  9.0
    226  7  6  120  16 2s2 2p10p       -4.30887E-02  2.13466E+00  5.0
    227  7  6  100   9 2s2 2p10p       -4.22573E-02  2.13549E+00  1.0
    228  7  6  331  13 2s2 2p10d       -4.09903E-02  2.13676E+00 21.0
    229  7  6  121   9 2s2 2p10d       -4.08772E-02  2.13687E+00  5.0
    230  7  6  321  10 2s2 2p10d       -4.04904E-02  2.13726E+00 15.0
    231  7  6  311  18 2s2 2p10d       -4.02994E-02  2.13745E+00  9.0
    232  7  6  130   7 2s2 2p10f       -4.02012E-02  2.13755E+00  7.0
    233  7  6  330   7 2s2 2p10f       -4.01914E-02  2.13756E+00 21.0
    234  7  6  131  13 2s2 2p10d       -4.01258E-02  2.13762E+00  7.0
    235  7  6  340  11 2s2 2p10f       -4.00688E-02  2.13768E+00 27.0
    236  7  6  140  11 2s2 2p10f       -4.00322E-02  2.13772E+00  9.0
    237  7  6  141   6 2s2 2p10g       -4.00286E-02  2.13772E+00  9.0
    238  7  6  341   6 2s2 2p10g       -4.00284E-02  2.13772E+00 27.0
    239  7  6  320  15 2s2 2p10f       -4.00123E-02  2.13774E+00 15.0
    240  7  6  350   5 2s2 2p10h       -4.00026E-02  2.13775E+00 33.0
    241  7  6  150   5 2s2 2p10h       -4.00026E-02  2.13775E+00 11.0
    242  7  6  360   5 2s2 2p10h       -4.00009E-02  2.13775E+00 39.0
    243  7  6  160   5 2s2 2p10h       -4.00009E-02  2.13775E+00 13.0
    244  7  6  161   4 2s2 2p10i       -4.00001E-02  2.13775E+00 13.0
    245  7  6  361   4 2s2 2p10i       -4.00001E-02  2.13775E+00 39.0
    246  7  6  351   9 2s2 2p10i       -3.99996E-02  2.13775E+00 33.0
    247  7  6  151   9 2s2 2p10g       -3.99995E-02  2.13775E+00 11.0
    248  7  6  530   1 2s2p2(4PE) 3d    2.45941E-02  2.20234E+00 35.0
    249  7  6  510   2 2s2p2(4PE) 3d    3.76677E-02  2.21542E+00 15.0
    250  7  6  520   1 2s2p2(4PE) 3d    4.18817E-02  2.21963E+00 25.0
    251  7  6  510   3 2s2p2(4PE) 4s    1.19676E-01  2.29743E+00 15.0
    252  7  6  301   3 2s2p2(4PE) 4p    1.71729E-01  2.34948E+00  3.0
    253  7  6  521   2 2s2p2(4PE) 4p    1.75478E-01  2.35323E+00 25.0
    254  7  6  511   2 2s2p2(4PE) 4p    1.80388E-01  2.35814E+00 15.0
    255  7  6  501   3 2s2p2(4PE) 4p    1.95804E-01  2.37355E+00  5.0
    256  7  6  530   2 2s2p2(4PE) 4d    2.35939E-01  2.41369E+00 35.0
    257  7  6  520   2 2s2p2(4PE) 4d    2.41804E-01  2.41955E+00 25.0
    258  7  6  510   4 2s2p2(4PE) 4d    2.43473E-01  2.42122E+00 15.0
    259  7  6  521   3 2s2p2(4PE) 4f    2.50767E-01  2.42852E+00 25.0
    260  7  6  541   1 2s2p2(4PE) 4f    2.51334E-01  2.42908E+00 45.0
    261  7  6  531   1 2s2p2(4PE) 4f    2.53021E-01  2.43077E+00 35.0
    262  7  6  510   5 2s2p2(4PE) 5s    2.79678E-01  2.45743E+00 15.0
    263  7  6  301   4 2s2p2(4PE) 5p    3.03046E-01  2.48080E+00  3.0
    264  7  6  521   4 2s2p2(4PE) 5p    3.05257E-01  2.48301E+00 25.0
    265  7  6  511   3 2s2p2(4PE) 5p    3.07462E-01  2.48521E+00 15.0
    266  7  6  501   4 2s2p2(4PE) 5p    3.14772E-01  2.49252E+00  5.0
    267  7  6  530   3 2s2p2(4PE) 5d    3.33476E-01  2.51123E+00 35.0
    268  7  6  520   3 2s2p2(4PE) 5d    3.36257E-01  2.51401E+00 25.0
    269  7  6  510   6 2s2p2(4PE) 5d    3.37583E-01  2.51533E+00 15.0
    270  7  6  521   5 2s2p2(4PE) 5f    3.41219E-01  2.51897E+00 25.0
    271  7  6  541   2 2s2p2(4PE) 5f    3.41587E-01  2.51934E+00 45.0
    272  7  6  530   4 2s2p2(4PE) 5g    3.42044E-01  2.51979E+00 35.0
    273  7  6  550   1 2s2p2(4PE) 5g    3.42067E-01  2.51982E+00 55.0
    274  7  6  540   1 2s2p2(4PE) 5g    3.42158E-01  2.51991E+00 45.0
    275  7  6  531   2 2s2p2(4PE) 5f    3.42663E-01  2.52041E+00 35.0
    276  7  6  510   7 2s2p2(4PE) 6s    3.56623E-01  2.53437E+00 15.0
    277  7  6  301   5 2s2p2(4PE) 6p    3.69099E-01  2.54685E+00  3.0
    278  7  6  521   6 2s2p2(4PE) 6p    3.70435E-01  2.54819E+00 25.0
    279  7  6  511   4 2s2p2(4PE) 6p    3.71627E-01  2.54938E+00 15.0
    280  7  6  501   5 2s2p2(4PE) 6p    3.75633E-01  2.55338E+00  5.0
    281  7  6  530   5 2s2p2(4PE) 6d    3.85917E-01  2.56367E+00 35.0
    282  7  6  520   4 2s2p2(4PE) 6d    3.87467E-01  2.56522E+00 25.0
    283  7  6  510   8 2s2p2(4PE) 6d    3.88344E-01  2.56609E+00 15.0
    284  7  6  521   7 2s2p2(4PE) 6f    3.90423E-01  2.56817E+00 25.0
    285  7  6  541   3 2s2p2(4PE) 6f    3.90650E-01  2.56840E+00 45.0
    286  7  6  530   6 2s2p2(4PE) 6g    3.90935E-01  2.56869E+00 35.0
    287  7  6  550   2 2s2p2(4PE) 6g    3.90958E-01  2.56871E+00 55.0
    288  7  6  541   4 2s2p2(4PE) 6h    3.90993E-01  2.56874E+00 45.0
    289  7  6  540   2 2s2p2(4PE) 6g    3.91047E-01  2.56880E+00 45.0
    290  7  6  531   3 2s2p2(4PE) 6f    3.91324E-01  2.56907E+00 35.0
    291  7  6  510   9 2s2p2(4PE) 7s    3.99543E-01  2.57729E+00 15.0
    292  7  6  301   6 2s2p2(4PE) 7p    4.06980E-01  2.58473E+00  3.0
    293  7  6  521   8 2s2p2(4PE) 7p    4.07833E-01  2.58558E+00 25.0
    294  7  6  511   5 2s2p2(4PE) 7p    4.08552E-01  2.58630E+00 15.0
    295  7  6  501   6 2s2p2(4PE) 7p    4.10980E-01  2.58873E+00  5.0
    296  7  6  530   7 2s2p2(4PE) 7d    4.17250E-01  2.59500E+00 35.0
    297  7  6  520   5 2s2p2(4PE) 7d    4.18204E-01  2.59595E+00 25.0
    298  7  6  510  10 2s2p2(4PE) 7d    4.18791E-01  2.59654E+00 15.0
    299  7  6  521   9 2s2p2(4PE) 7f    4.20091E-01  2.59784E+00 25.0
    300  7  6  541   5 2s2p2(4PE) 7f    4.20238E-01  2.59799E+00 45.0
    301  7  6  530   8 2s2p2(4PE) 7g    4.20426E-01  2.59818E+00 35.0
    302  7  6  550   4 2s2p2(4PE) 7g    4.20471E-01  2.59822E+00 55.0
    303  7  6  550   3 2s2p2(4PE) 7i    4.20471E-01  2.59822E+00 55.0
    304  7  6  541   6 2s2p2(4PE) 7h    4.20472E-01  2.59822E+00 45.0
    305  7  6  540   3 2s2p2(4PE) 7g    4.20514E-01  2.59826E+00 45.0
    306  7  6  531   4 2s2p2(4PE) 7f    4.20678E-01  2.59843E+00 35.0
    307  7  6  510  11 2s2p2(4PE) 8s    4.25920E-01  2.60367E+00 15.0
    308  7  6  301   7 2s2p2(4PE) 8p    4.30708E-01  2.60846E+00  3.0
    309  7  6  521  10 2s2p2(4PE) 8p    4.31281E-01  2.60903E+00 25.0
    310  7  6  511   6 2s2p2(4PE) 8p    4.31748E-01  2.60950E+00 15.0
    311  7  6  501   7 2s2p2(4PE) 8p    4.33330E-01  2.61108E+00  5.0
    312  7  6  530   9 2s2p2(4PE) 8d    4.37437E-01  2.61519E+00 35.0
    313  7  6  520   6 2s2p2(4PE) 8d    4.38067E-01  2.61582E+00 25.0
    314  7  6  510  12 2s2p2(4PE) 8d    4.38473E-01  2.61622E+00 15.0
    315  7  6  521  11 2s2p2(4PE) 8f    4.39340E-01  2.61709E+00 25.0
    316  7  6  541   7 2s2p2(4PE) 8f    4.39440E-01  2.61719E+00 45.0
    317  7  6  530  10 2s2p2(4PE) 8g    4.39570E-01  2.61732E+00 35.0
    318  7  6  550   6 2s2p2(4PE) 8g    4.39604E-01  2.61735E+00 55.0
    319  7  6  550   5 2s2p2(4PE) 8i    4.39604E-01  2.61735E+00 55.0
    320  7  6  541   8 2s2p2(4PE) 8h    4.39604E-01  2.61735E+00 45.0
    321  7  6  540   4 2s2p2(4PE) 8g    4.39637E-01  2.61739E+00 45.0
    322  7  6  531   5 2s2p2(4PE) 8f    4.39741E-01  2.61749E+00 35.0
    323  7  6  510  13 2s2p2(4PE) 9s    4.43285E-01  2.62104E+00 15.0
    324  7  6  301   8 2s2p2(4PE) 9p    4.46548E-01  2.62430E+00  3.0
    325  7  6  521  12 2s2p2(4PE) 9p    4.46950E-01  2.62470E+00 25.0
    326  7  6  511   7 2s2p2(4PE) 9p    4.47270E-01  2.62502E+00 15.0
    327  7  6  501   8 2s2p2(4PE) 9p    4.48358E-01  2.62611E+00  5.0
    328  7  6  530  11 2s2p2(4PE) 9d    4.51196E-01  2.62895E+00 35.0
    329  7  6  520   7 2s2p2(4PE) 9d    4.51634E-01  2.62938E+00 25.0
    330  7  6  510  14 2s2p2(4PE) 9d    4.51924E-01  2.62967E+00 15.0
    331  7  6  521  13 2s2p2(4PE) 9f    4.52532E-01  2.63028E+00 25.0
    332  7  6  541   9 2s2p2(4PE) 9f    4.52602E-01  2.63035E+00 45.0
    333  7  6  530  12 2s2p2(4PE) 9g    4.52695E-01  2.63045E+00 35.0
    334  7  6  550   8 2s2p2(4PE) 9g    4.52721E-01  2.63047E+00 55.0
    335  7  6  550   7 2s2p2(4PE) 9i    4.52721E-01  2.63047E+00 55.0
    336  7  6  541  10 2s2p2(4PE) 9h    4.52722E-01  2.63047E+00 45.0
    337  7  6  540   5 2s2p2(4PE) 9g    4.52746E-01  2.63050E+00 45.0
    338  7  6  531   6 2s2p2(4PE) 9f    4.52817E-01  2.63057E+00 35.0
    339  7  6  510  15 2s2p2(4PE)10s    4.55324E-01  2.63307E+00 15.0
    340  7  6  301   9 2s2p2(4PE)10p    4.57646E-01  2.63540E+00  3.0
    341  7  6  521  14 2s2p2(4PE)10p    4.57938E-01  2.63569E+00 25.0
    342  7  6  511   8 2s2p2(4PE)10p    4.58168E-01  2.63592E+00 15.0
    343  7  6  501   9 2s2p2(4PE)10p    4.58948E-01  2.63670E+00  5.0
    344  7  6  530  13 2s2p2(4PE)10d    4.60990E-01  2.63874E+00 35.0
    345  7  6  520   8 2s2p2(4PE)10d    4.61307E-01  2.63906E+00 25.0
    346  7  6  510  16 2s2p2(4PE)10d    4.61522E-01  2.63927E+00 15.0
    347  7  6  521  15 2s2p2(4PE)10f    4.61964E-01  2.63971E+00 25.0
    348  7  6  541  11 2s2p2(4PE)10f    4.62015E-01  2.63977E+00 45.0
    349  7  6  530  14 2s2p2(4PE)10g    4.62084E-01  2.63983E+00 35.0
    350  7  6  550   9 2s2p2(4PE)10i    4.62104E-01  2.63985E+00 55.0
    351  7  6  101   1 2s2p2(2PE) 3p    6.70115E-01  2.84787E+00  1.0
    352  7  6  101   2 2s2p2(2PE) 4p    1.01710E+00  3.19485E+00  1.0
    353  7  6  101   3 2s2p2(2PE) 5p    1.15109E+00  3.32884E+00  1.0
    354  7  6  101   4 2s2p2(2PE) 6p    1.21792E+00  3.39567E+00  1.0
    355  7  6  101   5 2s2p2(2PE) 7p    1.25611E+00  3.43386E+00  1.0
    356  7  6  101   6 2s2p2(2PE) 8p    1.27999E+00  3.45774E+00  1.0
    357  7  6  101   7 2s2p2(2PE) 9p    1.29591E+00  3.47366E+00  1.0
    358  7  6  101   8 2s2p2(2PE)10p    1.30706E+00  3.48481E+00  1.0
 ====================================================================
