 ====================================================================
      i NZ NE iSLP iLV iCONF                 E(RYD)      TE(RYD)   gi
 ====================================================================
      1  7  5  211   1 2s2 2p          -3.47720E+00  0.00000E+00  6.0
      2  7  5  410   1 2s 2p2          -2.96111E+00  5.16090E-01 12.0
      3  7  5  220   1 2s 2p2          -2.55113E+00  9.26070E-01 10.0
      4  7  5  200   1 2s 2p2          -2.26493E+00  1.21227E+00  2.0
      5  7  5  210   1 2s 2p2          -2.13284E+00  1.34436E+00  6.0
      6  7  5  401   1 2p3             -1.77029E+00  1.70691E+00  4.0
      7  7  5  221   1 2p3             -1.61916E+00  1.85804E+00 10.0
      8  7  5  200   2 2s2 3s          -1.46580E+00  2.01140E+00  2.0
      9  7  5  211   2 2p3             -1.35879E+00  2.11841E+00  6.0
     10  7  5  211   3 2s2 3p          -1.24488E+00  2.23232E+00  6.0
     11  7  5  220   2 2s2 3d          -1.04835E+00  2.42885E+00 10.0
     12  7  5  411   1 2s2p(3PO) 3s    -8.61390E-01  2.61581E+00 12.0
     13  7  5  211   4 2s2p(3PO) 3s    -7.71116E-01  2.70608E+00  6.0
     14  7  5  200   3 2s2 4s          -7.42538E-01  2.73466E+00  2.0
     15  7  5  210   2 2s2p(3PO) 3p    -6.66926E-01  2.81027E+00  6.0
     16  7  5  420   1 2s2p(3PO) 3p    -6.61905E-01  2.81529E+00 20.0
     17  7  5  211   5 2s2 4p          -6.44902E-01  2.83230E+00  6.0
     18  7  5  400   1 2s2p(3PO) 3p    -6.17700E-01  2.85950E+00  4.0
     19  7  5  410   2 2s2p(3PO) 3p    -5.90936E-01  2.88626E+00 12.0
     20  7  5  220   3 2s2 4d          -5.89491E-01  2.88771E+00 10.0
     21  7  5  231   1 2s2 4f          -5.68229E-01  2.90897E+00 14.0
     22  7  5  220   4 2s2p(3PO) 3p    -5.55906E-01  2.92129E+00 10.0
     23  7  5  200   4 2s2p(3PO) 3p    -4.94152E-01  2.98305E+00  2.0
     24  7  5  431   1 2s2p(3PO) 3d    -4.76540E-01  3.00066E+00 28.0
     25  7  5  421   1 2s2p(3PO) 3d    -4.51988E-01  3.02521E+00 20.0
     26  7  5  200   5 2s2 5s          -4.45156E-01  3.03204E+00  2.0
     27  7  5  221   2 2s2p(3PO) 3d    -4.35398E-01  3.04180E+00 10.0
     28  7  5  411   2 2s2p(3PO) 3d    -4.18656E-01  3.05854E+00 12.0
     29  7  5  211   6 2s2 5p          -4.05192E-01  3.07201E+00  6.0
     30  7  5  231   2 2s2p(3PO) 3d    -3.83726E-01  3.09347E+00 14.0
     31  7  5  220   5 2s2 5d          -3.70778E-01  3.10642E+00 10.0
     32  7  5  231   3 2s2 5f          -3.63634E-01  3.11357E+00 14.0
     33  7  5  240   1 2s2 5g          -3.60643E-01  3.11656E+00 18.0
     34  7  5  211   7 2s2p(3PO) 3d    -3.53405E-01  3.12380E+00  6.0
     35  7  5  200   6 2s2 6s          -2.99183E-01  3.17802E+00  2.0
     36  7  5  211   8 2s2 6p          -2.78782E-01  3.19842E+00  6.0
     37  7  5  220   6 2s2 6d          -2.56409E-01  3.22079E+00 10.0
     38  7  5  231   4 2s2 6f          -2.52656E-01  3.22454E+00 14.0
     39  7  5  211   9 2s2p(1PO) 3s    -2.51665E-01  3.22553E+00  6.0
     40  7  5  240   2 2s2 6g          -2.50425E-01  3.22677E+00 18.0
     41  7  5  200   7 2s2 7s          -2.14337E-01  3.26286E+00  2.0
     42  7  5  211  10 2s2 7p          -1.99116E-01  3.27808E+00  6.0
     43  7  5  220   7 2s2 7d          -1.87761E-01  3.28944E+00 10.0
     44  7  5  231   5 2s2 7f          -1.85603E-01  3.29160E+00 14.0
     45  7  5  240   3 2s2 7g          -1.83960E-01  3.29324E+00 18.0
     46  7  5  200   8 2s2 8s          -1.61086E-01  3.31611E+00  2.0
     47  7  5  211  11 2s2 8p          -1.51543E-01  3.32566E+00  6.0
     48  7  5  220   8 2s2 8d          -1.43387E-01  3.33381E+00 10.0
     49  7  5  231   6 2s2 8f          -1.42065E-01  3.33513E+00 14.0
     50  7  5  240   4 2s2 8g          -1.40826E-01  3.33637E+00 18.0
     51  7  5  411   3 2s2p(3PO) 4s    -1.26698E-01  3.35050E+00 12.0
     52  7  5  200   9 2s2 9s          -1.25500E-01  3.35170E+00  2.0
     53  7  5  211  12 2s2 9p          -1.19570E-01  3.35763E+00  6.0
     54  7  5  220   9 2s2 9d          -1.13066E-01  3.36413E+00 10.0
     55  7  5  231   7 2s2 9f          -1.12212E-01  3.36499E+00 14.0
     56  7  5  240   5 2s2 9g          -1.11258E-01  3.36594E+00 18.0
     57  7  5  211  13 2s2p(3PO) 4s:   -1.00704E-01  3.37650E+00  6.0
     58  7  5  200  10 2s210s          -1.00556E-01  3.37664E+00  2.0
     59  7  5  211  14 2s210p:         -9.20651E-02  3.38513E+00  6.0
     60  7  5  220  10 2s210d          -9.14388E-02  3.38576E+00 10.0
     61  7  5  231   8 2s210f          -9.08581E-02  3.38634E+00 14.0
     62  7  5  240   6 2s210g          -9.01097E-02  3.38709E+00 18.0
     63  7  5  210   3 2s2p(3PO) 4p    -6.80429E-02  3.40916E+00  6.0
     64  7  5  420   2 2s2p(3PO) 4p    -5.20709E-02  3.42513E+00 20.0
     65  7  5  400   2 2s2p(3PO) 4p    -3.65623E-02  3.44064E+00  4.0
     66  7  5  210   4 2s2p(1PO) 3p    -3.07936E-02  3.44641E+00  6.0
     67  7  5  410   3 2s2p(3PO) 4p    -2.89349E-02  3.44827E+00 12.0
     68  7  5  431   2 2s2p(3PO) 4d     1.25761E-02  3.48978E+00 28.0
     69  7  5  221   3 2s2p(3PO) 4d     2.37370E-02  3.50094E+00 10.0
     70  7  5  421   2 2s2p(3PO) 4d     2.41923E-02  3.50139E+00 20.0
     71  7  5  411   4 2s2p(3PO) 4d     3.38121E-02  3.51101E+00 12.0
     72  7  5  230   1 2s2p(3PO) 4f     3.92035E-02  3.51640E+00 14.0
     73  7  5  430   1 2s2p(3PO) 4f     3.95475E-02  3.51675E+00 28.0
     74  7  5  440   1 2s2p(3PO) 4f     5.03615E-02  3.52756E+00 36.0
     75  7  5  420   3 2s2p(3PO) 4f     5.24572E-02  3.52966E+00 20.0
     76  7  5  221   4 2s2p(1PO) 3d     1.41638E-01  3.61884E+00 10.0
     77  7  5  411   5 2s2p(3PO) 5s     1.67365E-01  3.64457E+00 12.0
     78  7  5  410   4 2p2(3PE) 3s      1.78052E-01  3.65525E+00 12.0
     79  7  5  210   5 2s2p(3PO) 5p     1.85861E-01  3.66306E+00  6.0
     80  7  5  420   4 2s2p(3PO) 5p     2.03171E-01  3.68037E+00 20.0
     81  7  5  400   3 2s2p(3PO) 5p     2.10047E-01  3.68725E+00  4.0
     82  7  5  410   5 2s2p(3PO) 5p     2.14891E-01  3.69209E+00 12.0
     83  7  5  431   3 2s2p(3PO) 5d     2.33999E-01  3.71120E+00 28.0
     84  7  5  421   3 2s2p(3PO) 5d     2.40114E-01  3.71731E+00 20.0
     85  7  5  411   6 2s2p(3PO) 5d     2.43781E-01  3.72098E+00 12.0
     86  7  5  221   5 2s2p(3PO) 5d     2.45412E-01  3.72261E+00 10.0
     87  7  5  230   2 2s2p(3PO) 5f     2.46198E-01  3.72340E+00 14.0
     88  7  5  430   2 2s2p(3PO) 5f     2.46332E-01  3.72353E+00 28.0
     89  7  5  241   1 2s2p(3PO) 5g     2.51670E-01  3.72887E+00 18.0
     90  7  5  441   1 2s2p(3PO) 5g     2.51672E-01  3.72887E+00 36.0
     91  7  5  440   2 2s2p(3PO) 5f     2.52847E-01  3.73005E+00 36.0
     92  7  5  420   5 2s2p(3PO) 5f     2.53151E-01  3.73035E+00 20.0
     93  7  5  431   4 2s2p(3PO) 5g     2.54378E-01  3.73158E+00 28.0
     94  7  5  210   6 2p2(3PE) 3s      2.75054E-01  3.75225E+00  6.0
     95  7  5  201   1 2p2(3PE) 3p      3.10916E-01  3.78812E+00  2.0
     96  7  5  411   7 2s2p(3PO) 6s     3.14439E-01  3.79164E+00 12.0
     97  7  5  420   6 2s2p(3PO) 6p     3.35102E-01  3.81230E+00 20.0
     98  7  5  400   4 2s2p(3PO) 6p     3.39140E-01  3.81634E+00  4.0
     99  7  5  410   6 2s2p(3PO) 6p     3.41349E-01  3.81855E+00 12.0
    100  7  5  210   7 2s2p(3PO) 6p     3.43788E-01  3.82099E+00  6.0
    101  7  5  421   4 2p2(3PE) 3p      3.48009E-01  3.82521E+00 20.0
    102  7  5  431   5 2s2p(3PO) 6d     3.52385E-01  3.82959E+00 28.0
    103  7  5  221   6 2s2p(3PO) 6d     3.57451E-01  3.83465E+00 10.0
    104  7  5  411   8 2s2p(3PO) 6d     3.57605E-01  3.83481E+00 12.0
    105  7  5  430   3 2s2p(3PO) 6f     3.57910E-01  3.83511E+00 28.0
    106  7  5  230   3 2s2p(3PO) 6f     3.58126E-01  3.83533E+00 14.0
    107  7  5  421   5 2s2p(3PO) 6d     3.58949E-01  3.83615E+00 20.0
    108  7  5  241   2 2s2p(3PO) 6g     3.62510E-01  3.83971E+00 18.0
    109  7  5  441   2 2s2p(3PO) 6g     3.62512E-01  3.83971E+00 36.0
    110  7  5  420   7 2s2p(3PO) 6f     3.62772E-01  3.83997E+00 20.0
    111  7  5  440   3 2s2p(3PO) 6f     3.63109E-01  3.84031E+00 36.0
    112  7  5  440   4 2s2p(3PO) 6h     3.63830E-01  3.84103E+00 36.0
    113  7  5  431   6 2s2p(3PO) 6g     3.64001E-01  3.84120E+00 28.0
    114  7  5  411   9 2p2(3PE) 3p      3.78317E-01  3.85552E+00 12.0
    115  7  5  221   7 2p2(3PE) 3p      3.90086E-01  3.86729E+00 10.0
    116  7  5  411  10 2s2p(3PO) 7s     4.02880E-01  3.88008E+00 12.0
    117  7  5  420   8 2s2p(3PO) 7p     4.12167E-01  3.88937E+00 20.0
    118  7  5  210   8 2s2p(3PO) 7p     4.14282E-01  3.89148E+00  6.0
    119  7  5  400   5 2s2p(3PO) 7p     4.14838E-01  3.89204E+00  4.0
    120  7  5  410   7 2s2p(3PO) 7p     4.16031E-01  3.89323E+00 12.0
    121  7  5  431   7 2s2p(3PO) 7d     4.22933E-01  3.90013E+00 28.0
    122  7  5  430   4 2s2p(3PO) 7f     4.24886E-01  3.90209E+00 28.0
    123  7  5  421   6 2s2p(3PO) 7d     4.25380E-01  3.90258E+00 20.0
    124  7  5  230   4 2s2p(3PO) 7f     4.25599E-01  3.90280E+00 14.0
    125  7  5  221   8 2s2p(3PO) 7d     4.25883E-01  3.90308E+00 10.0
    126  7  5  411  11 2s2p(3PO) 7d     4.26408E-01  3.90361E+00 12.0
    127  7  5  420   9 2s2p(3PO) 7f     4.28909E-01  3.90611E+00 20.0
    128  7  5  241   3 2s2p(3PO) 7g     4.29273E-01  3.90647E+00 18.0
    129  7  5  441   3 2s2p(3PO) 7g     4.29274E-01  3.90647E+00 36.0
    130  7  5  440   5 2s2p(3PO) 7f     4.29600E-01  3.90680E+00 36.0
    131  7  5  440   6 2s2p(3PO) 7h     4.30116E-01  3.90732E+00 36.0
    132  7  5  431   8 2s2p(3PO) 7g     4.30161E-01  3.90736E+00 28.0
    133  7  5  401   2 2p2(3PE) 3p      4.44332E-01  3.92153E+00  4.0
    134  7  5  411  12 2s2p(3PO) 8s     4.54112E-01  3.93131E+00 12.0
    135  7  5  420  10 2s2p(3PO) 8p     4.61082E-01  3.93828E+00 20.0
    136  7  5  210   9 2s2p(3PO) 8p     4.61809E-01  3.93901E+00  6.0
    137  7  5  400   6 2s2p(3PO) 8p     4.63014E-01  3.94021E+00  4.0
    138  7  5  410   8 2s2p(3PO) 8p     4.63716E-01  3.94092E+00 12.0
    139  7  5  430   5 2s2p(3PO) 8f     4.67743E-01  3.94494E+00 28.0
    140  7  5  431   9 2s2p(3PO) 8d     4.68330E-01  3.94553E+00 28.0
    141  7  5  230   5 2s2p(3PO) 8f     4.69298E-01  3.94650E+00 14.0
    142  7  5  421   7 2s2p(3PO) 8d     4.69899E-01  3.94710E+00 20.0
    143  7  5  221   9 2s2p(3PO) 8d     4.70011E-01  3.94721E+00 10.0
    144  7  5  411  13 2s2p(3PO) 8d     4.70602E-01  3.94780E+00 12.0
    145  7  5  420  11 2s2p(3PO) 8f     4.71830E-01  3.94903E+00 20.0
    146  7  5  241   4 2s2p(3PO) 8g     4.72552E-01  3.94975E+00 18.0
    147  7  5  441   4 2s2p(3PO) 8g     4.72553E-01  3.94975E+00 36.0
    148  7  5  440   7 2s2p(3PO) 8f     4.72757E-01  3.94996E+00 36.0
    149  7  5  440   8 2s2p(3PO) 8h     4.73126E-01  3.95033E+00 36.0
    150  7  5  431  10 2s2p(3PO) 8g     4.73138E-01  3.95034E+00 28.0
    151  7  5  411  14 2s2p(3PO) 9s     4.89314E-01  3.96651E+00 12.0
    152  7  5  420  12 2s2p(3PO) 9p     4.94044E-01  3.97124E+00 20.0
    153  7  5  210  10 2s2p(3PO) 9p     4.94256E-01  3.97146E+00  6.0
    154  7  5  400   7 2s2p(3PO) 9p     4.95572E-01  3.97277E+00  4.0
    155  7  5  430   6 2s2p(3PO) 9f     4.95921E-01  3.97312E+00 28.0
    156  7  5  410   9 2s2p(3PO) 9p     4.96003E-01  3.97320E+00 12.0
    157  7  5  230   6 2s2p(3PO) 9f     4.99133E-01  3.97633E+00 14.0
    158  7  5  431  11 2s2p(3PO) 9d     4.99255E-01  3.97645E+00 28.0
    159  7  5  221  10 2s2p(3PO) 9d     5.00197E-01  3.97740E+00 10.0
    160  7  5  421   8 2s2p(3PO) 9d     5.00335E-01  3.97754E+00 20.0
    161  7  5  411  15 2s2p(3PO) 9d     5.00830E-01  3.97803E+00 12.0
    162  7  5  420  13 2s2p(3PO) 9f     5.01213E-01  3.97841E+00 20.0
    163  7  5  241   5 2s2p(3PO) 9g     5.02203E-01  3.97940E+00 18.0
    164  7  5  441   5 2s2p(3PO) 9g     5.02204E-01  3.97940E+00 36.0
    165  7  5  440   9 2s2p(3PO) 9f     5.02343E-01  3.97954E+00 36.0
    166  7  5  440  10 2s2p(3PO) 9h     5.02613E-01  3.97981E+00 36.0
    167  7  5  431  12 2s2p(3PO) 9g     5.02615E-01  3.97982E+00 28.0
    168  7  5  411  16 2s2p(3PO)10s     5.14074E-01  3.99127E+00 12.0
    169  7  5  430   7 2s2p(3PO)10f     5.14518E-01  3.99172E+00 28.0
    170  7  5  210  11 2s2p(3PO)10p     5.17147E-01  3.99435E+00  6.0
    171  7  5  420  14 2s2p(3PO)10p     5.17261E-01  3.99446E+00 20.0
    172  7  5  400   8 2s2p(3PO)10p     5.18607E-01  3.99581E+00  4.0
    173  7  5  410  10 2s2p(3PO)10p     5.18870E-01  3.99607E+00 12.0
    174  7  5  230   7 2s2p(3PO)10f     5.20303E-01  3.99750E+00 14.0
    175  7  5  431  13 2s2p(3PO)10d     5.21264E-01  3.99846E+00 28.0
    176  7  5  221  11 2s2p(3PO)10d     5.21654E-01  3.99885E+00 10.0
    177  7  5  421   9 2s2p(3PO)10d     5.22043E-01  3.99924E+00 20.0
    178  7  5  420  15 2s2p(3PO)10f     5.22152E-01  3.99935E+00 20.0
    179  7  5  411  17 2s2p(3PO)10d     5.22402E-01  3.99960E+00 12.0
    180  7  5  441   6 2s2p(3PO)10g     5.23404E-01  4.00060E+00 36.0
    181  7  5  241   6 2s2p(3PO)10g     5.23404E-01  4.00060E+00 18.0
    182  7  5  440  11 2s2p(3PO)10f     5.23504E-01  4.00070E+00 36.0
    183  7  5  201   2 2p2(3PE) 4p      9.34160E-01  4.41136E+00  2.0
    184  7  5  401   3 2p2(3PE) 4p      9.79261E-01  4.45646E+00  4.0
    185  7  5  201   3 2p2(3PE) 5p      1.19382E+00  4.67102E+00  2.0
    186  7  5  401   4 2p2(3PE) 5p      1.21461E+00  4.69181E+00  4.0
    187  7  5  201   4 2p2(3PE) 6p      1.32678E+00  4.80398E+00  2.0
    188  7  5  401   5 2p2(3PE) 6p      1.33818E+00  4.81538E+00  4.0
    189  7  5  201   5 2p2(3PE) 7p      1.40437E+00  4.88157E+00  2.0
    190  7  5  401   6 2p2(3PE) 7p      1.41130E+00  4.88850E+00  4.0
    191  7  5  201   6 2p2(3PE) 8p      1.45361E+00  4.93081E+00  2.0
    192  7  5  401   7 2p2(3PE) 8p      1.45813E+00  4.93533E+00  4.0
    193  7  5  201   7 2p2(3PE) 9p      1.48680E+00  4.96400E+00  2.0
    194  7  5  401   8 2p2(3PE) 9p      1.48991E+00  4.96711E+00  4.0
    195  7  5  201   8 2p2(3PE)10p      1.51024E+00  4.98744E+00  2.0
    196  7  5  401   9 2p2(3PE)10p      1.51247E+00  4.98967E+00  4.0
 ====================================================================
