 ====================================================================
      i NZ NE iSLP iLV iCONF                 E(RYD)      TE(RYD)   gi
 ====================================================================
      1  7  4  100   1 2s2             -5.68369E+00  0.00000E+00  1.0
      2  7  4  311   1 2s 2p           -5.06922E+00  6.14470E-01  9.0
      3  7  4  111   1 2s 2p           -4.47383E+00  1.20986E+00  3.0
      4  7  4  310   1 2p2             -4.06880E+00  1.61489E+00  9.0
      5  7  4  120   1 2p2             -3.94732E+00  1.73637E+00  5.0
      6  7  4  100   2 2p2             -3.48891E+00  2.19478E+00  1.0
      7  7  4  300   1 2s 3s           -2.25355E+00  3.43014E+00  3.0
      8  7  4  100   3 2s 3s           -2.14616E+00  3.53753E+00  1.0
      9  7  4  111   2 2s 3p           -2.00384E+00  3.67985E+00  3.0
     10  7  4  311   2 2s 3p           -1.99071E+00  3.69298E+00  9.0
     11  7  4  320   1 2s 3d           -1.86509E+00  3.81860E+00 15.0
     12  7  4  120   2 2s 3d           -1.77824E+00  3.90545E+00  5.0
     13  7  4  311   3 2p 3s           -1.44624E+00  4.23745E+00  9.0
     14  7  4  111   3 2p 3s           -1.37478E+00  4.30891E+00  3.0
     15  7  4  110   1 2p 3p           -1.30511E+00  4.37858E+00  3.0
     16  7  4  320   2 2p 3p           -1.27043E+00  4.41326E+00 15.0
     17  7  4  300   2 2p 3p           -1.24552E+00  4.43817E+00  3.0
     18  7  4  100   4 2s 4s           -1.18052E+00  4.50317E+00  1.0
     19  7  4  310   2 2p 3p           -1.17837E+00  4.50532E+00  9.0
     20  7  4  331   1 2p 3d           -1.17496E+00  4.50873E+00 21.0
     21  7  4  300   3 2s 4s           -1.15184E+00  4.53185E+00  3.0
     22  7  4  121   1 2p 3d           -1.14771E+00  4.53598E+00  5.0
     23  7  4  120   3 2p 3p           -1.13028E+00  4.55341E+00  5.0
     24  7  4  311   4 2s 4p           -1.10110E+00  4.58259E+00  9.0
     25  7  4  321   1 2p 3d           -1.08030E+00  4.60339E+00 15.0
     26  7  4  131   1 2p 3d:          -1.07789E+00  4.60580E+00  7.0
     27  7  4  111   4 2s 4p           -1.06970E+00  4.61399E+00  3.0
     28  7  4  320   3 2s 4d           -1.03292E+00  4.65077E+00 15.0
     29  7  4  311   5 2p 3d           -1.02524E+00  4.65845E+00  9.0
     30  7  4  120   4 2s 4d           -1.00173E+00  4.68196E+00  5.0
     31  7  4  331   2 2s 4f           -9.85756E-01  4.69793E+00 21.0
     32  7  4  100   5 2p 3p           -9.76443E-01  4.70725E+00  1.0
     33  7  4  111   5 2p 3d           -9.56490E-01  4.72720E+00  3.0
     34  7  4  131   2 2s 4f:          -9.34378E-01  4.74931E+00  7.0
     35  7  4  300   4 2s 5s           -7.28809E-01  4.95488E+00  3.0
     36  7  4  100   6 2s 5s           -7.10456E-01  4.97323E+00  1.0
     37  7  4  311   6 2s 5p           -6.80024E-01  5.00367E+00  9.0
     38  7  4  111   6 2s 5p           -6.79135E-01  5.00456E+00  3.0
     39  7  4  320   4 2s 5d           -6.56392E-01  5.02730E+00 15.0
     40  7  4  340   1 2s 5g           -6.42536E-01  5.04115E+00 27.0
     41  7  4  140   1 2s 5g           -6.42533E-01  5.04116E+00  9.0
     42  7  4  120   5 2s 5d           -6.41623E-01  5.04207E+00  5.0
     43  7  4  331   3 2s 5f           -6.40142E-01  5.04355E+00 21.0
     44  7  4  131   3 2s 5f           -6.36050E-01  5.04764E+00  7.0
     45  7  4  300   5 2s 6s           -4.96054E-01  5.18764E+00  3.0
     46  7  4  100   7 2s 6s           -4.88723E-01  5.19497E+00  1.0
     47  7  4  111   7 2s 6p           -4.74307E-01  5.20938E+00  3.0
     48  7  4  311   7 2s 6p           -4.68150E-01  5.21554E+00  9.0
     49  7  4  320   5 2s 6d           -4.53873E-01  5.22982E+00 15.0
     50  7  4  340   2 2s 6g           -4.46997E-01  5.23669E+00 27.0
     51  7  4  140   2 2s 6g           -4.46991E-01  5.23670E+00  9.0
     52  7  4  331   4 2s 6f           -4.45909E-01  5.23778E+00 21.0
     53  7  4  120   6 2s 6d           -4.45659E-01  5.23803E+00  5.0
     54  7  4  131   4 2s 6f           -4.45178E-01  5.23851E+00  7.0
     55  7  4  311   8 2p 4s           -4.20717E-01  5.26297E+00  9.0
     56  7  4  111   8 2p 4s           -3.95851E-01  5.28784E+00  3.0
     57  7  4  300   6 2s 7s           -3.62278E-01  5.32141E+00  3.0
     58  7  4  110   2 2p 4p           -3.61082E-01  5.32261E+00  3.0
     59  7  4  100   8 2s 7s           -3.56729E-01  5.32696E+00  1.0
     60  7  4  320   6 2p 4p           -3.50187E-01  5.33350E+00 15.0
     61  7  4  311   9 2s 7p           -3.41850E-01  5.34184E+00  9.0
     62  7  4  111   9 2s 7p           -3.34868E-01  5.34882E+00  3.0
     63  7  4  320   7 2s 7d           -3.32152E-01  5.35154E+00 15.0
     64  7  4  331   5 2s 7f           -3.30869E-01  5.35282E+00 21.0
     65  7  4  340   3 2s 7g           -3.30110E-01  5.35358E+00 27.0
     66  7  4  140   3 2s 7g           -3.30041E-01  5.35365E+00  9.0
     67  7  4  131   5 2s 7f           -3.29675E-01  5.35401E+00  7.0
     68  7  4  120   7 2s 7d           -3.27547E-01  5.35614E+00  5.0
     69  7  4  300   7 2p 4p           -3.25072E-01  5.35862E+00  3.0
     70  7  4  310   3 2p 4p           -3.19997E-01  5.36369E+00  9.0
     71  7  4  121   2 2p 4d           -3.03157E-01  5.38053E+00  5.0
     72  7  4  331   6 2p 4d           -3.02750E-01  5.38094E+00 21.0
     73  7  4  120   8 2p 4p           -3.01299E-01  5.38239E+00  5.0
     74  7  4  321   2 2p 4d           -2.78643E-01  5.40505E+00 15.0
     75  7  4  100   9 2s 8s           -2.76318E-01  5.40737E+00  1.0
     76  7  4  130   1 2p 4f           -2.73709E-01  5.40998E+00  7.0
     77  7  4  330   1 2p 4f           -2.72976E-01  5.41071E+00 21.0
     78  7  4  311  10 2p 4d           -2.71811E-01  5.41188E+00  9.0
     79  7  4  300   8 2s 8s           -2.69103E-01  5.41459E+00  3.0
     80  7  4  340   4 2p 4f           -2.68118E-01  5.41557E+00 27.0
     81  7  4  140   4 2p 4f           -2.66492E-01  5.41720E+00  9.0
     82  7  4  131   6 2p 4d:          -2.62772E-01  5.42092E+00  7.0
     83  7  4  111  10 2s 8p           -2.59335E-01  5.42436E+00  3.0
     84  7  4  311  11 2s 8p           -2.55566E-01  5.42812E+00  9.0
     85  7  4  320   8 2s 8d           -2.54422E-01  5.42927E+00 15.0
     86  7  4  320   9 2p 4f           -2.52066E-01  5.43162E+00 15.0
     87  7  4  120   9 2s 8d           -2.51148E-01  5.43254E+00  5.0
     88  7  4  331   7 2s 8f           -2.49199E-01  5.43449E+00 21.0
     89  7  4  120  10 2p 4f           -2.49165E-01  5.43453E+00  5.0
     90  7  4  340   5 2s 8g           -2.43641E-01  5.44005E+00 27.0
     91  7  4  140   5 2s 8g           -2.42843E-01  5.44085E+00  9.0
     92  7  4  100  10 2p 4p           -2.42368E-01  5.44132E+00  1.0
     93  7  4  131   7 2s 8f:          -2.36507E-01  5.44718E+00  7.0
     94  7  4  111  11 2p 4d           -2.32662E-01  5.45103E+00  3.0
     95  7  4  300   9 2s 9s           -2.11490E-01  5.47220E+00  3.0
     96  7  4  100  11 2s 9s           -2.06025E-01  5.47766E+00  1.0
     97  7  4  311  12 2s 9p           -2.03715E-01  5.47998E+00  9.0
     98  7  4  111  12 2s 9p           -2.02437E-01  5.48125E+00  3.0
     99  7  4  320  10 2s 9d           -2.00237E-01  5.48345E+00 15.0
    100  7  4  120  11 2s 9d           -1.97928E-01  5.48576E+00  5.0
    101  7  4  331   8 2s 9f           -1.97398E-01  5.48629E+00 21.0
    102  7  4  340   6 2s 9g           -1.96481E-01  5.48721E+00 27.0
    103  7  4  140   6 2s 9g           -1.96400E-01  5.48729E+00  9.0
    104  7  4  131   8 2s 9f           -1.94877E-01  5.48881E+00  7.0
    105  7  4  300  10 2s10s           -1.70265E-01  5.51342E+00  3.0
    106  7  4  100  12 2s10s           -1.67720E-01  5.51597E+00  1.0
    107  7  4  311  13 2s10p           -1.64665E-01  5.51902E+00  9.0
    108  7  4  111  13 2s10p           -1.64178E-01  5.51951E+00  3.0
    109  7  4  320  11 2s10d           -1.61976E-01  5.52171E+00 15.0
    110  7  4  120  12 2s10d           -1.60306E-01  5.52338E+00  5.0
    111  7  4  331   9 2s10f           -1.60005E-01  5.52368E+00 21.0
    112  7  4  340   7 2s10g           -1.59631E-01  5.52406E+00 27.0
    113  7  4  140   7 2s10g           -1.59603E-01  5.52409E+00  9.0
    114  7  4  131   9 2s10f           -1.58863E-01  5.52483E+00  7.0
    115  7  4  110   3 2p 5p            5.03041E-02  5.73399E+00  3.0
    116  7  4  310   4 2p 5p            6.89736E-02  5.75266E+00  9.0
    117  7  4  121   3 2p 5d            7.83339E-02  5.76202E+00  5.0
    118  7  4  321   3 2p 5d            8.99822E-02  5.77367E+00 15.0
    119  7  4  130   2 2p 5f            9.25030E-02  5.77619E+00  7.0
    120  7  4  330   2 2p 5f            9.29725E-02  5.77666E+00 21.0
    121  7  4  110   4 2p 6p            2.66896E-01  5.95059E+00  3.0
    122  7  4  310   5 2p 6p            2.76988E-01  5.96068E+00  9.0
    123  7  4  121   4 2p 6d            2.82609E-01  5.96630E+00  5.0
    124  7  4  321   4 2p 6d            2.89060E-01  5.97275E+00 15.0
    125  7  4  130   3 2p 6f            2.90579E-01  5.97427E+00  7.0
    126  7  4  330   3 2p 6f            2.90870E-01  5.97456E+00 21.0
    127  7  4  110   5 2p 7p            3.95151E-01  6.07884E+00  3.0
    128  7  4  310   6 2p 7p            4.01242E-01  6.08493E+00  9.0
    129  7  4  121   5 2p 7d            4.04855E-01  6.08854E+00  5.0
    130  7  4  321   5 2p 7d            4.08807E-01  6.09250E+00 15.0
    131  7  4  130   4 2p 7f            4.09788E-01  6.09348E+00  7.0
    132  7  4  330   4 2p 7f            4.09977E-01  6.09367E+00 21.0
    133  7  4  110   6 2p 8p            4.77361E-01  6.16105E+00  3.0
    134  7  4  310   7 2p 8p            4.81328E-01  6.16502E+00  9.0
    135  7  4  121   6 2p 8d            4.83777E-01  6.16747E+00  5.0
    136  7  4  321   6 2p 8d            4.86377E-01  6.17007E+00 15.0
    137  7  4  130   5 2p 8f            4.87041E-01  6.17073E+00  7.0
    138  7  4  330   5 2p 8f            4.87170E-01  6.17086E+00 21.0
    139  7  4  110   7 2p 9p            5.33210E-01  6.21690E+00  3.0
    140  7  4  310   8 2p 9p            5.35942E-01  6.21963E+00  9.0
    141  7  4  121   7 2p 9d            5.37673E-01  6.22136E+00  5.0
    142  7  4  321   7 2p 9d            5.39477E-01  6.22317E+00 15.0
    143  7  4  130   6 2p 9f            5.39946E-01  6.22364E+00  7.0
    144  7  4  330   6 2p 9f            5.40037E-01  6.22373E+00 21.0
    145  7  4  110   8 2p10p            5.72879E-01  6.25657E+00  3.0
    146  7  4  310   9 2p10p            5.74841E-01  6.25853E+00  9.0
    147  7  4  121   8 2p10d            5.76109E-01  6.25980E+00  5.0
    148  7  4  321   8 2p10d            5.77412E-01  6.26110E+00 15.0
    149  7  4  130   7 2p10f            5.77755E-01  6.26145E+00  7.0
    150  7  4  330   7 2p10f            5.77822E-01  6.26151E+00 21.0
 ====================================================================
