 ====================================================================
      i NZ NE iSLP iLV iCONF                 E(RYD)      TE(RYD)   gi
 ====================================================================
      1  7  3  200   1 1s2 2s          -7.18774E+00  0.00000E+00  2.0
      2  7  3  211   1 1s2 2p          -6.45458E+00  7.33160E-01  6.0
      3  7  3  200   2 1s2 3s          -3.03612E+00  4.15162E+00  2.0
      4  7  3  211   2 1s2 3p          -2.83878E+00  4.34896E+00  6.0
      5  7  3  220   1 1s2 3d          -2.78020E+00  4.40754E+00 10.0
      6  7  3  200   3 1s2 4s          -1.66848E+00  5.51926E+00  2.0
      7  7  3  211   3 1s2 4p          -1.58828E+00  5.59946E+00  6.0
      8  7  3  220   2 1s2 4d          -1.56374E+00  5.62400E+00 10.0
      9  7  3  200   4 1s2 5s          -1.05346E+00  6.13428E+00  2.0
     10  7  3  211   4 1s2 5p          -1.01321E+00  6.17453E+00  6.0
     11  7  3  220   3 1s2 5d          -1.00068E+00  6.18706E+00 10.0
     12  7  3  200   5 1s2 6s          -7.25103E-01  6.46264E+00  2.0
     13  7  3  211   5 1s2 6p          -7.02084E-01  6.48566E+00  6.0
     14  7  3  220   4 1s2 6d          -6.94856E-01  6.49288E+00 10.0
     15  7  3  200   6 1s2 7s          -5.29392E-01  6.65835E+00  2.0
     16  7  3  211   6 1s2 7p          -5.15013E-01  6.67273E+00  6.0
     17  7  3  220   5 1s2 7d          -5.10469E-01  6.67727E+00 10.0
     18  7  3  200   7 1s2 8s          -4.03422E-01  6.78432E+00  2.0
     19  7  3  211   7 1s2 8p          -3.93845E-01  6.79389E+00  6.0
     20  7  3  220   6 1s2 8d          -3.90805E-01  6.79694E+00 10.0
     21  7  3  200   8 1s2 9s          -3.17600E-01  6.87014E+00  2.0
     22  7  3  211   8 1s2 9p          -3.10902E-01  6.87684E+00  6.0
     23  7  3  220   7 1s2 9d          -3.08770E-01  6.87897E+00 10.0
     24  7  3  200   9 1s210s          -2.56513E-01  6.93123E+00  2.0
     25  7  3  211   9 1s210p          -2.51647E-01  6.93609E+00  6.0
     26  7  3  220   8 1s210d          -2.50094E-01  6.93765E+00 10.0
 ====================================================================
