 ====================================================================
      i NZ NE iSLP iLV iCONF                 E(RYD)      TE(RYD)   gi
 ====================================================================
      1  7  2  100   1 1s2             -4.05249E+01  0.00000E+00  1.0
      2  7  2  300   1 1s 2s           -9.71504E+00  3.08099E+01  3.0
      3  7  2  311   1 1s 2p           -9.24083E+00  3.12841E+01  9.0
      4  7  2  100   2 1s 2s           -9.22280E+00  3.13021E+01  1.0
      5  7  2  111   1 1s 2p           -8.91670E+00  3.16082E+01  3.0
      6  7  2  300   2 1s 3s           -4.19768E+00  3.63272E+01  3.0
      7  7  2  311   2 1s 3p           -4.06870E+00  3.64562E+01  9.0
      8  7  2  100   3 1s 3s           -4.06733E+00  3.64576E+01  1.0
      9  7  2  320   1 1s 3d           -4.00300E+00  3.65219E+01 15.0
     10  7  2  120   1 1s 3d           -4.00016E+00  3.65247E+01  5.0
     11  7  2  111   2 1s 3p           -3.97794E+00  3.65470E+01  3.0
     12  7  2  300   3 1s 4s           -2.33129E+00  3.81936E+01  3.0
     13  7  2  311   3 1s 4p           -2.27866E+00  3.82462E+01  9.0
     14  7  2  100   4 1s 4s           -2.27854E+00  3.82464E+01  1.0
     15  7  2  320   2 1s 4d           -2.25157E+00  3.82733E+01 15.0
     16  7  2  120   2 1s 4d           -2.25001E+00  3.82749E+01  5.0
     17  7  2  111   3 1s 4p           -2.24119E+00  3.82837E+01  3.0
     18  7  2  300   4 1s 5s           -1.48109E+00  3.90438E+01  3.0
     19  7  2  100   5 1s 5s           -1.45466E+00  3.90702E+01  1.0
     20  7  2  311   4 1s 5p           -1.45462E+00  3.90703E+01  9.0
     21  7  2  320   3 1s 5d           -1.44089E+00  3.90840E+01 15.0
     22  7  2  120   3 1s 5d           -1.44002E+00  3.90849E+01  5.0
     23  7  2  111   4 1s 5p           -1.43564E+00  3.90893E+01  3.0
     24  7  2  300   5 1s 6s           -1.02361E+00  3.95013E+01  3.0
     25  7  2  100   6 1s 6s           -1.00849E+00  3.95164E+01  1.0
     26  7  2  311   5 1s 6p           -1.00843E+00  3.95165E+01  9.0
     27  7  2  320   4 1s 6d           -1.00052E+00  3.95244E+01 15.0
     28  7  2  120   4 1s 6d           -9.99996E-01  3.95249E+01  5.0
     29  7  2  111   5 1s 6p           -9.97506E-01  3.95274E+01  3.0
     30  7  2  300   6 1s 7s           -7.49492E-01  3.97754E+01  3.0
     31  7  2  100   7 1s 7s           -7.40041E-01  3.97849E+01  1.0
     32  7  2  311   6 1s 7p           -7.39985E-01  3.97849E+01  9.0
     33  7  2  320   5 1s 7d           -7.35029E-01  3.97899E+01 15.0
     34  7  2  120   5 1s 7d           -7.34687E-01  3.97902E+01  5.0
     35  7  2  111   6 1s 7p           -7.33132E-01  3.97918E+01  3.0
     36  7  2  300   7 1s 8s           -5.72382E-01  3.99525E+01  3.0
     37  7  2  100   8 1s 8s           -5.66081E-01  3.99588E+01  1.0
     38  7  2  311   7 1s 8p           -5.66037E-01  3.99589E+01  9.0
     39  7  2  320   6 1s 8d           -5.62728E-01  3.99622E+01 15.0
     40  7  2  120   6 1s 8d           -5.62495E-01  3.99624E+01  5.0
     41  7  2  111   7 1s 8p           -5.61458E-01  3.99634E+01  3.0
     42  7  2  300   8 1s 9s           -4.51369E-01  4.00735E+01  3.0
     43  7  2  100   9 1s 9s           -4.46959E-01  4.00779E+01  1.0
     44  7  2  311   8 1s 9p           -4.46926E-01  4.00780E+01  9.0
     45  7  2  320   7 1s 9d           -4.44606E-01  4.00803E+01 15.0
     46  7  2  120   7 1s 9d           -4.44441E-01  4.00805E+01  5.0
     47  7  2  111   8 1s 9p           -4.43715E-01  4.00812E+01  3.0
     48  7  2  300   9 1s10s           -3.65039E-01  4.01599E+01  3.0
     49  7  2  100  10 1s10s           -3.61833E-01  4.01631E+01  1.0
     50  7  2  311   9 1s10p           -3.61807E-01  4.01631E+01  9.0
     51  7  2  320   8 1s10d           -3.60120E-01  4.01648E+01 15.0
     52  7  2  120   8 1s10d           -3.59998E-01  4.01649E+01  5.0
     53  7  2  111   9 1s10p           -3.59469E-01  4.01654E+01  3.0
 ====================================================================
