 ====================================================================
      i NZ NE iSLP iLV iCONF                 E(RYD)      TE(RYD)   gi
 ====================================================================
      1  7  1  200   1 () 1s           -4.90000E+01  0.00000E+00  2.0
      2  7  1  200   2 () 2s           -1.22500E+01  3.67500E+01  2.0
      3  7  1  211   1 () 2p           -1.22500E+01  3.67500E+01  6.0
      4  7  1  220   1 () 3d           -5.44444E+00  4.35556E+01 10.0
      5  7  1  200   3 () 3s           -5.44444E+00  4.35556E+01  2.0
      6  7  1  211   2 () 3p           -5.44444E+00  4.35556E+01  6.0
      7  7  1  211   3 () 4p           -3.06250E+00  4.59375E+01  6.0
      8  7  1  220   2 () 4d           -3.06250E+00  4.59375E+01 10.0
      9  7  1  231   1 () 4f           -3.06250E+00  4.59375E+01 14.0
     10  7  1  200   4 () 4s           -3.06250E+00  4.59375E+01  2.0
     11  7  1  211   4 () 5p           -1.96000E+00  4.70400E+01  6.0
     12  7  1  220   3 () 5d           -1.96000E+00  4.70400E+01 10.0
     13  7  1  231   2 () 5f           -1.96000E+00  4.70400E+01 14.0
     14  7  1  240   1 () 5g           -1.96000E+00  4.70400E+01 18.0
     15  7  1  200   5 () 5s           -1.96000E+00  4.70400E+01  2.0
     16  7  1  200   6 () 6s           -1.36111E+00  4.76389E+01  2.0
     17  7  1  220   4 () 6d           -1.36111E+00  4.76389E+01 10.0
     18  7  1  231   3 () 6f           -1.36111E+00  4.76389E+01 14.0
     19  7  1  251   1 () 6h           -1.36111E+00  4.76389E+01 22.0
     20  7  1  240   2 () 6g           -1.36111E+00  4.76389E+01 18.0
     21  7  1  211   5 () 6p           -1.36111E+00  4.76389E+01  6.0
     22  7  1  231   4 () 7f           -1.00000E+00  4.80000E+01 14.0
     23  7  1  200   7 () 7s           -1.00000E+00  4.80000E+01  2.0
     24  7  1  220   5 () 7d           -1.00000E+00  4.80000E+01 10.0
     25  7  1  260   1 () 7i           -1.00000E+00  4.80000E+01 26.0
     26  7  1  251   2 () 7h           -1.00000E+00  4.80000E+01 22.0
     27  7  1  240   3 () 7g           -1.00000E+00  4.80000E+01 18.0
     28  7  1  211   6 () 7p           -1.00000E+00  4.80000E+01  6.0
     29  7  1  271   1 () 8k           -7.65625E-01  4.82344E+01 30.0
     30  7  1  260   2 () 8i           -7.65625E-01  4.82344E+01 26.0
     31  7  1  251   3 () 8h           -7.65625E-01  4.82344E+01 22.0
     32  7  1  220   6 () 8d           -7.65625E-01  4.82344E+01 10.0
     33  7  1  240   4 () 8g           -7.65625E-01  4.82344E+01 18.0
     34  7  1  211   7 () 8p           -7.65625E-01  4.82344E+01  6.0
     35  7  1  200   8 () 8s           -7.65625E-01  4.82344E+01  2.0
     36  7  1  231   5 () 8f           -7.65625E-01  4.82344E+01 14.0
     37  7  1  220   7 () 9d           -6.04938E-01  4.83951E+01 10.0
     38  7  1  271   2 () 9k           -6.04938E-01  4.83951E+01 30.0
     39  7  1  260   3 () 9i           -6.04938E-01  4.83951E+01 26.0
     40  7  1  251   4 () 9h           -6.04938E-01  4.83951E+01 22.0
     41  7  1  280   1 () 9l           -6.04938E-01  4.83951E+01 34.0
     42  7  1  240   5 () 9g           -6.04938E-01  4.83951E+01 18.0
     43  7  1  200   9 () 9s           -6.04938E-01  4.83951E+01  2.0
     44  7  1  211   8 () 9p           -6.04938E-01  4.83951E+01  6.0
     45  7  1  231   6 () 9f           -6.04938E-01  4.83951E+01 14.0
     46  7  1  280   2 ()10l           -4.90000E-01  4.85100E+01 34.0
     47  7  1  220   8 ()10d           -4.90000E-01  4.85100E+01 10.0
     48  7  1  271   3 ()10k           -4.90000E-01  4.85100E+01 30.0
     49  7  1  260   4 ()10i           -4.90000E-01  4.85100E+01 26.0
     50  7  1  251   5 ()10h           -4.90000E-01  4.85100E+01 22.0
     51  7  1  240   6 ()10g           -4.90000E-01  4.85100E+01 18.0
     52  7  1  200  10 ()10s           -4.90000E-01  4.85100E+01  2.0
     53  7  1  211   9 ()10p           -4.90000E-01  4.85100E+01  6.0
     54  7  1  291   1 ()10m           -4.90000E-01  4.85100E+01 38.0
     55  7  1  231   7 ()10f           -4.90000E-01  4.85100E+01 14.0
 ====================================================================
