 ====================================================================
      i NZ NE iSLP iLV iCONF                 E(RYD)      TE(RYD)   gi
 ====================================================================
      1  3  3  200   1 1s2 2s          -3.95287E-01  0.00000E+00  2.0
      2  3  3  211   1 1s2 2p          -2.60086E-01  1.35201E-01  6.0
      3  3  3  200   2 1s2 3s          -1.48117E-01  2.47170E-01  2.0
      4  3  3  211   2 1s2 3p          -1.14344E-01  2.80943E-01  6.0
      5  3  3  220   1 1s2 3d          -1.11183E-01  2.84104E-01 10.0
      6  3  3  200   3 1s2 4s          -7.71402E-02  3.18147E-01  2.0
      7  3  3  211   3 1s2 4p          -6.38932E-02  3.31394E-01  6.0
      8  3  3  220   2 1s2 4d          -6.25392E-02  3.32748E-01 10.0
      9  3  3  200   4 1s2 5s          -4.72310E-02  3.48056E-01  2.0
     10  3  3  211   4 1s2 5p          -4.07192E-02  3.54568E-01  6.0
     11  3  3  220   3 1s2 5d          -4.00221E-02  3.55265E-01 10.0
     12  3  3  200   5 1s2 6s          -3.18671E-02  3.63420E-01  2.0
     13  3  3  211   5 1s2 6p          -2.81956E-02  3.67091E-01  6.0
     14  3  3  220   4 1s2 6d          -2.77912E-02  3.67496E-01 10.0
     15  3  3  200   6 1s2 7s          -2.29424E-02  3.72345E-01  2.0
     16  3  3  211   6 1s2 7p          -2.06718E-02  3.74615E-01  6.0
     17  3  3  220   5 1s2 7d          -2.04168E-02  3.74870E-01 10.0
     18  3  3  200   7 1s2 8s          -1.73028E-02  3.77984E-01  2.0
     19  3  3  211   7 1s2 8p          -1.58018E-02  3.79485E-01  6.0
     20  3  3  220   6 1s2 8d          -1.56309E-02  3.79656E-01 10.0
     21  3  3  200   8 1s2 9s          -1.35134E-02  3.81774E-01  2.0
     22  3  3  211   8 1s2 9p          -1.24700E-02  3.82817E-01  6.0
     23  3  3  220   7 1s2 9d          -1.23499E-02  3.82937E-01 10.0
     24  3  3  200   9 1s210s          -1.08452E-02  3.84442E-01  2.0
     25  3  3  211   9 1s210p          -1.00906E-02  3.85196E-01  6.0
     26  3  3  220   8 1s210d          -1.00031E-02  3.85284E-01 10.0
 ====================================================================
