 ====================================================================
      i NZ NE iSLP iLV iCONF                 E(RYD)      TE(RYD)   gi
 ====================================================================
      1  3  1  200   1 () 1s           -9.00000E+00  0.00000E+00  2.0
      2  3  1  200   2 () 2s           -2.25000E+00  6.75000E+00  2.0
      3  3  1  211   1 () 2p           -2.25000E+00  6.75000E+00  6.0
      4  3  1  220   1 () 3d           -1.00000E+00  8.00000E+00 10.0
      5  3  1  200   3 () 3s           -1.00000E+00  8.00000E+00  2.0
      6  3  1  211   2 () 3p           -1.00000E+00  8.00000E+00  6.0
      7  3  1  211   3 () 4p           -5.62500E-01  8.43750E+00  6.0
      8  3  1  220   2 () 4d           -5.62500E-01  8.43750E+00 10.0
      9  3  1  231   1 () 4f           -5.62500E-01  8.43750E+00 14.0
     10  3  1  200   4 () 4s           -5.62500E-01  8.43750E+00  2.0
     11  3  1  211   4 () 5p           -3.60000E-01  8.64000E+00  6.0
     12  3  1  220   3 () 5d           -3.60000E-01  8.64000E+00 10.0
     13  3  1  231   2 () 5f           -3.60000E-01  8.64000E+00 14.0
     14  3  1  240   1 () 5g           -3.60000E-01  8.64000E+00 18.0
     15  3  1  200   5 () 5s           -3.60000E-01  8.64000E+00  2.0
     16  3  1  200   6 () 6s           -2.50000E-01  8.75000E+00  2.0
     17  3  1  220   4 () 6d           -2.50000E-01  8.75000E+00 10.0
     18  3  1  231   3 () 6f           -2.50000E-01  8.75000E+00 14.0
     19  3  1  251   1 () 6h           -2.50000E-01  8.75000E+00 22.0
     20  3  1  240   2 () 6g           -2.50000E-01  8.75000E+00 18.0
     21  3  1  211   5 () 6p           -2.50000E-01  8.75000E+00  6.0
     22  3  1  231   4 () 7f           -1.83673E-01  8.81633E+00 14.0
     23  3  1  200   7 () 7s           -1.83673E-01  8.81633E+00  2.0
     24  3  1  220   5 () 7d           -1.83673E-01  8.81633E+00 10.0
     25  3  1  260   1 () 7i           -1.83673E-01  8.81633E+00 26.0
     26  3  1  251   2 () 7h           -1.83673E-01  8.81633E+00 22.0
     27  3  1  240   3 () 7g           -1.83673E-01  8.81633E+00 18.0
     28  3  1  211   6 () 7p           -1.83673E-01  8.81633E+00  6.0
     29  3  1  271   1 () 8k           -1.40625E-01  8.85938E+00 30.0
     30  3  1  260   2 () 8i           -1.40625E-01  8.85938E+00 26.0
     31  3  1  251   3 () 8h           -1.40625E-01  8.85938E+00 22.0
     32  3  1  220   6 () 8d           -1.40625E-01  8.85938E+00 10.0
     33  3  1  240   4 () 8g           -1.40625E-01  8.85938E+00 18.0
     34  3  1  211   7 () 8p           -1.40625E-01  8.85938E+00  6.0
     35  3  1  200   8 () 8s           -1.40625E-01  8.85938E+00  2.0
     36  3  1  231   5 () 8f           -1.40625E-01  8.85938E+00 14.0
     37  3  1  220   7 () 9d           -1.11111E-01  8.88889E+00 10.0
     38  3  1  271   2 () 9k           -1.11111E-01  8.88889E+00 30.0
     39  3  1  260   3 () 9i           -1.11111E-01  8.88889E+00 26.0
     40  3  1  251   4 () 9h           -1.11111E-01  8.88889E+00 22.0
     41  3  1  280   1 () 9l           -1.11111E-01  8.88889E+00 34.0
     42  3  1  240   5 () 9g           -1.11111E-01  8.88889E+00 18.0
     43  3  1  200   9 () 9s           -1.11111E-01  8.88889E+00  2.0
     44  3  1  211   8 () 9p           -1.11111E-01  8.88889E+00  6.0
     45  3  1  231   6 () 9f           -1.11111E-01  8.88889E+00 14.0
     46  3  1  280   2 ()10l           -9.00000E-02  8.91000E+00 34.0
     47  3  1  220   8 ()10d           -9.00000E-02  8.91000E+00 10.0
     48  3  1  271   3 ()10k           -9.00000E-02  8.91000E+00 30.0
     49  3  1  260   4 ()10i           -9.00000E-02  8.91000E+00 26.0
     50  3  1  251   5 ()10h           -9.00000E-02  8.91000E+00 22.0
     51  3  1  240   6 ()10g           -9.00000E-02  8.91000E+00 18.0
     52  3  1  200  10 ()10s           -9.00000E-02  8.91000E+00  2.0
     53  3  1  211   9 ()10p           -9.00000E-02  8.91000E+00  6.0
     54  3  1  291   1 ()10m           -9.00000E-02  8.91000E+00 38.0
     55  3  1  231   7 ()10f           -9.00000E-02  8.91000E+00 14.0
 ====================================================================
