 ====================================================================
      i NZ NE iSLP iLV iCONF                 E(RYD)      TE(RYD)   gi
 ====================================================================
      1 10 10  100   1 2s2 2p6         -1.66120E+00  0.00000E+00  1.0
      2 10 10  311   1 2p5 3s          -3.50232E-01  1.31097E+00  9.0
      3 10 10  111   1 2p5 3s          -3.37101E-01  1.32410E+00  3.0
      4 10 10  300   1 2p5 3p          -2.28449E-01  1.43275E+00  3.0
      5 10 10  320   1 2p5 3p          -2.16733E-01  1.44447E+00 15.0
      6 10 10  120   1 2p5 3p          -2.13085E-01  1.44812E+00  5.0
      7 10 10  110   1 2p5 3p          -2.10847E-01  1.45035E+00  3.0
      8 10 10  310   1 2p5 3p          -2.10635E-01  1.45057E+00  9.0
      9 10 10  100   2 2p5 3p          -1.88492E-01  1.47271E+00  1.0
     10 10 10  311   2 2p5 4s          -1.36937E-01  1.52426E+00  9.0
     11 10 10  111   2 2p5 4s          -1.33706E-01  1.52749E+00  3.0
     12 10 10  311   3 2p5 3d          -1.11898E-01  1.54930E+00  9.0
     13 10 10  331   1 2p5 3d          -1.11596E-01  1.54960E+00 21.0
     14 10 10  131   1 2p5 3d          -1.11507E-01  1.54969E+00  7.0
     15 10 10  111   3 2p5 3d          -1.11400E-01  1.54980E+00  3.0
     16 10 10  121   1 2p5 3d          -1.11017E-01  1.55018E+00  5.0
     17 10 10  321   1 2p5 3d          -1.11015E-01  1.55019E+00 15.0
     18 10 10  300   2 2p5 4p          -1.03282E-01  1.55792E+00  3.0
     19 10 10  320   2 2p5 4p          -9.98832E-02  1.56132E+00 15.0
     20 10 10  120   2 2p5 4p          -9.86694E-02  1.56253E+00  5.0
     21 10 10  110   2 2p5 4p          -9.80915E-02  1.56311E+00  3.0
     22 10 10  310   2 2p5 4p          -9.80184E-02  1.56318E+00  9.0
     23 10 10  100   3 2p5 4p          -9.02508E-02  1.57095E+00  1.0
     24 10 10  311   4 2p5 5s          -7.28005E-02  1.58840E+00  9.0
     25 10 10  111   4 2p5 5s          -7.15451E-02  1.58965E+00  3.0
     26 10 10  311   5 2p5 4d          -6.29416E-02  1.59826E+00  9.0
     27 10 10  331   2 2p5 4d          -6.27767E-02  1.59842E+00 21.0
     28 10 10  131   2 2p5 4d          -6.27251E-02  1.59847E+00  7.0
     29 10 10  111   5 2p5 4d          -6.26508E-02  1.59855E+00  3.0
     30 10 10  320   3 2p5 4f          -6.25067E-02  1.59869E+00 15.0
     31 10 10  120   3 2p5 4f          -6.25057E-02  1.59869E+00  5.0
     32 10 10  340   1 2p5 4f          -6.25029E-02  1.59870E+00 27.0
     33 10 10  140   1 2p5 4f          -6.25027E-02  1.59870E+00  9.0
     34 10 10  330   1 2p5 4f          -6.24945E-02  1.59871E+00 21.0
     35 10 10  130   1 2p5 4f          -6.24945E-02  1.59871E+00  7.0
     36 10 10  121   2 2p5 4d          -6.24642E-02  1.59874E+00  5.0
     37 10 10  321   2 2p5 4d          -6.24630E-02  1.59874E+00 15.0
     38 10 10  300   3 2p5 5p          -5.89691E-02  1.60223E+00  3.0
     39 10 10  320   4 2p5 5p          -5.75179E-02  1.60368E+00 15.0
     40 10 10  120   4 2p5 5p          -5.69761E-02  1.60422E+00  5.0
     41 10 10  110   3 2p5 5p          -5.67419E-02  1.60446E+00  3.0
     42 10 10  310   3 2p5 5p          -5.67089E-02  1.60449E+00  9.0
     43 10 10  100   4 2p5 5p          -5.31489E-02  1.60805E+00  1.0
     44 10 10  311   6 2p5 6s          -4.51172E-02  1.61608E+00  9.0
     45 10 10  111   6 2p5 6s          -4.45036E-02  1.61670E+00  3.0
     46 10 10  311   7 2p5 5d          -4.02512E-02  1.62095E+00  9.0
     47 10 10  331   3 2p5 5d          -4.01589E-02  1.62104E+00 21.0
     48 10 10  131   3 2p5 5d          -4.01289E-02  1.62107E+00  7.0
     49 10 10  111   7 2p5 5d          -4.00829E-02  1.62112E+00  3.0
     50 10 10  320   5 2p5 5f          -4.00054E-02  1.62119E+00 15.0
     51 10 10  120   5 2p5 5f          -4.00046E-02  1.62120E+00  5.0
     52 10 10  340   2 2p5 5f          -4.00024E-02  1.62120E+00 27.0
     53 10 10  140   2 2p5 5f          -4.00022E-02  1.62120E+00  9.0
     54 10 10  131   4 2p5 5g          -4.00000E-02  1.62120E+00  7.0
     55 10 10  331   4 2p5 5g          -4.00000E-02  1.62120E+00 21.0
     56 10 10  141   1 2p5 5g          -4.00000E-02  1.62120E+00  9.0
     57 10 10  341   1 2p5 5g          -4.00000E-02  1.62120E+00 27.0
     58 10 10  130   2 2p5 5f          -3.99956E-02  1.62120E+00  7.0
     59 10 10  330   2 2p5 5f          -3.99956E-02  1.62120E+00 21.0
     60 10 10  121   3 2p5 5d          -3.99840E-02  1.62122E+00  5.0
     61 10 10  321   3 2p5 5d          -3.99833E-02  1.62122E+00 15.0
     62 10 10  300   4 2p5 6p          -3.81332E-02  1.62307E+00  3.0
     63 10 10  320   6 2p5 6p          -3.73809E-02  1.62382E+00 15.0
     64 10 10  120   6 2p5 6p          -3.70941E-02  1.62411E+00  5.0
     65 10 10  110   4 2p5 6p          -3.69758E-02  1.62422E+00  3.0
     66 10 10  310   4 2p5 6p          -3.69582E-02  1.62424E+00  9.0
     67 10 10  100   5 2p5 6p          -3.50440E-02  1.62616E+00  1.0
     68 10 10  311   8 2p5 7s          -3.06839E-02  1.63052E+00  9.0
     69 10 10  111   8 2p5 7s          -3.03393E-02  1.63086E+00  3.0
     70 10 10  311   9 2p5 6d          -2.79308E-02  1.63327E+00  9.0
     71 10 10  331   5 2p5 6d          -2.78751E-02  1.63332E+00 21.0
     72 10 10  131   5 2p5 6d          -2.78567E-02  1.63334E+00  7.0
     73 10 10  111   9 2p5 6d          -2.78274E-02  1.63337E+00  3.0
     74 10 10  320   7 2p5 6f          -2.77816E-02  1.63342E+00 15.0
     75 10 10  120   7 2p5 6f          -2.77811E-02  1.63342E+00  5.0
     76 10 10  340   3 2p5 6f          -2.77795E-02  1.63342E+00 27.0
     77 10 10  140   3 2p5 6f          -2.77794E-02  1.63342E+00  9.0
     78 10 10  331   6 2p5 6g          -2.77778E-02  1.63342E+00 21.0
     79 10 10  340   4 2p5 6h          -2.77778E-02  1.63342E+00 27.0
     80 10 10  140   4 2p5 6h          -2.77778E-02  1.63342E+00  9.0
     81 10 10  131   6 2p5 6g          -2.77778E-02  1.63342E+00  7.0
     82 10 10  341   2 2p5 6g          -2.77777E-02  1.63342E+00 27.0
     83 10 10  141   2 2p5 6g          -2.77777E-02  1.63342E+00  9.0
     84 10 10  130   3 2p5 6f          -2.77746E-02  1.63343E+00  7.0
     85 10 10  330   3 2p5 6f          -2.77746E-02  1.63343E+00 21.0
     86 10 10  121   4 2p5 6d          -2.77695E-02  1.63343E+00  5.0
     87 10 10  321   4 2p5 6d          -2.77691E-02  1.63343E+00 15.0
     88 10 10  300   5 2p5 7p          -2.66773E-02  1.63452E+00  3.0
     89 10 10  320   8 2p5 7p          -2.62375E-02  1.63496E+00 15.0
     90 10 10  120   8 2p5 7p          -2.60679E-02  1.63513E+00  5.0
     91 10 10  110   5 2p5 7p          -2.59997E-02  1.63520E+00  3.0
     92 10 10  310   5 2p5 7p          -2.59892E-02  1.63521E+00  9.0
     93 10 10  100   6 2p5 7p          -2.48452E-02  1.63635E+00  1.0
     94 10 10  311  10 2p5 8s          -2.22149E-02  1.63899E+00  9.0
     95 10 10  111  10 2p5 8s          -2.20024E-02  1.63920E+00  3.0
     96 10 10  311  11 2p5 7d          -2.05075E-02  1.64069E+00  9.0
     97 10 10  331   7 2p5 7d          -2.04715E-02  1.64073E+00 21.0
     98 10 10  131   7 2p5 7d          -2.04595E-02  1.64074E+00  7.0
     99 10 10  111  11 2p5 7d          -2.04400E-02  1.64076E+00  3.0
    100 10 10  320   9 2p5 7f          -2.04109E-02  1.64079E+00 15.0
    101 10 10  120   9 2p5 7f          -2.04104E-02  1.64079E+00  5.0
    102 10 10  340   5 2p5 7f          -2.04094E-02  1.64079E+00 27.0
    103 10 10  140   5 2p5 7f          -2.04093E-02  1.64079E+00  9.0
    104 10 10  140   6 2p5 7h          -2.04082E-02  1.64079E+00  9.0
    105 10 10  340   6 2p5 7h          -2.04082E-02  1.64079E+00 27.0
    106 10 10  141   3 2p5 7g          -2.04081E-02  1.64079E+00  9.0
    107 10 10  331   8 2p5 7g          -2.04081E-02  1.64079E+00 21.0
    108 10 10  341   3 2p5 7g          -2.04081E-02  1.64079E+00 27.0
    109 10 10  131   8 2p5 7g          -2.04081E-02  1.64079E+00  7.0
    110 10 10  130   4 2p5 7f          -2.04060E-02  1.64079E+00  7.0
    111 10 10  330   4 2p5 7f          -2.04060E-02  1.64079E+00 21.0
    112 10 10  121   5 2p5 7d          -2.04033E-02  1.64080E+00  5.0
    113 10 10  321   5 2p5 7d          -2.04031E-02  1.64080E+00 15.0
    114 10 10  300   6 2p5 8p          -1.97069E-02  1.64149E+00  3.0
    115 10 10  320  10 2p5 8p          -1.94278E-02  1.64177E+00 15.0
    116 10 10  120  10 2p5 8p          -1.93193E-02  1.64188E+00  5.0
    117 10 10  110   6 2p5 8p          -1.92763E-02  1.64192E+00  3.0
    118 10 10  310   6 2p5 8p          -1.92696E-02  1.64193E+00  9.0
    119 10 10  100   7 2p5 8p          -1.85327E-02  1.64267E+00  1.0
    120 10 10  311  12 2p5 9s          -1.68241E-02  1.64438E+00  9.0
    121 10 10  111  12 2p5 9s          -1.66839E-02  1.64452E+00  3.0
    122 10 10  311  13 2p5 8d          -1.56928E-02  1.64551E+00  9.0
    123 10 10  331   9 2p5 8d          -1.56683E-02  1.64553E+00 21.0
    124 10 10  131   9 2p5 8d          -1.56601E-02  1.64554E+00  7.0
    125 10 10  111  13 2p5 8d          -1.56466E-02  1.64555E+00  3.0
    126 10 10  320  11 2p5 8f          -1.56269E-02  1.64557E+00 15.0
    127 10 10  120  11 2p5 8f          -1.56266E-02  1.64557E+00  5.0
    128 10 10  340   7 2p5 8f          -1.56259E-02  1.64557E+00 27.0
    129 10 10  140   7 2p5 8f          -1.56258E-02  1.64557E+00  9.0
    130 10 10  141   4 2p5 8g          -1.56250E-02  1.64558E+00  9.0
    131 10 10  340   8 2p5 8h          -1.56250E-02  1.64558E+00 27.0
    132 10 10  140   8 2p5 8h          -1.56250E-02  1.64558E+00  9.0
    133 10 10  341   4 2p5 8g          -1.56250E-02  1.64558E+00 27.0
    134 10 10  331  10 2p5 8g          -1.56250E-02  1.64558E+00 21.0
    135 10 10  131  10 2p5 8g          -1.56250E-02  1.64558E+00  7.0
    136 10 10  130   5 2p5 8f          -1.56234E-02  1.64558E+00  7.0
    137 10 10  330   5 2p5 8f          -1.56234E-02  1.64558E+00 21.0
    138 10 10  121   6 2p5 8d          -1.56220E-02  1.64558E+00  5.0
    139 10 10  321   6 2p5 8d          -1.56218E-02  1.64558E+00 15.0
    140 10 10  300   7 2p5 9p          -1.51514E-02  1.64605E+00  3.0
    141 10 10  320  12 2p5 9p          -1.49632E-02  1.64624E+00 15.0
    142 10 10  120  12 2p5 9p          -1.48897E-02  1.64631E+00  5.0
    143 10 10  110   7 2p5 9p          -1.48609E-02  1.64634E+00  3.0
    144 10 10  310   7 2p5 9p          -1.48563E-02  1.64634E+00  9.0
    145 10 10  100   8 2p5 9p          -1.43542E-02  1.64685E+00  1.0
    146 10 10  311  14 2p510s          -1.31819E-02  1.64802E+00  9.0
    147 10 10  111  14 2p510s          -1.30846E-02  1.64812E+00  3.0
    148 10 10  311  15 2p5 9d          -1.23939E-02  1.64881E+00  9.0
    149 10 10  331  11 2p5 9d          -1.23765E-02  1.64882E+00 21.0
    150 10 10  131  11 2p5 9d          -1.23706E-02  1.64883E+00  7.0
    151 10 10  111  15 2p5 9d          -1.23609E-02  1.64884E+00  3.0
    152 10 10  320  13 2p5 9f          -1.23471E-02  1.64885E+00 15.0
    153 10 10  120  13 2p5 9f          -1.23469E-02  1.64885E+00  5.0
    154 10 10  340   9 2p5 9f          -1.23463E-02  1.64885E+00 27.0
    155 10 10  140   9 2p5 9f          -1.23463E-02  1.64885E+00  9.0
    156 10 10  141   5 2p5 9g          -1.23457E-02  1.64885E+00  9.0
    157 10 10  341   5 2p5 9g          -1.23457E-02  1.64885E+00 27.0
    158 10 10  340  10 2p5 9h          -1.23457E-02  1.64885E+00 27.0
    159 10 10  140  10 2p5 9h          -1.23457E-02  1.64885E+00  9.0
    160 10 10  331  12 2p5 9g          -1.23457E-02  1.64885E+00 21.0
    161 10 10  131  12 2p5 9g          -1.23457E-02  1.64885E+00  7.0
    162 10 10  130   6 2p5 9f          -1.23445E-02  1.64886E+00  7.0
    163 10 10  330   6 2p5 9f          -1.23445E-02  1.64886E+00 21.0
    164 10 10  121   7 2p5 9d          -1.23436E-02  1.64886E+00  5.0
    165 10 10  321   7 2p5 9d          -1.23435E-02  1.64886E+00 15.0
    166 10 10  300   8 2p510p          -1.20111E-02  1.64919E+00  3.0
    167 10 10  320  14 2p510p          -1.18782E-02  1.64932E+00 15.0
    168 10 10  120  14 2p510p          -1.18261E-02  1.64937E+00  5.0
    169 10 10  110   8 2p510p          -1.18059E-02  1.64939E+00  3.0
    170 10 10  310   8 2p510p          -1.18026E-02  1.64940E+00  9.0
    171 10 10  100   9 2p510p          -1.14454E-02  1.64975E+00  1.0
    172 10 10  311  16 2p511s          -1.06062E-02  1.65059E+00  9.0
    173 10 10  111  16 2p511s          -1.05360E-02  1.65066E+00  3.0
    174 10 10  311  17 2p510d          -1.00354E-02  1.65116E+00  9.0
    175 10 10  331  13 2p510d          -1.00227E-02  1.65118E+00 21.0
    176 10 10  131  13 2p510d          -1.00184E-02  1.65118E+00  7.0
    177 10 10  111  17 2p510d          -1.00112E-02  1.65119E+00  3.0
    178 10 10  320  15 2p510f          -1.00011E-02  1.65120E+00 15.0
    179 10 10  120  15 2p510f          -1.00009E-02  1.65120E+00  5.0
    180 10 10  340  11 2p510f          -1.00005E-02  1.65120E+00 27.0
    181 10 10  140  11 2p510f          -1.00004E-02  1.65120E+00  9.0
    182 10 10  340  12 2p510h          -1.00000E-02  1.65120E+00 27.0
    183 10 10  140  12 2p510h          -1.00000E-02  1.65120E+00  9.0
    184 10 10  331  14 2p510g          -9.99999E-03  1.65120E+00 21.0
    185 10 10  131  14 2p510g          -9.99999E-03  1.65120E+00  7.0
    186 10 10  141   6 2p510g          -9.99998E-03  1.65120E+00  9.0
    187 10 10  341   6 2p510g          -9.99998E-03  1.65120E+00 27.0
    188 10 10  330   7 2p510f          -9.99913E-03  1.65120E+00 21.0
    189 10 10  130   7 2p510f          -9.99913E-03  1.65120E+00  7.0
    190 10 10  121   8 2p510d          -9.99856E-03  1.65120E+00  5.0
    191 10 10  321   8 2p510d          -9.99846E-03  1.65120E+00 15.0
 ====================================================================
