 ====================================================================
      i NZ NE iSLP iLV iCONF                 E(RYD)      TE(RYD)   gi
 ====================================================================
      1 10  9  211   1 2s2 2p5         -3.00651E+00  0.00000E+00  6.0
      2 10  9  200   1 2s 2p6          -1.02895E+00  1.97756E+00  2.0
      3 10  9  410   1 2p4(3PE) 3s     -9.98063E-01  2.00845E+00 12.0
      4 10  9  210   1 2p4(3PE) 3s     -9.53671E-01  2.05284E+00  6.0
      5 10  9  411   1 2p4(3PE) 3p     -7.57753E-01  2.24876E+00 12.0
      6 10  9  220   1 2p4(1DE) 3s     -7.50400E-01  2.25611E+00 10.0
      7 10  9  421   1 2p4(3PE) 3p     -7.31663E-01  2.27485E+00 20.0
      8 10  9  221   1 2p4(3PE) 3p     -7.15443E-01  2.29107E+00 10.0
      9 10  9  201   1 2p4(3PE) 3p     -7.02299E-01  2.30421E+00  2.0
     10 10  9  401   1 2p4(3PE) 3p     -7.00568E-01  2.30594E+00  4.0
     11 10  9  211   2 2p4(3PE) 3p     -6.84636E-01  2.32187E+00  6.0
     12 10  9  231   1 2p4(1DE) 3p     -5.02335E-01  2.50417E+00 14.0
     13 10  9  211   3 2p4(1DE) 3p     -4.83651E-01  2.52286E+00  6.0
     14 10  9  221   2 2p4(1DE) 3p     -4.76595E-01  2.52992E+00 10.0
     15 10  9  200   2 2p4(1SE) 3s     -4.73171E-01  2.53334E+00  2.0
     16 10  9  420   1 2p4(3PE) 3d     -4.63786E-01  2.54272E+00 20.0
     17 10  9  430   1 2p4(3PE) 3d     -4.53833E-01  2.55268E+00 28.0
     18 10  9  220   2 2p4(3PE) 3d     -4.51613E-01  2.55490E+00 10.0
     19 10  9  230   1 2p4(3PE) 3d     -4.51284E-01  2.55523E+00 14.0
     20 10  9  410   2 2p4(3PE) 3d     -4.50744E-01  2.55577E+00 12.0
     21 10  9  210   2 2p4(3PE) 3d     -4.45162E-01  2.56135E+00  6.0
     22 10  9  410   3 2p4(3PE) 4s     -4.36807E-01  2.56970E+00 12.0
     23 10  9  210   3 2p4(3PE) 4s     -4.25800E-01  2.58071E+00  6.0
     24 10  9  411   2 2p4(3PE) 4p     -3.62012E-01  2.64450E+00 12.0
     25 10  9  421   2 2p4(3PE) 4p     -3.54533E-01  2.65198E+00 20.0
     26 10  9  221   3 2p4(3PE) 4p     -3.48950E-01  2.65756E+00 10.0
     27 10  9  201   2 2p4(3PE) 4p     -3.46140E-01  2.66037E+00  2.0
     28 10  9  401   2 2p4(3PE) 4p     -3.45514E-01  2.66100E+00  4.0
     29 10  9  211   4 2p4(3PE) 4p     -3.27942E-01  2.67857E+00  6.0
     30 10  9  420   2 2p4(3PE) 4d     -2.59742E-01  2.74677E+00 20.0
     31 10  9  430   2 2p4(3PE) 4d     -2.55444E-01  2.75107E+00 28.0
     32 10  9  230   2 2p4(3PE) 4d     -2.54046E-01  2.75246E+00 14.0
     33 10  9  410   4 2p4(3PE) 4d     -2.53867E-01  2.75264E+00 12.0
     34 10  9  220   3 2p4(3PE) 4d     -2.53633E-01  2.75288E+00 10.0
     35 10  9  210   4 2p4(3PE) 4d     -2.51711E-01  2.75480E+00  6.0
     36 10  9  431   1 2p4(3PE) 4f     -2.50483E-01  2.75603E+00 28.0
     37 10  9  231   2 2p4(3PE) 4f     -2.50421E-01  2.75609E+00 14.0
     38 10  9  441   1 2p4(3PE) 4f     -2.49980E-01  2.75653E+00 36.0
     39 10  9  241   1 2p4(3PE) 4f     -2.49964E-01  2.75655E+00 18.0
     40 10  9  421   3 2p4(3PE) 4f     -2.49815E-01  2.75670E+00 20.0
     41 10  9  221   4 2p4(3PE) 4f     -2.49787E-01  2.75672E+00 10.0
     42 10  9  410   5 2p4(3PE) 5s     -2.46208E-01  2.76030E+00 12.0
     43 10  9  210   5 2p4(3PE) 5s     -2.41484E-01  2.76503E+00  6.0
     44 10  9  240   1 2p4(1DE) 3d     -2.25954E-01  2.78056E+00 18.0
     45 10  9  210   6 2p4(1DE) 3d     -2.24209E-01  2.78230E+00  6.0
     46 10  9  211   5 2p4(1SE) 3p     -2.19968E-01  2.78654E+00  6.0
     47 10  9  200   3 2p4(1DE) 3d     -2.19581E-01  2.78693E+00  2.0
     48 10  9  220   4 2p4(1DE) 3d     -2.19443E-01  2.78707E+00 10.0
     49 10  9  230   3 2p4(1DE) 3d     -2.15046E-01  2.79146E+00 14.0
     50 10  9  411   3 2p4(3PE) 5p     -2.13099E-01  2.79341E+00 12.0
     51 10  9  421   4 2p4(3PE) 5p     -2.09774E-01  2.79674E+00 20.0
     52 10  9  221   5 2p4(3PE) 5p     -2.07278E-01  2.79923E+00 10.0
     53 10  9  201   3 2p4(3PE) 5p     -2.06091E-01  2.80042E+00  2.0
     54 10  9  401   3 2p4(3PE) 5p     -2.05803E-01  2.80071E+00  4.0
     55 10  9  220   5 2p4(1DE) 4s     -2.00517E-01  2.80599E+00 10.0
     56 10  9  211   6 2p4(3PE) 5p     -1.97041E-01  2.80947E+00  6.0
     57 10  9  420   3 2p4(3PE) 5d     -1.65312E-01  2.84120E+00 20.0
     58 10  9  430   3 2p4(3PE) 5d     -1.63120E-01  2.84339E+00 28.0
     59 10  9  230   4 2p4(3PE) 5d     -1.62320E-01  2.84419E+00 14.0
     60 10  9  410   6 2p4(3PE) 5d     -1.62278E-01  2.84423E+00 12.0
     61 10  9  220   6 2p4(3PE) 5d     -1.61652E-01  2.84486E+00 10.0
     62 10  9  210   7 2p4(3PE) 5d     -1.60635E-01  2.84588E+00  6.0
     63 10  9  431   2 2p4(3PE) 5f     -1.60348E-01  2.84616E+00 28.0
     64 10  9  231   3 2p4(3PE) 5f     -1.60297E-01  2.84621E+00 14.0
     65 10  9  441   2 2p4(3PE) 5f     -1.59986E-01  2.84652E+00 36.0
     66 10  9  241   2 2p4(3PE) 5f     -1.59974E-01  2.84654E+00 18.0
     67 10  9  421   5 2p4(3PE) 5f     -1.59870E-01  2.84664E+00 20.0
     68 10  9  221   6 2p4(3PE) 5f     -1.59847E-01  2.84666E+00 10.0
     69 10  9  410   7 2p4(3PE) 6s     -1.57907E-01  2.84860E+00 12.0
     70 10  9  210   8 2p4(3PE) 6s     -1.55459E-01  2.85105E+00  6.0
     71 10  9  411   4 2p4(3PE) 6p     -1.40463E-01  2.86605E+00 12.0
     72 10  9  421   6 2p4(3PE) 6p     -1.38688E-01  2.86782E+00 20.0
     73 10  9  221   7 2p4(3PE) 6p     -1.37385E-01  2.86913E+00 10.0
     74 10  9  211   7 2p4(3PE) 6p     -1.37094E-01  2.86942E+00  6.0
     75 10  9  201   4 2p4(3PE) 6p     -1.36734E-01  2.86978E+00  2.0
     76 10  9  401   4 2p4(3PE) 6p     -1.36578E-01  2.86993E+00  4.0
     77 10  9  231   4 2p4(1DE) 4p     -1.22447E-01  2.88406E+00 14.0
     78 10  9  221   8 2p4(1DE) 4p     -1.15406E-01  2.89110E+00 10.0
     79 10  9  211   8 2p4(1DE) 4p     -1.15013E-01  2.89150E+00  6.0
     80 10  9  420   4 2p4(3PE) 6d     -1.14277E-01  2.89223E+00 20.0
     81 10  9  430   4 2p4(3PE) 6d     -1.13015E-01  2.89350E+00 28.0
     82 10  9  230   5 2p4(3PE) 6d     -1.12535E-01  2.89398E+00 14.0
     83 10  9  410   8 2p4(3PE) 6d     -1.12520E-01  2.89399E+00 12.0
     84 10  9  220   7 2p4(3PE) 6d     -1.12132E-01  2.89438E+00 10.0
     85 10  9  210   9 2p4(3PE) 6d     -1.11597E-01  2.89491E+00  6.0
     86 10  9  431   3 2p4(3PE) 6f     -1.11342E-01  2.89517E+00 28.0
     87 10  9  231   5 2p4(3PE) 6f     -1.11305E-01  2.89521E+00 14.0
     88 10  9  441   3 2p4(3PE) 6f     -1.11100E-01  2.89541E+00 36.0
     89 10  9  241   3 2p4(3PE) 6f     -1.11093E-01  2.89542E+00 18.0
     90 10  9  421   7 2p4(3PE) 6f     -1.11027E-01  2.89548E+00 20.0
     91 10  9  221   9 2p4(3PE) 6f     -1.11011E-01  2.89550E+00 10.0
     92 10  9  410   9 2p4(3PE) 7s     -1.09851E-01  2.89666E+00 12.0
     93 10  9  210  10 2p4(3PE) 7s     -1.08428E-01  2.89808E+00  6.0
     94 10  9  411   5 2p4(3PE) 7p     -9.95592E-02  2.90695E+00 12.0
     95 10  9  421   8 2p4(3PE) 7p     -9.85001E-02  2.90801E+00 20.0
     96 10  9  221  10 2p4(3PE) 7p     -9.76630E-02  2.90885E+00 10.0
     97 10  9  201   5 2p4(3PE) 7p     -9.73369E-02  2.90917E+00  2.0
     98 10  9  401   5 2p4(3PE) 7p     -9.72430E-02  2.90927E+00  4.0
     99 10  9  211   9 2p4(3PE) 7p     -9.27028E-02  2.91381E+00  6.0
    100 10  9  420   5 2p4(3PE) 7d     -8.36589E-02  2.92285E+00 20.0
    101 10  9  430   5 2p4(3PE) 7d     -8.28668E-02  2.92364E+00 28.0
    102 10  9  230   6 2p4(3PE) 7d     -8.25585E-02  2.92395E+00 14.0
    103 10  9  410  10 2p4(3PE) 7d     -8.25535E-02  2.92396E+00 12.0
    104 10  9  220   8 2p4(3PE) 7d     -8.23002E-02  2.92421E+00 10.0
    105 10  9  210  11 2p4(3PE) 7d     -8.19840E-02  2.92453E+00  6.0
    106 10  9  431   4 2p4(3PE) 7f     -8.17887E-02  2.92472E+00 28.0
    107 10  9  231   6 2p4(3PE) 7f     -8.17634E-02  2.92475E+00 14.0
    108 10  9  441   4 2p4(3PE) 7f     -8.16242E-02  2.92489E+00 36.0
    109 10  9  241   4 2p4(3PE) 7f     -8.16194E-02  2.92489E+00 18.0
    110 10  9  421   9 2p4(3PE) 7f     -8.15772E-02  2.92493E+00 20.0
    111 10  9  221  11 2p4(3PE) 7f     -8.15660E-02  2.92494E+00 10.0
    112 10  9  410  11 2p4(3PE) 8s     -8.08197E-02  2.92569E+00 12.0
    113 10  9  210  12 2p4(3PE) 8s     -7.99207E-02  2.92659E+00  6.0
    114 10  9  411   6 2p4(3PE) 8p     -7.42483E-02  2.93226E+00 12.0
    115 10  9  421  10 2p4(3PE) 8p     -7.35657E-02  2.93294E+00 20.0
    116 10  9  221  12 2p4(3PE) 8p     -7.30386E-02  2.93347E+00 10.0
    117 10  9  201   6 2p4(3PE) 8p     -7.28173E-02  2.93369E+00  2.0
    118 10  9  401   6 2p4(3PE) 8p     -7.27565E-02  2.93375E+00  4.0
    119 10  9  211  10 2p4(3PE) 8p     -7.06014E-02  2.93591E+00  6.0
    120 10  9  420   6 2p4(3PE) 8d     -6.38705E-02  2.94264E+00 20.0
    121 10  9  430   6 2p4(3PE) 8d     -6.33416E-02  2.94317E+00 28.0
    122 10  9  230   7 2p4(3PE) 8d     -6.31328E-02  2.94338E+00 14.0
    123 10  9  410  12 2p4(3PE) 8d     -6.31310E-02  2.94338E+00 12.0
    124 10  9  220   9 2p4(3PE) 8d     -6.29621E-02  2.94355E+00 10.0
    125 10  9  210  13 2p4(3PE) 8d     -6.27612E-02  2.94375E+00  6.0
    126 10  9  431   5 2p4(3PE) 8f     -6.26091E-02  2.94390E+00 28.0
    127 10  9  231   7 2p4(3PE) 8f     -6.25911E-02  2.94392E+00 14.0
    128 10  9  441   5 2p4(3PE) 8f     -6.24936E-02  2.94402E+00 36.0
    129 10  9  241   5 2p4(3PE) 8f     -6.24905E-02  2.94402E+00 18.0
    130 10  9  421  11 2p4(3PE) 8f     -6.24619E-02  2.94405E+00 20.0
    131 10  9  221  13 2p4(3PE) 8f     -6.24538E-02  2.94406E+00 10.0
    132 10  9  410  13 2p4(3PE) 9s     -6.19469E-02  2.94456E+00 12.0
    133 10  9  210  14 2p4(3PE) 9s     -6.13432E-02  2.94517E+00  6.0
    134 10  9  411   7 2p4(3PE) 9p     -5.74984E-02  2.94901E+00 12.0
    135 10  9  421  12 2p4(3PE) 9p     -5.70329E-02  2.94948E+00 20.0
    136 10  9  221  14 2p4(3PE) 9p     -5.66752E-02  2.94983E+00 10.0
    137 10  9  201   7 2p4(3PE) 9p     -5.65228E-02  2.94999E+00  2.0
    138 10  9  401   7 2p4(3PE) 9p     -5.64813E-02  2.95003E+00  4.0
    139 10  9  211  11 2p4(3PE) 9p     -5.51946E-02  2.95132E+00  6.0
    140 10  9  420   7 2p4(3PE) 9d     -5.03512E-02  2.95616E+00 20.0
    141 10  9  430   7 2p4(3PE) 9d     -4.99807E-02  2.95653E+00 28.0
    142 10  9  230   8 2p4(3PE) 9d     -4.98333E-02  2.95668E+00 14.0
    143 10  9  410  14 2p4(3PE) 9d     -4.98326E-02  2.95668E+00 12.0
    144 10  9  220  10 2p4(3PE) 9d     -4.97192E-02  2.95679E+00 10.0
    145 10  9  210  15 2p4(3PE) 9d     -4.95856E-02  2.95692E+00  6.0
    146 10  9  431   6 2p4(3PE) 9f     -4.94616E-02  2.95705E+00 28.0
    147 10  9  231   8 2p4(3PE) 9f     -4.94483E-02  2.95706E+00 14.0
    148 10  9  441   6 2p4(3PE) 9f     -4.93779E-02  2.95713E+00 36.0
    149 10  9  241   6 2p4(3PE) 9f     -4.93757E-02  2.95713E+00 18.0
    150 10  9  421  13 2p4(3PE) 9f     -4.93555E-02  2.95715E+00 20.0
    151 10  9  221  15 2p4(3PE) 9f     -4.93496E-02  2.95716E+00 10.0
    152 10  9  410  15 2p4(3PE)10s     -4.89901E-02  2.95752E+00 12.0
    153 10  9  210  16 2p4(3PE)10s     -4.85653E-02  2.95794E+00  6.0
    154 10  9  411   8 2p4(3PE)10p     -4.58403E-02  2.96067E+00 12.0
    155 10  9  421  14 2p4(3PE)10p     -4.55087E-02  2.96100E+00 20.0
    156 10  9  221  16 2p4(3PE)10p     -4.52545E-02  2.96126E+00 10.0
    157 10  9  201   8 2p4(3PE)10p     -4.51455E-02  2.96136E+00  2.0
    158 10  9  401   8 2p4(3PE)10p     -4.51158E-02  2.96139E+00  4.0
    159 10  9  211  12 2p4(3PE)10p     -4.42732E-02  2.96224E+00  6.0
    160 10  9  420   8 2p4(3PE)10d     -4.07090E-02  2.96580E+00 20.0
    161 10  9  430   8 2p4(3PE)10d     -4.04395E-02  2.96607E+00 28.0
    162 10  9  230   9 2p4(3PE)10d     -4.03318E-02  2.96618E+00 14.0
    163 10  9  410  16 2p4(3PE)10d     -4.03314E-02  2.96618E+00 12.0
    164 10  9  220  11 2p4(3PE)10d     -4.02570E-02  2.96625E+00 10.0
    165 10  9  210  17 2p4(3PE)10d     -4.01672E-02  2.96634E+00  6.0
    166 10  9  431   7 2p4(3PE)10f     -4.00586E-02  2.96645E+00 28.0
    167 10  9  231   9 2p4(3PE)10f     -4.00487E-02  2.96646E+00 14.0
    168 10  9  200   4 2p4(1DE) 4d     -2.24857E-02  2.98402E+00  2.0
    169 10  9  200   5 2p4(1SE) 4s:     6.51972E-02  3.07171E+00  2.0
    170 10  9  200   6 2p4(1DE) 5d:     7.65181E-02  3.08303E+00  2.0
    171 10  9  200   7 2p4(1DE) 6d      1.20324E-01  3.12683E+00  2.0
    172 10  9  200   8 2p4(1DE) 7d      1.50106E-01  3.15662E+00  2.0
    173 10  9  200   9 2p4(1DE) 8d      1.69485E-01  3.17600E+00  2.0
    174 10  9  200  10 2p4(1DE) 9d      1.82769E-01  3.18928E+00  2.0
    175 10  9  200  11 2p4(1DE)10d      1.92264E-01  3.19877E+00  2.0
    176 10  9  400   1 2p5(3PO) 3p      1.09492E+00  4.10143E+00  4.0
    177 10  9  400   2 2p5(3PO) 4p      1.49771E+00  4.50422E+00  4.0
    178 10  9  400   3 2p5(3PO) 5p      1.64771E+00  4.65422E+00  4.0
    179 10  9  400   4 2p5(3PO) 6p      1.72069E+00  4.72720E+00  4.0
    180 10  9  400   5 2p5(3PO) 7p      1.76174E+00  4.76825E+00  4.0
    181 10  9  400   6 2p5(3PO) 8p      1.78713E+00  4.79364E+00  4.0
    182 10  9  400   7 2p5(3PO) 9p      1.80392E+00  4.81043E+00  4.0
    183 10  9  400   8 2p5(3PO)10p      1.81560E+00  4.82211E+00  4.0
 ====================================================================
