 ====================================================================
      i NZ NE iSLP iLV iCONF                 E(RYD)      TE(RYD)   gi
 ====================================================================
      1 10  8  310   1 2s2 2p4         -4.65545E+00  0.00000E+00  9.0
      2 10  8  120   1 2s2 2p4         -4.41337E+00  2.42080E-01  5.0
      3 10  8  100   1 2s2 2p4         -4.13059E+00  5.24860E-01  1.0
      4 10  8  311   1 2s 2p5          -2.78300E+00  1.87245E+00  9.0
      5 10  8  111   1 2s 2p5          -1.99111E+00  2.66434E+00  3.0
      6 10  8  501   1 2p3(4SO) 3s     -1.81673E+00  2.83872E+00  5.0
      7 10  8  301   1 2p3(4SO) 3s     -1.72483E+00  2.93062E+00  3.0
      8 10  8  510   1 2p3(4SO) 3p     -1.46658E+00  3.18887E+00 15.0
      9 10  8  321   1 2p3(2DO) 3s     -1.41747E+00  3.23798E+00 15.0
     10 10  8  310   2 2p3(4SO) 3p     -1.38692E+00  3.26853E+00  9.0
     11 10  8  121   1 2p3(2DO) 3s     -1.37149E+00  3.28396E+00  5.0
     12 10  8  311   2 2p3(2PO) 3s     -1.22145E+00  3.43400E+00  9.0
     13 10  8  111   2 2p3(2PO) 3s     -1.17076E+00  3.48469E+00  3.0
     14 10  8  110   1 2p3(2DO) 3p     -1.10353E+00  3.55192E+00  3.0
     15 10  8  320   1 2p3(2DO) 3p     -1.09296E+00  3.56249E+00 15.0
     16 10  8  330   1 2p3(2DO) 3p     -1.07228E+00  3.58317E+00 21.0
     17 10  8  130   1 2p3(2DO) 3p     -1.05899E+00  3.59646E+00  7.0
     18 10  8  521   1 2p3(4SO) 3d     -1.05820E+00  3.59725E+00 25.0
     19 10  8  321   2 2p3(4SO) 3d     -1.02182E+00  3.63363E+00 15.0
     20 10  8  310   3 2p3(2DO) 3p     -1.00075E+00  3.65470E+00  9.0
     21 10  8  120   2 2p3(2DO) 3p     -9.31995E-01  3.72345E+00  5.0
     22 10  8  300   1 2p3(2PO) 3p     -9.01548E-01  3.75390E+00  3.0
     23 10  8  320   2 2p3(2PO) 3p     -8.80234E-01  3.77522E+00 15.0
     24 10  8  110   2 2p3(2PO) 3p     -8.64700E-01  3.79075E+00  3.0
     25 10  8  501   2 2p3(4SO) 4s     -8.54464E-01  3.80099E+00  5.0
     26 10  8  310   4 2p3(2PO) 3p     -8.39532E-01  3.81592E+00  9.0
     27 10  8  301   2 2p3(4SO) 4s     -8.25664E-01  3.82979E+00  3.0
     28 10  8  120   3 2p3(2PO) 3p     -8.03943E-01  3.85151E+00  5.0
     29 10  8  510   2 2p3(4SO) 4p     -7.33803E-01  3.92165E+00 15.0
     30 10  8  310   5 2p3(4SO) 4p     -6.90853E-01  3.96460E+00  9.0
     31 10  8  100   2 2p3(2PO) 3p     -6.84233E-01  3.97122E+00  1.0
     32 10  8  101   1 2p3(2DO) 3d     -6.83998E-01  3.97145E+00  1.0
     33 10  8  331   1 2p3(2DO) 3d     -6.83354E-01  3.97210E+00 21.0
     34 10  8  341   1 2p3(2DO) 3d     -6.73607E-01  3.98184E+00 27.0
     35 10  8  321   3 2p3(2DO) 3d     -6.71760E-01  3.98369E+00 15.0
     36 10  8  141   1 2p3(2DO) 3d     -6.69775E-01  3.98567E+00  9.0
     37 10  8  111   3 2p3(2DO) 3d     -6.50355E-01  4.00510E+00  3.0
     38 10  8  311   3 2p3(2DO) 3d     -6.46210E-01  4.00924E+00  9.0
     39 10  8  121   2 2p3(2DO) 3d     -6.42825E-01  4.01262E+00  5.0
     40 10  8  301   3 2p3(2DO) 3d     -6.42272E-01  4.01318E+00  3.0
     41 10  8  131   1 2p3(2DO) 3d     -6.31388E-01  4.02406E+00  7.0
     42 10  8  521   2 2p3(4SO) 4d     -5.92020E-01  4.06343E+00 25.0
     43 10  8  321   4 2p3(4SO) 4d     -5.72473E-01  4.08298E+00 15.0
     44 10  8  530   1 2p3(4SO) 4f     -5.63561E-01  4.09189E+00 35.0
     45 10  8  330   2 2p3(4SO) 4f     -5.63135E-01  4.09231E+00 21.0
     46 10  8  501   3 2p3(4SO) 5s     -4.98802E-01  4.15665E+00  5.0
     47 10  8  301   4 2p3(4SO) 5s     -4.86081E-01  4.16937E+00  3.0
     48 10  8  331   2 2p3(2PO) 3d     -4.80186E-01  4.17526E+00 21.0
     49 10  8  321   5 2p3(2DO) 4s     -4.79867E-01  4.17558E+00 15.0
     50 10  8  121   3 2p3(2PO) 3d     -4.77692E-01  4.17776E+00  5.0
     51 10  8  311   4 2p3(2PO) 3d     -4.73577E-01  4.18187E+00  9.0
     52 10  8  321   6 2p3(2PO) 3d     -4.56096E-01  4.19935E+00 15.0
     53 10  8  131   2 2p3(2PO) 3d     -4.54439E-01  4.20101E+00  7.0
     54 10  8  121   4 2p3(2DO) 4s     -4.50822E-01  4.20463E+00  5.0
     55 10  8  510   3 2p3(4SO) 5p     -4.43580E-01  4.21187E+00 15.0
     56 10  8  111   4 2p3(2PO) 3d     -4.31041E-01  4.22441E+00  3.0
     57 10  8  310   6 2p3(4SO) 5p     -4.29545E-01  4.22590E+00  9.0
     58 10  8  521   3 2p3(4SO) 5d     -3.75808E-01  4.27964E+00 25.0
     59 10  8  321   7 2p3(4SO) 5d     -3.65772E-01  4.28968E+00 15.0
     60 10  8  530   2 2p3(4SO) 5f     -3.60804E-01  4.29465E+00 35.0
     61 10  8  330   4 2p3(2DO) 4p     -3.60472E-01  4.29498E+00 21.0
     62 10  8  330   3 2p3(4SO) 5f     -3.60472E-01  4.29498E+00 21.0
     63 10  8  320   3 2p3(2DO) 4p     -3.57254E-01  4.29820E+00 15.0
     64 10  8  110   3 2p3(2DO) 4p     -3.56395E-01  4.29906E+00  3.0
     65 10  8  130   2 2p3(2DO) 4p     -3.46095E-01  4.30935E+00  7.0
     66 10  8  310   7 2p3(2DO) 4p     -3.32871E-01  4.32258E+00  9.0
     67 10  8  501   4 2p3(4SO) 6s     -3.26744E-01  4.32871E+00  5.0
     68 10  8  301   5 2p3(4SO) 6s     -3.20017E-01  4.33543E+00  3.0
     69 10  8  510   4 2p3(4SO) 6p     -2.97374E-01  4.35808E+00 15.0
     70 10  8  120   4 2p3(2DO) 4p     -2.96402E-01  4.35905E+00  5.0
     71 10  8  310   8 2p3(4SO) 6p     -2.83823E-01  4.37163E+00  9.0
     72 10  8  311   5 2p3(2PO) 4s     -2.78577E-01  4.37687E+00  9.0
     73 10  8  100   3 2p6             -2.65549E-01  4.38990E+00  1.0
     74 10  8  111   5 2p3(2PO) 4s     -2.64130E-01  4.39132E+00  3.0
     75 10  8  521   4 2p3(4SO) 6d     -2.59318E-01  4.39613E+00 25.0
     76 10  8  321   8 2p3(4SO) 6d     -2.54285E-01  4.40117E+00 15.0
     77 10  8  530   3 2p3(4SO) 6f     -2.50563E-01  4.40489E+00 35.0
     78 10  8  330   5 2p3(4SO) 6f     -2.50312E-01  4.40514E+00 21.0
     79 10  8  501   5 2p3(4SO) 7s     -2.30517E-01  4.42493E+00  5.0
     80 10  8  301   6 2p3(4SO) 7s     -2.26527E-01  4.42892E+00  3.0
     81 10  8  101   2 2p3(2DO) 4d     -2.16839E-01  4.43861E+00  1.0
     82 10  8  331   3 2p3(2DO) 4d     -2.14870E-01  4.44058E+00 21.0
     83 10  8  510   5 2p3(4SO) 7p     -2.13476E-01  4.44197E+00 15.0
     84 10  8  341   2 2p3(2DO) 4d     -2.11948E-01  4.44350E+00 27.0
     85 10  8  141   2 2p3(2DO) 4d     -2.10071E-01  4.44538E+00  9.0
     86 10  8  321   9 2p3(2DO) 4d     -2.09972E-01  4.44548E+00 15.0
     87 10  8  310   9 2p3(4SO) 7p     -2.06887E-01  4.44856E+00  9.0
     88 10  8  111   6 2p3(2DO) 4d     -1.99021E-01  4.45643E+00  3.0
     89 10  8  311   6 2p3(2DO) 4d     -1.97570E-01  4.45788E+00  9.0
     90 10  8  301   7 2p3(2DO) 4d     -1.96511E-01  4.45894E+00  3.0
     91 10  8  121   5 2p3(2DO) 4d     -1.93847E-01  4.46160E+00  5.0
     92 10  8  131   3 2p3(2DO) 4d     -1.91065E-01  4.46439E+00  7.0
     93 10  8  521   5 2p3(4SO) 7d     -1.89599E-01  4.46585E+00 25.0
     94 10  8  320   4 2p3(2DO) 4f     -1.87796E-01  4.46765E+00 15.0
     95 10  8  110   4 2p3(2DO) 4f     -1.87749E-01  4.46770E+00  3.0
     96 10  8  340   1 2p3(2DO) 4f     -1.87628E-01  4.46782E+00 27.0
     97 10  8  120   5 2p3(2DO) 4f     -1.87595E-01  4.46785E+00  5.0
     98 10  8  330   6 2p3(2DO) 4f     -1.87571E-01  4.46788E+00 21.0
     99 10  8  310  10 2p3(2DO) 4f     -1.87482E-01  4.46797E+00  9.0
    100 10  8  350   1 2p3(2DO) 4f     -1.87361E-01  4.46809E+00 33.0
    101 10  8  150   1 2p3(2DO) 4f     -1.87337E-01  4.46811E+00 11.0
    102 10  8  130   3 2p3(2DO) 4f     -1.87165E-01  4.46829E+00  7.0
    103 10  8  140   1 2p3(2DO) 4f     -1.87132E-01  4.46832E+00  9.0
    104 10  8  321  10 2p3(4SO) 7d     -1.85214E-01  4.47024E+00 15.0
    105 10  8  530   4 2p3(4SO) 7f     -1.84068E-01  4.47138E+00 35.0
    106 10  8  330   7 2p3(4SO) 7f     -1.83887E-01  4.47156E+00 21.0
    107 10  8  501   6 2p3(4SO) 8s     -1.71301E-01  4.48415E+00  5.0
    108 10  8  301   8 2p3(4SO) 8s     -1.68738E-01  4.48671E+00  3.0
    109 10  8  300   2 2p3(2PO) 4p     -1.65822E-01  4.48963E+00  3.0
    110 10  8  510   6 2p3(4SO) 8p     -1.61212E-01  4.49424E+00 15.0
    111 10  8  320   5 2p3(2PO) 4p     -1.59210E-01  4.49624E+00 15.0
    112 10  8  310  11 2p3(4SO) 8p     -1.58348E-01  4.49710E+00  9.0
    113 10  8  110   5 2p3(2PO) 4p     -1.57982E-01  4.49747E+00  3.0
    114 10  8  310  12 2p3(2PO) 4p     -1.47533E-01  4.50792E+00  9.0
    115 10  8  521   6 2p3(4SO) 8d     -1.44617E-01  4.51083E+00 25.0
    116 10  8  321  11 2p3(4SO) 8d     -1.42089E-01  4.51336E+00 15.0
    117 10  8  530   5 2p3(4SO) 8f     -1.40908E-01  4.51454E+00 35.0
    118 10  8  330   8 2p3(4SO) 8f     -1.40782E-01  4.51467E+00 21.0
    119 10  8  120   6 2p3(2PO) 4p     -1.36148E-01  4.51930E+00  5.0
    120 10  8  501   7 2p3(4SO) 9s     -1.32286E-01  4.52316E+00  5.0
    121 10  8  301   9 2p3(4SO) 9s     -1.30541E-01  4.52491E+00  3.0
    122 10  8  510   7 2p3(4SO) 9p     -1.27951E-01  4.52750E+00 15.0
    123 10  8  310  13 2p3(4SO) 9p     -1.21512E-01  4.53394E+00  9.0
    124 10  8  321  12 2p3(2DO) 5s     -1.19826E-01  4.53562E+00 15.0
    125 10  8  521   7 2p3(4SO) 9d     -1.13925E-01  4.54152E+00 25.0
    126 10  8  121   6 2p3(2DO) 5s     -1.13416E-01  4.54203E+00  5.0
    127 10  8  321  13 2p3(4SO) 9d     -1.12206E-01  4.54324E+00 15.0
    128 10  8  510   8 2p4(4PE) 3s     -1.11784E-01  4.54367E+00 15.0
    129 10  8  530   6 2p3(4SO) 9f     -1.11319E-01  4.54413E+00 35.0
    130 10  8  330   9 2p3(4SO) 9f     -1.11226E-01  4.54422E+00 21.0
    131 10  8  501   8 2p3(4SO)10s     -1.05226E-01  4.55022E+00  5.0
    132 10  8  301  10 2p3(4SO)10s     -1.03986E-01  4.55146E+00  3.0
    133 10  8  310  14 2p3(4SO)10p     -9.78659E-02  4.55758E+00  9.0
    134 10  8  510   9 2p3(4SO)10p     -9.68733E-02  4.55858E+00 15.0
    135 10  8  521   8 2p3(4SO)10d     -9.20565E-02  4.56339E+00 25.0
    136 10  8  321  14 2p3(4SO)10d     -9.08478E-02  4.56460E+00 15.0
    137 10  8  530   7 2p3(4SO)10f     -9.01566E-02  4.56529E+00 35.0
    138 10  8  330  10 2p3(4SO)10f     -9.00872E-02  4.56536E+00 21.0
    139 10  8  100   4 2p3(2PO) 4p     -8.63975E-02  4.56905E+00  1.0
    140 10  8  320   6 2p3(2DO) 5p     -6.67028E-02  4.58875E+00 15.0
    141 10  8  110   6 2p3(2DO) 5p     -6.49869E-02  4.59046E+00  3.0
    142 10  8  130   4 2p3(2DO) 5p     -6.15662E-02  4.59388E+00  7.0
    143 10  8  120   7 2p3(2DO) 5p     -3.68186E-02  4.61863E+00  5.0
    144 10  8  331   4 2p3(2PO) 4d     -2.11972E-02  4.63425E+00 21.0
    145 10  8  121   7 2p3(2PO) 4d     -1.86395E-02  4.63681E+00  5.0
    146 10  8  311   7 2p3(2PO) 4d     -1.65595E-02  4.63889E+00  9.0
    147 10  8  131   4 2p3(2PO) 4d     -6.30910E-03  4.64914E+00  7.0
    148 10  8  111   7 2p3(2PO) 4d     -5.92199E-04  4.65486E+00  3.0
    149 10  8  101   3 2p3(2DO) 5d     -2.46438E-04  4.65520E+00  1.0
    150 10  8  331   5 2p3(2DO) 5d      2.32461E-03  4.65777E+00 21.0
    151 10  8  141   3 2p3(2DO) 5d      3.26287E-03  4.65871E+00  9.0
    152 10  8  320   7 2p3(2PO) 4f      4.92663E-03  4.66038E+00 15.0
    153 10  8  340   2 2p3(2PO) 4f      5.24657E-03  4.66070E+00 27.0
    154 10  8  120   8 2p3(2PO) 4f      5.28806E-03  4.66074E+00  5.0
    155 10  8  140   2 2p3(2PO) 4f      5.62891E-03  4.66108E+00  9.0
    156 10  8  130   5 2p3(2PO) 4f      5.74612E-03  4.66120E+00  7.0
    157 10  8  311   8 2p3(2DO) 5d      8.72490E-03  4.66417E+00  9.0
    158 10  8  111   8 2p3(2DO) 5d      1.24996E-02  4.66795E+00  3.0
    159 10  8  131   5 2p3(2DO) 5d      1.34753E-02  4.66893E+00  7.0
    160 10  8  121   8 2p3(2DO) 5d      1.40824E-02  4.66953E+00  5.0
    161 10  8  110   7 2p3(2DO) 5f      1.52207E-02  4.67067E+00  3.0
    162 10  8  150   2 2p3(2DO) 5f      1.53820E-02  4.67083E+00 11.0
    163 10  8  340   3 2p3(2DO) 5f      1.55386E-02  4.67099E+00 27.0
    164 10  8  130   6 2p3(2DO) 5f      1.56661E-02  4.67112E+00  7.0
    165 10  8  320   8 2p3(2DO) 5f      1.58265E-02  4.67128E+00 15.0
    166 10  8  140   3 2p3(2DO) 5f      1.58656E-02  4.67132E+00  9.0
    167 10  8  120   9 2p3(2DO) 5f      1.59529E-02  4.67140E+00  5.0
    168 10  8  121   9 2p3(2DO) 6s      5.44301E-02  4.70988E+00  5.0
    169 10  8  311   9 2p3(2PO) 5s      7.38246E-02  4.72927E+00  9.0
    170 10  8  320   9 2p3(2DO) 6p      7.91521E-02  4.73460E+00 15.0
    171 10  8  110   8 2p3(2DO) 6p      7.92514E-02  4.73470E+00  3.0
    172 10  8  111   9 2p3(2PO) 5s      8.04876E-02  4.73594E+00  3.0
    173 10  8  130   7 2p3(2DO) 6p      8.24400E-02  4.73789E+00  7.0
    174 10  8  120  10 2p3(2DO) 6p      9.50004E-02  4.75045E+00  5.0
    175 10  8  101   4 2p3(2DO) 6d      1.16405E-01  4.77185E+00  1.0
    176 10  8  331   6 2p3(2DO) 6d      1.16933E-01  4.77238E+00 21.0
    177 10  8  141   4 2p3(2DO) 6d      1.18435E-01  4.77388E+00  9.0
    178 10  8  111  10 2p3(2DO) 6d      1.21161E-01  4.77661E+00  3.0
    179 10  8  311  10 2p3(2DO) 6d      1.21790E-01  4.77724E+00  9.0
    180 10  8  121  10 2p3(2DO) 6d      1.23434E-01  4.77888E+00  5.0
    181 10  8  131   6 2p3(2DO) 6d      1.24371E-01  4.77982E+00  7.0
    182 10  8  320  10 2p3(2DO) 6f      1.25051E-01  4.78050E+00 15.0
    183 10  8  110   9 2p3(2DO) 6f      1.25145E-01  4.78059E+00  3.0
    184 10  8  300   3 2p3(2PO) 5p      1.25337E-01  4.78079E+00  3.0
    185 10  8  340   4 2p3(2DO) 6f      1.25393E-01  4.78084E+00 27.0
    186 10  8  120  11 2p3(2DO) 6f      1.25405E-01  4.78085E+00  5.0
    187 10  8  150   3 2p3(2DO) 6f      1.25554E-01  4.78100E+00 11.0
    188 10  8  130   8 2p3(2DO) 6f      1.25648E-01  4.78110E+00  7.0
    189 10  8  140   4 2p3(2DO) 6f      1.25680E-01  4.78113E+00  9.0
    190 10  8  320  11 2p3(2PO) 5p      1.28835E-01  4.78429E+00 15.0
    191 10  8  110  10 2p3(2PO) 5p      1.29548E-01  4.78500E+00  3.0
    192 10  8  120  12 2p3(2PO) 5p      1.39380E-01  4.79483E+00  5.0
    193 10  8  121  11 2p3(2DO) 7s      1.48397E-01  4.80385E+00  5.0
    194 10  8  100   5 2p3(2PO) 5p      1.63390E-01  4.81884E+00  1.0
    195 10  8  320  12 2p3(2DO) 7p      1.63589E-01  4.81904E+00 15.0
    196 10  8  110  11 2p3(2DO) 7p      1.64401E-01  4.81985E+00  3.0
    197 10  8  130   9 2p3(2DO) 7p      1.65404E-01  4.82085E+00  7.0
    198 10  8  120  13 2p3(2DO) 7p      1.73768E-01  4.82922E+00  5.0
    199 10  8  331   7 2p3(2DO) 7d      1.85858E-01  4.84131E+00 21.0
    200 10  8  101   5 2p3(2DO) 7d      1.86202E-01  4.84165E+00  1.0
    201 10  8  141   5 2p3(2DO) 7d      1.87478E-01  4.84293E+00  9.0
    202 10  8  111  11 2p3(2DO) 7d      1.88493E-01  4.84394E+00  3.0
    203 10  8  121  12 2p3(2DO) 7d      1.88952E-01  4.84440E+00  5.0
    204 10  8  311  11 2p3(2DO) 7d      1.89129E-01  4.84458E+00  9.0
    205 10  8  131   7 2p3(2DO) 7d      1.91189E-01  4.84664E+00  7.0
    206 10  8  340   5 2p3(2DO) 7f      1.91824E-01  4.84727E+00 27.0
    207 10  8  320  13 2p3(2DO) 7f      1.91847E-01  4.84730E+00 15.0
    208 10  8  120  14 2p3(2DO) 7f      1.91884E-01  4.84733E+00  5.0
    209 10  8  110  12 2p3(2DO) 7f      1.91911E-01  4.84736E+00  3.0
    210 10  8  150   4 2p3(2DO) 7f      1.91994E-01  4.84744E+00 11.0
    211 10  8  130  10 2p3(2DO) 7f      1.92037E-01  4.84749E+00  7.0
    212 10  8  140   5 2p3(2DO) 7f      1.92038E-01  4.84749E+00  9.0
    213 10  8  331   8 2p3(2PO) 5d      1.95599E-01  4.85105E+00 21.0
    214 10  8  311  12 2p3(2PO) 5d      1.96678E-01  4.85213E+00  9.0
    215 10  8  121  13 2p3(2PO) 5d      1.97974E-01  4.85342E+00  5.0
    216 10  8  511   1 2p4(4PE) 3p      2.00324E-01  4.85577E+00 15.0
    217 10  8  131   8 2p3(2PO) 5d      2.02086E-01  4.85754E+00  7.0
    218 10  8  121  14 2p3(2DO) 8s      2.06823E-01  4.86227E+00  5.0
    219 10  8  111  12 2p3(2PO) 5d      2.08190E-01  4.86364E+00  3.0
    220 10  8  320  14 2p3(2PO) 5f      2.08335E-01  4.86378E+00 15.0
    221 10  8  340   6 2p3(2PO) 5f      2.08412E-01  4.86386E+00 27.0
    222 10  8  130  11 2p3(2PO) 5f      2.08528E-01  4.86398E+00  7.0
    223 10  8  140   6 2p3(2PO) 5f      2.08651E-01  4.86410E+00  9.0
    224 10  8  120  15 2p3(2PO) 5f      2.08665E-01  4.86411E+00  5.0
    225 10  8  320  15 2p3(2DO) 8p      2.16252E-01  4.87170E+00 15.0
    226 10  8  110  13 2p3(2DO) 8p      2.16548E-01  4.87200E+00  3.0
    227 10  8  130  12 2p3(2DO) 8p      2.17601E-01  4.87305E+00  7.0
    228 10  8  120  16 2p3(2DO) 8p      2.22739E-01  4.87819E+00  5.0
    229 10  8  101   6 2p3(2DO) 8d      2.31225E-01  4.88667E+00  1.0
    230 10  8  331   9 2p3(2DO) 8d      2.31543E-01  4.88699E+00 21.0
    231 10  8  141   6 2p3(2DO) 8d      2.32078E-01  4.88753E+00  9.0
    232 10  8  111  13 2p3(2DO) 8d      2.32931E-01  4.88838E+00  3.0
    233 10  8  311  13 2p3(2DO) 8d      2.33021E-01  4.88847E+00  9.0
    234 10  8  121  15 2p3(2DO) 8d      2.34417E-01  4.88987E+00  5.0
    235 10  8  131   9 2p3(2DO) 8d      2.34620E-01  4.89007E+00  7.0
    236 10  8  110  14 2p3(2DO) 8f      2.35046E-01  4.89050E+00  3.0
    237 10  8  340   7 2p3(2DO) 8f      2.35057E-01  4.89051E+00 27.0
    238 10  8  320  16 2p3(2DO) 8f      2.35093E-01  4.89054E+00 15.0
    239 10  8  150   5 2p3(2DO) 8f      2.35116E-01  4.89057E+00 11.0
    240 10  8  120  17 2p3(2DO) 8f      2.35124E-01  4.89057E+00  5.0
    241 10  8  130  13 2p3(2DO) 8f      2.35170E-01  4.89062E+00  7.0
    242 10  8  140   7 2p3(2DO) 8f      2.35194E-01  4.89064E+00  9.0
    243 10  8  311  14 2p3(2PO) 6s      2.44179E-01  4.89963E+00  9.0
    244 10  8  121  16 2p3(2DO) 9s      2.44993E-01  4.90044E+00  5.0
    245 10  8  111  14 2p3(2PO) 6s      2.47859E-01  4.90331E+00  3.0
    246 10  8  320  17 2p3(2DO) 9p      2.51499E-01  4.90695E+00 15.0
    247 10  8  110  15 2p3(2DO) 9p      2.51581E-01  4.90703E+00  3.0
    248 10  8  130  14 2p3(2DO) 9p      2.52504E-01  4.90795E+00  7.0
    249 10  8  120  18 2p3(2DO) 9p      2.55898E-01  4.91135E+00  5.0
    250 10  8  101   7 2p3(2DO) 9d      2.61942E-01  4.91739E+00  1.0
    251 10  8  331  10 2p3(2DO) 9d      2.62105E-01  4.91755E+00 21.0
    252 10  8  141   7 2p3(2DO) 9d      2.62539E-01  4.91799E+00  9.0
    253 10  8  111  15 2p3(2DO) 9d      2.63379E-01  4.91883E+00  3.0
    254 10  8  311  15 2p3(2DO) 9d      2.63384E-01  4.91883E+00  9.0
    255 10  8  121  17 2p3(2DO) 9d      2.64066E-01  4.91952E+00  5.0
    256 10  8  131  10 2p3(2DO) 9d      2.64322E-01  4.91977E+00  7.0
    257 10  8  110  16 2p3(2DO) 9f      2.64607E-01  4.92006E+00  3.0
    258 10  8  320  18 2p3(2DO) 9f      2.64619E-01  4.92007E+00 15.0
    259 10  8  340   8 2p3(2DO) 9f      2.64622E-01  4.92007E+00 27.0
    260 10  8  120  19 2p3(2DO) 9f      2.64649E-01  4.92010E+00  5.0
    261 10  8  150   6 2p3(2DO) 9f      2.64678E-01  4.92013E+00 11.0
    262 10  8  130  15 2p3(2DO) 9f      2.64712E-01  4.92016E+00  7.0
    263 10  8  140   8 2p3(2DO) 9f      2.64726E-01  4.92018E+00  9.0
    264 10  8  121  18 2p3(2DO)10s      2.71642E-01  4.92709E+00  5.0
    265 10  8  300   4 2p3(2PO) 6p      2.72036E-01  4.92749E+00  3.0
    266 10  8  110  17 2p3(2PO) 6p      2.73181E-01  4.92863E+00  3.0
    267 10  8  320  19 2p3(2PO) 6p      2.73359E-01  4.92881E+00 15.0
    268 10  8  320  20 2p3(2DO)10p      2.76739E-01  4.93219E+00 15.0
    269 10  8  130  16 2p3(2DO)10p      2.77025E-01  4.93248E+00  7.0
    270 10  8  110  18 2p3(2DO)10p      2.77678E-01  4.93313E+00  3.0
    271 10  8  120  20 2p3(2PO) 6p:     2.77921E-01  4.93337E+00  5.0
    272 10  8  120  21 2p3(2DO)10p:     2.81227E-01  4.93668E+00  5.0
    273 10  8  101   8 2p3(2DO)10d      2.83826E-01  4.93928E+00  1.0
    274 10  8  331  11 2p3(2DO)10d      2.83911E-01  4.93936E+00 21.0
    275 10  8  141   8 2p3(2DO)10d      2.84261E-01  4.93971E+00  9.0
    276 10  8  111  16 2p3(2DO)10d      2.84742E-01  4.94019E+00  3.0
    277 10  8  311  16 2p3(2DO)10d      2.84754E-01  4.94020E+00  9.0
    278 10  8  110  19 2p3(2DO)10f      2.85798E-01  4.94125E+00  3.0
    279 10  8  320  21 2p3(2DO)10f      2.85804E-01  4.94125E+00 15.0
    280 10  8  120  22 2p3(2DO)10f      2.85835E-01  4.94128E+00  5.0
    281 10  8  100   6 2p3(2PO) 6p      2.93137E-01  4.94859E+00  1.0
    282 10  8  300   5 2p3(2PO) 7p      3.56345E-01  5.01180E+00  3.0
    283 10  8  100   7 2p3(2PO) 7p      3.69239E-01  5.02469E+00  1.0
    284 10  8  300   6 2p3(2PO) 8p      4.09242E-01  5.06469E+00  3.0
    285 10  8  100   8 2p3(2PO) 8p      4.17689E-01  5.07314E+00  1.0
    286 10  8  300   7 2p3(2PO) 9p      4.44600E-01  5.10005E+00  3.0
    287 10  8  100   9 2p3(2PO) 9p      4.50431E-01  5.10588E+00  1.0
    288 10  8  300   8 2p3(2PO)10p      4.69398E-01  5.12485E+00  3.0
    289 10  8  100  10 2p3(2PO)10p      4.73591E-01  5.12904E+00  1.0
    290 10  8  520   1 2p4(4PE) 3d      6.05805E-01  5.26125E+00 25.0
    291 10  8  511   2 2p4(4PE) 4p      9.43101E-01  5.59855E+00 15.0
    292 10  8  520   2 2p4(4PE) 4d      1.08116E+00  5.73661E+00 25.0
    293 10  8  531   1 2p4(4PE) 4f      1.11361E+00  5.76906E+00 35.0
    294 10  8  511   3 2p4(4PE) 5p      1.23479E+00  5.89024E+00 15.0
    295 10  8  520   3 2p4(4PE) 5d      1.29997E+00  5.95542E+00 25.0
    296 10  8  531   2 2p4(4PE) 5f      1.31688E+00  5.97233E+00 35.0
    297 10  8  511   4 2p4(4PE) 6p      1.38155E+00  6.03700E+00 15.0
    298 10  8  520   4 2p4(4PE) 6d      1.41755E+00  6.07300E+00 25.0
    299 10  8  531   3 2p4(4PE) 6f      1.42740E+00  6.08285E+00 35.0
    300 10  8  511   5 2p4(4PE) 7p      1.46584E+00  6.12129E+00 15.0
    301 10  8  520   5 2p4(4PE) 7d      1.48783E+00  6.14328E+00 25.0
    302 10  8  531   4 2p4(4PE) 7f      1.49404E+00  6.14949E+00 35.0
    303 10  8  511   6 2p4(4PE) 8p      1.51870E+00  6.17415E+00 15.0
    304 10  8  520   6 2p4(4PE) 8d      1.53310E+00  6.18855E+00 25.0
    305 10  8  531   5 2p4(4PE) 8f      1.53727E+00  6.19272E+00 35.0
    306 10  8  511   7 2p4(4PE) 9p      1.55403E+00  6.20948E+00 15.0
    307 10  8  520   7 2p4(4PE) 9d      1.56398E+00  6.21943E+00 25.0
    308 10  8  531   6 2p4(4PE) 9f      1.56691E+00  6.22236E+00 35.0
    309 10  8  511   8 2p4(4PE)10p      1.57881E+00  6.23426E+00 15.0
    310 10  8  520   8 2p4(4PE)10d      1.58597E+00  6.24142E+00 25.0
    311 10  8  531   7 2p4(4PE)10f      1.58809E+00  6.24354E+00 35.0
 ====================================================================
