 ====================================================================
      i NZ NE iSLP iLV iCONF                 E(RYD)      TE(RYD)   gi
 ====================================================================
      1 10  7  401   1 2s2 2p3         -7.17393E+00  0.00000E+00  4.0
      2 10  7  221   1 2s2 2p3         -6.78628E+00  3.87650E-01 10.0
      3 10  7  211   1 2s2 2p3         -6.58619E+00  5.87740E-01  6.0
      4 10  7  410   1 2s 2p4          -5.50464E+00  1.66929E+00 12.0
      5 10  7  220   1 2s 2p4          -4.84708E+00  2.32685E+00 10.0
      6 10  7  200   1 2s 2p4          -4.41535E+00  2.75858E+00  2.0
      7 10  7  210   1 2s 2p4          -4.22366E+00  2.95027E+00  6.0
      8 10  7  410   2 2p2(3PE) 3s     -2.77303E+00  4.40090E+00 12.0
      9 10  7  211   2 2p5             -2.74030E+00  4.43363E+00  6.0
     10 10  7  210   2 2p2(3PE) 3s     -2.68151E+00  4.49242E+00  6.0
     11 10  7  220   2 2p2(1DE) 3s     -2.46350E+00  4.71043E+00 10.0
     12 10  7  201   1 2p2(3PE) 3p     -2.44678E+00  4.72715E+00  2.0
     13 10  7  421   1 2p2(3PE) 3p     -2.38971E+00  4.78422E+00 20.0
     14 10  7  411   1 2p2(3PE) 3p     -2.35950E+00  4.81443E+00 12.0
     15 10  7  221   2 2p2(3PE) 3p     -2.30046E+00  4.87347E+00 10.0
     16 10  7  401   2 2p2(3PE) 3p     -2.28359E+00  4.89034E+00  4.0
     17 10  7  211   3 2p2(3PE) 3p     -2.24541E+00  4.92852E+00  6.0
     18 10  7  200   2 2p2(1SE) 3s     -2.13501E+00  5.03892E+00  2.0
     19 10  7  231   1 2p2(1DE) 3p     -2.07278E+00  5.10115E+00 14.0
     20 10  7  221   3 2p2(1DE) 3p     -2.01749E+00  5.15644E+00 10.0
     21 10  7  601   1 2p3(5SO) 3s     -1.97958E+00  5.19435E+00  6.0
     22 10  7  211   4 2p2(1DE) 3p     -1.96068E+00  5.21325E+00  6.0
     23 10  7  430   1 2p2(3PE) 3d     -1.91666E+00  5.25727E+00 28.0
     24 10  7  210   3 2p2(3PE) 3d     -1.88548E+00  5.28845E+00  6.0
     25 10  7  420   1 2p2(3PE) 3d     -1.87952E+00  5.29441E+00 20.0
     26 10  7  410   3 2p2(3PE) 3d     -1.85915E+00  5.31478E+00 12.0
     27 10  7  230   1 2p2(3PE) 3d     -1.85288E+00  5.32105E+00 14.0
     28 10  7  220   3 2p2(3PE) 3d     -1.78542E+00  5.38851E+00 10.0
     29 10  7  401   3 2p3(5SO) 3s     -1.78238E+00  5.39155E+00  4.0
     30 10  7  211   5 2p2(1SE) 3p     -1.72710E+00  5.44683E+00  6.0
     31 10  7  230   2 2p2(1DE) 3d     -1.61662E+00  5.55731E+00 14.0
     32 10  7  240   1 2p2(1DE) 3d     -1.60160E+00  5.57233E+00 18.0
     33 10  7  220   4 2p2(1DE) 3d     -1.58180E+00  5.59213E+00 10.0
     34 10  7  610   1 2p3(5SO) 3p     -1.57415E+00  5.59978E+00 18.0
     35 10  7  210   4 2p2(1DE) 3d     -1.54456E+00  5.62937E+00  6.0
     36 10  7  200   3 2p2(1DE) 3d     -1.51160E+00  5.66233E+00  2.0
     37 10  7  410   4 2p3(5SO) 3p     -1.44321E+00  5.73072E+00 12.0
     38 10  7  410   5 2p2(3PE) 4s     -1.36982E+00  5.80411E+00 12.0
     39 10  7  210   5 2p2(3PE) 4s     -1.34220E+00  5.83173E+00  6.0
     40 10  7  220   5 2p2(1SE) 3d     -1.27847E+00  5.89546E+00 10.0
     41 10  7  201   2 2p2(3PE) 4p     -1.25024E+00  5.92369E+00  2.0
     42 10  7  421   2 2p2(3PE) 4p     -1.24288E+00  5.93105E+00 20.0
     43 10  7  411   2 2p2(3PE) 4p     -1.22253E+00  5.95140E+00 12.0
     44 10  7  221   4 2p2(3PE) 4p     -1.18860E+00  5.98533E+00 10.0
     45 10  7  401   4 2p2(3PE) 4p     -1.17660E+00  5.99733E+00  4.0
     46 10  7  211   6 2p2(3PE) 4p     -1.16435E+00  6.00958E+00  6.0
     47 10  7  421   3 2p3(3DO) 3s     -1.12396E+00  6.04997E+00 20.0
     48 10  7  621   1 2p3(5SO) 3d     -1.11241E+00  6.06152E+00 30.0
     49 10  7  220   6 2p2(1DE) 4s     -1.09054E+00  6.08339E+00 10.0
     50 10  7  430   2 2p2(3PE) 4d     -1.06300E+00  6.11093E+00 28.0
     51 10  7  420   2 2p2(3PE) 4d     -1.04999E+00  6.12394E+00 20.0
     52 10  7  210   6 2p2(3PE) 4d     -1.04789E+00  6.12604E+00  6.0
     53 10  7  221   5 2p3(3DO) 3s     -1.04477E+00  6.12916E+00 10.0
     54 10  7  410   6 2p2(3PE) 4d     -1.03618E+00  6.13775E+00 12.0
     55 10  7  230   3 2p2(3PE) 4d     -1.02976E+00  6.14417E+00 14.0
     56 10  7  421   4 2p2(3PE) 4f     -1.01107E+00  6.16286E+00 20.0
     57 10  7  221   6 2p2(3PE) 4f     -1.00906E+00  6.16487E+00 10.0
     58 10  7  441   1 2p2(3PE) 4f     -1.00706E+00  6.16687E+00 36.0
     59 10  7  421   5 2p3(5SO) 3d     -1.00557E+00  6.16836E+00 20.0
     60 10  7  241   1 2p2(3PE) 4f     -1.00541E+00  6.16852E+00 18.0
     61 10  7  220   7 2p2(3PE) 4d     -1.00516E+00  6.16877E+00 10.0
     62 10  7  431   1 2p2(3PE) 4f     -9.99498E-01  6.17443E+00 28.0
     63 10  7  231   2 2p2(3PE) 4f     -9.97711E-01  6.17622E+00 14.0
     64 10  7  231   3 2p2(1DE) 4p     -9.43941E-01  6.22999E+00 14.0
     65 10  7  211   7 2p2(1DE) 4p     -9.23323E-01  6.25061E+00  6.0
     66 10  7  221   7 2p2(1DE) 4p     -9.05984E-01  6.26795E+00 10.0
     67 10  7  411   3 2p3(3PO) 3s     -8.32203E-01  6.34173E+00 12.0
     68 10  7  410   7 2p2(3PE) 5s     -8.21978E-01  6.35195E+00 12.0
     69 10  7  210   7 2p2(3PE) 5s     -8.06380E-01  6.36755E+00  6.0
     70 10  7  200   4 2p2(1SE) 4s     -7.91495E-01  6.38244E+00  2.0
     71 10  7  230   4 2p2(1DE) 4d     -7.84025E-01  6.38990E+00 14.0
     72 10  7  240   2 2p2(1DE) 4d     -7.76283E-01  6.39765E+00 18.0
     73 10  7  220   8 2p2(1DE) 4d     -7.66575E-01  6.40736E+00 10.0
     74 10  7  420   3 2p3(3DO) 3p     -7.66214E-01  6.40772E+00 20.0
     75 10  7  201   3 2p2(3PE) 5p     -7.61452E-01  6.41248E+00  2.0
     76 10  7  210   8 2p2(1DE) 4d     -7.53507E-01  6.42042E+00  6.0
     77 10  7  430   3 2p3(3DO) 3p     -7.50943E-01  6.42299E+00 28.0
     78 10  7  421   6 2p2(3PE) 5p     -7.49149E-01  6.42478E+00 20.0
     79 10  7  210   9 2p3(3DO) 3p     -7.41521E-01  6.43241E+00  6.0
     80 10  7  241   2 2p2(1DE) 4f     -7.40943E-01  6.43299E+00 18.0
     81 10  7  231   4 2p2(1DE) 4f     -7.39975E-01  6.43396E+00 14.0
     82 10  7  411   4 2p2(3PE) 5p     -7.38245E-01  6.43569E+00 12.0
     83 10  7  221   8 2p2(1DE) 4f     -7.32910E-01  6.44102E+00 10.0
     84 10  7  401   5 2p2(3PE) 5p     -7.32084E-01  6.44185E+00  4.0
     85 10  7  200   5 2p2(1DE) 4d     -7.30161E-01  6.44377E+00  2.0
     86 10  7  221   9 2p2(3PE) 5p     -7.27551E-01  6.44638E+00 10.0
     87 10  7  211   8 2p2(3PE) 5p     -7.26961E-01  6.44697E+00  6.0
     88 10  7  211   9 2p2(1DE) 4f     -7.25015E-01  6.44892E+00  6.0
     89 10  7  211  10 2p3(3PO) 3s     -7.14105E-01  6.45983E+00  6.0
     90 10  7  230   5 2p3(3DO) 3p     -7.08671E-01  6.46526E+00 14.0
     91 10  7  430   4 2p2(3PE) 5d     -6.71833E-01  6.50210E+00 28.0
     92 10  7  420   4 2p2(3PE) 5d     -6.66871E-01  6.50706E+00 20.0
     93 10  7  210  10 2p2(3PE) 5d     -6.61501E-01  6.51243E+00  6.0
     94 10  7  410   8 2p2(3PE) 5d     -6.60470E-01  6.51346E+00 12.0
     95 10  7  230   6 2p2(3PE) 5d     -6.50296E-01  6.52363E+00 14.0
     96 10  7  410   9 2p3(3DO) 3p     -6.46181E-01  6.52775E+00 12.0
     97 10  7  220   9 2p2(3PE) 5d     -6.45301E-01  6.52863E+00 10.0
     98 10  7  421   7 2p2(3PE) 5f     -6.45293E-01  6.52864E+00 20.0
     99 10  7  441   2 2p2(3PE) 5f     -6.45225E-01  6.52871E+00 36.0
    100 10  7  221  10 2p2(3PE) 5f     -6.45220E-01  6.52871E+00 10.0
    101 10  7  241   3 2p2(3PE) 5f     -6.43429E-01  6.53050E+00 18.0
    102 10  7  431   2 2p2(3PE) 5f     -6.41342E-01  6.53259E+00 28.0
    103 10  7  430   5 2p2(3PE) 5g     -6.41295E-01  6.53264E+00 28.0
    104 10  7  230   7 2p2(3PE) 5g     -6.41294E-01  6.53264E+00 14.0
    105 10  7  231   5 2p2(3PE) 5f     -6.39675E-01  6.53426E+00 14.0
    106 10  7  440   1 2p2(3PE) 5g     -6.39157E-01  6.53477E+00 36.0
    107 10  7  240   3 2p2(3PE) 5g     -6.39141E-01  6.53479E+00 18.0
    108 10  7  211  11 2p2(1SE) 4p     -6.09718E-01  6.56421E+00  6.0
    109 10  7  220  10 2p3(3DO) 3p     -5.76837E-01  6.59709E+00 10.0
    110 10  7  601   2 2p3(5SO) 4s     -5.70509E-01  6.60342E+00  6.0
    111 10  7  410  10 2p2(3PE) 6s     -5.43354E-01  6.63058E+00 12.0
    112 10  7  220  11 2p2(1DE) 5s     -5.39670E-01  6.63426E+00 10.0
    113 10  7  210  11 2p2(3PE) 6s     -5.37510E-01  6.63642E+00  6.0
    114 10  7  401   6 2p3(5SO) 4s     -5.28719E-01  6.64521E+00  4.0
    115 10  7  201   4 2p2(3PE) 6p     -5.13541E-01  6.66039E+00  2.0
    116 10  7  421   8 2p2(3PE) 6p     -5.06320E-01  6.66761E+00 20.0
    117 10  7  411   5 2p2(3PE) 6p     -5.03503E-01  6.67043E+00 12.0
    118 10  7  221  11 2p2(3PE) 6p     -5.02036E-01  6.67189E+00 10.0
    119 10  7  211  12 2p2(3PE) 6p     -4.94421E-01  6.67951E+00  6.0
    120 10  7  401   7 2p2(3PE) 6p     -4.80431E-01  6.69350E+00  4.0
    121 10  7  231   6 2p2(1DE) 5p     -4.74983E-01  6.69895E+00 14.0
    122 10  7  220  12 2p2(1SE) 4d     -4.65568E-01  6.70836E+00 10.0
    123 10  7  221  12 2p2(1DE) 5p     -4.64356E-01  6.70957E+00 10.0
    124 10  7  430   6 2p2(3PE) 6d     -4.63209E-01  6.71072E+00 28.0
    125 10  7  420   5 2p2(3PE) 6d     -4.61199E-01  6.71273E+00 20.0
    126 10  7  400   1 2p3(3PO) 3p     -4.61089E-01  6.71284E+00  4.0
    127 10  7  210  12 2p2(3PE) 6d     -4.59145E-01  6.71479E+00  6.0
    128 10  7  211  13 2p2(1DE) 5p     -4.55850E-01  6.71808E+00  6.0
    129 10  7  410  11 2p2(3PE) 6d     -4.55781E-01  6.71815E+00 12.0
    130 10  7  230   8 2p2(3PE) 6d     -4.54241E-01  6.71969E+00 14.0
    131 10  7  441   3 2p2(3PE) 6f     -4.49566E-01  6.72436E+00 36.0
    132 10  7  421   9 2p2(3PE) 6f     -4.48105E-01  6.72583E+00 20.0
    133 10  7  221  13 2p2(3PE) 6f     -4.48026E-01  6.72590E+00 10.0
    134 10  7  241   4 2p2(3PE) 6f     -4.47346E-01  6.72658E+00 18.0
    135 10  7  431   3 2p2(3PE) 6f     -4.46100E-01  6.72783E+00 28.0
    136 10  7  430   7 2p2(3PE) 6g     -4.45291E-01  6.72864E+00 28.0
    137 10  7  230   9 2p2(3PE) 6g     -4.45290E-01  6.72864E+00 14.0
    138 10  7  220  13 2p2(3PE) 6d     -4.45024E-01  6.72891E+00 10.0
    139 10  7  241   5 2p2(3PE) 6h     -4.44643E-01  6.72929E+00 18.0
    140 10  7  441   4 2p2(3PE) 6h     -4.44643E-01  6.72929E+00 36.0
    141 10  7  231   7 2p2(3PE) 6f     -4.44573E-01  6.72936E+00 14.0
    142 10  7  420   6 2p3(3PO) 3p     -4.44415E-01  6.72952E+00 20.0
    143 10  7  440   2 2p2(3PE) 6g     -4.43961E-01  6.72997E+00 36.0
    144 10  7  240   4 2p2(3PE) 6g     -4.43945E-01  6.72999E+00 18.0
    145 10  7  231   8 2p2(1SE) 4f     -4.28149E-01  6.74578E+00 14.0
    146 10  7  610   2 2p3(5SO) 4p     -4.24027E-01  6.74990E+00 18.0
    147 10  7  410  12 2p3(5SO) 4p     -4.08928E-01  6.76500E+00 12.0
    148 10  7  230  10 2p2(1DE) 5d     -3.96617E-01  6.77731E+00 14.0
    149 10  7  210  13 2p3(3PO) 3p     -3.96004E-01  6.77793E+00  6.0
    150 10  7  240   5 2p2(1DE) 5d     -3.95223E-01  6.77871E+00 18.0
    151 10  7  220  14 2p2(1DE) 5d     -3.89080E-01  6.78485E+00 10.0
    152 10  7  210  14 2p2(1DE) 5d     -3.82679E-01  6.79125E+00  6.0
    153 10  7  210  15 2p2(3PE) 7s     -3.80680E-01  6.79325E+00  6.0
    154 10  7  200   6 2p2(1DE) 5d     -3.80501E-01  6.79343E+00  2.0
    155 10  7  410  13 2p2(3PE) 7s     -3.79041E-01  6.79489E+00 12.0
    156 10  7  241   6 2p2(1DE) 5f     -3.76494E-01  6.79744E+00 18.0
    157 10  7  231   9 2p2(1DE) 5f     -3.75339E-01  6.79859E+00 14.0
    158 10  7  221  14 2p2(1DE) 5f     -3.72723E-01  6.80121E+00 10.0
    159 10  7  240   6 2p2(1DE) 5g     -3.72297E-01  6.80163E+00 18.0
    160 10  7  230  11 2p2(1DE) 5g     -3.71004E-01  6.80293E+00 14.0
    161 10  7  201   5 2p2(3PE) 7p     -3.70244E-01  6.80369E+00  2.0
    162 10  7  211  14 2p2(1DE) 5f     -3.69381E-01  6.80455E+00  6.0
    163 10  7  220  15 2p2(1DE) 5g     -3.69323E-01  6.80461E+00 10.0
    164 10  7  421  10 2p2(3PE) 7p     -3.65064E-01  6.80887E+00 20.0
    165 10  7  411   6 2p2(3PE) 7p     -3.63509E-01  6.81042E+00 12.0
    166 10  7  221  15 2p2(3PE) 7p     -3.58539E-01  6.81539E+00 10.0
    167 10  7  401   8 2p2(3PE) 7p     -3.56480E-01  6.81745E+00  4.0
    168 10  7  211  15 2p2(3PE) 7p     -3.54383E-01  6.81955E+00  6.0
    169 10  7  220  16 2p3(3PO) 3p     -3.53958E-01  6.81997E+00 10.0
    170 10  7  410  14 2p3(3PO) 3p     -3.38806E-01  6.83512E+00 12.0
    171 10  7  430   8 2p2(3PE) 7d     -3.38384E-01  6.83555E+00 28.0
    172 10  7  420   7 2p2(3PE) 7d     -3.36453E-01  6.83748E+00 20.0
    173 10  7  441   5 2p2(3PE) 7f     -3.36032E-01  6.83790E+00 36.0
    174 10  7  210  16 2p2(3PE) 7d     -3.34532E-01  6.83940E+00  6.0
    175 10  7  410  15 2p2(3PE) 7d     -3.32652E-01  6.84128E+00 12.0
    176 10  7  230  12 2p2(3PE) 7d     -3.31220E-01  6.84271E+00 14.0
    177 10  7  431   4 2p2(3PE) 7f     -3.30573E-01  6.84336E+00 28.0
    178 10  7  241   7 2p2(3PE) 7f     -3.30011E-01  6.84392E+00 18.0
    179 10  7  421  11 2p2(3PE) 7f     -3.29529E-01  6.84440E+00 20.0
    180 10  7  221  16 2p2(3PE) 7f     -3.29214E-01  6.84472E+00 10.0
    181 10  7  430   9 2p2(3PE) 7g     -3.27070E-01  6.84686E+00 28.0
    182 10  7  230  13 2p2(3PE) 7g     -3.27069E-01  6.84686E+00 14.0
    183 10  7  231  10 2p2(3PE) 7f     -3.26891E-01  6.84704E+00 14.0
    184 10  7  441   6 2p2(3PE) 7h     -3.26699E-01  6.84723E+00 36.0
    185 10  7  241   8 2p2(3PE) 7h     -3.26698E-01  6.84723E+00 18.0
    186 10  7  220  17 2p2(3PE) 7d     -3.26495E-01  6.84743E+00 10.0
    187 10  7  440   3 2p2(3PE) 7g     -3.26260E-01  6.84767E+00 36.0
    188 10  7  240   7 2p2(3PE) 7g     -3.26246E-01  6.84768E+00 18.0
    189 10  7  431   5 2p3(3DO) 3d     -3.11670E-01  6.86226E+00 28.0
    190 10  7  421  12 2p3(3DO) 3d     -2.96005E-01  6.87792E+00 20.0
    191 10  7  441   7 2p3(3DO) 3d     -2.93940E-01  6.87999E+00 36.0
    192 10  7  410  16 2p2(3PE) 8s     -2.88680E-01  6.88525E+00 12.0
    193 10  7  210  17 2p2(3PE) 8s     -2.87429E-01  6.88650E+00  6.0
    194 10  7  201   6 2p2(3PE) 8p     -2.81286E-01  6.89264E+00  2.0
    195 10  7  411   7 2p2(3PE) 8p     -2.75118E-01  6.89881E+00 12.0
    196 10  7  421  13 2p2(3PE) 8p     -2.74824E-01  6.89911E+00 20.0
    197 10  7  221  17 2p2(3PE) 8p     -2.74686E-01  6.89924E+00 10.0
    198 10  7  220  18 2p2(1DE) 6s     -2.71981E-01  6.90195E+00 10.0
    199 10  7  401   9 2p2(3PE) 8p     -2.71351E-01  6.90258E+00  4.0
    200 10  7  211  16 2p2(3PE) 8p     -2.70036E-01  6.90389E+00  6.0
    201 10  7  241   9 2p3(3DO) 3d     -2.66868E-01  6.90706E+00 18.0
    202 10  7  621   2 2p3(5SO) 4d     -2.63270E-01  6.91066E+00 30.0
    203 10  7  201   7 2p3(3DO) 3d     -2.58458E-01  6.91547E+00  2.0
    204 10  7  430  10 2p2(3PE) 8d     -2.57950E-01  6.91598E+00 28.0
    205 10  7  420   8 2p2(3PE) 8d     -2.56693E-01  6.91724E+00 20.0
    206 10  7  210  18 2p2(3PE) 8d     -2.55900E-01  6.91803E+00  6.0
    207 10  7  410  17 2p2(3PE) 8d     -2.54658E-01  6.91927E+00 12.0
    208 10  7  230  14 2p2(3PE) 8d     -2.53803E-01  6.92013E+00 14.0
    209 10  7  221  18 2p2(3PE) 8f     -2.52417E-01  6.92151E+00 10.0
    210 10  7  421  14 2p2(3PE) 8f     -2.51584E-01  6.92235E+00 20.0
    211 10  7  220  19 2p2(3PE) 8d     -2.50829E-01  6.92310E+00 10.0
    212 10  7  231  11 2p2(3PE) 8f     -2.50640E-01  6.92329E+00 14.0
    213 10  7  431   6 2p2(3PE) 8f     -2.50391E-01  6.92354E+00 28.0
    214 10  7  430  11 2p2(3PE) 8g     -2.50363E-01  6.92357E+00 28.0
    215 10  7  230  15 2p2(3PE) 8g     -2.50361E-01  6.92357E+00 14.0
    216 10  7  241  10 2p2(3PE) 8h     -2.50129E-01  6.92380E+00 18.0
    217 10  7  441   8 2p2(3PE) 8h     -2.50129E-01  6.92380E+00 36.0
    218 10  7  440   4 2p2(3PE) 8g     -2.49836E-01  6.92409E+00 36.0
    219 10  7  240   8 2p2(3PE) 8g     -2.49825E-01  6.92411E+00 18.0
    220 10  7  200   7 2p2(1SE) 5s     -2.47725E-01  6.92621E+00  2.0
    221 10  7  441   9 2p2(3PE) 8f     -2.46751E-01  6.92718E+00 36.0
    222 10  7  241  11 2p2(3PE) 8f     -2.43867E-01  6.93006E+00 18.0
    223 10  7  221  19 2p3(1DO) 3s     -2.43326E-01  6.93060E+00 10.0
    224 10  7  411   8 2p3(3DO) 3d     -2.36180E-01  6.93775E+00 12.0
    225 10  7  231  12 2p2(1DE) 6p     -2.33893E-01  6.94004E+00 14.0
    226 10  7  211  17 2p2(1DE) 6p     -2.28183E-01  6.94575E+00  6.0
    227 10  7  401  10 2p3(3DO) 3d     -2.27104E-01  6.94683E+00  4.0
    228 10  7  410  18 2p2(3PE) 9s     -2.24685E-01  6.94924E+00 12.0
    229 10  7  210  19 2p2(3PE) 9s     -2.23559E-01  6.95037E+00  6.0
    230 10  7  200   8 2p3(3PO) 3p     -2.19406E-01  6.95452E+00  2.0
    231 10  7  201   8 2p2(3PE) 9p     -2.17775E-01  6.95616E+00  2.0
    232 10  7  221  20 2p2(1DE) 6p     -2.17444E-01  6.95649E+00 10.0
    233 10  7  421  15 2p2(3PE) 9p     -2.15354E-01  6.95858E+00 20.0
    234 10  7  411   9 2p2(3PE) 9p     -2.13380E-01  6.96055E+00 12.0
    235 10  7  211  18 2p2(3PE) 9p     -2.11675E-01  6.96226E+00  6.0
    236 10  7  221  21 2p2(3PE) 9p     -2.10664E-01  6.96327E+00 10.0
    237 10  7  401  11 2p2(3PE) 9p     -2.09193E-01  6.96474E+00  4.0
    238 10  7  211  19 2p3(3DO) 3d     -2.04638E-01  6.96929E+00  6.0
    239 10  7  421  16 2p3(5SO) 4d     -2.03405E-01  6.97053E+00 20.0
    240 10  7  430  12 2p2(3PE) 9d     -2.03242E-01  6.97069E+00 28.0
    241 10  7  221  22 2p3(3DO) 3d     -2.03095E-01  6.97084E+00 10.0
    242 10  7  630   1 2p3(5SO) 4f     -2.02919E-01  6.97101E+00 42.0
    243 10  7  420   9 2p2(3PE) 9d     -2.02244E-01  6.97169E+00 20.0
    244 10  7  210  20 2p2(3PE) 9d     -2.02058E-01  6.97187E+00  6.0
    245 10  7  230  16 2p2(3PE) 9d     -2.01514E-01  6.97242E+00 14.0
    246 10  7  430  13 2p3(5SO) 4f     -2.01403E-01  6.97253E+00 28.0
    247 10  7  410  19 2p2(3PE) 9d     -2.00837E-01  6.97309E+00 12.0
    248 10  7  231  13 2p2(3PE) 9f     -2.00472E-01  6.97346E+00 14.0
    249 10  7  220  20 2p2(3PE) 9d     -1.98296E-01  6.97563E+00 10.0
    250 10  7  421  17 2p2(3PE) 9f     -1.98265E-01  6.97567E+00 20.0
    251 10  7  431   7 2p2(3PE) 9f     -1.98147E-01  6.97578E+00 28.0
    252 10  7  430  14 2p2(3PE) 9g     -1.97787E-01  6.97614E+00 28.0
    253 10  7  230  17 2p2(3PE) 9g     -1.97786E-01  6.97614E+00 14.0
    254 10  7  241  12 2p2(3PE) 9h     -1.97629E-01  6.97630E+00 18.0
    255 10  7  441  10 2p2(3PE) 9h     -1.97629E-01  6.97630E+00 36.0
    256 10  7  440   5 2p2(3PE) 9g     -1.97424E-01  6.97651E+00 36.0
    257 10  7  240   9 2p2(3PE) 9g     -1.97416E-01  6.97651E+00 18.0
    258 10  7  441  11 2p2(3PE) 9f     -1.96666E-01  6.97726E+00 36.0
    259 10  7  241  13 2p2(3PE) 9f     -1.96661E-01  6.97727E+00 18.0
    260 10  7  221  23 2p2(3PE) 9f     -1.94475E-01  6.97945E+00 10.0
    261 10  7  231  14 2p3(3DO) 3d     -1.90194E-01  6.98374E+00 14.0
    262 10  7  240  10 2p2(1DE) 6d     -1.89644E-01  6.98429E+00 18.0
    263 10  7  230  18 2p2(1DE) 6d     -1.89442E-01  6.98449E+00 14.0
    264 10  7  220  21 2p2(1DE) 6d     -1.85313E-01  6.98862E+00 10.0
    265 10  7  210  21 2p2(1DE) 6d     -1.82618E-01  6.99131E+00  6.0
    266 10  7  410  20 2p2(3PE)10s     -1.79681E-01  6.99425E+00 12.0
    267 10  7  210  22 2p2(3PE)10s     -1.78784E-01  6.99515E+00  6.0
    268 10  7  231  15 2p2(1DE) 6f     -1.78665E-01  6.99527E+00 14.0
    269 10  7  241  14 2p2(1DE) 6f     -1.78596E-01  6.99533E+00 18.0
    270 10  7  221  24 2p2(1DE) 6f     -1.76621E-01  6.99731E+00 10.0
    271 10  7  240  11 2p2(1DE) 6g     -1.76228E-01  6.99770E+00 18.0
    272 10  7  200   9 2p2(1DE) 6d     -1.75924E-01  6.99801E+00  2.0
    273 10  7  201   9 2p2(3PE)10p     -1.75801E-01  6.99813E+00  2.0
    274 10  7  230  19 2p2(1DE) 6g     -1.75416E-01  6.99851E+00 14.0
    275 10  7  241  15 2p2(1DE) 6h     -1.75286E-01  6.99864E+00 18.0
    276 10  7  211  20 2p2(1DE) 6f     -1.75249E-01  6.99868E+00  6.0
    277 10  7  231  16 2p2(1DE) 6h     -1.74955E-01  6.99898E+00 14.0
    278 10  7  401  12 2p3(3SO) 3s     -1.74426E-01  6.99950E+00  4.0
    279 10  7  220  22 2p2(1DE) 6g     -1.74390E-01  6.99954E+00 10.0
    280 10  7  421  18 2p2(3PE)10p     -1.72630E-01  7.00130E+00 20.0
    281 10  7  411  10 2p2(3PE)10p     -1.71977E-01  7.00195E+00 12.0
    282 10  7  211  21 2p2(3PE)10p     -1.70095E-01  7.00384E+00  6.0
    283 10  7  221  25 2p2(3PE)10p     -1.69478E-01  7.00445E+00 10.0
    284 10  7  401  13 2p2(3PE)10p     -1.69110E-01  7.00482E+00  4.0
    285 10  7  430  15 2p2(3PE)10d     -1.64062E-01  7.00987E+00 28.0
    286 10  7  420  10 2p2(3PE)10d     -1.63440E-01  7.01049E+00 20.0
    287 10  7  210  23 2p2(3PE)10d     -1.62778E-01  7.01115E+00  6.0
    288 10  7  410  21 2p2(3PE)10d     -1.62424E-01  7.01151E+00 12.0
    289 10  7  230  20 2p2(3PE)10d     -1.61545E-01  7.01239E+00 14.0
    290 10  7  421  19 2p2(3PE)10f     -1.60966E-01  7.01296E+00 20.0
    291 10  7  211  22 2p2(1SE) 5p     -1.60797E-01  7.01313E+00  6.0
    292 10  7  431   8 2p2(3PE)10f     -1.60626E-01  7.01330E+00 28.0
    293 10  7  220  23 2p2(3PE)10d     -1.60578E-01  7.01335E+00 10.0
    294 10  7  221  26 2p2(3PE)10f     -1.60490E-01  7.01344E+00 10.0
    295 10  7  430  16 2p2(3PE)10g     -1.60187E-01  7.01374E+00 28.0
    296 10  7  230  21 2p2(3PE)10g     -1.60186E-01  7.01374E+00 14.0
    297 10  7  241  16 2p2(3PE)10h     -1.60075E-01  7.01385E+00 18.0
    298 10  7  441  12 2p2(3PE)10h     -1.60075E-01  7.01385E+00 36.0
    299 10  7  200  10 2p2(1DE) 7d     -6.03907E-02  7.11354E+00  2.0
    300 10  7  601   3 2p3(5SO) 5s     -1.86086E-02  7.15532E+00  6.0
    301 10  7  200  11 2p2(1DE) 8d      1.62006E-02  7.19013E+00  2.0
    302 10  7  200  12 2p2(1SE) 6s      3.61993E-02  7.21013E+00  2.0
    303 10  7  610   3 2p3(5SO) 5p      5.05903E-02  7.22452E+00 18.0
    304 10  7  200  13 2p2(1DE) 9d      7.03629E-02  7.24429E+00  2.0
    305 10  7  200  14 2p2(1DE)10d      1.08063E-01  7.28199E+00  2.0
    306 10  7  621   3 2p3(5SO) 5d      1.26291E-01  7.30022E+00 30.0
    307 10  7  630   2 2p3(5SO) 5f      1.57445E-01  7.33138E+00 42.0
    308 10  7  641   1 2p3(5SO) 5g      1.58693E-01  7.33262E+00 54.0
    309 10  7  601   4 2p3(5SO) 6s      2.55549E-01  7.42948E+00  6.0
    310 10  7  610   4 2p3(5SO) 6p      2.93598E-01  7.46753E+00 18.0
    311 10  7  621   4 2p3(5SO) 6d      3.35382E-01  7.50931E+00 30.0
    312 10  7  630   3 2p3(5SO) 6f      3.53396E-01  7.52733E+00 42.0
    313 10  7  641   2 2p3(5SO) 6g      3.54246E-01  7.52818E+00 54.0
    314 10  7  601   5 2p3(5SO) 7s      4.11612E-01  7.58554E+00  6.0
    315 10  7  610   5 2p3(5SO) 7p      4.34738E-01  7.60867E+00 18.0
    316 10  7  621   5 2p3(5SO) 7d      4.60265E-01  7.63420E+00 30.0
    317 10  7  630   4 2p3(5SO) 7f      4.71579E-01  7.64551E+00 42.0
    318 10  7  641   3 2p3(5SO) 7g      4.72162E-01  7.64609E+00 54.0
    319 10  7  601   6 2p3(5SO) 8s      5.08888E-01  7.68282E+00  6.0
    320 10  7  610   6 2p3(5SO) 8p      5.23980E-01  7.69791E+00 18.0
    321 10  7  621   6 2p3(5SO) 8d      5.40725E-01  7.71465E+00 30.0
    322 10  7  630   5 2p3(5SO) 8f      5.48284E-01  7.72221E+00 42.0
    323 10  7  641   4 2p3(5SO) 8g      5.48695E-01  7.72263E+00 54.0
    324 10  7  601   7 2p3(5SO) 9s      5.73604E-01  7.74753E+00  6.0
    325 10  7  610   7 2p3(5SO) 9p      5.83992E-01  7.75792E+00 18.0
    326 10  7  621   7 2p3(5SO) 9d      5.95572E-01  7.76950E+00 30.0
    327 10  7  630   6 2p3(5SO) 9f      6.00868E-01  7.77480E+00 42.0
    328 10  7  641   5 2p3(5SO) 9g      6.01167E-01  7.77510E+00 54.0
    329 10  7  601   8 2p3(5SO)10s      6.18828E-01  7.79276E+00  6.0
    330 10  7  610   8 2p3(5SO)10p      6.26281E-01  7.80021E+00 18.0
    331 10  7  621   8 2p3(5SO)10d      6.34624E-01  7.80855E+00 30.0
    332 10  7  630   7 2p3(5SO)10f      6.38477E-01  7.81241E+00 42.0
    333 10  7  641   6 2p3(5SO)10g      6.38700E-01  7.81263E+00 54.0
    334 10  7  400   2 2p3(3PO) 4p      6.73939E-01  7.84787E+00  4.0
    335 10  7  400   3 2p3(3PO) 5p      1.14469E+00  8.31862E+00  4.0
    336 10  7  400   4 2p3(3PO) 6p      1.38634E+00  8.56027E+00  4.0
    337 10  7  400   5 2p3(3PO) 7p      1.52688E+00  8.70081E+00  4.0
    338 10  7  400   6 2p3(3PO) 8p      1.61582E+00  8.78975E+00  4.0
    339 10  7  400   7 2p3(3PO) 9p      1.67565E+00  8.84958E+00  4.0
    340 10  7  400   8 2p3(3PO)10p      1.71784E+00  8.89177E+00  4.0
 ====================================================================
