 ====================================================================
      i NZ NE iSLP iLV iCONF                 E(RYD)      TE(RYD)   gi
 ====================================================================
      1 10  6  310   1 2s2 2p2         -9.27556E+00  0.00000E+00  9.0
      2 10  6  120   1 2s2 2p2         -8.99891E+00  2.76650E-01  5.0
      3 10  6  100   1 2s2 2p2         -8.67970E+00  5.95860E-01  1.0
      4 10  6  501   1 2s 2p3          -8.50473E+00  7.70830E-01  5.0
      5 10  6  321   1 2s 2p3          -7.68538E+00  1.59018E+00 15.0
      6 10  6  311   1 2s 2p3          -7.38059E+00  1.89497E+00  9.0
      7 10  6  121   1 2s 2p3          -6.79724E+00  2.47832E+00  5.0
      8 10  6  301   1 2s 2p3          -6.71182E+00  2.56374E+00  3.0
      9 10  6  111   1 2s 2p3          -6.48226E+00  2.79330E+00  3.0
     10 10  6  310   2 2p4             -5.52003E+00  3.75553E+00  9.0
     11 10  6  120   2 2p4             -5.30107E+00  3.97449E+00  5.0
     12 10  6  100   2 2p4             -4.69818E+00  4.57738E+00  1.0
     13 10  6  311   2 2s2 2p 3s       -3.84262E+00  5.43294E+00  9.0
     14 10  6  111   2 2s2 2p 3s       -3.76380E+00  5.51176E+00  3.0
     15 10  6  110   1 2s2 2p 3p       -3.49316E+00  5.78240E+00  3.0
     16 10  6  320   1 2s2 2p 3p       -3.44399E+00  5.83157E+00 15.0
     17 10  6  300   1 2s2 2p 3p       -3.38920E+00  5.88636E+00  3.0
     18 10  6  310   3 2s2 2p 3p       -3.35114E+00  5.92442E+00  9.0
     19 10  6  120   3 2s2 2p 3p       -3.23572E+00  6.03984E+00  5.0
     20 10  6  100   3 2s2 2p 3p       -3.09843E+00  6.17713E+00  1.0
     21 10  6  121   2 2s2 2p 3d       -2.98538E+00  6.29018E+00  5.0
     22 10  6  331   1 2s2 2p 3d       -2.98186E+00  6.29370E+00 21.0
     23 10  6  510   1 2s2p2(4PE) 3s   -2.95408E+00  6.32148E+00 15.0
     24 10  6  321   2 2s2 2p 3d       -2.91498E+00  6.36058E+00 15.0
     25 10  6  311   3 2s2 2p 3d       -2.88346E+00  6.39210E+00  9.0
     26 10  6  131   1 2s2 2p 3d       -2.80764E+00  6.46792E+00  7.0
     27 10  6  111   3 2s2 2p 3d       -2.79123E+00  6.48433E+00  3.0
     28 10  6  310   4 2s2p2(4PE) 3s   -2.74402E+00  6.53154E+00  9.0
     29 10  6  301   2 2s2p2(4PE) 3p   -2.59571E+00  6.67985E+00  3.0
     30 10  6  521   1 2s2p2(4PE) 3p   -2.54813E+00  6.72743E+00 25.0
     31 10  6  511   1 2s2p2(4PE) 3p   -2.50266E+00  6.77290E+00 15.0
     32 10  6  321   3 2s2p2(4PE) 3p   -2.39758E+00  6.87798E+00 15.0
     33 10  6  501   2 2s2p2(4PE) 3p   -2.37537E+00  6.90019E+00  5.0
     34 10  6  311   4 2s2p2(4PE) 3p   -2.32327E+00  6.95229E+00  9.0
     35 10  6  320   2 2s2p2(2DE) 3s   -2.18693E+00  7.08863E+00 15.0
     36 10  6  530   1 2s2p2(4PE) 3d   -2.12274E+00  7.15282E+00 35.0
     37 10  6  520   1 2s2p2(4PE) 3d   -2.06350E+00  7.21206E+00 25.0
     38 10  6  120   4 2s2p2(2DE) 3s   -2.05857E+00  7.21699E+00  5.0
     39 10  6  510   2 2s2p2(4PE) 3d   -2.02408E+00  7.25148E+00 15.0
     40 10  6  310   5 2s2p2(4PE) 3d   -2.00586E+00  7.26970E+00  9.0
     41 10  6  311   5 2s2 2p 4s       -1.97978E+00  7.29578E+00  9.0
     42 10  6  330   1 2s2p2(4PE) 3d   -1.96039E+00  7.31517E+00 21.0
     43 10  6  111   4 2s2 2p 4s       -1.94980E+00  7.32576E+00  3.0
     44 10  6  320   3 2s2p2(4PE) 3d   -1.86038E+00  7.41518E+00 15.0
     45 10  6  110   2 2s2 2p 4p       -1.84544E+00  7.43012E+00  3.0
     46 10  6  300   2 2s2 2p 4p       -1.81995E+00  7.45561E+00  3.0
     47 10  6  320   4 2s2 2p 4p       -1.80874E+00  7.46682E+00 15.0
     48 10  6  310   6 2s2 2p 4p       -1.77532E+00  7.50024E+00  9.0
     49 10  6  331   2 2s2p2(2DE) 3p   -1.76764E+00  7.50792E+00 21.0
     50 10  6  121   3 2p3(2DO) 3d     -1.76110E+00  7.51446E+00  5.0
     51 10  6  120   5 2s2 2p 4p       -1.73675E+00  7.53881E+00  5.0
     52 10  6  131   2 2s2p2(2DE) 3p   -1.71658E+00  7.55898E+00  7.0
     53 10  6  321   4 2s2p2(2DE) 3p   -1.71598E+00  7.55958E+00 15.0
     54 10  6  100   4 2s2 2p 4p       -1.69880E+00  7.57676E+00  1.0
     55 10  6  300   3 2s2p2(2SE) 3s   -1.67319E+00  7.60237E+00  3.0
     56 10  6  111   5 2s2p2(2DE) 3p   -1.66873E+00  7.60683E+00  3.0
     57 10  6  331   3 2s2 2p 4d       -1.64812E+00  7.62744E+00 21.0
     58 10  6  121   4 2s2 2p 4d       -1.64296E+00  7.63260E+00  5.0
     59 10  6  311   6 2s2p2(2DE) 3p   -1.63949E+00  7.63607E+00  9.0
     60 10  6  321   5 2s2 2p 4d       -1.61999E+00  7.65557E+00 15.0
     61 10  6  311   7 2s2 2p 4d       -1.60877E+00  7.66679E+00  9.0
     62 10  6  130   1 2s2 2p 4f       -1.58950E+00  7.68606E+00  7.0
     63 10  6  330   2 2s2 2p 4f       -1.58805E+00  7.68751E+00 21.0
     64 10  6  340   1 2s2 2p 4f       -1.58085E+00  7.69471E+00 27.0
     65 10  6  131   3 2s2 2p 4d       -1.57375E+00  7.70181E+00  7.0
     66 10  6  111   6 2s2 2p 4d       -1.57343E+00  7.70213E+00  3.0
     67 10  6  100   5 2s2p2(2SE) 3s   -1.57175E+00  7.70381E+00  1.0
     68 10  6  320   5 2s2 2p 4f       -1.56932E+00  7.70624E+00 15.0
     69 10  6  140   1 2s2 2p 4f       -1.56867E+00  7.70689E+00  9.0
     70 10  6  120   6 2s2 2p 4f       -1.56607E+00  7.70949E+00  5.0
     71 10  6  310   7 2s2p2(2PE) 3s   -1.51923E+00  7.75633E+00  9.0
     72 10  6  110   3 2s2p2(2PE) 3s   -1.45212E+00  7.82344E+00  3.0
     73 10  6  330   3 2s2p2(2DE) 3d   -1.34961E+00  7.92595E+00 21.0
     74 10  6  340   2 2s2p2(2DE) 3d   -1.31907E+00  7.95649E+00 27.0
     75 10  6  130   2 2s2p2(2DE) 3d   -1.28631E+00  7.98925E+00  7.0
     76 10  6  320   6 2s2p2(2DE) 3d   -1.28358E+00  7.99198E+00 15.0
     77 10  6  311   8 2s2p2(2SE) 3p   -1.25386E+00  8.02170E+00  9.0
     78 10  6  140   2 2s2p2(2DE) 3d   -1.24896E+00  8.02660E+00  9.0
     79 10  6  310   8 2s2p2(2DE) 3d   -1.21911E+00  8.05645E+00  9.0
     80 10  6  111   7 2s2p2(2SE) 3p   -1.21844E+00  8.05712E+00  3.0
     81 10  6  101   1 2s2p2(2PE) 3p   -1.21612E+00  8.05944E+00  1.0
     82 10  6  111   8 2s2 2p 5s       -1.19492E+00  8.08064E+00  3.0
     83 10  6  311   9 2s2 2p 5s       -1.19312E+00  8.08244E+00  9.0
     84 10  6  120   7 2s2p2(2DE) 3d   -1.18551E+00  8.09005E+00  5.0
     85 10  6  300   4 2s2p2(2DE) 3d   -1.17798E+00  8.09758E+00  3.0
     86 10  6  110   4 2s2p2(2DE) 3d   -1.16615E+00  8.10941E+00  3.0
     87 10  6  321   6 2s2p2(2PE) 3p   -1.14284E+00  8.13272E+00 15.0
     88 10  6  320   7 2s2 2p 5p       -1.12376E+00  8.15180E+00 15.0
     89 10  6  110   5 2s2 2p 5p       -1.11414E+00  8.16142E+00  3.0
     90 10  6  310   9 2s2 2p 5p       -1.11175E+00  8.16381E+00  9.0
     91 10  6  300   5 2s2 2p 5p       -1.10304E+00  8.17252E+00  3.0
     92 10  6  100   6 2s2p2(2DE) 3d   -1.09257E+00  8.18299E+00  1.0
     93 10  6  120   8 2s2 2p 5p       -1.09014E+00  8.18542E+00  5.0
     94 10  6  311  10 2s2p2(2PE) 3p   -1.08858E+00  8.18698E+00  9.0
     95 10  6  510   3 2s2p2(4PE) 4s   -1.08513E+00  8.19043E+00 15.0
     96 10  6  100   7 2s2 2p 5p       -1.05516E+00  8.22040E+00  1.0
     97 10  6  301   3 2s2p2(2PE) 3p   -1.04661E+00  8.22895E+00  3.0
     98 10  6  121   5 2s2 2p 5d       -1.04518E+00  8.23038E+00  5.0
     99 10  6  331   4 2s2 2p 5d       -1.04517E+00  8.23039E+00 21.0
    100 10  6  321   7 2s2 2p 5d       -1.02980E+00  8.24576E+00 15.0
    101 10  6  311  11 2s2 2p 5d       -1.02785E+00  8.24771E+00  9.0
    102 10  6  330   4 2s2 2p 5f       -1.01733E+00  8.25823E+00 21.0
    103 10  6  310  10 2s2p2(4PE) 4s   -1.01652E+00  8.25904E+00  9.0
    104 10  6  320   8 2s2 2p 5f       -1.01409E+00  8.26147E+00 15.0
    105 10  6  130   3 2s2 2p 5f       -1.01317E+00  8.26239E+00  7.0
    106 10  6  120   9 2s2 2p 5f       -1.00983E+00  8.26573E+00  5.0
    107 10  6  131   4 2s2 2p 5d       -1.00955E+00  8.26601E+00  7.0
    108 10  6  111   9 2s2 2p 5d       -1.00647E+00  8.26909E+00  3.0
    109 10  6  141   1 2s2 2p 5g       -1.00222E+00  8.27334E+00  9.0
    110 10  6  341   1 2s2 2p 5g       -1.00221E+00  8.27335E+00 27.0
    111 10  6  351   1 2s2 2p 5g       -1.00020E+00  8.27536E+00 33.0
    112 10  6  151   1 2s2 2p 5g       -1.00014E+00  8.27542E+00 11.0
    113 10  6  331   5 2s2 2p 5g       -9.99774E-01  8.27579E+00 21.0
    114 10  6  131   5 2s2 2p 5g       -9.99749E-01  8.27581E+00  7.0
    115 10  6  140   3 2s2 2p 5f       -9.97322E-01  8.27824E+00  9.0
    116 10  6  340   3 2s2 2p 5f       -9.96446E-01  8.27911E+00 27.0
    117 10  6  121   6 2s2p2(2PE) 3p   -9.78822E-01  8.29674E+00  5.0
    118 10  6  301   4 2s2p2(4PE) 4p   -9.78217E-01  8.29734E+00  3.0
    119 10  6  521   2 2s2p2(4PE) 4p   -9.29779E-01  8.34578E+00 25.0
    120 10  6  511   2 2s2p2(4PE) 4p   -9.13962E-01  8.36160E+00 15.0
    121 10  6  111  10 2s2p2(2PE) 3p   -8.89525E-01  8.38603E+00  3.0
    122 10  6  501   3 2s2p2(4PE) 4p   -8.81096E-01  8.39446E+00  5.0
    123 10  6  321   8 2s2p2(4PE) 4p   -8.70231E-01  8.40533E+00 15.0
    124 10  6  501   4 2p3(4SO) 3s     -8.39128E-01  8.43643E+00  5.0
    125 10  6  311  12 2s2p2(4PE) 4p   -8.36627E-01  8.43893E+00  9.0
    126 10  6  320   9 2s2p2(2SE) 3d   -8.14455E-01  8.46111E+00 15.0
    127 10  6  311  13 2s2 2p 6s       -7.99061E-01  8.47650E+00  9.0
    128 10  6  111  11 2s2 2p 6s       -7.86156E-01  8.48940E+00  3.0
    129 10  6  530   2 2s2p2(4PE) 4d   -7.76150E-01  8.49941E+00 35.0
    130 10  6  110   6 2s2 2p 6p       -7.68199E-01  8.50736E+00  3.0
    131 10  6  320  10 2s2 2p 6p       -7.67345E-01  8.50821E+00 15.0
    132 10  6  300   6 2s2 2p 6p       -7.58622E-01  8.51694E+00  3.0
    133 10  6  120  10 2s2p2(2SE) 3d   -7.58327E-01  8.51723E+00  5.0
    134 10  6  520   2 2s2p2(4PE) 4d   -7.57805E-01  8.51776E+00 25.0
    135 10  6  310  11 2s2 2p 6p       -7.53762E-01  8.52180E+00  9.0
    136 10  6  330   5 2s2p2(2PE) 3d   -7.47758E-01  8.52780E+00 21.0
    137 10  6  120  11 2s2 2p 6p       -7.47656E-01  8.52790E+00  5.0
    138 10  6  510   4 2s2p2(4PE) 4d   -7.38061E-01  8.53750E+00 15.0
    139 10  6  310  12 2s2p2(4PE) 4d   -7.34052E-01  8.54151E+00  9.0
    140 10  6  100   8 2s2 2p 6p       -7.32187E-01  8.54337E+00  1.0
    141 10  6  331   6 2s2 2p 6d       -7.20776E-01  8.55478E+00 21.0
    142 10  6  121   7 2s2 2p 6d       -7.19760E-01  8.55580E+00  5.0
    143 10  6  130   4 2s2 2p 6f       -7.16230E-01  8.55933E+00  7.0
    144 10  6  321   9 2s2 2p 6d       -7.12378E-01  8.56318E+00 15.0
    145 10  6  311  14 2s2 2p 6d       -7.11124E-01  8.56444E+00  9.0
    146 10  6  320  11 2s2 2p 6f       -7.06188E-01  8.56937E+00 15.0
    147 10  6  330   6 2s2p2(4PE) 4d   -7.03387E-01  8.57217E+00 21.0
    148 10  6  131   6 2s2 2p 6d       -7.00719E-01  8.57484E+00  7.0
    149 10  6  521   3 2s2p2(4PE) 4f   -7.00351E-01  8.57521E+00 25.0
    150 10  6  111  12 2s2 2p 6d       -6.99331E-01  8.57623E+00  3.0
    151 10  6  321  10 2s2p2(4PE) 4f   -6.99165E-01  8.57640E+00 15.0
    152 10  6  141   2 2s2 2p 6g       -6.96219E-01  8.57934E+00  9.0
    153 10  6  341   2 2s2 2p 6g       -6.96209E-01  8.57935E+00 27.0
    154 10  6  351   2 2s2 2p 6g       -6.94725E-01  8.58084E+00 33.0
    155 10  6  340   4 2s2 2p 6f       -6.94699E-01  8.58086E+00 27.0
    156 10  6  151   2 2s2 2p 6g       -6.94656E-01  8.58090E+00 11.0
    157 10  6  350   1 2s2 2p 6h       -6.94604E-01  8.58096E+00 33.0
    158 10  6  150   1 2s2 2p 6h       -6.94604E-01  8.58096E+00 11.0
    159 10  6  140   5 2s2 2p 6f       -6.94547E-01  8.58101E+00  9.0
    160 10  6  140   4 2s2 2p 6h       -6.94547E-01  8.58101E+00  9.0
    161 10  6  360   1 2s2 2p 6h       -6.94431E-01  8.58113E+00 39.0
    162 10  6  160   1 2s2 2p 6h       -6.94430E-01  8.58113E+00 13.0
    163 10  6  331   7 2s2 2p 6g       -6.94424E-01  8.58114E+00 21.0
    164 10  6  131   7 2s2 2p 6g       -6.94394E-01  8.58117E+00  7.0
    165 10  6  340   5 2s2 2p 6h       -6.94216E-01  8.58134E+00 27.0
    166 10  6  541   1 2s2p2(4PE) 4f   -6.90123E-01  8.58544E+00 45.0
    167 10  6  341   3 2s2p2(4PE) 4f   -6.86895E-01  8.58867E+00 27.0
    168 10  6  120  12 2s2 2p 6f       -6.78569E-01  8.59699E+00  5.0
    169 10  6  531   1 2s2p2(4PE) 4f   -6.76251E-01  8.59931E+00 35.0
    170 10  6  331   8 2s2p2(4PE) 4f   -6.72318E-01  8.60324E+00 21.0
    171 10  6  320  12 2s2p2(4PE) 4d   -6.71724E-01  8.60384E+00 15.0
    172 10  6  110   7 2s2p2(2PE) 3d   -6.68795E-01  8.60677E+00  3.0
    173 10  6  330   7 2s2 2p 6f       -6.60298E-01  8.61526E+00 21.0
    174 10  6  320  13 2s2p2(2PE) 3d   -6.25153E-01  8.65041E+00 15.0
    175 10  6  301   5 2p3(4SO) 3s     -6.10322E-01  8.66524E+00  3.0
    176 10  6  130   5 2s2p2(2PE) 3d   -5.96263E-01  8.67930E+00  7.0
    177 10  6  310  13 2s2p2(2PE) 3d   -5.95268E-01  8.68029E+00  9.0
    178 10  6  311  15 2s2 2p 7s       -5.78047E-01  8.69751E+00  9.0
    179 10  6  111  13 2s2 2p 7s       -5.73105E-01  8.70246E+00  3.0
    180 10  6  110   8 2s2 2p 7p       -5.53774E-01  8.72179E+00  3.0
    181 10  6  320  14 2s2 2p 7p       -5.51149E-01  8.72441E+00 15.0
    182 10  6  300   7 2s2 2p 7p       -5.50429E-01  8.72513E+00  3.0
    183 10  6  120  13 2s2 2p 7p       -5.48455E-01  8.72711E+00  5.0
    184 10  6  310  14 2s2 2p 7p       -5.45213E-01  8.73035E+00  9.0
    185 10  6  100   9 2s2 2p 7p       -5.34097E-01  8.74146E+00  1.0
    186 10  6  331   9 2s2 2p 7d       -5.26681E-01  8.74888E+00 21.0
    187 10  6  121   8 2s2 2p 7d       -5.26187E-01  8.74937E+00  5.0
    188 10  6  120  14 2s2 2p 7f       -5.21918E-01  8.75364E+00  5.0
    189 10  6  321  11 2s2 2p 7d       -5.21506E-01  8.75405E+00 15.0
    190 10  6  311  16 2s2 2p 7d       -5.20891E-01  8.75467E+00  9.0
    191 10  6  131   8 2s2 2p 7d       -5.14396E-01  8.76116E+00  7.0
    192 10  6  111  14 2s2 2p 7d       -5.13555E-01  8.76201E+00  3.0
    193 10  6  141   3 2s2 2p 7g       -5.11520E-01  8.76404E+00  9.0
    194 10  6  341   4 2s2 2p 7g       -5.11510E-01  8.76405E+00 27.0
    195 10  6  340   6 2s2 2p 7f       -5.10768E-01  8.76479E+00 27.0
    196 10  6  350   2 2s2 2p 7h       -5.10382E-01  8.76518E+00 33.0
    197 10  6  150   2 2s2 2p 7h       -5.10382E-01  8.76518E+00 11.0
    198 10  6  140   6 2s2 2p 7f       -5.10354E-01  8.76521E+00  9.0
    199 10  6  331  10 2s2 2p 7g       -5.10294E-01  8.76527E+00 21.0
    200 10  6  131   9 2s2 2p 7g       -5.10267E-01  8.76529E+00  7.0
    201 10  6  161   1 2s2 2p 7i       -5.10216E-01  8.76534E+00 13.0
    202 10  6  361   1 2s2 2p 7i       -5.10216E-01  8.76534E+00 39.0
    203 10  6  360   2 2s2 2p 7h       -5.10194E-01  8.76537E+00 39.0
    204 10  6  351   3 2s2 2p 7i       -5.10193E-01  8.76537E+00 33.0
    205 10  6  351   4 2s2 2p 7g       -5.10193E-01  8.76537E+00 33.0
    206 10  6  160   2 2s2 2p 7h       -5.10193E-01  8.76537E+00 13.0
    207 10  6  151   4 2s2 2p 7g       -5.10189E-01  8.76537E+00 11.0
    208 10  6  151   3 2s2 2p 7i       -5.10189E-01  8.76537E+00 11.0
    209 10  6  340   7 2s2 2p 7h       -5.10122E-01  8.76544E+00 27.0
    210 10  6  140   7 2s2 2p 7h       -5.10000E-01  8.76556E+00  9.0
    211 10  6  330   8 2s2 2p 7f       -5.06460E-01  8.76910E+00 21.0
    212 10  6  320  15 2s2 2p 7f       -5.02076E-01  8.77348E+00 15.0
    213 10  6  130   6 2s2 2p 7f       -4.99744E-01  8.77582E+00  7.0
    214 10  6  120  15 2s2p2(2PE) 3d   -4.78921E-01  8.79664E+00  5.0
    215 10  6  510   5 2p3(4SO) 3p     -4.62670E-01  8.81289E+00 15.0
    216 10  6  321  12 2p3(2DO) 3s     -4.38605E-01  8.83696E+00 15.0
    217 10  6  311  17 2s2 2p 8s       -4.35912E-01  8.83965E+00  9.0
    218 10  6  111  15 2s2 2p 8s       -4.32829E-01  8.84273E+00  3.0
    219 10  6  110   9 2s2 2p 8p       -4.20067E-01  8.85549E+00  3.0
    220 10  6  320  16 2s2 2p 8p       -4.19521E-01  8.85604E+00 15.0
    221 10  6  300   8 2s2 2p 8p       -4.17433E-01  8.85813E+00  3.0
    222 10  6  310  15 2s2 2p 8p       -4.15588E-01  8.85997E+00  9.0
    223 10  6  120  16 2s2 2p 8p       -4.11089E-01  8.86447E+00  5.0
    224 10  6  121   9 2s2p2(2DE) 4p   -4.08404E-01  8.86716E+00  5.0
    225 10  6  100  10 2s2 2p 8p       -4.06653E-01  8.86891E+00  1.0
    226 10  6  331  11 2s2 2p 8d       -4.01635E-01  8.87393E+00 21.0
    227 10  6  121  10 2s2 2p 8d       -4.01106E-01  8.87445E+00  5.0
    228 10  6  321  13 2s2 2p 8d       -3.98212E-01  8.87735E+00 15.0
    229 10  6  311  18 2s2 2p 8d       -3.97828E-01  8.87773E+00  9.0
    230 10  6  131  10 2s2 2p 8d       -3.93540E-01  8.88202E+00  7.0
    231 10  6  111  16 2s2 2p 8d       -3.92965E-01  8.88260E+00  3.0
    232 10  6  141   4 2s2 2p 8g       -3.91605E-01  8.88396E+00  9.0
    233 10  6  341   5 2s2 2p 8g       -3.91597E-01  8.88396E+00 27.0
    234 10  6  340   8 2s2 2p 8f       -3.91195E-01  8.88437E+00 27.0
    235 10  6  351   5 2s2 2p 8g       -3.90921E-01  8.88464E+00 33.0
    236 10  6  151   5 2s2 2p 8g       -3.90875E-01  8.88469E+00 11.0
    237 10  6  350   3 2s2 2p 8h       -3.90780E-01  8.88478E+00 33.0
    238 10  6  150   3 2s2 2p 8h       -3.90780E-01  8.88478E+00 11.0
    239 10  6  140   8 2s2 2p 8f       -3.90769E-01  8.88479E+00  9.0
    240 10  6  331  12 2s2 2p 8g       -3.90746E-01  8.88481E+00 21.0
    241 10  6  131  11 2s2 2p 8g       -3.90723E-01  8.88484E+00  7.0
    242 10  6  361   2 2s2 2p 8i       -3.90641E-01  8.88492E+00 39.0
    243 10  6  161   2 2s2 2p 8i       -3.90641E-01  8.88492E+00 13.0
    244 10  6  360   3 2s2 2p 8h       -3.90619E-01  8.88494E+00 39.0
    245 10  6  160   3 2s2 2p 8h       -3.90618E-01  8.88494E+00 13.0
    246 10  6  351   6 2s2 2p 8i       -3.90614E-01  8.88495E+00 33.0
    247 10  6  151   6 2s2 2p 8i       -3.90611E-01  8.88495E+00 11.0
    248 10  6  340   9 2s2 2p 8h       -3.90575E-01  8.88498E+00 27.0
    249 10  6  140   9 2s2 2p 8h       -3.90511E-01  8.88505E+00  9.0
    250 10  6  330   9 2s2 2p 8f       -3.89811E-01  8.88575E+00 21.0
    251 10  6  130   7 2s2 2p 8f       -3.88349E-01  8.88721E+00  7.0
    252 10  6  320  17 2s2 2p 8f       -3.87686E-01  8.88787E+00 15.0
    253 10  6  120  17 2s2 2p 8f       -3.85491E-01  8.89007E+00  5.0
    254 10  6  310  16 2p3(4SO) 3p     -3.61394E-01  8.91417E+00  9.0
    255 10  6  311  19 2s2 2p 9s       -3.40389E-01  8.93517E+00  9.0
    256 10  6  320  18 2s2p2(2DE) 4s   -3.40364E-01  8.93520E+00 15.0
    257 10  6  111  17 2s2 2p 9s       -3.38178E-01  8.93738E+00  3.0
    258 10  6  110  10 2s2 2p 9p       -3.29293E-01  8.94627E+00  3.0
    259 10  6  300   9 2s2 2p 9p       -3.27398E-01  8.94816E+00  3.0
    260 10  6  310  17 2s2 2p 9p       -3.26268E-01  8.94929E+00  9.0
    261 10  6  120  18 2s2 2p 9p       -3.24545E-01  8.95102E+00  5.0
    262 10  6  320  19 2s2 2p 9p       -3.22315E-01  8.95325E+00 15.0
    263 10  6  100  11 2s2 2p 9p       -3.19905E-01  8.95566E+00  1.0
    264 10  6  331  13 2s2 2p 9d       -3.16363E-01  8.95920E+00 21.0
    265 10  6  121  11 2s2 2p 9d       -3.16129E-01  8.95943E+00  5.0
    266 10  6  321  14 2s2 2p 9d       -3.13976E-01  8.96158E+00 15.0
    267 10  6  311  20 2s2 2p 9d       -3.13716E-01  8.96184E+00  9.0
    268 10  6  510   6 2s2p2(4PE) 5s   -3.12755E-01  8.96281E+00 15.0
    269 10  6  131  12 2s2 2p 9d       -3.10760E-01  8.96480E+00  7.0
    270 10  6  111  18 2s2 2p 9d       -3.10327E-01  8.96523E+00  3.0
    271 10  6  141   5 2s2 2p 9g       -3.09386E-01  8.96617E+00  9.0
    272 10  6  341   6 2s2 2p 9g       -3.09380E-01  8.96618E+00 27.0
    273 10  6  340  10 2s2 2p 9f       -3.09151E-01  8.96641E+00 27.0
    274 10  6  351   7 2s2 2p 9g       -3.08902E-01  8.96666E+00 33.0
    275 10  6  151   7 2s2 2p 9g       -3.08864E-01  8.96670E+00 11.0
    276 10  6  350   4 2s2 2p 9h       -3.08769E-01  8.96679E+00 33.0
    277 10  6  150   4 2s2 2p 9h       -3.08769E-01  8.96679E+00 11.0
    278 10  6  140  10 2s2 2p 9f       -3.08766E-01  8.96679E+00  9.0
    279 10  6  331  14 2s2 2p 9g       -3.08762E-01  8.96680E+00 21.0
    280 10  6  131  13 2s2 2p 9g       -3.08743E-01  8.96682E+00  7.0
    281 10  6  361   3 2s2 2p 9i       -3.08657E-01  8.96690E+00 39.0
    282 10  6  161   3 2s2 2p 9i       -3.08657E-01  8.96690E+00 13.0
    283 10  6  360   4 2s2 2p 9h       -3.08639E-01  8.96692E+00 39.0
    284 10  6  160   4 2s2 2p 9h       -3.08638E-01  8.96692E+00 13.0
    285 10  6  351   8 2s2 2p 9i       -3.08633E-01  8.96693E+00 33.0
    286 10  6  151   8 2s2 2p 9i       -3.08631E-01  8.96693E+00 11.0
    287 10  6  340  11 2s2 2p 9h       -3.08609E-01  8.96695E+00 27.0
    288 10  6  140  11 2s2 2p 9h       -3.08571E-01  8.96699E+00  9.0
    289 10  6  330  10 2s2 2p 9f       -3.08536E-01  8.96702E+00 21.0
    290 10  6  130   8 2s2 2p 9f       -3.07936E-01  8.96762E+00  7.0
    291 10  6  320  20 2s2 2p 9f       -3.07072E-01  8.96849E+00 15.0
    292 10  6  120  19 2s2 2p 9f       -3.06450E-01  8.96911E+00  5.0
    293 10  6  120  20 2s2p2(2DE) 4s   -2.98364E-01  8.97720E+00  5.0
    294 10  6  310  18 2s2p2(4PE) 5s   -2.80852E-01  8.99471E+00  9.0
    295 10  6  311  21 2s2 2p10s       -2.73184E-01  9.00238E+00  9.0
    296 10  6  111  19 2s2 2p10s       -2.71453E-01  9.00411E+00  3.0
    297 10  6  110  11 2s2 2p10p       -2.65027E-01  9.01053E+00  3.0
    298 10  6  300  10 2s2 2p10p       -2.63637E-01  9.01192E+00  3.0
    299 10  6  320  21 2s2 2p10p       -2.63389E-01  9.01217E+00 15.0
    300 10  6  310  19 2s2 2p10p       -2.60362E-01  9.01520E+00  9.0
    301 10  6  120  21 2s2 2p10p       -2.60000E-01  9.01556E+00  5.0
    302 10  6  100  12 2s2 2p10p       -2.58215E-01  9.01735E+00  1.0
    303 10  6  331  15 2s2 2p10d       -2.55637E-01  9.01992E+00 21.0
    304 10  6  121  12 2s2 2p10d       -2.55465E-01  9.02010E+00  5.0
    305 10  6  321  15 2s2 2p10d       -2.53902E-01  9.02166E+00 15.0
    306 10  6  311  22 2s2 2p10d       -2.53711E-01  9.02185E+00  9.0
    307 10  6  131  14 2s2 2p10d       -2.51613E-01  9.02395E+00  7.0
    308 10  6  111  20 2s2 2p10d       -2.51252E-01  9.02431E+00  3.0
    309 10  6  141   6 2s2 2p10g       -2.50577E-01  9.02498E+00  9.0
    310 10  6  341   7 2s2 2p10g       -2.50572E-01  9.02499E+00 27.0
    311 10  6  340  12 2s2 2p10f       -2.50442E-01  9.02512E+00 27.0
    312 10  6  351   9 2s2 2p10g       -2.50224E-01  9.02534E+00 33.0
    313 10  6  151   9 2s2 2p10g       -2.50193E-01  9.02537E+00 11.0
    314 10  6  330  11 2s2 2p10f       -2.50115E-01  9.02544E+00 21.0
    315 10  6  331  16 2s2 2p10g       -2.50109E-01  9.02545E+00 21.0
    316 10  6  140  12 2s2 2p10f       -2.50105E-01  9.02546E+00  9.0
    317 10  6  350   5 2s2 2p10h       -2.50102E-01  9.02546E+00 33.0
    318 10  6  150   5 2s2 2p10h       -2.50102E-01  9.02546E+00 11.0
    319 10  6  131  15 2s2 2p10g       -2.50092E-01  9.02547E+00  7.0
    320 10  6  361   4 2s2 2p10i       -2.50014E-01  9.02555E+00 39.0
    321 10  6  161   4 2s2 2p10i       -2.50014E-01  9.02555E+00 13.0
    322 10  6  521   4 2s2p2(4PE) 5p   -2.43113E-01  9.03245E+00 25.0
    323 10  6  301   6 2s2p2(4PE) 5p   -2.35226E-01  9.04033E+00  3.0
    324 10  6  511   3 2s2p2(4PE) 5p   -2.33712E-01  9.04185E+00 15.0
    325 10  6  501   5 2s2p2(4PE) 5p   -2.13325E-01  9.06224E+00  5.0
    326 10  6  530   3 2s2p2(4PE) 5d   -1.67875E-01  9.10769E+00 35.0
    327 10  6  520   3 2s2p2(4PE) 5d   -1.59474E-01  9.11609E+00 25.0
    328 10  6  521   5 2s2p2(4PE) 5f   -1.50033E-01  9.12553E+00 25.0
    329 10  6  510   7 2s2p2(4PE) 5d   -1.47731E-01  9.12783E+00 15.0
    330 10  6  541   2 2s2p2(4PE) 5f   -1.24095E-01  9.15147E+00 45.0
    331 10  6  530   4 2s2p2(4PE) 5g   -1.20633E-01  9.15493E+00 35.0
    332 10  6  550   1 2s2p2(4PE) 5g   -1.19884E-01  9.15568E+00 55.0
    333 10  6  540   1 2s2p2(4PE) 5g   -1.17699E-01  9.15786E+00 45.0
    334 10  6  531   2 2s2p2(4PE) 5f   -1.17685E-01  9.15788E+00 35.0
    335 10  6  521   6 2p3(4SO) 3d     -2.00114E-02  9.25555E+00 25.0
    336 10  6  510   8 2s2p2(4PE) 6s    7.67635E-02  9.35232E+00 15.0
    337 10  6  301   7 2s2p2(4PE) 6p    1.16525E-01  9.39209E+00  3.0
    338 10  6  521   7 2s2p2(4PE) 6p    1.19449E-01  9.39501E+00 25.0
    339 10  6  511   4 2s2p2(4PE) 6p    1.21661E-01  9.39722E+00 15.0
    340 10  6  501   6 2s2p2(4PE) 6p    1.32576E-01  9.40814E+00  5.0
    341 10  6  530   5 2s2p2(4PE) 6d    1.58282E-01  9.43384E+00 35.0
    342 10  6  520   4 2s2p2(4PE) 6d    1.62814E-01  9.43837E+00 25.0
    343 10  6  510   9 2s2p2(4PE) 6d    1.69334E-01  9.44489E+00 15.0
    344 10  6  541   3 2s2p2(4PE) 6f    1.83271E-01  9.45883E+00 45.0
    345 10  6  530   6 2s2p2(4PE) 6g    1.85239E-01  9.46080E+00 35.0
    346 10  6  550   2 2s2p2(4PE) 6g    1.85867E-01  9.46143E+00 55.0
    347 10  6  541   4 2s2p2(4PE) 6h    1.86376E-01  9.46194E+00 45.0
    348 10  6  531   3 2s2p2(4PE) 6f    1.86928E-01  9.46249E+00 35.0
    349 10  6  540   2 2s2p2(4PE) 6g    1.87462E-01  9.46302E+00 45.0
    350 10  6  521   8 2s2p2(4PE) 6f    1.90463E-01  9.46602E+00 25.0
    351 10  6  510  10 2s2p2(4PE) 7s    3.02936E-01  9.57850E+00 15.0
    352 10  6  101   2 2p3(2DO) 3d      3.06881E-01  9.58244E+00  1.0
    353 10  6  301   8 2s2p2(4PE) 7p    3.26358E-01  9.60192E+00  3.0
    354 10  6  521   9 2s2p2(4PE) 7p    3.28717E-01  9.60428E+00 25.0
    355 10  6  511   5 2s2p2(4PE) 7p    3.30552E-01  9.60611E+00 15.0
    356 10  6  501   7 2s2p2(4PE) 7p    3.37077E-01  9.61264E+00  5.0
    357 10  6  530   7 2s2p2(4PE) 7d    3.53066E-01  9.62863E+00 35.0
    358 10  6  520   5 2s2p2(4PE) 7d    3.55804E-01  9.63136E+00 25.0
    359 10  6  510  11 2s2p2(4PE) 7d    3.59821E-01  9.63538E+00 15.0
    360 10  6  541   5 2s2p2(4PE) 7f    3.68576E-01  9.64414E+00 45.0
    361 10  6  530   8 2s2p2(4PE) 7g    3.69792E-01  9.64535E+00 35.0
    362 10  6  541   6 2s2p2(4PE) 7h    3.70596E-01  9.64616E+00 45.0
    363 10  6  550   3 2s2p2(4PE) 7i    3.70701E-01  9.64626E+00 55.0
    364 10  6  550   4 2s2p2(4PE) 7g    3.70701E-01  9.64626E+00 55.0
    365 10  6  531   4 2s2p2(4PE) 7f    3.70873E-01  9.64643E+00 35.0
    366 10  6  521  10 2s2p2(4PE) 7f    3.71027E-01  9.64659E+00 25.0
    367 10  6  540   3 2s2p2(4PE) 7g    3.71342E-01  9.64690E+00 45.0
    368 10  6  510  12 2s2p2(4PE) 8s    4.45515E-01  9.72108E+00 15.0
    369 10  6  301   9 2s2p2(4PE) 8p    4.59427E-01  9.73499E+00  3.0
    370 10  6  521  11 2s2p2(4PE) 8p    4.62419E-01  9.73798E+00 25.0
    371 10  6  511   6 2s2p2(4PE) 8p    4.63697E-01  9.73926E+00 15.0
    372 10  6  501   8 2s2p2(4PE) 8p    4.67906E-01  9.74347E+00  5.0
    373 10  6  301  10 2p3(2DO) 3d      4.73572E-01  9.74913E+00  3.0
    374 10  6  101   3 2s2p2(2PE) 4p    4.75814E-01  9.75137E+00  1.0
    375 10  6  530   9 2s2p2(4PE) 8d    4.78538E-01  9.75410E+00 35.0
    376 10  6  520   6 2s2p2(4PE) 8d    4.80325E-01  9.75589E+00 25.0
    377 10  6  510  13 2s2p2(4PE) 8d    4.82973E-01  9.75853E+00 15.0
    378 10  6  541   7 2s2p2(4PE) 8f    4.88806E-01  9.76437E+00 45.0
    379 10  6  530  10 2s2p2(4PE) 8g    4.89603E-01  9.76516E+00 35.0
    380 10  6  550   5 2s2p2(4PE) 8g    4.89939E-01  9.76550E+00 55.0
    381 10  6  521  12 2s2p2(4PE) 8f    4.90032E-01  9.76559E+00 25.0
    382 10  6  541   8 2s2p2(4PE) 8h    4.90184E-01  9.76574E+00 45.0
    383 10  6  550   6 2s2p2(4PE) 8i    4.90281E-01  9.76584E+00 55.0
    384 10  6  531   5 2s2p2(4PE) 8f    4.90344E-01  9.76590E+00 35.0
    385 10  6  540   4 2s2p2(4PE) 8g    4.90701E-01  9.76626E+00 45.0
    386 10  6  510  14 2s2p2(4PE) 9s    5.41153E-01  9.81671E+00 15.0
    387 10  6  301  11 2s2p2(4PE) 9p    5.50395E-01  9.82596E+00  3.0
    388 10  6  521  13 2s2p2(4PE) 9p    5.52846E-01  9.82841E+00 25.0
    389 10  6  511   7 2s2p2(4PE) 9p    5.53755E-01  9.82932E+00 15.0
    390 10  6  501   9 2s2p2(4PE) 9p    5.56627E-01  9.83219E+00  5.0
    391 10  6  530  11 2s2p2(4PE) 9d    5.64057E-01  9.83962E+00 35.0
    392 10  6  520   7 2s2p2(4PE) 9d    5.65292E-01  9.84085E+00 25.0
    393 10  6  510  15 2s2p2(4PE) 9d    5.67128E-01  9.84269E+00 15.0
    394 10  6  301  12 2s2p2(2PE) 4p    5.70641E-01  9.84620E+00  3.0
    395 10  6  541   9 2s2p2(4PE) 9f    5.71203E-01  9.84676E+00 45.0
    396 10  6  530  12 2s2p2(4PE) 9g    5.71752E-01  9.84731E+00 35.0
    397 10  6  521  14 2s2p2(4PE) 9f    5.71922E-01  9.84748E+00 25.0
    398 10  6  550   7 2s2p2(4PE) 9g    5.72004E-01  9.84756E+00 55.0
    399 10  6  541  10 2s2p2(4PE) 9h    5.72182E-01  9.84774E+00 45.0
    400 10  6  550   8 2s2p2(4PE) 9i    5.72263E-01  9.84782E+00 55.0
    401 10  6  531   6 2s2p2(4PE) 9f    5.72284E-01  9.84784E+00 35.0
    402 10  6  540   5 2s2p2(4PE) 9g    5.72551E-01  9.84811E+00 45.0
    403 10  6  510  16 2s2p2(4PE)10s    6.08411E-01  9.88397E+00 15.0
    404 10  6  301  13 2s2p2(4PE)10p    6.16262E-01  9.89182E+00  3.0
    405 10  6  521  15 2s2p2(4PE)10p    6.16836E-01  9.89240E+00 25.0
    406 10  6  511   8 2s2p2(4PE)10p    6.17503E-01  9.89306E+00 15.0
    407 10  6  501  10 2s2p2(4PE)10p    6.19548E-01  9.89511E+00  5.0
    408 10  6  530  13 2s2p2(4PE)10d    6.24946E-01  9.90051E+00 35.0
    409 10  6  520   8 2s2p2(4PE)10d    6.25836E-01  9.90140E+00 25.0
    410 10  6  510  17 2s2p2(4PE)10d    6.27162E-01  9.90272E+00 15.0
    411 10  6  541  11 2s2p2(4PE)10f    6.30119E-01  9.90568E+00 45.0
    412 10  6  530  14 2s2p2(4PE)10g    6.30512E-01  9.90607E+00 35.0
    413 10  6  521  16 2s2p2(4PE)10f    6.30580E-01  9.90614E+00 25.0
    414 10  6  550   9 2s2p2(4PE)10g    6.30705E-01  9.90627E+00 55.0
    415 10  6  541  12 2s2p2(4PE)10h    6.30838E-01  9.90640E+00 45.0
    416 10  6  101   4 2s2p2(2PE) 5p    1.15686E+00  1.04324E+01  1.0
    417 10  6  101   5 2s2p2(2PE) 6p    1.51670E+00  1.07923E+01  1.0
    418 10  6  101   6 2p3(2DO) 4d      1.64739E+00  1.09230E+01  1.0
    419 10  6  101   7 2s2p2(2PE) 7p    1.73634E+00  1.10119E+01  1.0
    420 10  6  101   8 2s2p2(2PE) 8p    1.86860E+00  1.11442E+01  1.0
    421 10  6  101   9 2s2p2(2PE) 9p    1.95920E+00  1.12348E+01  1.0
    422 10  6  101  10 2s2p2(2PE)10p    2.02342E+00  1.12990E+01  1.0
 ====================================================================
