 ====================================================================
      i NZ NE iSLP iLV iCONF                 E(RYD)      TE(RYD)   gi
 ====================================================================
      1 10  5  211   1 2s2 2p          -1.15809E+01  0.00000E+00  6.0
      2 10  5  410   1 2s 2p2          -1.06842E+01  8.96700E-01 12.0
      3 10  5  220   1 2s 2p2          -9.95800E+00  1.62290E+00 10.0
      4 10  5  200   1 2s 2p2          -9.47026E+00  2.11064E+00  2.0
      5 10  5  210   1 2s 2p2          -9.30169E+00  2.27921E+00  6.0
      6 10  5  401   1 2p3             -8.66937E+00  2.91153E+00  4.0
      7 10  5  221   1 2p3             -8.31729E+00  3.26361E+00 10.0
      8 10  5  211   2 2p3             -7.88062E+00  3.70028E+00  6.0
      9 10  5  200   2 2s2 3s          -5.01174E+00  6.56916E+00  2.0
     10 10  5  211   3 2s2 3p          -4.57020E+00  7.01070E+00  6.0
     11 10  5  220   2 2s2 3d          -4.16325E+00  7.41765E+00 10.0
     12 10  5  411   1 2s2p(3PO) 3s    -4.00261E+00  7.57829E+00 12.0
     13 10  5  211   4 2s2p(3PO) 3s    -3.79776E+00  7.78314E+00  6.0
     14 10  5  210   2 2s2p(3PO) 3p    -3.62477E+00  7.95613E+00  6.0
     15 10  5  420   1 2s2p(3PO) 3p    -3.60371E+00  7.97719E+00 20.0
     16 10  5  400   1 2s2p(3PO) 3p    -3.51971E+00  8.06119E+00  4.0
     17 10  5  410   2 2s2p(3PO) 3p    -3.45583E+00  8.12507E+00 12.0
     18 10  5  220   3 2s2p(3PO) 3p    -3.39937E+00  8.18153E+00 10.0
     19 10  5  200   3 2s2p(3PO) 3p    -3.25945E+00  8.32145E+00  2.0
     20 10  5  431   1 2s2p(3PO) 3d    -3.25178E+00  8.32912E+00 28.0
     21 10  5  421   1 2s2p(3PO) 3d    -3.17117E+00  8.40973E+00 20.0
     22 10  5  221   2 2s2p(3PO) 3d    -3.15363E+00  8.42727E+00 10.0
     23 10  5  411   2 2s2p(3PO) 3d    -3.11537E+00  8.46553E+00 12.0
     24 10  5  211   5 2s2p(1PO) 3s    -3.02045E+00  8.56045E+00  6.0
     25 10  5  231   1 2s2p(3PO) 3d    -2.98050E+00  8.60040E+00 14.0
     26 10  5  211   6 2s2p(3PO) 3d    -2.91990E+00  8.66100E+00  6.0
     27 10  5  200   4 2s2 4s          -2.70677E+00  8.87413E+00  2.0
     28 10  5  220   4 2s2p(1PO) 3p    -2.60638E+00  8.97452E+00 10.0
     29 10  5  210   3 2s2p(1PO) 3p    -2.58704E+00  8.99386E+00  6.0
     30 10  5  211   7 2s2 4p          -2.47040E+00  9.11050E+00  6.0
     31 10  5  200   5 2s2p(1PO) 3p    -2.44417E+00  9.13673E+00  2.0
     32 10  5  231   2 2s2p(1PO) 3d    -2.37315E+00  9.20775E+00 14.0
     33 10  5  220   5 2s2 4d          -2.31858E+00  9.26232E+00 10.0
     34 10  5  410   3 2p2(3PE) 3s     -2.28426E+00  9.29664E+00 12.0
     35 10  5  221   3 2s2p(1PO) 3d    -2.20683E+00  9.37407E+00 10.0
     36 10  5  231   3 2s2 4f          -2.15203E+00  9.42887E+00 14.0
     37 10  5  211   8 2s2p(1PO) 3d    -2.12088E+00  9.46002E+00  6.0
     38 10  5  210   4 2p2(3PE) 3s     -2.10005E+00  9.48085E+00  6.0
     39 10  5  201   1 2p2(3PE) 3p     -2.01428E+00  9.56662E+00  2.0
     40 10  5  220   6 2p2(1DE) 3s     -1.97160E+00  9.60930E+00 10.0
     41 10  5  421   2 2p2(3PE) 3p     -1.93776E+00  9.64314E+00 20.0
     42 10  5  411   3 2p2(3PE) 3p     -1.89568E+00  9.68522E+00 12.0
     43 10  5  221   4 2p2(3PE) 3p     -1.84351E+00  9.73739E+00 10.0
     44 10  5  211   9 2p2(3PE) 3p:    -1.76829E+00  9.81261E+00  6.0
     45 10  5  401   2 2p2(3PE) 3p     -1.73451E+00  9.84639E+00  4.0
     46 10  5  430   1 2p2(3PE) 3d     -1.64759E+00  9.93331E+00 28.0
     47 10  5  200   6 2s2 5s          -1.63006E+00  9.95084E+00  2.0
     48 10  5  231   4 2p2(1DE) 3p     -1.61889E+00  9.96201E+00 14.0
     49 10  5  411   4 2s2p(3PO) 4s    -1.61589E+00  9.96501E+00 12.0
     50 10  5  211  10 2s2p(3PO) 4s:   -1.58295E+00  9.99795E+00  6.0
     51 10  5  420   2 2p2(3PE) 3d:    -1.58243E+00  9.99847E+00 20.0
     52 10  5  210   5 2p2(3PE) 3d:    -1.55528E+00  1.00256E+01  6.0
     53 10  5  230   1 2p2(3PE) 3d     -1.55515E+00  1.00258E+01 14.0
     54 10  5  211  11 2s2 5p:         -1.52940E+00  1.00515E+01  6.0
     55 10  5  221   5 2p2(1DE) 3p     -1.50240E+00  1.00785E+01 10.0
     56 10  5  410   4 2s2p(3PO) 4p:   -1.48145E+00  1.00995E+01 12.0
     57 10  5  220   7 2s2 5d          -1.47563E+00  1.01053E+01 10.0
     58 10  5  420   3 2s2p(3PO) 4p:   -1.44736E+00  1.01335E+01 20.0
     59 10  5  240   1 2s2 5g          -1.44336E+00  1.01375E+01 18.0
     60 10  5  400   2 2s2p(3PO) 4p    -1.44070E+00  1.01402E+01  4.0
     61 10  5  231   5 2s2 5f          -1.43801E+00  1.01429E+01 14.0
     62 10  5  210   6 2s2p(3PO) 4p:   -1.43471E+00  1.01462E+01  6.0
     63 10  5  220   8 2s2p(3PO) 4p:   -1.42213E+00  1.01588E+01 10.0
     64 10  5  410   5 2p2(3PE) 3d:    -1.40167E+00  1.01792E+01 12.0
     65 10  5  211  12 2p2(1DE) 3p:    -1.37506E+00  1.02058E+01  6.0
     66 10  5  200   7 2s2p(3PO) 4p    -1.36773E+00  1.02132E+01  2.0
     67 10  5  431   2 2s2p(3PO) 4d    -1.34200E+00  1.02389E+01 28.0
     68 10  5  220   9 2p2(3PE) 3d:    -1.33830E+00  1.02426E+01 10.0
     69 10  5  240   2 2p2(1DE) 3d     -1.30971E+00  1.02712E+01 18.0
     70 10  5  421   3 2s2p(3PO) 4d    -1.30959E+00  1.02713E+01 20.0
     71 10  5  221   6 2s2p(3PO) 4d    -1.29904E+00  1.02819E+01 10.0
     72 10  5  411   5 2s2p(3PO) 4d    -1.29469E+00  1.02862E+01 12.0
     73 10  5  230   2 2p2(1DE) 3d:    -1.29209E+00  1.02888E+01 14.0
     74 10  5  200   8 2p2(1SE) 3s     -1.27061E+00  1.03103E+01  2.0
     75 10  5  440   1 2s2p(3PO) 4f    -1.24180E+00  1.03391E+01 36.0
     76 10  5  231   6 2s2p(3PO) 4d    -1.23845E+00  1.03425E+01 14.0
     77 10  5  430   2 2s2p(3PO) 4f    -1.23230E+00  1.03486E+01 28.0
     78 10  5  240   3 2s2p(3PO) 4f    -1.22969E+00  1.03512E+01 18.0
     79 10  5  211  13 2s2p(3PO) 4d    -1.22098E+00  1.03599E+01  6.0
     80 10  5  420   4 2s2p(3PO) 4f    -1.20922E+00  1.03717E+01 20.0
     81 10  5  220  10 2p2(1DE) 3d:    -1.20205E+00  1.03788E+01 10.0
     82 10  5  230   3 2s2p(3PO) 4f:   -1.15421E+00  1.04267E+01 14.0
     83 10  5  220  11 2s2p(3PO) 4f:   -1.15381E+00  1.04271E+01 10.0
     84 10  5  200   9 2s2 6s          -1.10947E+00  1.04714E+01  2.0
     85 10  5  210   7 2p2(1DE) 3d     -1.10644E+00  1.04745E+01  6.0
     86 10  5  211  14 2s2 6p          -1.05938E+00  1.05215E+01  6.0
     87 10  5  200  10 2p2(1DE) 3d     -1.02884E+00  1.05521E+01  2.0
     88 10  5  220  12 2s2 6d          -1.02024E+00  1.05607E+01 10.0
     89 10  5  240   4 2s2 6g          -1.00201E+00  1.05789E+01 18.0
     90 10  5  231   7 2s2 6f          -1.00101E+00  1.05799E+01 14.0
     91 10  5  211  15 2p2(1SE) 3p     -8.84937E-01  1.06960E+01  6.0
     92 10  5  200  11 2s2 7s          -8.03740E-01  1.07772E+01  2.0
     93 10  5  211  16 2s2 7p          -7.73289E-01  1.08076E+01  6.0
     94 10  5  220  13 2s2 7d          -7.47626E-01  1.08333E+01 10.0
     95 10  5  240   5 2s2 7g          -7.36500E-01  1.08444E+01 18.0
     96 10  5  231   8 2s2 7f          -7.36491E-01  1.08444E+01 14.0
     97 10  5  211  17 2s2p(1PO) 4s    -6.46402E-01  1.09345E+01  6.0
     98 10  5  411   6 2s2p(3PO) 5s    -6.18953E-01  1.09619E+01 12.0
     99 10  5  200  12 2s2 8s          -6.10457E-01  1.09704E+01  2.0
    100 10  5  220  14 2p2(1SE) 3d     -6.05095E-01  1.09758E+01 10.0
    101 10  5  211  18 2s2p(3PO) 5s:   -5.94952E-01  1.09859E+01  6.0
    102 10  5  211  19 2s2 8p:         -5.79418E-01  1.10015E+01  6.0
    103 10  5  220  15 2s2 8d          -5.70664E-01  1.10102E+01 10.0
    104 10  5  231   9 2s2 8f          -5.64669E-01  1.10162E+01 14.0
    105 10  5  240   6 2s2 8g          -5.64205E-01  1.10167E+01 18.0
    106 10  5  210   8 2s2p(3PO) 5p    -5.47975E-01  1.10329E+01  6.0
    107 10  5  420   5 2s2p(3PO) 5p    -5.40487E-01  1.10404E+01 20.0
    108 10  5  400   3 2s2p(3PO) 5p    -5.27368E-01  1.10535E+01  4.0
    109 10  5  410   6 2s2p(3PO) 5p    -5.20627E-01  1.10603E+01 12.0
    110 10  5  220  16 2s2p(3PO) 5p:   -5.18008E-01  1.10629E+01 10.0
    111 10  5  200  13 2s2p(3PO) 5p    -4.99000E-01  1.10819E+01  2.0
    112 10  5  200  14 2s2 9s          -4.80790E-01  1.11001E+01  2.0
    113 10  5  431   3 2s2p(3PO) 5d    -4.79137E-01  1.11018E+01 28.0
    114 10  5  220  17 2s2p(1PO) 4p:   -4.76788E-01  1.11041E+01 10.0
    115 10  5  210   9 2s2p(1PO) 4p    -4.75190E-01  1.11057E+01  6.0
    116 10  5  221   7 2s2p(3PO) 5d    -4.65647E-01  1.11153E+01 10.0
    117 10  5  421   4 2s2p(3PO) 5d    -4.63854E-01  1.11170E+01 20.0
    118 10  5  211  20 2s2 9p          -4.61874E-01  1.11190E+01  6.0
    119 10  5  411   7 2s2p(3PO) 5d    -4.57114E-01  1.11238E+01 12.0
    120 10  5  220  18 2s2 9d          -4.50473E-01  1.11304E+01 10.0
    121 10  5  231  10 2s2 9f          -4.47681E-01  1.11332E+01 14.0
    122 10  5  240   7 2s2 9g          -4.46235E-01  1.11347E+01 18.0
    123 10  5  430   3 2s2p(3PO) 5f    -4.34772E-01  1.11461E+01 28.0
    124 10  5  241   1 2s2p(3PO) 5g    -4.33851E-01  1.11470E+01 18.0
    125 10  5  441   1 2s2p(3PO) 5g    -4.33844E-01  1.11471E+01 36.0
    126 10  5  231  11 2s2p(3PO) 5d    -4.33382E-01  1.11475E+01 14.0
    127 10  5  230   4 2s2p(3PO) 5f    -4.31136E-01  1.11498E+01 14.0
    128 10  5  200  15 2s2p(1PO) 4p    -4.31021E-01  1.11499E+01  2.0
    129 10  5  440   2 2s2p(3PO) 5f    -4.30822E-01  1.11501E+01 36.0
    130 10  5  431   4 2s2p(3PO) 5g    -4.25728E-01  1.11552E+01 28.0
    131 10  5  231  12 2s2p(3PO) 5g    -4.25651E-01  1.11552E+01 14.0
    132 10  5  240   8 2s2p(3PO) 5f    -4.25497E-01  1.11554E+01 18.0
    133 10  5  420   6 2s2p(3PO) 5f    -4.21919E-01  1.11590E+01 20.0
    134 10  5  211  21 2s2p(3PO) 5d    -4.20892E-01  1.11600E+01  6.0
    135 10  5  220  19 2s2p(3PO) 5f    -4.15634E-01  1.11653E+01 10.0
    136 10  5  200  16 2s210s          -3.77840E-01  1.12031E+01  2.0
    137 10  5  231  13 2s2p(1PO) 4d    -3.75313E-01  1.12056E+01 14.0
    138 10  5  211  22 2s210p          -3.74156E-01  1.12067E+01  6.0
    139 10  5  220  20 2s210d          -3.64328E-01  1.12166E+01 10.0
    140 10  5  240   9 2s210g          -3.62247E-01  1.12187E+01 18.0
    141 10  5  221   8 2s2p(1PO) 4d    -3.51268E-01  1.12296E+01 10.0
    142 10  5  230   5 2s2p(1PO) 4f    -2.99740E-01  1.12812E+01 14.0
    143 10  5  411   8 2s2p(3PO) 6s    -9.67836E-02  1.14841E+01 12.0
    144 10  5  210  10 2s2p(3PO) 6p    -6.24642E-02  1.15184E+01  6.0
    145 10  5  420   7 2s2p(3PO) 6p    -5.19123E-02  1.15290E+01 20.0
    146 10  5  400   4 2s2p(3PO) 6p    -4.39669E-02  1.15369E+01  4.0
    147 10  5  410   7 2s2p(3PO) 6p    -4.16093E-02  1.15393E+01 12.0
    148 10  5  431   5 2s2p(3PO) 6d    -1.66206E-02  1.15643E+01 28.0
    149 10  5  421   5 2s2p(3PO) 6d    -8.17610E-03  1.15727E+01 20.0
    150 10  5  221   9 2s2p(3PO) 6d    -5.18335E-03  1.15757E+01 10.0
    151 10  5  411   9 2s2p(3PO) 6d    -4.57196E-03  1.15763E+01 12.0
    152 10  5  430   4 2s2p(3PO) 6f     6.74886E-03  1.15876E+01 28.0
    153 10  5  230   6 2s2p(3PO) 6f     7.19466E-03  1.15881E+01 14.0
    154 10  5  241   2 2s2p(3PO) 6g     7.60072E-03  1.15885E+01 18.0
    155 10  5  441   2 2s2p(3PO) 6g     7.61563E-03  1.15885E+01 36.0
    156 10  5  440   3 2s2p(3PO) 6f     1.04580E-02  1.15914E+01 36.0
    157 10  5  431   6 2s2p(3PO) 6g     1.27888E-02  1.15937E+01 28.0
    158 10  5  440   4 2s2p(3PO) 6h     1.38323E-02  1.15947E+01 36.0
    159 10  5  420   8 2s2p(3PO) 6f     1.45034E-02  1.15954E+01 20.0
    160 10  5  410   8 2p2(3PE) 4s      2.30042E-02  1.16039E+01 12.0
    161 10  5  210  11 2p2(3PE) 4s      7.93771E-02  1.16603E+01  6.0
    162 10  5  201   2 2p2(3PE) 4p      1.36497E-01  1.17174E+01  2.0
    163 10  5  421   6 2p2(3PE) 4p      1.61767E-01  1.17427E+01 20.0
    164 10  5  411  10 2p2(3PE) 4p      1.74806E-01  1.17557E+01 12.0
    165 10  5  221  10 2p2(3PE) 4p      2.15887E-01  1.17968E+01 10.0
    166 10  5  411  11 2s2p(3PO) 7s     2.18696E-01  1.17996E+01 12.0
    167 10  5  401   3 2p2(3PE) 4p      2.28616E-01  1.18095E+01  4.0
    168 10  5  420   9 2s2p(3PO) 7p     2.35735E-01  1.18166E+01 20.0
    169 10  5  210  12 2s2p(3PO) 7p     2.41862E-01  1.18228E+01  6.0
    170 10  5  400   5 2s2p(3PO) 7p     2.43024E-01  1.18239E+01  4.0
    171 10  5  410   9 2s2p(3PO) 7p     2.44261E-01  1.18252E+01 12.0
    172 10  5  431   7 2s2p(3PO) 7d     2.59893E-01  1.18408E+01 28.0
    173 10  5  430   5 2s2p(3PO) 7f:    2.61692E-01  1.18426E+01 28.0
    174 10  5  421   7 2s2p(3PO) 7d     2.65501E-01  1.18464E+01 20.0
    175 10  5  221  11 2s2p(3PO) 7d     2.66277E-01  1.18472E+01 10.0
    176 10  5  411  12 2s2p(3PO) 7d     2.67442E-01  1.18483E+01 12.0
    177 10  5  230   7 2s2p(3PO) 7f     2.67764E-01  1.18487E+01 14.0
    178 10  5  441   3 2s2p(3PO) 7g     2.71082E-01  1.18520E+01 36.0
    179 10  5  241   3 2s2p(3PO) 7g     2.71206E-01  1.18521E+01 18.0
    180 10  5  420  10 2s2p(3PO) 7f     2.74933E-01  1.18558E+01 20.0
    181 10  5  431   8 2s2p(3PO) 7g     2.75861E-01  1.18568E+01 28.0
    182 10  5  440   5 2s2p(3PO) 7f     2.76618E-01  1.18575E+01 36.0
    183 10  5  440   6 2s2p(3PO) 7h     2.78824E-01  1.18597E+01 36.0
    184 10  5  430   6 2p2(3PE) 4d:     2.95047E-01  1.18759E+01 28.0
    185 10  5  420  11 2p2(3PE) 4d      3.14107E-01  1.18950E+01 20.0
    186 10  5  210  13 2p2(3PE) 4d      3.15574E-01  1.18965E+01  6.0
    187 10  5  410  10 2p2(3PE) 4d      3.39651E-01  1.19206E+01 12.0
    188 10  5  230   8 2p2(3PE) 4d      3.47325E-01  1.19282E+01 14.0
    189 10  5  421   8 2p2(3PE) 4f      3.70549E-01  1.19514E+01 20.0
    190 10  5  441   4 2p2(3PE) 4f      3.71326E-01  1.19522E+01 36.0
    191 10  5  221  12 2p2(3PE) 4f      3.71835E-01  1.19527E+01 10.0
    192 10  5  241   4 2p2(3PE) 4f      3.75803E-01  1.19567E+01 18.0
    193 10  5  431   9 2p2(3PE) 4f      3.91968E-01  1.19729E+01 28.0
    194 10  5  411  13 2s2p(3PO) 8s     4.06848E-01  1.19877E+01 12.0
    195 10  5  210  14 2s2p(1PO) 5p:    4.17472E-01  1.19984E+01  6.0
    196 10  5  420  12 2s2p(3PO) 8p     4.25251E-01  1.20062E+01 20.0
    197 10  5  400   6 2s2p(3PO) 8p     4.27085E-01  1.20080E+01  4.0
    198 10  5  410  11 2s2p(3PO) 8p     4.29255E-01  1.20102E+01 12.0
    199 10  5  210  15 2s2p(3PO) 8p:    4.33166E-01  1.20141E+01  6.0
    200 10  5  431  10 2s2p(3PO) 8d     4.38477E-01  1.20194E+01 28.0
    201 10  5  221  13 2s2p(3PO) 8d     4.40508E-01  1.20214E+01 10.0
    202 10  5  421   9 2s2p(3PO) 8d     4.41988E-01  1.20229E+01 20.0
    203 10  5  411  14 2s2p(3PO) 8d     4.43219E-01  1.20241E+01 12.0
    204 10  5  440   7 2s2p(3PO) 8f     4.49365E-01  1.20303E+01 36.0
    205 10  5  430   7 2s2p(3PO) 8f     4.49505E-01  1.20304E+01 28.0
    206 10  5  440   8 2s2p(3PO) 8h     4.50929E-01  1.20318E+01 36.0
    207 10  5  420  13 2s2p(3PO) 8f     4.52159E-01  1.20331E+01 20.0
    208 10  5  230   9 2s2p(3PO) 8f     4.52234E-01  1.20331E+01 14.0
    209 10  5  441   5 2s2p(3PO) 8g     4.53620E-01  1.20345E+01 36.0
    210 10  5  241   5 2s2p(3PO) 8g     4.54011E-01  1.20349E+01 18.0
    211 10  5  431  11 2s2p(3PO) 8g     4.55284E-01  1.20362E+01 28.0
    212 10  5  221  14 2p2(1DE) 4p      4.55797E-01  1.20367E+01 10.0
    213 10  5  221  15 2s2p(1PO) 5d     4.91039E-01  1.20719E+01 10.0
    214 10  5  241   6 2s2p(1PO) 5g     5.10117E-01  1.20910E+01 18.0
    215 10  5  230  10 2s2p(1PO) 5f     5.10651E-01  1.20916E+01 14.0
    216 10  5  411  15 2s2p(3PO) 9s     5.37966E-01  1.21189E+01 12.0
    217 10  5  420  14 2s2p(3PO) 9p     5.50611E-01  1.21315E+01 20.0
    218 10  5  210  16 2s2p(3PO) 9p     5.51258E-01  1.21322E+01  6.0
    219 10  5  400   7 2s2p(3PO) 9p     5.52257E-01  1.21332E+01  4.0
    220 10  5  410  12 2s2p(3PO) 9p     5.53458E-01  1.21344E+01 12.0
    221 10  5  431  12 2s2p(3PO) 9d     5.60169E-01  1.21411E+01 28.0
    222 10  5  421  10 2s2p(3PO) 9d     5.62647E-01  1.21435E+01 20.0
    223 10  5  411  16 2s2p(3PO) 9d     5.63487E-01  1.21444E+01 12.0
    224 10  5  221  16 2s2p(3PO) 9d     5.63792E-01  1.21447E+01 10.0
    225 10  5  230  11 2s2p(3PO) 9f     5.64670E-01  1.21456E+01 14.0
    226 10  5  430   8 2s2p(3PO) 9f     5.67559E-01  1.21485E+01 28.0
    227 10  5  440   9 2s2p(3PO) 9f     5.67798E-01  1.21487E+01 36.0
    228 10  5  440  10 2s2p(3PO) 9h     5.68918E-01  1.21498E+01 36.0
    229 10  5  441   6 2s2p(3PO) 9g     5.68982E-01  1.21499E+01 36.0
    230 10  5  241   7 2s2p(3PO) 9g     5.69052E-01  1.21500E+01 18.0
    231 10  5  420  15 2s2p(3PO) 9f     5.69456E-01  1.21504E+01 20.0
    232 10  5  431  13 2s2p(3PO) 9g     5.70034E-01  1.21509E+01 28.0
    233 10  5  230  12 2p2(1DE) 4d      5.78810E-01  1.21597E+01 14.0
    234 10  5  241   8 2p2(1DE) 4f      6.23760E-01  1.22047E+01 18.0
    235 10  5  210  17 2p2(1DE) 4d      6.26143E-01  1.22070E+01  6.0
    236 10  5  411  17 2s2p(3PO)10s     6.30827E-01  1.22117E+01 12.0
    237 10  5  420  16 2s2p(3PO)10p     6.39968E-01  1.22209E+01 20.0
    238 10  5  210  18 2s2p(3PO)10p     6.40282E-01  1.22212E+01  6.0
    239 10  5  400   8 2s2p(3PO)10p     6.41232E-01  1.22221E+01  4.0
    240 10  5  410  13 2s2p(3PO)10p     6.42040E-01  1.22229E+01 12.0
    241 10  5  221  17 2p2(1DE) 4f      6.44885E-01  1.22258E+01 10.0
    242 10  5  431  14 2s2p(3PO)10d     6.46968E-01  1.22279E+01 28.0
    243 10  5  421  11 2s2p(3PO)10d     6.48762E-01  1.22297E+01 20.0
    244 10  5  411  18 2s2p(3PO)10d     6.49363E-01  1.22303E+01 12.0
    245 10  5  221  18 2s2p(3PO)10d     6.49676E-01  1.22306E+01 10.0
    246 10  5  430   9 2s2p(3PO)10f     6.52231E-01  1.22331E+01 28.0
    247 10  5  440  11 2s2p(3PO)10f     6.52500E-01  1.22334E+01 36.0
    248 10  5  441   7 2s2p(3PO)10g     6.53060E-01  1.22340E+01 36.0
    249 10  5  241   9 2s2p(3PO)10g     6.53091E-01  1.22340E+01 18.0
    250 10  5  230  13 2s2p(3PO)10f     6.53254E-01  1.22342E+01 14.0
    251 10  5  201   3 2p2(3PE) 5p      1.07195E+00  1.26529E+01  2.0
    252 10  5  401   4 2p2(3PE) 5p      1.11417E+00  1.26951E+01  4.0
    253 10  5  201   4 2p2(3PE) 6p      1.56440E+00  1.31453E+01  2.0
    254 10  5  401   5 2p2(3PE) 6p      1.58741E+00  1.31683E+01  4.0
    255 10  5  201   5 2p2(3PE) 7p      1.85542E+00  1.34363E+01  2.0
    256 10  5  401   6 2p2(3PE) 7p      1.86928E+00  1.34502E+01  4.0
    257 10  5  201   6 2p2(3PE) 8p      2.04182E+00  1.36227E+01  2.0
    258 10  5  401   7 2p2(3PE) 8p      2.05084E+00  1.36317E+01  4.0
    259 10  5  201   7 2p2(3PE) 9p      2.16830E+00  1.37492E+01  2.0
    260 10  5  401   8 2p2(3PE) 9p      2.17452E+00  1.37554E+01  4.0
    261 10  5  201   8 2p2(3PE)10p      2.25807E+00  1.38390E+01  2.0
    262 10  5  401   9 2p2(3PE)10p      2.26254E+00  1.38434E+01  4.0
 ====================================================================
