 ====================================================================
      i NZ NE iSLP iLV iCONF                 E(RYD)      TE(RYD)   gi
 ====================================================================
      1 10  4  100   1 2s2             -1.52071E+01  0.00000E+00  1.0
      2 10  4  311   1 2s 2p           -1.41929E+01  1.01420E+00  9.0
      3 10  4  111   1 2s 2p           -1.32344E+01  1.97270E+00  3.0
      4 10  4  310   1 2p2             -1.25649E+01  2.64220E+00  9.0
      5 10  4  120   1 2p2             -1.23112E+01  2.89590E+00  5.0
      6 10  4  100   2 2p2             -1.15830E+01  3.62410E+00  1.0
      7 10  4  300   1 2s 3s           -6.31133E+00  8.89577E+00  3.0
      8 10  4  100   3 2s 3s           -6.12882E+00  9.07828E+00  1.0
      9 10  4  111   2 2s 3p           -5.88185E+00  9.32525E+00  3.0
     10 10  4  311   2 2s 3p           -5.85405E+00  9.35305E+00  9.0
     11 10  4  320   1 2s 3d           -5.62367E+00  9.58343E+00 15.0
     12 10  4  120   2 2s 3d           -5.45824E+00  9.74886E+00  5.0
     13 10  4  311   3 2p 3s           -5.01673E+00  1.01904E+01  9.0
     14 10  4  111   3 2p 3s           -4.85035E+00  1.03568E+01  3.0
     15 10  4  110   1 2p 3p           -4.76716E+00  1.04399E+01  3.0
     16 10  4  320   2 2p 3p           -4.70539E+00  1.05017E+01 15.0
     17 10  4  300   2 2p 3p           -4.61363E+00  1.05935E+01  3.0
     18 10  4  310   2 2p 3p           -4.54603E+00  1.06611E+01  9.0
     19 10  4  331   1 2p 3d           -4.49940E+00  1.07077E+01 21.0
     20 10  4  121   1 2p 3d           -4.48702E+00  1.07201E+01  5.0
     21 10  4  120   3 2p 3p           -4.43552E+00  1.07716E+01  5.0
     22 10  4  321   1 2p 3d           -4.35397E+00  1.08531E+01 15.0
     23 10  4  311   4 2p 3d           -4.29910E+00  1.09080E+01  9.0
     24 10  4  100   4 2p 3p           -4.23000E+00  1.09771E+01  1.0
     25 10  4  131   1 2p 3d           -4.19003E+00  1.10171E+01  7.0
     26 10  4  111   4 2p 3d           -4.12724E+00  1.10799E+01  3.0
     27 10  4  300   3 2s 4s           -3.39299E+00  1.18141E+01  3.0
     28 10  4  100   5 2s 4s           -3.31731E+00  1.18898E+01  1.0
     29 10  4  311   5 2s 4p           -3.21884E+00  1.19883E+01  9.0
     30 10  4  111   5 2s 4p           -3.20370E+00  1.20034E+01  3.0
     31 10  4  320   3 2s 4d           -3.12995E+00  1.20772E+01 15.0
     32 10  4  120   4 2s 4d           -3.07489E+00  1.21322E+01  5.0
     33 10  4  331   2 2s 4f           -3.06611E+00  1.21410E+01 21.0
     34 10  4  131   2 2s 4f           -3.04958E+00  1.21575E+01  7.0
     35 10  4  311   6 2p 4s           -2.18900E+00  1.30181E+01  9.0
     36 10  4  111   6 2p 4s           -2.17663E+00  1.30305E+01  3.0
     37 10  4  300   4 2s 5s           -2.14702E+00  1.30601E+01  3.0
     38 10  4  100   6 2s 5s           -2.12161E+00  1.30855E+01  1.0
     39 10  4  110   2 2p 4p           -2.07916E+00  1.31279E+01  3.0
     40 10  4  320   4 2p 4p           -2.06115E+00  1.31460E+01 15.0
     41 10  4  311   7 2s 5p           -2.04638E+00  1.31607E+01  9.0
     42 10  4  111   7 2s 5p           -2.00969E+00  1.31974E+01  3.0
     43 10  4  310   3 2p 4p           -2.00881E+00  1.31983E+01  9.0
     44 10  4  300   5 2p 4p           -2.00307E+00  1.32040E+01  3.0
     45 10  4  320   5 2s 5d           -1.99136E+00  1.32157E+01 15.0
     46 10  4  340   1 2s 5g:          -1.99066E+00  1.32164E+01 27.0
     47 10  4  331   3 2p 4d           -1.99060E+00  1.32165E+01 21.0
     48 10  4  140   1 2s 5g:          -1.98934E+00  1.32178E+01  9.0
     49 10  4  131   3 2s 5f           -1.97565E+00  1.32315E+01  7.0
     50 10  4  120   5 2s 5d:          -1.97531E+00  1.32318E+01  5.0
     51 10  4  121   2 2p 4d           -1.97314E+00  1.32340E+01  5.0
     52 10  4  120   6 2p 4p:          -1.96043E+00  1.32467E+01  5.0
     53 10  4  331   4 2s 5f           -1.94824E+00  1.32589E+01 21.0
     54 10  4  321   2 2p 4d           -1.92724E+00  1.32799E+01 15.0
     55 10  4  130   1 2p 4f           -1.91741E+00  1.32897E+01  7.0
     56 10  4  330   1 2p 4f           -1.91529E+00  1.32918E+01 21.0
     57 10  4  311   8 2p 4d           -1.90328E+00  1.33038E+01  9.0
     58 10  4  320   6 2p 4f           -1.87536E+00  1.33317E+01 15.0
     59 10  4  340   2 2p 4f:          -1.87218E+00  1.33349E+01 27.0
     60 10  4  120   7 2p 4f           -1.86772E+00  1.33394E+01  5.0
     61 10  4  100   7 2p 4p           -1.86697E+00  1.33401E+01  1.0
     62 10  4  140   2 2p 4f:          -1.86519E+00  1.33419E+01  9.0
     63 10  4  131   4 2p 4d           -1.84696E+00  1.33601E+01  7.0
     64 10  4  111   8 2p 4d           -1.83780E+00  1.33693E+01  3.0
     65 10  4  300   6 2s 6s           -1.45392E+00  1.37532E+01  3.0
     66 10  4  100   8 2s 6s           -1.43544E+00  1.37717E+01  1.0
     67 10  4  311   9 2s 6p           -1.40533E+00  1.38018E+01  9.0
     68 10  4  111   9 2s 6p           -1.40123E+00  1.38059E+01  3.0
     69 10  4  320   7 2s 6d           -1.37993E+00  1.38272E+01 15.0
     70 10  4  120   8 2s 6d           -1.36604E+00  1.38411E+01  5.0
     71 10  4  331   5 2s 6f           -1.36351E+00  1.38436E+01 21.0
     72 10  4  340   3 2s 6g           -1.35979E+00  1.38473E+01 27.0
     73 10  4  140   3 2s 6g           -1.35960E+00  1.38475E+01  9.0
     74 10  4  131   5 2s 6f           -1.35799E+00  1.38491E+01  7.0
     75 10  4  300   7 2s 7s           -1.06083E+00  1.41463E+01  3.0
     76 10  4  100   9 2s 7s           -1.05244E+00  1.41547E+01  1.0
     77 10  4  111  10 2s 7p           -1.03242E+00  1.41747E+01  3.0
     78 10  4  311  10 2s 7p           -1.02931E+00  1.41778E+01  9.0
     79 10  4  320   8 2s 7d           -1.01209E+00  1.41950E+01 15.0
     80 10  4  120   9 2s 7d           -1.00341E+00  1.42037E+01  5.0
     81 10  4  331   6 2s 7f           -1.00189E+00  1.42052E+01 21.0
     82 10  4  340   4 2s 7g           -1.00085E+00  1.42063E+01 27.0
     83 10  4  140   4 2s 7g           -1.00081E+00  1.42063E+01  9.0
     84 10  4  131   6 2s 7f           -9.99755E-01  1.42073E+01  7.0
     85 10  4  311  11 2p 5s           -9.37110E-01  1.42700E+01  9.0
     86 10  4  111  11 2p 5s           -9.17814E-01  1.42893E+01  3.0
     87 10  4  110   3 2p 5p           -8.80852E-01  1.43262E+01  3.0
     88 10  4  320   9 2p 5p           -8.72280E-01  1.43348E+01 15.0
     89 10  4  300   8 2p 5p           -8.61990E-01  1.43451E+01  3.0
     90 10  4  310   4 2p 5p           -8.49050E-01  1.43581E+01  9.0
     91 10  4  120  10 2p 5p           -8.30633E-01  1.43765E+01  5.0
     92 10  4  331   7 2p 5d           -8.30349E-01  1.43768E+01 21.0
     93 10  4  121   3 2p 5d           -8.28986E-01  1.43781E+01  5.0
     94 10  4  100  10 2s 8s:          -8.23640E-01  1.43835E+01  1.0
     95 10  4  311  12 2p 5d           -8.08889E-01  1.43982E+01  9.0
     96 10  4  321   3 2p 5d           -8.07552E-01  1.43995E+01 15.0
     97 10  4  130   2 2p 5f           -8.02347E-01  1.44048E+01  7.0
     98 10  4  330   2 2p 5f           -8.01001E-01  1.44061E+01 21.0
     99 10  4  340   5 2p 5f           -8.00371E-01  1.44067E+01 27.0
    100 10  4  300   9 2s 8s           -7.97343E-01  1.44098E+01  3.0
    101 10  4  140   5 2p 5f           -7.96264E-01  1.44108E+01  9.0
    102 10  4  111  12 2s 8p           -7.87389E-01  1.44197E+01  3.0
    103 10  4  131   7 2p 5d           -7.86024E-01  1.44211E+01  7.0
    104 10  4  331   8 2p 5g           -7.84760E-01  1.44223E+01 21.0
    105 10  4  131   8 2p 5g           -7.84650E-01  1.44225E+01  7.0
    106 10  4  320  10 2p 5f           -7.84649E-01  1.44225E+01 15.0
    107 10  4  120  11 2p 5f           -7.77440E-01  1.44297E+01  5.0
    108 10  4  311  13 2s 8p           -7.76664E-01  1.44304E+01  9.0
    109 10  4  320  11 2s 8d           -7.71522E-01  1.44356E+01 15.0
    110 10  4  120  12 2s 8d           -7.67621E-01  1.44395E+01  5.0
    111 10  4  100  11 2p 5p:          -7.67335E-01  1.44398E+01  1.0
    112 10  4  331   9 2s 8f           -7.66542E-01  1.44406E+01 21.0
    113 10  4  340   6 2s 8g           -7.60450E-01  1.44466E+01 27.0
    114 10  4  111  13 2p 5d           -7.59894E-01  1.44472E+01  3.0
    115 10  4  140   6 2s 8g           -7.59208E-01  1.44479E+01  9.0
    116 10  4  131   9 2s 8f           -7.56360E-01  1.44507E+01  7.0
    117 10  4  300  10 2s 9s           -6.30930E-01  1.45762E+01  3.0
    118 10  4  100  12 2s 9s           -6.24797E-01  1.45823E+01  1.0
    119 10  4  311  14 2s 9p           -6.17253E-01  1.45898E+01  9.0
    120 10  4  111  14 2s 9p           -6.15445E-01  1.45917E+01  3.0
    121 10  4  320  12 2s 9d           -6.10249E-01  1.45969E+01 15.0
    122 10  4  120  13 2s 9d           -6.06524E-01  1.46006E+01  5.0
    123 10  4  331  10 2s 9f           -6.05798E-01  1.46013E+01 21.0
    124 10  4  340   7 2s 9g           -6.04347E-01  1.46028E+01 27.0
    125 10  4  140   7 2s 9g           -6.04227E-01  1.46029E+01  9.0
    126 10  4  131  10 2s 9f           -6.03868E-01  1.46032E+01  7.0
    127 10  4  300  11 2s10s           -5.09374E-01  1.46977E+01  3.0
    128 10  4  100  13 2s10s           -5.05848E-01  1.47013E+01  1.0
    129 10  4  311  15 2s10p           -4.99245E-01  1.47079E+01  9.0
    130 10  4  111  15 2s10p           -4.98430E-01  1.47087E+01  3.0
    131 10  4  320  13 2s10d           -4.93910E-01  1.47132E+01 15.0
    132 10  4  120  14 2s10d           -4.91194E-01  1.47159E+01  5.0
    133 10  4  331  11 2s10f           -4.90669E-01  1.47164E+01 21.0
    134 10  4  340   8 2s10g           -4.89829E-01  1.47173E+01 27.0
    135 10  4  140   8 2s10g           -4.89772E-01  1.47173E+01  9.0
    136 10  4  131  11 2s10f           -4.89538E-01  1.47176E+01  7.0
    137 10  4  110   4 2p 6p           -2.42245E-01  1.49649E+01  3.0
    138 10  4  310   5 2p 6p           -2.25100E-01  1.49820E+01  9.0
    139 10  4  121   4 2p 6d           -2.12961E-01  1.49941E+01  5.0
    140 10  4  321   4 2p 6d           -2.01202E-01  1.50059E+01 15.0
    141 10  4  130   3 2p 6f           -1.97958E-01  1.50091E+01  7.0
    142 10  4  330   3 2p 6f           -1.97127E-01  1.50100E+01 21.0
    143 10  4  110   5 2p 7p            1.38414E-01  1.53455E+01  3.0
    144 10  4  310   6 2p 7p            1.48766E-01  1.53559E+01  9.0
    145 10  4  121   5 2p 7d            1.56579E-01  1.53637E+01  5.0
    146 10  4  321   5 2p 7d            1.63757E-01  1.53709E+01 15.0
    147 10  4  130   4 2p 7f            1.65832E-01  1.53729E+01  7.0
    148 10  4  330   4 2p 7f            1.66372E-01  1.53735E+01 21.0
    149 10  4  110   6 2p 8p            3.83537E-01  1.55906E+01  3.0
    150 10  4  310   7 2p 8p            3.90286E-01  1.55974E+01  9.0
    151 10  4  121   6 2p 8d            3.95583E-01  1.56027E+01  5.0
    152 10  4  321   6 2p 8d            4.00298E-01  1.56074E+01 15.0
    153 10  4  130   5 2p 8f            4.01693E-01  1.56088E+01  7.0
    154 10  4  330   5 2p 8f            4.02061E-01  1.56092E+01 21.0
    155 10  4  110   7 2p 9p            5.50630E-01  1.57577E+01  3.0
    156 10  4  310   8 2p 9p            5.55282E-01  1.57624E+01  9.0
    157 10  4  121   7 2p 9d            5.59030E-01  1.57661E+01  5.0
    158 10  4  321   7 2p 9d            5.62297E-01  1.57694E+01 15.0
    159 10  4  130   6 2p 9f            5.63277E-01  1.57704E+01  7.0
    160 10  4  330   6 2p 9f            5.63539E-01  1.57706E+01 21.0
    161 10  4  110   8 2p10p            6.69627E-01  1.58767E+01  3.0
    162 10  4  310   9 2p10p            6.72972E-01  1.58801E+01  9.0
    163 10  4  121   8 2p10d            6.75718E-01  1.58828E+01  5.0
    164 10  4  321   8 2p10d            6.78076E-01  1.58852E+01 15.0
    165 10  4  130   7 2p10f            6.78793E-01  1.58859E+01  7.0
    166 10  4  330   7 2p10f            6.78984E-01  1.58861E+01 21.0
 ====================================================================
