 ====================================================================
      i NZ NE iSLP iLV iCONF                 E(RYD)      TE(RYD)   gi
 ====================================================================
      1 10  3  200   1 1s2 2s          -1.75471E+01  0.00000E+00  2.0
      2 10  3  211   1 1s2 2p          -1.63829E+01  1.16420E+00  6.0
      3 10  3  200   2 1s2 3s          -7.54186E+00  1.00052E+01  2.0
      4 10  3  211   2 1s2 3p          -7.22411E+00  1.03230E+01  6.0
      5 10  3  220   1 1s2 3d          -7.11586E+00  1.04312E+01 10.0
      6 10  3  200   3 1s2 4s          -4.17761E+00  1.33695E+01  2.0
      7 10  3  211   3 1s2 4p          -4.04769E+00  1.34994E+01  6.0
      8 10  3  220   2 1s2 4d          -4.00247E+00  1.35446E+01 10.0
      9 10  3  200   4 1s2 5s          -2.64987E+00  1.48972E+01  2.0
     10 10  3  211   4 1s2 5p          -2.58441E+00  1.49627E+01  6.0
     11 10  3  220   3 1s2 5d          -2.56137E+00  1.49857E+01 10.0
     12 10  3  200   5 1s2 6s          -1.82942E+00  1.57177E+01  2.0
     13 10  3  211   5 1s2 6p          -1.79189E+00  1.57552E+01  6.0
     14 10  3  220   4 1s2 6d          -1.77861E+00  1.57685E+01 10.0
     15 10  3  200   6 1s2 7s          -1.33849E+00  1.62086E+01  2.0
     16 10  3  211   6 1s2 7p          -1.31500E+00  1.62321E+01  6.0
     17 10  3  220   5 1s2 7d          -1.30666E+00  1.62404E+01 10.0
     18 10  3  200   7 1s2 8s          -1.02161E+00  1.65255E+01  2.0
     19 10  3  211   7 1s2 8p          -1.00594E+00  1.65412E+01  6.0
     20 10  3  220   6 1s2 8d          -1.00036E+00  1.65467E+01 10.0
     21 10  3  200   8 1s2 9s          -8.05263E-01  1.67418E+01  2.0
     22 10  3  211   8 1s2 9p          -7.94296E-01  1.67528E+01  6.0
     23 10  3  220   7 1s2 9d          -7.90381E-01  1.67567E+01 10.0
     24 10  3  200   9 1s210s          -6.51015E-01  1.68961E+01  2.0
     25 10  3  211   9 1s210p          -6.43041E-01  1.69041E+01  6.0
     26 10  3  220   8 1s210d          -6.40189E-01  1.69069E+01 10.0
 ====================================================================
