 ====================================================================
      i NZ NE iSLP iLV iCONF                 E(RYD)      TE(RYD)   gi
 ====================================================================
      1  2  2  100   1 1s2             -1.78678E+00  0.00000E+00  1.0
      2  2  2  300   1 1s 2s           -3.50319E-01  1.43646E+00  3.0
      3  2  2  100   2 1s 2s           -2.89696E-01  1.49708E+00  1.0
      4  2  2  311   1 1s 2p           -2.66159E-01  1.52062E+00  9.0
      5  2  2  111   1 1s 2p           -2.47481E-01  1.53930E+00  3.0
      6  2  2  300   2 1s 3s           -1.37361E-01  1.64942E+00  3.0
      7  2  2  100   3 1s 3s           -1.21938E-01  1.66484E+00  1.0
      8  2  2  311   2 1s 3p           -1.16111E-01  1.67067E+00  9.0
      9  2  2  320   1 1s 3d           -1.11272E-01  1.67551E+00 15.0
     10  2  2  120   1 1s 3d           -1.11240E-01  1.67554E+00  5.0
     11  2  2  111   2 1s 3p           -1.10225E-01  1.67656E+00  3.0
     12  2  2  300   3 1s 4s           -7.30168E-02  1.71376E+00  3.0
     13  2  2  100   4 1s 4s           -6.69194E-02  1.71986E+00  1.0
     14  2  2  311   3 1s 4p           -6.46272E-02  1.72215E+00  9.0
     15  2  2  320   2 1s 4d           -6.25767E-02  1.72420E+00 15.0
     16  2  2  120   2 1s 4d           -6.25585E-02  1.72422E+00  5.0
     17  2  2  111   3 1s 4p           -6.21098E-02  1.72467E+00  3.0
     18  2  2  300   4 1s 5s           -4.52344E-02  1.74155E+00  3.0
     19  2  2  100   5 1s 5s           -4.22279E-02  1.74455E+00  1.0
     20  2  2  311   4 1s 5p           -4.10912E-02  1.74569E+00  9.0
     21  2  2  320   3 1s 5d           -4.00413E-02  1.74674E+00 15.0
     22  2  2  120   3 1s 5d           -4.00308E-02  1.74675E+00  5.0
     23  2  2  111   4 1s 5p           -3.97964E-02  1.74698E+00  3.0
     24  2  2  300   5 1s 6s           -3.07531E-02  1.75603E+00  3.0
     25  2  2  100   6 1s 6s           -2.90552E-02  1.75772E+00  1.0
     26  2  2  311   5 1s 6p           -2.84094E-02  1.75837E+00  9.0
     27  2  2  320   4 1s 6d           -2.78024E-02  1.75898E+00 15.0
     28  2  2  120   4 1s 6d           -2.77960E-02  1.75898E+00  5.0
     29  2  2  111   5 1s 6p           -2.76588E-02  1.75912E+00  3.0
     30  2  2  300   6 1s 7s           -2.22588E-02  1.76452E+00  3.0
     31  2  2  100   7 1s 7s           -2.12076E-02  1.76557E+00  1.0
     32  2  2  311   6 1s 7p           -2.08058E-02  1.76597E+00  9.0
     33  2  2  320   5 1s 7d           -2.04240E-02  1.76636E+00 15.0
     34  2  2  120   5 1s 7d           -2.04198E-02  1.76636E+00  5.0
     35  2  2  111   6 1s 7p           -2.03328E-02  1.76645E+00  3.0
     36  2  2  300   7 1s 8s           -1.68535E-02  1.76993E+00  3.0
     37  2  2  100   8 1s 8s           -1.61581E-02  1.77062E+00  1.0
     38  2  2  311   7 1s 8p           -1.58913E-02  1.77089E+00  9.0
     39  2  2  320   6 1s 8d           -1.56357E-02  1.77114E+00 15.0
     40  2  2  120   6 1s 8d           -1.56328E-02  1.77115E+00  5.0
     41  2  2  111   7 1s 8p           -1.55743E-02  1.77121E+00  3.0
     42  2  2  300   8 1s 9s           -1.32025E-02  1.77358E+00  3.0
     43  2  2  100   9 1s 9s           -1.27188E-02  1.77406E+00  1.0
     44  2  2  311   8 1s 9p           -1.25326E-02  1.77425E+00  9.0
     45  2  2  320   7 1s 9d           -1.23533E-02  1.77443E+00 15.0
     46  2  2  120   7 1s 9d           -1.23512E-02  1.77443E+00  5.0
     47  2  2  111   8 1s 9p           -1.23100E-02  1.77447E+00  3.0
     48  2  2  300   9 1s10s           -1.06212E-02  1.77616E+00  3.0
     49  2  2  100  10 1s10s           -1.02713E-02  1.77651E+00  1.0
     50  2  2  311   9 1s10p           -1.01362E-02  1.77664E+00  9.0
     51  2  2  320   8 1s10d           -1.00056E-02  1.77677E+00 15.0
     52  2  2  120   8 1s10d           -1.00041E-02  1.77678E+00  5.0
     53  2  2  111   9 1s10p           -9.97393E-03  1.77681E+00  3.0
 ====================================================================
