 ====================================================================
      i NZ NE iSLP iLV iCONF                 E(RYD)      TE(RYD)   gi
 ====================================================================
      1  2  1  200   1 () 1s           -4.00000E+00  0.00000E+00  2.0
      2  2  1  200   2 () 2s           -1.00000E+00  3.00000E+00  2.0
      3  2  1  211   1 () 2p           -1.00000E+00  3.00000E+00  6.0
      4  2  1  220   1 () 3d           -4.44444E-01  3.55556E+00 10.0
      5  2  1  200   3 () 3s           -4.44444E-01  3.55556E+00  2.0
      6  2  1  211   2 () 3p           -4.44444E-01  3.55556E+00  6.0
      7  2  1  211   3 () 4p           -2.50000E-01  3.75000E+00  6.0
      8  2  1  220   2 () 4d           -2.50000E-01  3.75000E+00 10.0
      9  2  1  231   1 () 4f           -2.50000E-01  3.75000E+00 14.0
     10  2  1  200   4 () 4s           -2.50000E-01  3.75000E+00  2.0
     11  2  1  211   4 () 5p           -1.60000E-01  3.84000E+00  6.0
     12  2  1  220   3 () 5d           -1.60000E-01  3.84000E+00 10.0
     13  2  1  231   2 () 5f           -1.60000E-01  3.84000E+00 14.0
     14  2  1  240   1 () 5g           -1.60000E-01  3.84000E+00 18.0
     15  2  1  200   5 () 5s           -1.60000E-01  3.84000E+00  2.0
     16  2  1  200   6 () 6s           -1.11111E-01  3.88889E+00  2.0
     17  2  1  220   4 () 6d           -1.11111E-01  3.88889E+00 10.0
     18  2  1  231   3 () 6f           -1.11111E-01  3.88889E+00 14.0
     19  2  1  251   1 () 6h           -1.11111E-01  3.88889E+00 22.0
     20  2  1  240   2 () 6g           -1.11111E-01  3.88889E+00 18.0
     21  2  1  211   5 () 6p           -1.11111E-01  3.88889E+00  6.0
     22  2  1  231   4 () 7f           -8.16326E-02  3.91837E+00 14.0
     23  2  1  200   7 () 7s           -8.16326E-02  3.91837E+00  2.0
     24  2  1  220   5 () 7d           -8.16326E-02  3.91837E+00 10.0
     25  2  1  260   1 () 7i           -8.16326E-02  3.91837E+00 26.0
     26  2  1  251   2 () 7h           -8.16326E-02  3.91837E+00 22.0
     27  2  1  240   3 () 7g           -8.16326E-02  3.91837E+00 18.0
     28  2  1  211   6 () 7p           -8.16326E-02  3.91837E+00  6.0
     29  2  1  271   1 () 8k           -6.25000E-02  3.93750E+00 30.0
     30  2  1  260   2 () 8i           -6.25000E-02  3.93750E+00 26.0
     31  2  1  251   3 () 8h           -6.25000E-02  3.93750E+00 22.0
     32  2  1  220   6 () 8d           -6.25000E-02  3.93750E+00 10.0
     33  2  1  240   4 () 8g           -6.25000E-02  3.93750E+00 18.0
     34  2  1  211   7 () 8p           -6.25000E-02  3.93750E+00  6.0
     35  2  1  200   8 () 8s           -6.25000E-02  3.93750E+00  2.0
     36  2  1  231   5 () 8f           -6.25000E-02  3.93750E+00 14.0
     37  2  1  220   7 () 9d           -4.93827E-02  3.95062E+00 10.0
     38  2  1  271   2 () 9k           -4.93827E-02  3.95062E+00 30.0
     39  2  1  260   3 () 9i           -4.93827E-02  3.95062E+00 26.0
     40  2  1  251   4 () 9h           -4.93827E-02  3.95062E+00 22.0
     41  2  1  280   1 () 9l           -4.93827E-02  3.95062E+00 34.0
     42  2  1  240   5 () 9g           -4.93827E-02  3.95062E+00 18.0
     43  2  1  200   9 () 9s           -4.93827E-02  3.95062E+00  2.0
     44  2  1  211   8 () 9p           -4.93827E-02  3.95062E+00  6.0
     45  2  1  231   6 () 9f           -4.93827E-02  3.95062E+00 14.0
     46  2  1  280   2 ()10l           -4.00000E-02  3.96000E+00 34.0
     47  2  1  220   8 ()10d           -4.00000E-02  3.96000E+00 10.0
     48  2  1  271   3 ()10k           -4.00000E-02  3.96000E+00 30.0
     49  2  1  260   4 ()10i           -4.00000E-02  3.96000E+00 26.0
     50  2  1  251   5 ()10h           -4.00000E-02  3.96000E+00 22.0
     51  2  1  240   6 ()10g           -4.00000E-02  3.96000E+00 18.0
     52  2  1  200  10 ()10s           -4.00000E-02  3.96000E+00  2.0
     53  2  1  211   9 ()10p           -4.00000E-02  3.96000E+00  6.0
     54  2  1  291   1 ()10m           -4.00000E-02  3.96000E+00 38.0
     55  2  1  231   7 ()10f           -4.00000E-02  3.96000E+00 14.0
 ====================================================================
