 ====================================================================
      i NZ NE iSLP iLV iCONF                 E(RYD)      TE(RYD)   gi
 ====================================================================
      1 16 16  310   1 3s2 3p4         -7.90052E-01  0.00000E+00  9.0
      2 16 16  120   1 3s2 3p4         -6.98444E-01  9.16080E-02  5.0
      3 16 16  100   1 3s2 3p4         -5.73332E-01  2.16720E-01  1.0
      4 16 16  501   1 3p3(4SO) 4s     -2.76628E-01  5.13424E-01  5.0
      5 16 16  301   1 3p3(4SO) 4s     -2.41514E-01  5.48538E-01  3.0
      6 16 16  510   1 3p3(4SO) 4p     -1.80236E-01  6.09816E-01 15.0
      7 16 16  310   2 3p3(4SO) 4p     -1.63889E-01  6.26163E-01  9.0
      8 16 16  521   1 3p3(4SO) 3d     -1.49273E-01  6.40779E-01 25.0
      9 16 16  311   1 3s 3p5          -1.47105E-01  6.42947E-01  9.0
     10 16 16  321   1 3p3(2DO) 4s     -1.35167E-01  6.54885E-01 15.0
     11 16 16  321   2 3p3(4SO) 3d     -1.17686E-01  6.72366E-01 15.0
     12 16 16  121   1 3p3(2DO) 4s     -1.15665E-01  6.74387E-01  5.0
     13 16 16  501   2 3p3(4SO) 5s     -1.15575E-01  6.74477E-01  5.0
     14 16 16  301   2 3p3(4SO) 5s     -1.07556E-01  6.82496E-01  3.0
     15 16 16  510   2 3p3(4SO) 5p     -8.69846E-02  7.03067E-01 15.0
     16 16 16  310   3 3p3(4SO) 5p     -8.28353E-02  7.07217E-01  9.0
     17 16 16  521   2 3p3(4SO) 4d     -8.03576E-02  7.09694E-01 25.0
     18 16 16  321   3 3p3(4SO) 4d     -6.92819E-02  7.20770E-01 15.0
     19 16 16  501   3 3p3(4SO) 6s     -6.40146E-02  7.26037E-01  5.0
     20 16 16  530   1 3p3(4SO) 4f     -6.25646E-02  7.27487E-01 35.0
     21 16 16  330   1 3p3(4SO) 4f     -6.25228E-02  7.27529E-01 21.0
     22 16 16  301   3 3p3(4SO) 6s     -6.08856E-02  7.29166E-01  3.0
     23 16 16  510   3 3p3(4SO) 6p     -5.15967E-02  7.38455E-01 15.0
     24 16 16  310   4 3p3(4SO) 6p     -5.06901E-02  7.39362E-01  9.0
     25 16 16  521   3 3p3(4SO) 5d     -4.90078E-02  7.41044E-01 25.0
     26 16 16  110   1 3p3(2DO) 4p     -4.80147E-02  7.42037E-01  3.0
     27 16 16  311   2 3p3(2PO) 4s     -4.69640E-02  7.43088E-01  9.0
     28 16 16  320   1 3p3(2DO) 4p     -4.51927E-02  7.44859E-01 15.0
     29 16 16  321   4 3p3(4SO) 5d     -4.48874E-02  7.45165E-01 15.0
     30 16 16  111   1 3p3(2DO) 3d     -4.30833E-02  7.46969E-01  3.0
     31 16 16  330   2 3p3(2DO) 4p     -4.12842E-02  7.48768E-01 21.0
     32 16 16  501   4 3p3(4SO) 7s     -4.06940E-02  7.49358E-01  5.0
     33 16 16  530   2 3p3(4SO) 5f     -4.00538E-02  7.49998E-01 35.0
     34 16 16  330   3 3p3(4SO) 5f     -3.99911E-02  7.50061E-01 21.0
     35 16 16  301   4 3p3(4SO) 7s     -3.91561E-02  7.50896E-01  3.0
     36 16 16  130   1 3p3(2DO) 4p     -3.80250E-02  7.52027E-01  7.0
     37 16 16  310   5 3p3(4SO) 7p:    -3.54454E-02  7.54607E-01  9.0
     38 16 16  510   4 3p3(4SO) 7p     -3.41919E-02  7.55860E-01 15.0
     39 16 16  521   4 3p3(4SO) 6d     -3.28984E-02  7.57154E-01 25.0
     40 16 16  321   5 3p3(4SO) 6d     -3.12912E-02  7.58761E-01 15.0
     41 16 16  310   6 3p3(2DO) 4p:    -2.83477E-02  7.61704E-01  9.0
     42 16 16  501   5 3p3(4SO) 8s     -2.81545E-02  7.61898E-01  5.0
     43 16 16  530   3 3p3(4SO) 6f     -2.78162E-02  7.62236E-01 35.0
     44 16 16  330   4 3p3(4SO) 6f     -2.77895E-02  7.62263E-01 21.0
     45 16 16  301   5 3p3(4SO) 8s     -2.72879E-02  7.62764E-01  3.0
     46 16 16  510   5 3p3(4SO) 8p     -2.43291E-02  7.65723E-01 15.0
     47 16 16  521   5 3p3(4SO) 7d     -2.35859E-02  7.66466E-01 25.0
     48 16 16  321   6 3p3(4SO) 7d     -2.29829E-02  7.67069E-01 15.0
     49 16 16  101   1 3p3(2DO) 3d     -2.25323E-02  7.67520E-01  1.0
     50 16 16  310   7 3p3(4SO) 8p     -2.23718E-02  7.67680E-01  9.0
     51 16 16  501   6 3p3(4SO) 9s     -2.06361E-02  7.69416E-01  5.0
     52 16 16  530   4 3p3(4SO) 7f     -2.04353E-02  7.69617E-01 35.0
     53 16 16  330   5 3p3(4SO) 7f     -2.04170E-02  7.69635E-01 21.0
     54 16 16  301   6 3p3(4SO) 9s     -2.01008E-02  7.69951E-01  3.0
     55 16 16  111   2 3p3(2PO) 4s     -1.83794E-02  7.71673E-01  3.0
     56 16 16  510   6 3p3(4SO) 9p     -1.81970E-02  7.71855E-01 15.0
     57 16 16  521   6 3p3(4SO) 8d     -1.77292E-02  7.72323E-01 25.0
     58 16 16  321   7 3p3(4SO) 8d     -1.75492E-02  7.72503E-01 15.0
     59 16 16  310   8 3p3(4SO) 9p     -1.72338E-02  7.72818E-01  9.0
     60 16 16  120   2 3p3(2DO) 4p     -1.60552E-02  7.73997E-01  5.0
     61 16 16  331   1 3p3(2DO) 3d     -1.58583E-02  7.74194E-01 21.0
     62 16 16  501   7 3p3(4SO)10s     -1.57737E-02  7.74278E-01  5.0
     63 16 16  530   5 3p3(4SO) 8f     -1.56445E-02  7.74408E-01 35.0
     64 16 16  330   6 3p3(4SO) 8f     -1.56315E-02  7.74420E-01 21.0
     65 16 16  301   7 3p3(4SO)10s     -1.54203E-02  7.74632E-01  3.0
     66 16 16  510   7 3p3(4SO)10p     -1.41239E-02  7.75928E-01 15.0
     67 16 16  521   7 3p3(4SO) 9d     -1.38097E-02  7.76242E-01 25.0
     68 16 16  321   8 3p3(4SO) 9d     -1.38094E-02  7.76243E-01 15.0
     69 16 16  310   9 3p3(4SO)10p     -1.35427E-02  7.76509E-01  9.0
     70 16 16  501   8 3p3(4SO)11s     -1.24482E-02  7.77604E-01  5.0
     71 16 16  530   6 3p3(4SO) 9f     -1.23600E-02  7.77692E-01 35.0
     72 16 16  330   7 3p3(4SO) 9f     -1.23506E-02  7.77701E-01 21.0
     73 16 16  301   8 3p3(4SO)11s     -1.22029E-02  7.77849E-01  3.0
     74 16 16  510   8 3p3(4SO)11p     -1.12806E-02  7.78771E-01 15.0
     75 16 16  321   9 3p3(4SO)10d     -1.11318E-02  7.78920E-01 15.0
     76 16 16  521   8 3p3(4SO)10d     -1.10592E-02  7.78993E-01 25.0
     77 16 16  310  10 3p3(4SO)11p     -1.08935E-02  7.79158E-01  9.0
     78 16 16  501   9 3p3(4SO)12s     -1.00737E-02  7.79978E-01  5.0
     79 16 16  530   7 3p3(4SO)10f     -1.00108E-02  7.80041E-01 35.0
     80 16 16  330   8 3p3(4SO)10f     -1.00037E-02  7.80048E-01 21.0
     81 16 16  141   1 3p3(2DO) 3d      2.95761E-03  7.93010E-01  9.0
     82 16 16  121   2 3p3(2DO) 3d      1.57392E-02  8.05791E-01  5.0
     83 16 16  131   1 3p3(2DO) 3d      2.55196E-02  8.15572E-01  7.0
     84 16 16  121   3 3p3(2DO) 5s      2.81920E-02  8.18244E-01  5.0
     85 16 16  311   3 3p3(2DO) 3d      2.94670E-02  8.19519E-01  9.0
     86 16 16  110   2 3p3(2PO) 4p      4.02576E-02  8.30310E-01  3.0
     87 16 16  320   2 3p3(2PO) 4p      4.29287E-02  8.32981E-01 15.0
     88 16 16  300   1 3p3(2PO) 4p      4.29521E-02  8.33004E-01  3.0
     89 16 16  111   3 3p3(2DO) 4d      4.58698E-02  8.35922E-01  3.0
     90 16 16  130   2 3p3(2DO) 5p      5.06358E-02  8.40688E-01  7.0
     91 16 16  320   3 3p3(2DO) 5p      5.09334E-02  8.40985E-01 15.0
     92 16 16  331   2 3p3(2DO) 4d      5.24417E-02  8.42494E-01 21.0
     93 16 16  101   2 3p3(2DO) 4d      5.28428E-02  8.42895E-01  1.0
     94 16 16  110   3 3p3(2DO) 5p      5.56539E-02  8.45706E-01  3.0
     95 16 16  120   3 3p3(2PO) 4p      5.60930E-02  8.46145E-01  5.0
     96 16 16  120   4 3p3(2DO) 5p      5.99762E-02  8.50028E-01  5.0
     97 16 16  141   2 3p3(2DO) 4d      6.15924E-02  8.51644E-01  9.0
     98 16 16  121   4 3p3(2DO) 4d      6.52581E-02  8.55310E-01  5.0
     99 16 16  150   1 3p3(2DO) 4f      7.29948E-02  8.63047E-01 11.0
    100 16 16  340   1 3p3(2DO) 4f      7.30000E-02  8.63052E-01 27.0
    101 16 16  130   3 3p3(2DO) 4f      7.30519E-02  8.63104E-01  7.0
    102 16 16  140   1 3p3(2DO) 4f      7.30749E-02  8.63127E-01  9.0
    103 16 16  131   2 3p3(2DO) 4d      7.30919E-02  8.63144E-01  7.0
    104 16 16  110   4 3p3(2DO) 4f      7.32217E-02  8.63274E-01  3.0
    105 16 16  320   4 3p3(2DO) 4f      7.32282E-02  8.63280E-01 15.0
    106 16 16  120   5 3p3(2DO) 4f      7.33738E-02  8.63426E-01  5.0
    107 16 16  311   4 3p3(2DO) 4d      7.38170E-02  8.63869E-01  9.0
    108 16 16  121   5 3p3(2DO) 6s      7.47243E-02  8.64776E-01  5.0
    109 16 16  100   2 3p3(2PO) 4p      7.69404E-02  8.66992E-01  1.0
    110 16 16  331   3 3p3(2DO) 5d      8.12686E-02  8.71321E-01 21.0
    111 16 16  111   4 3p3(2DO) 5d      8.20500E-02  8.72102E-01  3.0
    112 16 16  320   5 3p3(2DO) 6p      8.40409E-02  8.74093E-01 15.0
    113 16 16  110   5 3p3(2DO) 6p      8.43499E-02  8.74402E-01  3.0
    114 16 16  130   4 3p3(2DO) 6p      8.48688E-02  8.74921E-01  7.0
    115 16 16  121   6 3p3(2DO) 5d      8.49881E-02  8.75040E-01  5.0
    116 16 16  101   3 3p3(2DO) 5d      8.55413E-02  8.75593E-01  1.0
    117 16 16  120   6 3p3(2DO) 6p      8.84909E-02  8.78543E-01  5.0
    118 16 16  141   3 3p3(2DO) 5d      8.94050E-02  8.79457E-01  9.0
    119 16 16  331   4 3p3(2PO) 3d      9.16606E-02  8.81713E-01 21.0
    120 16 16  311   5 3p3(2DO) 5d      9.37775E-02  8.83829E-01  9.0
    121 16 16  131   3 3p3(2DO) 5d      9.53919E-02  8.85444E-01  7.0
    122 16 16  150   2 3p3(2DO) 5f      9.54999E-02  8.85552E-01 11.0
    123 16 16  340   2 3p3(2DO) 5f      9.55003E-02  8.85552E-01 27.0
    124 16 16  130   5 3p3(2DO) 5f      9.55414E-02  8.85593E-01  7.0
    125 16 16  140   2 3p3(2DO) 5f      9.55594E-02  8.85611E-01  9.0
    126 16 16  320   6 3p3(2DO) 5f      9.55857E-02  8.85638E-01 15.0
    127 16 16  110   6 3p3(2DO) 5f      9.55899E-02  8.85642E-01  3.0
    128 16 16  120   7 3p3(2DO) 5f      9.56122E-02  8.85664E-01  5.0
    129 16 16  121   7 3p3(2DO) 7s      9.62874E-02  8.86339E-01  5.0
    130 16 16  121   8 3p3(2DO) 6d      9.76449E-02  8.87697E-01  5.0
    131 16 16  311   6 3p3(2PO) 3d      9.97856E-02  8.89838E-01  9.0
    132 16 16  111   5 3p3(2DO) 6d      1.00126E-01  8.90178E-01  3.0
    133 16 16  320   7 3p3(2DO) 7p      1.01353E-01  8.91405E-01 15.0
    134 16 16  110   7 3p3(2DO) 7p      1.01362E-01  8.91414E-01  3.0
    135 16 16  130   6 3p3(2DO) 7p      1.01837E-01  8.91889E-01  7.0
    136 16 16  101   4 3p3(2DO) 6d      1.02117E-01  8.92169E-01  1.0
    137 16 16  331   5 3p3(2DO) 6d      1.03411E-01  8.93463E-01 21.0
    138 16 16  120   8 3p3(2DO) 7p      1.03802E-01  8.93854E-01  5.0
    139 16 16  141   4 3p3(2DO) 6d      1.04166E-01  8.94218E-01  9.0
    140 16 16  131   4 3p3(2PO) 3d      1.05718E-01  8.95770E-01  7.0
    141 16 16  340   3 3p3(2DO) 6f      1.07728E-01  8.97780E-01 27.0
    142 16 16  150   3 3p3(2DO) 6f      1.07729E-01  8.97781E-01 11.0
    143 16 16  130   7 3p3(2DO) 6f      1.07757E-01  8.97809E-01  7.0
    144 16 16  140   3 3p3(2DO) 6f      1.07769E-01  8.97821E-01  9.0
    145 16 16  320   8 3p3(2DO) 6f      1.07771E-01  8.97823E-01 15.0
    146 16 16  110   8 3p3(2DO) 6f      1.07776E-01  8.97828E-01  3.0
    147 16 16  120   9 3p3(2DO) 6f      1.07784E-01  8.97836E-01  5.0
    148 16 16  121   9 3p3(2PO) 3d      1.07866E-01  8.97918E-01  5.0
    149 16 16  131   5 3p3(2DO) 6d      1.08046E-01  8.98098E-01  7.0
    150 16 16  311   7 3p3(2DO) 6d      1.08103E-01  8.98155E-01  9.0
    151 16 16  121  10 3p3(2DO) 8s      1.08429E-01  8.98481E-01  5.0
    152 16 16  111   6 3p3(2DO) 7d      1.10333E-01  9.00385E-01  3.0
    153 16 16  311   8 3p3(2PO) 5s      1.10397E-01  9.00449E-01  9.0
    154 16 16  110   9 3p3(2DO) 8p      1.11150E-01  9.01202E-01  3.0
    155 16 16  320   9 3p3(2DO) 8p      1.11195E-01  9.01247E-01 15.0
    156 16 16  130   8 3p3(2DO) 8p      1.11498E-01  9.01550E-01  7.0
    157 16 16  101   5 3p3(2DO) 7d      1.11638E-01  9.01690E-01  1.0
    158 16 16  331   6 3p3(2DO) 7d      1.12152E-01  9.02204E-01 21.0
    159 16 16  120  10 3p3(2DO) 8p      1.12683E-01  9.02735E-01  5.0
    160 16 16  141   5 3p3(2DO) 7d      1.12858E-01  9.02910E-01  9.0
    161 16 16  111   7 3p3(2PO) 5s      1.12864E-01  9.02916E-01  3.0
    162 16 16  121  11 3p3(2DO) 7d      1.14906E-01  9.04958E-01  5.0
    163 16 16  131   6 3p3(2DO) 7d      1.15078E-01  9.05130E-01  7.0
    164 16 16  340   4 3p3(2DO) 7f      1.15103E-01  9.05155E-01 27.0
    165 16 16  150   4 3p3(2DO) 7f      1.15104E-01  9.05156E-01 11.0
    166 16 16  130   9 3p3(2DO) 7f      1.15123E-01  9.05175E-01  7.0
    167 16 16  320  10 3p3(2DO) 7f      1.15126E-01  9.05178E-01 15.0
    168 16 16  110  10 3p3(2DO) 7f      1.15131E-01  9.05183E-01  3.0
    169 16 16  140   4 3p3(2DO) 7f      1.15132E-01  9.05184E-01  9.0
    170 16 16  120  11 3p3(2DO) 7f      1.15135E-01  9.05187E-01  5.0
    171 16 16  121  12 3p3(2DO) 9s      1.15515E-01  9.05567E-01  5.0
    172 16 16  311   9 3p3(2DO) 7d      1.15520E-01  9.05572E-01  9.0
    173 16 16  111   8 3p3(2DO) 8d      1.16434E-01  9.06486E-01  3.0
    174 16 16  110  11 3p3(2DO) 9p      1.17266E-01  9.07318E-01  3.0
    175 16 16  320  11 3p3(2DO) 9p      1.17321E-01  9.07373E-01 15.0
    176 16 16  111   9 3p3(2PO) 3d      1.17501E-01  9.07553E-01  3.0
    177 16 16  130  10 3p3(2DO) 9p      1.17523E-01  9.07575E-01  7.0
    178 16 16  101   6 3p3(2DO) 8d      1.17603E-01  9.07655E-01  1.0
    179 16 16  331   7 3p3(2DO) 8d      1.17862E-01  9.07914E-01 21.0
    180 16 16  120  12 3p3(2DO) 9p      1.18293E-01  9.08345E-01  5.0
    181 16 16  141   6 3p3(2DO) 8d      1.18388E-01  9.08440E-01  9.0
    182 16 16  121  13 3p3(2DO) 8d      1.19674E-01  9.09726E-01  5.0
    183 16 16  131   7 3p3(2DO) 8d      1.19865E-01  9.09917E-01  7.0
    184 16 16  340   5 3p3(2DO) 8f      1.19890E-01  9.09942E-01 27.0
    185 16 16  150   5 3p3(2DO) 8f      1.19891E-01  9.09943E-01 11.0
    186 16 16  320  12 3p3(2DO) 8f      1.19904E-01  9.09956E-01 15.0
    187 16 16  130  11 3p3(2DO) 8f      1.19905E-01  9.09957E-01  7.0
    188 16 16  110  12 3p3(2DO) 8f      1.19908E-01  9.09960E-01  3.0
    189 16 16  120  13 3p3(2DO) 8f      1.19910E-01  9.09962E-01  5.0
    190 16 16  140   5 3p3(2DO) 8f      1.19910E-01  9.09962E-01  9.0
    191 16 16  311  10 3p3(2DO) 8d      1.20092E-01  9.10144E-01  9.0
    192 16 16  121  14 3p3(2DO)10s      1.20162E-01  9.10214E-01  5.0
    193 16 16  111  10 3p3(2DO) 9d      1.21104E-01  9.11156E-01  3.0
    194 16 16  110  13 3p3(2DO)10p      1.21339E-01  9.11391E-01  3.0
    195 16 16  320  13 3p3(2DO)10p      1.21392E-01  9.11444E-01 15.0
    196 16 16  130  12 3p3(2DO)10p      1.21535E-01  9.11587E-01  7.0
    197 16 16  101   7 3p3(2DO) 9d      1.21585E-01  9.11637E-01  1.0
    198 16 16  331   8 3p3(2DO) 9d      1.21731E-01  9.11783E-01 21.0
    199 16 16  120  14 3p3(2DO)10p      1.22062E-01  9.12114E-01  5.0
    200 16 16  141   7 3p3(2DO) 9d      1.22120E-01  9.12172E-01  9.0
    201 16 16  121  15 3p3(2DO) 9d      1.22978E-01  9.13030E-01  5.0
    202 16 16  131   8 3p3(2DO) 9d      1.23151E-01  9.13203E-01  7.0
    203 16 16  340   6 3p3(2DO) 9f      1.23172E-01  9.13224E-01 27.0
    204 16 16  150   6 3p3(2DO) 9f      1.23173E-01  9.13225E-01 11.0
    205 16 16  320  14 3p3(2DO) 9f      1.23180E-01  9.13232E-01 15.0
    206 16 16  130  13 3p3(2DO) 9f      1.23183E-01  9.13235E-01  7.0
    207 16 16  110  14 3p3(2DO) 9f      1.23184E-01  9.13236E-01  3.0
    208 16 16  120  15 3p3(2DO) 9f      1.23185E-01  9.13237E-01  5.0
    209 16 16  140   6 3p3(2DO) 9f      1.23187E-01  9.13239E-01  9.0
    210 16 16  311  11 3p3(2DO) 9d      1.23287E-01  9.13339E-01  9.0
    211 16 16  121  16 3p3(2DO)11s      1.23362E-01  9.13414E-01  5.0
    212 16 16  111  11 3p3(2DO)10d      1.24012E-01  9.14064E-01  3.0
    213 16 16  110  15 3p3(2DO)11p      1.24187E-01  9.14239E-01  3.0
    214 16 16  320  15 3p3(2DO)11p      1.24235E-01  9.14287E-01 15.0
    215 16 16  130  14 3p3(2DO)11p      1.24340E-01  9.14392E-01  7.0
    216 16 16  101   8 3p3(2DO)10d      1.24373E-01  9.14425E-01  1.0
    217 16 16  331   9 3p3(2DO)10d      1.24463E-01  9.14515E-01 21.0
    218 16 16  120  16 3p3(2DO)11p      1.24717E-01  9.14769E-01  5.0
    219 16 16  141   8 3p3(2DO)10d      1.24755E-01  9.14807E-01  9.0
    220 16 16  121  17 3p3(2DO)10d      1.25354E-01  9.15406E-01  5.0
    221 16 16  131   9 3p3(2DO)10d      1.25502E-01  9.15554E-01  7.0
    222 16 16  340   7 3p3(2DO)10f      1.25520E-01  9.15572E-01 27.0
    223 16 16  150   7 3p3(2DO)10f      1.25521E-01  9.15573E-01 11.0
    224 16 16  320  16 3p3(2DO)10f      1.25525E-01  9.15577E-01 15.0
    225 16 16  300   2 3p3(2PO) 5p      1.36595E-01  9.26647E-01  3.0
    226 16 16  100   3 3p3(2PO) 5p      1.48326E-01  9.38378E-01  1.0
    227 16 16  300   3 3p3(2PO) 6p      1.72090E-01  9.62142E-01  3.0
    228 16 16  100   4 3p3(2PO) 6p      1.77559E-01  9.67611E-01  1.0
    229 16 16  300   4 3p3(2PO) 7p      1.89536E-01  9.79588E-01  3.0
    230 16 16  100   5 3p3(2PO) 7p      1.92526E-01  9.82578E-01  1.0
    231 16 16  300   5 3p3(2PO) 8p      1.99418E-01  9.89470E-01  3.0
    232 16 16  100   6 3p3(2PO) 8p      2.01230E-01  9.91282E-01  1.0
    233 16 16  300   6 3p3(2PO) 9p      2.05560E-01  9.95612E-01  3.0
    234 16 16  100   7 3p3(2PO) 9p      2.06740E-01  9.96792E-01  1.0
    235 16 16  300   7 3p3(2PO)10p      2.09639E-01  9.99691E-01  3.0
    236 16 16  100   8 3p3(2PO)10p      2.10450E-01  1.00050E+00  1.0
    237 16 16  300   8 3p3(2PO)11p      2.12485E-01  1.00254E+00  3.0
    238 16 16  100   9 3p3(2PO)11p      2.13067E-01  1.00312E+00  1.0
    239 16 16  511   1 3s 3p4(4PE) 4p   5.30625E-01  1.32068E+00 15.0
    240 16 16  520   1 3s 3p4(4PE) 3d   5.39870E-01  1.32992E+00 25.0
    241 16 16  520   2 3s 3p4(4PE) 4d   6.34317E-01  1.42437E+00 25.0
    242 16 16  511   2 3s 3p4(4PE) 5p   6.34624E-01  1.42468E+00 15.0
    243 16 16  531   1 3s 3p4(4PE) 4f   6.62519E-01  1.45257E+00 35.0
    244 16 16  520   3 3s 3p4(4PE) 5d   6.72075E-01  1.46213E+00 25.0
    245 16 16  511   3 3s 3p4(4PE) 6p   6.72217E-01  1.46227E+00 15.0
    246 16 16  531   2 3s 3p4(4PE) 5f   6.85215E-01  1.47527E+00 35.0
    247 16 16  520   4 3s 3p4(4PE) 6d   6.90327E-01  1.48038E+00 25.0
    248 16 16  511   4 3s 3p4(4PE) 7p   6.90414E-01  1.48047E+00 15.0
    249 16 16  531   3 3s 3p4(4PE) 6f   6.97543E-01  1.48760E+00 35.0
    250 16 16  520   5 3s 3p4(4PE) 7d   7.00576E-01  1.49063E+00 25.0
    251 16 16  511   5 3s 3p4(4PE) 8p   7.00634E-01  1.49069E+00 15.0
    252 16 16  531   4 3s 3p4(4PE) 7f   7.04969E-01  1.49502E+00 35.0
    253 16 16  520   6 3s 3p4(4PE) 8d   7.06910E-01  1.49696E+00 25.0
    254 16 16  511   6 3s 3p4(4PE) 9p   7.06950E-01  1.49700E+00 15.0
    255 16 16  531   5 3s 3p4(4PE) 8f   7.09785E-01  1.49984E+00 35.0
    256 16 16  520   7 3s 3p4(4PE) 9d   7.11100E-01  1.50115E+00 25.0
    257 16 16  511   7 3s 3p4(4PE)10p   7.11129E-01  1.50118E+00 15.0
    258 16 16  531   6 3s 3p4(4PE) 9f   7.13084E-01  1.50314E+00 35.0
    259 16 16  520   8 3s 3p4(4PE)10d   7.14016E-01  1.50407E+00 25.0
    260 16 16  511   8 3s 3p4(4PE)11p   7.14037E-01  1.50409E+00 15.0
    261 16 16  531   7 3s 3p4(4PE)10f   7.15442E-01  1.50549E+00 35.0
 ====================================================================
