 ====================================================================
      i NZ NE iSLP iLV iCONF                 E(RYD)      TE(RYD)   gi
 ====================================================================
      1 16 15  401   1 3s2 3p3         -1.73660E+00  0.00000E+00  4.0
      2 16 15  221   1 3s2 3p3         -1.59561E+00  1.40990E-01 10.0
      3 16 15  211   1 3s2 3p3         -1.49467E+00  2.41930E-01  6.0
      4 16 15  410   1 3s 3p4          -1.01195E+00  7.24650E-01 12.0
      5 16 15  220   1 3s 3p4          -8.32765E-01  9.03835E-01 10.0
      6 16 15  210   1 3p2(3PE) 3d     -7.58112E-01  9.78488E-01  6.0
      7 16 15  430   1 3p2(3PE) 3d     -7.14099E-01  1.02250E+00 28.0
      8 16 15  410   2 3p2(3PE) 4s     -7.10352E-01  1.02625E+00 12.0
      9 16 15  420   1 3p2(3PE) 3d     -6.80349E-01  1.05625E+00 20.0
     10 16 15  210   2 3p2(3PE) 4s     -6.77178E-01  1.05942E+00  6.0
     11 16 15  230   1 3p2(3PE) 3d:    -6.70775E-01  1.06582E+00 14.0
     12 16 15  200   1 3s 3p4          -6.12657E-01  1.12394E+00  2.0
     13 16 15  220   2 3p2(1DE) 4s     -6.04053E-01  1.13255E+00 10.0
     14 16 15  201   1 3p2(3PE) 4p     -5.70538E-01  1.16606E+00  2.0
     15 16 15  240   1 3p2(1DE) 3d     -5.54001E-01  1.18260E+00 18.0
     16 16 15  421   1 3p2(3PE) 4p     -5.44163E-01  1.19244E+00 20.0
     17 16 15  411   1 3p2(3PE) 4p     -5.28558E-01  1.20804E+00 12.0
     18 16 15  410   3 3p2(3PE) 3d     -5.21439E-01  1.21516E+00 12.0
     19 16 15  221   2 3p2(3PE) 4p     -5.19272E-01  1.21733E+00 10.0
     20 16 15  401   2 3p2(3PE) 4p     -5.17343E-01  1.21926E+00  4.0
     21 16 15  211   2 3p2(3PE) 4p     -4.96305E-01  1.24030E+00  6.0
     22 16 15  220   3 3p2(3PE) 3d:    -4.87527E-01  1.24907E+00 10.0
     23 16 15  200   2 3p2(1SE) 4s     -4.69505E-01  1.26710E+00  2.0
     24 16 15  230   2 3p2(1DE) 3d:    -4.49158E-01  1.28744E+00 14.0
     25 16 15  210   3 3p2(1DE) 3d     -4.35355E-01  1.30124E+00  6.0
     26 16 15  231   1 3p2(1DE) 4p     -4.34077E-01  1.30252E+00 14.0
     27 16 15  221   3 3p2(1DE) 4p     -4.29678E-01  1.30692E+00 10.0
     28 16 15  211   3 3p2(1DE) 4p     -4.02905E-01  1.33370E+00  6.0
     29 16 15  220   4 3p2(1DE) 3d     -3.92367E-01  1.34423E+00 10.0
     30 16 15  210   4 3s 3p4          -3.79213E-01  1.35739E+00  6.0
     31 16 15  220   5 3p2(1SE) 3d:    -3.46954E-01  1.38965E+00 10.0
     32 16 15  410   4 3p2(3PE) 5s     -3.43978E-01  1.39262E+00 12.0
     33 16 15  210   5 3p2(3PE) 5s     -3.33941E-01  1.40266E+00  6.0
     34 16 15  430   2 3p2(3PE) 4d     -3.30710E-01  1.40589E+00 28.0
     35 16 15  420   2 3p2(3PE) 4d     -3.21903E-01  1.41470E+00 20.0
     36 16 15  200   3 3p2(1DE) 3d     -3.14259E-01  1.42234E+00  2.0
     37 16 15  410   5 3p2(3PE) 4d     -2.95561E-01  1.44104E+00 12.0
     38 16 15  201   2 3p2(3PE) 5p     -2.92854E-01  1.44375E+00  2.0
     39 16 15  230   3 3p2(3PE) 4d     -2.91747E-01  1.44485E+00 14.0
     40 16 15  211   4 3p2(1SE) 4p     -2.88805E-01  1.44780E+00  6.0
     41 16 15  421   2 3p2(3PE) 5p     -2.84383E-01  1.45222E+00 20.0
     42 16 15  411   2 3p2(3PE) 5p     -2.79189E-01  1.45741E+00 12.0
     43 16 15  401   3 3p2(3PE) 5p     -2.77304E-01  1.45930E+00  4.0
     44 16 15  221   4 3p2(3PE) 5p     -2.72639E-01  1.46396E+00 10.0
     45 16 15  211   5 3p2(3PE) 5p     -2.61973E-01  1.47463E+00  6.0
     46 16 15  220   6 3p2(3PE) 4d     -2.61232E-01  1.47537E+00 10.0
     47 16 15  421   3 3p2(3PE) 4f     -2.58018E-01  1.47858E+00 20.0
     48 16 15  221   5 3p2(3PE) 4f     -2.57926E-01  1.47867E+00 10.0
     49 16 15  441   1 3p2(3PE) 4f     -2.57265E-01  1.47934E+00 36.0
     50 16 15  210   6 3p2(3PE) 4d     -2.57047E-01  1.47955E+00  6.0
     51 16 15  241   1 3p2(3PE) 4f     -2.55676E-01  1.48092E+00 18.0
     52 16 15  431   1 3p2(3PE) 4f     -2.51112E-01  1.48549E+00 28.0
     53 16 15  231   2 3p2(3PE) 4f     -2.49451E-01  1.48715E+00 14.0
     54 16 15  220   7 3p2(1DE) 5s     -2.43170E-01  1.49343E+00 10.0
     55 16 15  621   1 3s 3p3(5SO) 3d  -2.35735E-01  1.50086E+00 30.0
     56 16 15  230   4 3p2(1DE) 4d     -2.21898E-01  1.51470E+00 14.0
     57 16 15  240   2 3p2(1DE) 4d     -2.21037E-01  1.51556E+00 18.0
     58 16 15  410   6 3p2(3PE) 6s     -2.04399E-01  1.53220E+00 12.0
     59 16 15  210   7 3p2(1DE) 4d     -2.01848E-01  1.53475E+00  6.0
     60 16 15  210   8 3p2(3PE) 6s     -1.99888E-01  1.53671E+00  6.0
     61 16 15  430   3 3p2(3PE) 5d     -1.97741E-01  1.53886E+00 28.0
     62 16 15  420   3 3p2(3PE) 5d     -1.94281E-01  1.54232E+00 20.0
     63 16 15  220   8 3p2(1DE) 4d     -1.88082E-01  1.54852E+00 10.0
     64 16 15  221   6 3p2(1DE) 5p     -1.86129E-01  1.55047E+00 10.0
     65 16 15  410   7 3p2(3PE) 5d     -1.84925E-01  1.55168E+00 12.0
     66 16 15  231   3 3p2(1DE) 5p     -1.82323E-01  1.55428E+00 14.0
     67 16 15  201   3 3p2(3PE) 6p     -1.79821E-01  1.55678E+00  2.0
     68 16 15  601   1 3s 3p3(5SO) 4s  -1.78325E-01  1.55827E+00  6.0
     69 16 15  211   6 3p2(1DE) 5p     -1.77002E-01  1.55960E+00  6.0
     70 16 15  421   4 3p2(3PE) 6p     -1.76356E-01  1.56024E+00 20.0
     71 16 15  401   4 3p2(3PE) 6p     -1.75062E-01  1.56154E+00  4.0
     72 16 15  411   3 3p2(3PE) 6p     -1.74006E-01  1.56259E+00 12.0
     73 16 15  230   5 3p2(3PE) 5d     -1.72824E-01  1.56378E+00 14.0
     74 16 15  200   4 3p2(1DE) 4d     -1.70898E-01  1.56570E+00  2.0
     75 16 15  210   9 3p2(3PE) 5d     -1.70067E-01  1.56653E+00  6.0
     76 16 15  220   9 3p2(3PE) 5d     -1.69381E-01  1.56722E+00 10.0
     77 16 15  221   7 3p2(3PE) 6p     -1.68429E-01  1.56817E+00 10.0
     78 16 15  441   2 3p2(3PE) 5f     -1.64420E-01  1.57218E+00 36.0
     79 16 15  421   5 3p2(3PE) 5f     -1.64374E-01  1.57223E+00 20.0
     80 16 15  221   8 3p2(3PE) 5f     -1.64192E-01  1.57241E+00 10.0
     81 16 15  241   2 3p2(3PE) 5f     -1.63782E-01  1.57282E+00 18.0
     82 16 15  211   7 3p2(3PE) 6p     -1.63007E-01  1.57359E+00  6.0
     83 16 15  241   3 3p2(1DE) 4f     -1.61633E-01  1.57497E+00 18.0
     84 16 15  431   2 3p2(3PE) 5f     -1.61501E-01  1.57510E+00 28.0
     85 16 15  430   4 3p2(3PE) 5g     -1.60754E-01  1.57585E+00 28.0
     86 16 15  230   6 3p2(3PE) 5g     -1.60752E-01  1.57585E+00 14.0
     87 16 15  231   4 3p2(1DE) 4f     -1.60405E-01  1.57620E+00 14.0
     88 16 15  231   5 3p2(3PE) 5f     -1.60170E-01  1.57643E+00 14.0
     89 16 15  440   1 3p2(3PE) 5g     -1.59451E-01  1.57715E+00 36.0
     90 16 15  240   3 3p2(3PE) 5g     -1.59433E-01  1.57717E+00 18.0
     91 16 15  221   9 3p2(1DE) 4f     -1.54611E-01  1.58199E+00 10.0
     92 16 15  211   8 3p2(1DE) 4f     -1.48737E-01  1.58786E+00  6.0
     93 16 15  410   8 3p2(3PE) 7s     -1.35674E-01  1.60093E+00 12.0
     94 16 15  210  10 3p2(3PE) 7s     -1.33312E-01  1.60329E+00  6.0
     95 16 15  430   5 3p2(3PE) 6d     -1.32098E-01  1.60450E+00 28.0
     96 16 15  420   4 3p2(3PE) 6d     -1.30229E-01  1.60637E+00 20.0
     97 16 15  410   9 3p2(3PE) 6d     -1.26089E-01  1.61051E+00 12.0
     98 16 15  401   5 3p2(3PE) 7p     -1.24107E-01  1.61249E+00  4.0
     99 16 15  230   7 3p2(3PE) 6d     -1.23986E-01  1.61261E+00 14.0
    100 16 15  210  11 3p2(3PE) 6d     -1.22550E-01  1.61405E+00  6.0
    101 16 15  201   4 3p2(3PE) 7p     -1.22029E-01  1.61457E+00  2.0
    102 16 15  421   6 3p2(3PE) 7p     -1.20198E-01  1.61640E+00 20.0
    103 16 15  411   4 3p2(3PE) 7p     -1.18892E-01  1.61771E+00 12.0
    104 16 15  220  10 3p2(3PE) 6d     -1.18684E-01  1.61792E+00 10.0
    105 16 15  221  10 3p2(3PE) 7p     -1.17224E-01  1.61938E+00 10.0
    106 16 15  211   9 3p2(3PE) 7p     -1.14977E-01  1.62162E+00  6.0
    107 16 15  421   7 3p2(3PE) 6f     -1.14003E-01  1.62260E+00 20.0
    108 16 15  441   3 3p2(3PE) 6f     -1.13989E-01  1.62261E+00 36.0
    109 16 15  221  11 3p2(3PE) 6f     -1.13700E-01  1.62290E+00 10.0
    110 16 15  241   4 3p2(3PE) 6f     -1.13106E-01  1.62349E+00 18.0
    111 16 15  431   3 3p2(3PE) 6f     -1.12226E-01  1.62437E+00 28.0
    112 16 15  430   6 3p2(3PE) 6g     -1.11618E-01  1.62498E+00 28.0
    113 16 15  230   8 3p2(3PE) 6g     -1.11616E-01  1.62498E+00 14.0
    114 16 15  231   6 3p2(3PE) 6f     -1.11353E-01  1.62525E+00 14.0
    115 16 15  440   2 3p2(3PE) 6g     -1.10787E-01  1.62581E+00 36.0
    116 16 15  240   4 3p2(3PE) 6g     -1.10771E-01  1.62583E+00 18.0
    117 16 15  220  11 3p2(1DE) 6s     -1.05156E-01  1.63144E+00 10.0
    118 16 15  401   6 3s 3p3(5SO) 4s  -1.01031E-01  1.63557E+00  4.0
    119 16 15  200   5 3p2(1SE) 5s     -9.87087E-02  1.63789E+00  2.0
    120 16 15  230   9 3p2(1DE) 5d     -9.83177E-02  1.63828E+00 14.0
    121 16 15  410  10 3p2(3PE) 8s     -9.66553E-02  1.63994E+00 12.0
    122 16 15  210  12 3p2(3PE) 8s     -9.52602E-02  1.64134E+00  6.0
    123 16 15  240   5 3p2(1DE) 5d     -9.51047E-02  1.64150E+00 18.0
    124 16 15  430   7 3p2(3PE) 7d     -9.45222E-02  1.64208E+00 28.0
    125 16 15  420   5 3p2(3PE) 7d     -9.33977E-02  1.64320E+00 20.0
    126 16 15  210  13 3p2(3PE) 7d     -9.26694E-02  1.64393E+00  6.0
    127 16 15  410  11 3p2(3PE) 7d     -9.12675E-02  1.64533E+00 12.0
    128 16 15  220  12 3p2(3PE) 7d     -8.84017E-02  1.64820E+00 10.0
    129 16 15  201   5 3p2(3PE) 8p     -8.83117E-02  1.64829E+00  2.0
    130 16 15  421   8 3p2(3PE) 8p     -8.72548E-02  1.64935E+00 20.0
    131 16 15  411   5 3p2(3PE) 8p     -8.64051E-02  1.65019E+00 12.0
    132 16 15  221  12 3p2(3PE) 8p     -8.60390E-02  1.65056E+00 10.0
    133 16 15  211  10 3p2(3PE) 8p     -8.46535E-02  1.65195E+00  6.0
    134 16 15  230  10 3p2(3PE) 7d     -8.45312E-02  1.65207E+00 14.0
    135 16 15  421   9 3p2(3PE) 7f     -8.43294E-02  1.65227E+00 20.0
    136 16 15  441   4 3p2(3PE) 7f     -8.35865E-02  1.65301E+00 36.0
    137 16 15  221  13 3p2(3PE) 7f     -8.33434E-02  1.65326E+00 10.0
    138 16 15  241   5 3p2(3PE) 7f     -8.29730E-02  1.65363E+00 18.0
    139 16 15  220  13 3p2(1DE) 5d     -8.28044E-02  1.65380E+00 10.0
    140 16 15  431   4 3p2(3PE) 7f     -8.24327E-02  1.65417E+00 28.0
    141 16 15  210  14 3p2(1DE) 5d     -8.23481E-02  1.65425E+00  6.0
    142 16 15  430   8 3p2(3PE) 7g     -8.19666E-02  1.65463E+00 28.0
    143 16 15  230  11 3p2(3PE) 7g     -8.19620E-02  1.65464E+00 14.0
    144 16 15  231   7 3p2(3PE) 7f     -8.18305E-02  1.65477E+00 14.0
    145 16 15  401   7 3p2(3PE) 8p:    -8.16227E-02  1.65498E+00  4.0
    146 16 15  440   3 3p2(3PE) 7g     -8.14381E-02  1.65516E+00 36.0
    147 16 15  240   6 3p2(3PE) 7g     -8.14223E-02  1.65518E+00 18.0
    148 16 15  221  14 3p2(1DE) 6p     -7.68505E-02  1.65975E+00 10.0
    149 16 15  231   8 3p2(1DE) 6p     -7.65096E-02  1.66009E+00 14.0
    150 16 15  421  10 3s 3p3(5SO) 3d  -7.56528E-02  1.66095E+00 20.0
    151 16 15  200   6 3p2(1DE) 5d     -7.50991E-02  1.66150E+00  2.0
    152 16 15  211  11 3p2(1DE) 6p     -7.27987E-02  1.66380E+00  6.0
    153 16 15  410  12 3p2(3PE) 9s     -7.23598E-02  1.66424E+00 12.0
    154 16 15  220  14 3p2(1SE) 4d     -7.20050E-02  1.66460E+00 10.0
    155 16 15  210  15 3p2(3PE) 9s     -7.14628E-02  1.66514E+00  6.0
    156 16 15  430   9 3p2(3PE) 8d     -7.09850E-02  1.66562E+00 28.0
    157 16 15  420   6 3p2(3PE) 8d     -7.02565E-02  1.66634E+00 20.0
    158 16 15  410  13 3p2(3PE) 8d     -6.90440E-02  1.66756E+00 12.0
    159 16 15  241   6 3p2(1DE) 5f     -6.77031E-02  1.66890E+00 18.0
    160 16 15  210  16 3p2(3PE) 8d     -6.71198E-02  1.66948E+00  6.0
    161 16 15  201   6 3p2(3PE) 9p     -6.68907E-02  1.66971E+00  2.0
    162 16 15  231   9 3p2(1DE) 5f     -6.66559E-02  1.66994E+00 14.0
    163 16 15  230  12 3p2(3PE) 8d     -6.66260E-02  1.66997E+00 14.0
    164 16 15  421  11 3p2(3PE) 9p     -6.61464E-02  1.67045E+00 20.0
    165 16 15  411   6 3p2(3PE) 9p     -6.56410E-02  1.67096E+00 12.0
    166 16 15  221  15 3p2(3PE) 9p     -6.47261E-02  1.67187E+00 10.0
    167 16 15  221  16 3p2(1DE) 5f     -6.40168E-02  1.67258E+00 10.0
    168 16 15  441   5 3p2(3PE) 8f     -6.38781E-02  1.67272E+00 36.0
    169 16 15  211  12 3p2(3PE) 9p     -6.36988E-02  1.67290E+00  6.0
    170 16 15  401   8 3p2(3PE) 9p     -6.35558E-02  1.67304E+00  4.0
    171 16 15  221  17 3p2(3PE) 8f     -6.35118E-02  1.67309E+00 10.0
    172 16 15  241   7 3p2(3PE) 8f     -6.33706E-02  1.67323E+00 18.0
    173 16 15  421  12 3p2(3PE) 8f     -6.32025E-02  1.67340E+00 20.0
    174 16 15  431   5 3p2(3PE) 8f     -6.30819E-02  1.67352E+00 28.0
    175 16 15  240   7 3p2(1DE) 5g     -6.28860E-02  1.67371E+00 18.0
    176 16 15  220  15 3p2(3PE) 8d     -6.28440E-02  1.67376E+00 10.0
    177 16 15  430  10 3p2(3PE) 8g     -6.27289E-02  1.67387E+00 28.0
    178 16 15  230  13 3p2(3PE) 8g     -6.27261E-02  1.67387E+00 14.0
    179 16 15  231  10 3p2(3PE) 8f     -6.26530E-02  1.67395E+00 14.0
    180 16 15  440   4 3p2(3PE) 8g     -6.23747E-02  1.67423E+00 36.0
    181 16 15  240   8 3p2(3PE) 8g     -6.23632E-02  1.67424E+00 18.0
    182 16 15  211  13 3p2(1DE) 5f     -6.20514E-02  1.67455E+00  6.0
    183 16 15  230  14 3p2(1DE) 5g     -6.20252E-02  1.67457E+00 14.0
    184 16 15  220  16 3p2(1DE) 5g     -6.01860E-02  1.67641E+00 10.0
    185 16 15  410  14 3p2(3PE)10s     -5.62033E-02  1.68040E+00 12.0
    186 16 15  210  17 3p2(3PE)10s     -5.55926E-02  1.68101E+00  6.0
    187 16 15  430  11 3p2(3PE) 9d     -5.52650E-02  1.68134E+00 28.0
    188 16 15  420   7 3p2(3PE) 9d     -5.47661E-02  1.68183E+00 20.0
    189 16 15  410  15 3p2(3PE) 9d     -5.40247E-02  1.68258E+00 12.0
    190 16 15  210  18 3p2(3PE) 9d     -5.31538E-02  1.68345E+00  6.0
    191 16 15  230  15 3p2(3PE) 9d     -5.28884E-02  1.68371E+00 14.0
    192 16 15  201   7 3p2(3PE)10p     -5.24259E-02  1.68417E+00  2.0
    193 16 15  421  13 3p2(3PE)10p     -5.19258E-02  1.68467E+00 20.0
    194 16 15  411   7 3p2(3PE)10p     -5.15613E-02  1.68504E+00 12.0
    195 16 15  221  18 3p2(3PE)10p     -5.10732E-02  1.68553E+00 10.0
    196 16 15  220  17 3p2(3PE) 9d     -5.06106E-02  1.68599E+00 10.0
    197 16 15  211  14 3p2(3PE)10p     -5.05245E-02  1.68608E+00  6.0
    198 16 15  441   6 3p2(3PE) 9f     -5.03873E-02  1.68621E+00 36.0
    199 16 15  401   9 3p2(3PE)10p     -5.03640E-02  1.68624E+00  4.0
    200 16 15  221  19 3p2(3PE) 9f     -5.02170E-02  1.68638E+00 10.0
    201 16 15  421  14 3p2(3PE) 9f     -5.00426E-02  1.68656E+00 20.0
    202 16 15  241   8 3p2(3PE) 9f     -5.00352E-02  1.68656E+00 18.0
    203 16 15  431   6 3p2(3PE) 9f     -4.98150E-02  1.68678E+00 28.0
    204 16 15  430  12 3p2(3PE) 9g     -4.95460E-02  1.68705E+00 28.0
    205 16 15  230  16 3p2(3PE) 9g     -4.95439E-02  1.68706E+00 14.0
    206 16 15  231  11 3p2(3PE) 9f     -4.95017E-02  1.68710E+00 14.0
    207 16 15  440   5 3p2(3PE) 9g     -4.92972E-02  1.68730E+00 36.0
    208 16 15  240   9 3p2(3PE) 9g     -4.92886E-02  1.68731E+00 18.0
    209 16 15  410  16 3p2(3PE)11s     -4.49144E-02  1.69169E+00 12.0
    210 16 15  210  19 3p2(3PE)11s     -4.44796E-02  1.69212E+00  6.0
    211 16 15  430  13 3p2(3PE)10d     -4.42452E-02  1.69235E+00 28.0
    212 16 15  420   8 3p2(3PE)10d     -4.38886E-02  1.69271E+00 20.0
    213 16 15  410  17 3p2(3PE)10d     -4.34101E-02  1.69319E+00 12.0
    214 16 15  230  17 3p2(3PE)10d     -4.30258E-02  1.69357E+00 14.0
    215 16 15  210  20 3p2(3PE)10d     -4.29851E-02  1.69361E+00  6.0
    216 16 15  201   8 3p2(3PE)11p     -4.21970E-02  1.69440E+00  2.0
    217 16 15  421  15 3p2(3PE)11p     -4.18414E-02  1.69476E+00 20.0
    218 16 15  411   8 3p2(3PE)11p     -4.15737E-02  1.69503E+00 12.0
    219 16 15  221  20 3p2(3PE)11p     -4.12692E-02  1.69533E+00 10.0
    220 16 15  220  18 3p2(3PE)10d     -4.11831E-02  1.69542E+00 10.0
    221 16 15  211  15 3p2(3PE)11p     -4.10883E-02  1.69551E+00  6.0
    222 16 15  401  10 3p2(3PE)11p     -4.07952E-02  1.69580E+00  4.0
    223 16 15  441   7 3p2(3PE)10f     -4.07532E-02  1.69585E+00 36.0
    224 16 15  221  21 3p2(3PE)10f     -4.06176E-02  1.69598E+00 10.0
    225 16 15  421  16 3p2(3PE)10f     -4.05172E-02  1.69608E+00 20.0
    226 16 15  241   9 3p2(3PE)10f     -4.04867E-02  1.69611E+00 18.0
    227 16 15  431   7 3p2(3PE)10f     -4.03284E-02  1.69627E+00 28.0
    228 16 15  430  14 3p2(3PE)10g     -4.01203E-02  1.69648E+00 28.0
    229 16 15  230  18 3p2(3PE)10g     -4.01190E-02  1.69648E+00 14.0
    230 16 15  231  12 3p2(3PE)10f     -4.00930E-02  1.69651E+00 14.0
    231 16 15  200   7 3p2(1DE) 6d     -2.22142E-02  1.71439E+00  2.0
    232 16 15  610   1 3s 3p3(5SO) 4p  -6.24888E-03  1.73035E+00 18.0
    233 16 15  200   8 3p2(1DE) 7d      1.03146E-02  1.74691E+00  2.0
    234 16 15  200   9 3p2(1DE) 8d      3.12959E-02  1.76790E+00  2.0
    235 16 15  200  10 3p2(1SE) 6s      3.91346E-02  1.77573E+00  2.0
    236 16 15  200  11 3p2(1DE) 9d      4.57514E-02  1.78235E+00  2.0
    237 16 15  200  12 3p2(1DE)10d      5.58746E-02  1.79247E+00  2.0
    238 16 15  601   2 3s 3p3(5SO) 5s   1.86592E-01  1.92319E+00  6.0
    239 16 15  621   2 3s 3p3(5SO) 4d   1.99083E-01  1.93568E+00 30.0
    240 16 15  610   2 3s 3p3(5SO) 5p   2.48086E-01  1.98469E+00 18.0
    241 16 15  630   1 3s 3p3(5SO) 4f   2.76986E-01  2.01359E+00 42.0
    242 16 15  601   3 3s 3p3(5SO) 6s   3.25458E-01  2.06206E+00  6.0
    243 16 15  621   3 3s 3p3(5SO) 5d   3.32052E-01  2.06865E+00 30.0
    244 16 15  610   3 3s 3p3(5SO) 6p   3.54666E-01  2.09127E+00 18.0
    245 16 15  400   1 3s 3p3(3PO) 4p   3.62700E-01  2.09930E+00  4.0
    246 16 15  630   2 3s 3p3(5SO) 5f   3.67568E-01  2.10417E+00 42.0
    247 16 15  641   1 3s 3p3(5SO) 5g   3.69526E-01  2.10613E+00 54.0
    248 16 15  601   4 3s 3p3(5SO) 7s   3.94049E-01  2.13065E+00  6.0
    249 16 15  621   4 3s 3p3(5SO) 6d   3.97695E-01  2.13429E+00 30.0
    250 16 15  610   4 3s 3p3(5SO) 7p   4.10218E-01  2.14682E+00 18.0
    251 16 15  630   3 3s 3p3(5SO) 6f   4.17086E-01  2.15369E+00 42.0
    252 16 15  641   2 3s 3p3(5SO) 6g   4.18412E-01  2.15501E+00 54.0
    253 16 15  601   5 3s 3p3(5SO) 8s   4.33004E-01  2.16960E+00  6.0
    254 16 15  621   5 3s 3p3(5SO) 7d   4.35214E-01  2.17181E+00 30.0
    255 16 15  610   5 3s 3p3(5SO) 8p   4.42891E-01  2.17949E+00 18.0
    256 16 15  630   4 3s 3p3(5SO) 7f   4.46987E-01  2.18359E+00 42.0
    257 16 15  641   3 3s 3p3(5SO) 7g   4.47895E-01  2.18449E+00 54.0
    258 16 15  601   6 3s 3p3(5SO) 9s   4.57264E-01  2.19386E+00  6.0
    259 16 15  621   6 3s 3p3(5SO) 8d   4.58702E-01  2.19530E+00 30.0
    260 16 15  610   6 3s 3p3(5SO) 9p   4.63749E-01  2.20035E+00 18.0
    261 16 15  630   5 3s 3p3(5SO) 8f   4.66393E-01  2.20299E+00 42.0
    262 16 15  641   4 3s 3p3(5SO) 8g   4.67032E-01  2.20363E+00 54.0
    263 16 15  601   7 3s 3p3(5SO)10s   4.73400E-01  2.21000E+00  6.0
    264 16 15  621   7 3s 3p3(5SO) 9d   4.74386E-01  2.21099E+00 30.0
    265 16 15  610   7 3s 3p3(5SO)10p   4.77881E-01  2.21448E+00 18.0
    266 16 15  630   6 3s 3p3(5SO) 9f   4.79690E-01  2.21629E+00 42.0
    267 16 15  641   5 3s 3p3(5SO) 9g   4.80153E-01  2.21675E+00 54.0
    268 16 15  601   8 3s 3p3(5SO)11s   4.84674E-01  2.22127E+00  6.0
    269 16 15  621   8 3s 3p3(5SO)10d   4.85381E-01  2.22198E+00 30.0
    270 16 15  610   8 3s 3p3(5SO)11p   4.87900E-01  2.22450E+00 18.0
    271 16 15  630   7 3s 3p3(5SO)10f   4.89193E-01  2.22579E+00 42.0
    272 16 15  641   6 3s 3p3(5SO)10g   4.89539E-01  2.22614E+00 54.0
    273 16 15  400   2 3s 3p3(3PO) 5p   6.14596E-01  2.35120E+00  4.0
    274 16 15  400   3 3s 3p3(3PO) 6p   7.20407E-01  2.45701E+00  4.0
    275 16 15  400   4 3p 3d(3PO) 4p    7.70391E-01  2.50699E+00  4.0
    276 16 15  400   5 3s 3p3(3PO) 7p   7.75763E-01  2.51236E+00  4.0
    277 16 15  400   6 3s 3p3(3PO) 8p   8.08302E-01  2.54490E+00  4.0
    278 16 15  400   7 3s 3p3(3PO) 9p   8.29105E-01  2.56571E+00  4.0
    279 16 15  400   8 3s 3p3(3PO)10p   8.43205E-01  2.57980E+00  4.0
    280 16 15  400   9 3s 3p3(3PO)11p   8.53205E-01  2.58981E+00  4.0
 ====================================================================
