 ====================================================================
      i NZ NE iSLP iLV iCONF                 E(RYD)      TE(RYD)   gi
 ====================================================================
      1 16 13  211   1 3s2 3p          -3.46776E+00  0.00000E+00  6.0
      2 16 13  410   1 3s 3p2          -2.84355E+00  6.24210E-01 12.0
      3 16 13  220   1 3s 3p2          -2.62841E+00  8.39350E-01 10.0
      4 16 13  200   1 3s 3p2          -2.32639E+00  1.14137E+00  2.0
      5 16 13  210   1 3s 3p2          -2.23113E+00  1.23663E+00  6.0
      6 16 13  220   2 3s2 3d          -2.07591E+00  1.39185E+00 10.0
      7 16 13  221   1 3p3             -1.81555E+00  1.65221E+00 10.0
      8 16 13  200   2 3s2 4s          -1.80742E+00  1.66034E+00  2.0
      9 16 13  401   1 3p3             -1.69745E+00  1.77031E+00  4.0
     10 16 13  431   1 3s3p(3PO) 3d    -1.63932E+00  1.82844E+00 28.0
     11 16 13  211   2 3p3             -1.54807E+00  1.91969E+00  6.0
     12 16 13  211   3 3s2 4p          -1.51989E+00  1.94787E+00  6.0
     13 16 13  411   1 3s3p(3PO) 3d    -1.45953E+00  2.00823E+00 12.0
     14 16 13  421   1 3s3p(3PO) 3d    -1.43948E+00  2.02828E+00 20.0
     15 16 13  221   2 3s3p(3PO) 3d    -1.34437E+00  2.12339E+00 10.0
     16 16 13  231   1 3s3p(3PO) 3d    -1.26706E+00  2.20070E+00 14.0
     17 16 13  220   3 3s2 4d          -1.14700E+00  2.32076E+00 10.0
     18 16 13  231   2 3s3p(1PO) 3d    -1.12462E+00  2.34314E+00 14.0
     19 16 13  411   2 3s3p(3PO) 4s    -1.05739E+00  2.41037E+00 12.0
     20 16 13  211   4 3s3p(3PO) 3d    -1.03712E+00  2.43064E+00  6.0
     21 16 13  200   3 3s2 5s          -1.00354E+00  2.46422E+00  2.0
     22 16 13  211   5 3s3p(3PO) 4s    -9.85581E-01  2.48218E+00  6.0
     23 16 13  231   3 3s2 4f          -9.37574E-01  2.53019E+00 14.0
     24 16 13  211   6 3s3p(1PO) 3d    -9.08672E-01  2.55909E+00  6.0
     25 16 13  221   3 3s3p(1PO) 3d    -8.84012E-01  2.58375E+00 10.0
     26 16 13  211   7 3s2 5p          -8.72705E-01  2.59506E+00  6.0
     27 16 13  210   2 3s3p(3PO) 4p    -7.96000E-01  2.67176E+00  6.0
     28 16 13  420   1 3s3p(3PO) 4p    -7.86886E-01  2.68087E+00 20.0
     29 16 13  410   2 3s3p(3PO) 4p    -7.52893E-01  2.71487E+00 12.0
     30 16 13  400   1 3s3p(3PO) 4p    -7.34540E-01  2.73322E+00  4.0
     31 16 13  220   4 3s2 5d          -7.22771E-01  2.74499E+00 10.0
     32 16 13  220   5 3s3p(3PO) 4p    -7.05733E-01  2.76203E+00 10.0
     33 16 13  230   1 3p2(1DE) 3d     -6.73705E-01  2.79405E+00 14.0
     34 16 13  200   4 3s3p(3PO) 4p    -6.48603E-01  2.81916E+00  2.0
     35 16 13  240   1 3s2 5g          -6.46235E-01  2.82153E+00 18.0
     36 16 13  231   4 3s2 5f          -6.41773E-01  2.82599E+00 14.0
     37 16 13  211   8 3s3p(1PO) 4s    -6.41760E-01  2.82600E+00  6.0
     38 16 13  200   5 3s2 6s          -6.35435E-01  2.83232E+00  2.0
     39 16 13  430   1 3p2(3PE) 3d     -6.02066E-01  2.86569E+00 28.0
     40 16 13  211   9 3s2 6p          -5.69794E-01  2.89797E+00  6.0
     41 16 13  210   3 3p2(1DE) 3d:    -5.44773E-01  2.92299E+00  6.0
     42 16 13  240   2 3p2(1DE) 3d     -5.33855E-01  2.93391E+00 18.0
     43 16 13  420   2 3p2(3PE) 3d     -5.22618E-01  2.94514E+00 20.0
     44 16 13  220   6 3s2 6d          -4.91875E-01  2.97589E+00 10.0
     45 16 13  231   5 3s2 6f          -4.49360E-01  3.01840E+00 14.0
     46 16 13  240   3 3s2 6g          -4.47553E-01  3.02021E+00 18.0
     47 16 13  251   1 3s2 6h          -4.44886E-01  3.02287E+00 22.0
     48 16 13  200   6 3s2 7s          -4.44379E-01  3.02338E+00  2.0
     49 16 13  421   2 3s3p(3PO) 4d    -4.07558E-01  3.06020E+00 20.0
     50 16 13  211  10 3s2 7p          -4.05311E-01  3.06245E+00  6.0
     51 16 13  220   7 3p2(1DE) 3d     -4.02154E-01  3.06561E+00 10.0
     52 16 13  431   2 3s3p(3PO) 4d    -3.98328E-01  3.06943E+00 28.0
     53 16 13  221   4 3s3p(3PO) 4d    -3.97551E-01  3.07021E+00 10.0
     54 16 13  220   8 3s3p(1PO) 4p    -3.80199E-01  3.08756E+00 10.0
     55 16 13  411   3 3s3p(3PO) 4d    -3.69683E-01  3.09808E+00 12.0
     56 16 13  210   4 3s3p(1PO) 4p    -3.61877E-01  3.10588E+00  6.0
     57 16 13  231   6 3s3p(3PO) 4d    -3.49916E-01  3.11784E+00 14.0
     58 16 13  220   9 3s2 7d          -3.38558E-01  3.12920E+00 10.0
     59 16 13  230   2 3p2(3PE) 3d     -3.37067E-01  3.13069E+00 14.0
     60 16 13  200   7 3s3p(1PO) 4p    -3.35397E-01  3.13236E+00  2.0
     61 16 13  240   4 3s2 7g          -3.29253E-01  3.13851E+00 18.0
     62 16 13  251   2 3s2 7h          -3.26955E-01  3.14081E+00 22.0
     63 16 13  231   7 3s2 7f          -3.26482E-01  3.14128E+00 14.0
     64 16 13  211  11 3s3p(3PO) 4d    -3.18452E-01  3.14931E+00  6.0
     65 16 13  200   8 3s2 8s          -3.17606E-01  3.15015E+00  2.0
     66 16 13  410   3 3p2(3PE) 3d     -3.08463E-01  3.15930E+00 12.0
     67 16 13  211  12 3s2 8p          -3.01217E-01  3.16654E+00  6.0
     68 16 13  430   2 3s3p(3PO) 4f    -2.94890E-01  3.17287E+00 28.0
     69 16 13  440   1 3s3p(3PO) 4f    -2.67836E-01  3.19992E+00 36.0
     70 16 13  220  10 3s2 8d          -2.64898E-01  3.20286E+00 10.0
     71 16 13  240   5 3s2 8g          -2.52854E-01  3.21491E+00 18.0
     72 16 13  231   8 3s2 8f          -2.52076E-01  3.21568E+00 14.0
     73 16 13  251   3 3s2 8h          -2.50342E-01  3.21742E+00 22.0
     74 16 13  200   9 3s2 9s          -2.48584E-01  3.21918E+00  2.0
     75 16 13  411   4 3s3p(3PO) 5s    -2.43523E-01  3.22424E+00 12.0
     76 16 13  240   6 3s3p(3PO) 4f    -2.38170E-01  3.22959E+00 18.0
     77 16 13  220  11 3s3p(3PO) 4f    -2.35114E-01  3.23265E+00 10.0
     78 16 13  211  13 3s2 9p          -2.34659E-01  3.23310E+00  6.0
     79 16 13  420   3 3s3p(3PO) 4f    -2.33993E-01  3.23377E+00 20.0
     80 16 13  211  14 3s3p(3PO) 5s    -2.18270E-01  3.24949E+00  6.0
     81 16 13  210   5 3p2(3PE) 3d:    -2.12777E-01  3.25498E+00  6.0
     82 16 13  220  12 3s2 9d          -2.08474E-01  3.25929E+00 10.0
     83 16 13  231   9 3s2 9f          -1.99303E-01  3.26846E+00 14.0
     84 16 13  240   7 3s2 9g          -1.98833E-01  3.26893E+00 18.0
     85 16 13  200  10 3p2(1DE) 3d:    -1.97838E-01  3.26992E+00  2.0
     86 16 13  251   4 3s2 9h          -1.97798E-01  3.26996E+00 22.0
     87 16 13  200  11 3s210s          -1.95473E-01  3.27229E+00  2.0
     88 16 13  211  15 3s210p          -1.84927E-01  3.28283E+00  6.0
     89 16 13  220  13 3s210d          -1.68242E-01  3.29952E+00 10.0
     90 16 13  231  10 3s210f          -1.61447E-01  3.30631E+00 14.0
     91 16 13  240   8 3s210g          -1.61128E-01  3.30663E+00 18.0
     92 16 13  251   5 3s210h          -1.60209E-01  3.30755E+00 22.0
     93 16 13  210   6 3s3p(3PO) 5p    -1.40111E-01  3.32765E+00  6.0
     94 16 13  430   3 3s 3d2          -1.39456E-01  3.32830E+00 28.0
     95 16 13  420   4 3s3p(3PO) 5p    -1.26361E-01  3.34140E+00 20.0
     96 16 13  230   3 3s3p(3PO) 4f    -1.19633E-01  3.34813E+00 14.0
     97 16 13  410   4 3s3p(3PO) 5p    -1.17371E-01  3.35039E+00 12.0
     98 16 13  400   2 3s3p(3PO) 5p    -1.05786E-01  3.36197E+00  4.0
     99 16 13  410   5 3s 3d2          -3.83152E-02  3.42944E+00 12.0
    100 16 13  221   5 3s3p(1PO) 4d    -2.05162E-03  3.46571E+00 10.0
    101 16 13  421   3 3s3p(3PO) 5d     3.66696E-02  3.50443E+00 20.0
    102 16 13  221   6 3s3p(3PO) 5d     3.71213E-02  3.50488E+00 10.0
    103 16 13  431   3 3s3p(3PO) 5d     4.67222E-02  3.51448E+00 28.0
    104 16 13  410   6 3p2(3PE) 4s      5.29159E-02  3.52068E+00 12.0
    105 16 13  411   5 3s3p(3PO) 5d     5.64734E-02  3.52423E+00 12.0
    106 16 13  230   4 3s3p(1PO) 4f     1.02081E-01  3.56984E+00 14.0
    107 16 13  210   7 3p2(3PE) 4s      1.02530E-01  3.57029E+00  6.0
    108 16 13  440   2 3s3p(3PO) 5f     1.05038E-01  3.57280E+00 36.0
    109 16 13  430   4 3s3p(3PO) 5f     1.09809E-01  3.57757E+00 28.0
    110 16 13  441   1 3s3p(3PO) 5g     1.10727E-01  3.57849E+00 36.0
    111 16 13  241   1 3s3p(3PO) 5g     1.10739E-01  3.57850E+00 18.0
    112 16 13  230   5 3s3p(3PO) 5f     1.16836E-01  3.58460E+00 14.0
    113 16 13  420   5 3s3p(3PO) 5f     1.18104E-01  3.58586E+00 20.0
    114 16 13  451   1 3s3p(3PO) 5g     1.21777E-01  3.58954E+00 44.0
    115 16 13  411   6 3s3p(3PO) 6s     1.21931E-01  3.58969E+00 12.0
    116 16 13  431   4 3s3p(3PO) 5g     1.24549E-01  3.59231E+00 28.0
    117 16 13  420   6 3s3p(3PO) 6p     1.81970E-01  3.64973E+00 20.0
    118 16 13  410   7 3s3p(3PO) 6p     1.89297E-01  3.65706E+00 12.0
    119 16 13  400   3 3s3p(3PO) 6p     1.92238E-01  3.66000E+00  4.0
    120 16 13  210   8 3s3p(3PO) 6p     1.97147E-01  3.66491E+00  6.0
    121 16 13  221   7 3p2(1DE) 4p      2.25035E-01  3.69280E+00 10.0
    122 16 13  201   1 3p2(3PE) 4p      2.47948E-01  3.71571E+00  2.0
    123 16 13  421   4 3s3p(3PO) 6d     2.58431E-01  3.72619E+00 20.0
    124 16 13  221   8 3s3p(3PO) 6d     2.68916E-01  3.73668E+00 10.0
    125 16 13  431   5 3s3p(3PO) 6d     2.75527E-01  3.74329E+00 28.0
    126 16 13  411   7 3s3p(3PO) 6d     2.76724E-01  3.74448E+00 12.0
    127 16 13  210   9 3s3p(1PO) 5p     2.84710E-01  3.75247E+00  6.0
    128 16 13  230   6 3s3p(3PO) 6f     3.02373E-01  3.77013E+00 14.0
    129 16 13  440   3 3s3p(3PO) 6f     3.07579E-01  3.77534E+00 36.0
    130 16 13  421   5 3p2(3PE) 4p      3.08019E-01  3.77578E+00 20.0
    131 16 13  430   5 3s3p(3PO) 6f     3.08663E-01  3.77642E+00 28.0
    132 16 13  441   2 3s3p(3PO) 6g     3.11133E-01  3.77889E+00 36.0
    133 16 13  241   2 3s3p(3PO) 6g     3.11252E-01  3.77901E+00 18.0
    134 16 13  420   7 3s3p(3PO) 6f     3.14559E-01  3.78232E+00 20.0
    135 16 13  451   2 3s3p(3PO) 6g     3.17293E-01  3.78505E+00 44.0
    136 16 13  411   8 3s3p(3PO) 7s     3.17478E-01  3.78524E+00 12.0
    137 16 13  431   6 3s3p(3PO) 6g     3.18581E-01  3.78634E+00 28.0
    138 16 13  440   4 3s3p(3PO) 6h     3.19582E-01  3.78734E+00 36.0
    139 16 13  420   8 3s3d(3DE) 4s     3.31561E-01  3.79932E+00 20.0
    140 16 13  411   9 3p2(3PE) 4p      3.35564E-01  3.80332E+00 12.0
    141 16 13  401   2 3p2(3PE) 4p      3.41490E-01  3.80925E+00  4.0
    142 16 13  410   8 3s3p(3PO) 7p     3.57742E-01  3.82550E+00 12.0
    143 16 13  210  10 3s3p(3PO) 7p     3.57837E-01  3.82560E+00  6.0
    144 16 13  400   4 3s3p(3PO) 7p     3.59869E-01  3.82763E+00  4.0
    145 16 13  420   9 3s3p(3PO) 7p     3.60618E-01  3.82838E+00 20.0
    146 16 13  230   7 3s 3d2           3.73870E-01  3.84163E+00 14.0
    147 16 13  221   9 3p2(3PE) 4p      3.75800E-01  3.84356E+00 10.0
    148 16 13  421   6 3s3p(3PO) 7d     4.08677E-01  3.87644E+00 20.0
    149 16 13  431   7 3s3p(3PO) 7d     4.09849E-01  3.87761E+00 28.0
    150 16 13  411  10 3s3p(3PO) 7d     4.14984E-01  3.88274E+00 12.0
    151 16 13  221  10 3s3p(3PO) 7d     4.19894E-01  3.88765E+00 10.0
    152 16 13  440   5 3s3p(3PO) 7f     4.29486E-01  3.89725E+00 36.0
    153 16 13  430   6 3s3p(3PO) 7f     4.29808E-01  3.89757E+00 28.0
    154 16 13  441   3 3s3p(3PO) 7g     4.31094E-01  3.89885E+00 36.0
    155 16 13  241   3 3s3p(3PO) 7g     4.31471E-01  3.89923E+00 18.0
    156 16 13  420  10 3s3p(3PO) 7f     4.33613E-01  3.90137E+00 20.0
    157 16 13  230   8 3s3p(3PO) 7f     4.35225E-01  3.90299E+00 14.0
    158 16 13  451   3 3s3p(3PO) 7g     4.35539E-01  3.90330E+00 44.0
    159 16 13  431   8 3s3p(3PO) 7g     4.36207E-01  3.90397E+00 28.0
    160 16 13  440   6 3s3p(3PO) 7h     4.37250E-01  3.90501E+00 36.0
    161 16 13  411  11 3s3p(3PO) 8s     4.37367E-01  3.90513E+00 12.0
    162 16 13  221  11 3s3p(1PO) 5d     4.43708E-01  3.91147E+00 10.0
    163 16 13  210  11 3s3p(3PO) 8p     4.60142E-01  3.92790E+00  6.0
    164 16 13  420  11 3s3p(3PO) 8p     4.60678E-01  3.92844E+00 20.0
    165 16 13  410   9 3s3p(3PO) 8p     4.61647E-01  3.92941E+00 12.0
    166 16 13  400   5 3s3p(3PO) 8p     4.63138E-01  3.93090E+00  4.0
    167 16 13  210  12 3s 3d2           4.90768E-01  3.95853E+00  6.0
    168 16 13  421   7 3s3p(3PO) 8d     4.93148E-01  3.96091E+00 20.0
    169 16 13  431   9 3s3p(3PO) 8d     4.95412E-01  3.96317E+00 28.0
    170 16 13  221  12 3s3p(3PO) 8d     4.97236E-01  3.96500E+00 10.0
    171 16 13  411  12 3s3p(3PO) 8d     4.98091E-01  3.96585E+00 12.0
    172 16 13  230   9 3s3p(3PO) 8f     5.04787E-01  3.97255E+00 14.0
    173 16 13  441   4 3s3p(3PO) 8g     5.07539E-01  3.97530E+00 36.0
    174 16 13  440   7 3s3p(3PO) 8f     5.08351E-01  3.97611E+00 36.0
    175 16 13  430   7 3s3p(3PO) 8f     5.08382E-01  3.97614E+00 28.0
    176 16 13  241   4 3s3p(1PO) 5g     5.08676E-01  3.97644E+00 18.0
    177 16 13  241   5 3s3p(3PO) 8g     5.09375E-01  3.97714E+00 18.0
    178 16 13  420  12 3s3p(3PO) 8f     5.10977E-01  3.97874E+00 20.0
    179 16 13  451   4 3s3p(3PO) 8g     5.12353E-01  3.98011E+00 44.0
    180 16 13  431  10 3s3p(3PO) 8g     5.12689E-01  3.98045E+00 28.0
    181 16 13  440   8 3s3p(3PO) 8h     5.13585E-01  3.98135E+00 36.0
    182 16 13  411  13 3s3p(3PO) 9s     5.13751E-01  3.98151E+00 12.0
    183 16 13  230  10 3s3p(1PO) 5f     5.20542E-01  3.98830E+00 14.0
    184 16 13  210  13 3s3p(3PO) 9p     5.28722E-01  3.99648E+00  6.0
    185 16 13  420  13 3s3p(3PO) 9p     5.29382E-01  3.99714E+00 20.0
    186 16 13  410  10 3s3p(3PO) 9p     5.30148E-01  3.99791E+00 12.0
    187 16 13  400   6 3s3p(3PO) 9p     5.31229E-01  3.99899E+00  4.0
    188 16 13  441   5 3p3d2(3FE)       5.31596E-01  3.99936E+00 36.0
    189 16 13  421   8 3s3p(3PO) 9d     5.50486E-01  4.01825E+00 20.0
    190 16 13  431  11 3s3p(3PO) 9d     5.53241E-01  4.02100E+00 28.0
    191 16 13  221  13 3s3p(3PO) 9d     5.53318E-01  4.02108E+00 10.0
    192 16 13  411  14 3s3p(3PO) 9d     5.54943E-01  4.02270E+00 12.0
    193 16 13  430   8 3s3p(3PO) 9f     5.62137E-01  4.02990E+00 28.0
    194 16 13  440   9 3s3p(3PO) 9f     5.62256E-01  4.03002E+00 36.0
    195 16 13  241   6 3s3p(3PO) 9g     5.62728E-01  4.03049E+00 18.0
    196 16 13  230  11 3s3p(3PO) 9f     5.63435E-01  4.03120E+00 14.0
    197 16 13  420  14 3s3p(3PO) 9f     5.64018E-01  4.03178E+00 20.0
    198 16 13  441   6 3s3p(3PO) 9g     5.64098E-01  4.03186E+00 36.0
    199 16 13  451   5 3s3p(3PO) 9g     5.65033E-01  4.03279E+00 44.0
    200 16 13  431  12 3s3p(3PO) 9g     5.65160E-01  4.03292E+00 28.0
    201 16 13  440  10 3s3p(3PO) 9h     5.65938E-01  4.03370E+00 36.0
    202 16 13  411  15 3s3p(3PO)10s     5.66102E-01  4.03386E+00 12.0
    203 16 13  210  14 3s3p(3PO)10p     5.75926E-01  4.04369E+00  6.0
    204 16 13  420  15 3s3p(3PO)10p     5.77130E-01  4.04489E+00 20.0
    205 16 13  410  11 3s3p(3PO)10p     5.77686E-01  4.04545E+00 12.0
    206 16 13  400   7 3s3p(3PO)10p     5.78495E-01  4.04626E+00  4.0
    207 16 13  210  15 3s3p(1PO) 6p     5.83948E-01  4.05171E+00  6.0
    208 16 13  421   9 3s3p(3PO)10d     5.89638E-01  4.05740E+00 20.0
    209 16 13  221  14 3s3p(3PO)10d     5.93701E-01  4.06146E+00 10.0
    210 16 13  431  13 3s3p(3PO)10d     5.94093E-01  4.06185E+00 28.0
    211 16 13  411  16 3s3p(3PO)10d     5.95306E-01  4.06307E+00 12.0
    212 16 13  230  12 3s3p(3PO)10f     5.99841E-01  4.06760E+00 14.0
    213 16 13  430   9 3s3p(3PO)10f     6.00481E-01  4.06824E+00 28.0
    214 16 13  440  11 3s3p(3PO)10f     6.00715E-01  4.06848E+00 36.0
    215 16 13  241   7 3s3p(3PO)10g     6.00844E-01  4.06860E+00 18.0
    216 16 13  441   7 3s3p(3PO)10g     6.01552E-01  4.06931E+00 36.0
    217 16 13  420  16 3s3p(3PO)10f     6.01937E-01  4.06970E+00 20.0
    218 16 13  230  13 3p2(1DE) 4d      6.02164E-01  4.06992E+00 14.0
    219 16 13  431  14 3s3p(3PO)10g     6.02632E-01  4.07039E+00 28.0
    220 16 13  451   6 3s3p(3PO)10g     6.02717E-01  4.07048E+00 44.0
    221 16 13  201   2 3p3d2(3PE)       7.68273E-01  4.23603E+00  2.0
    222 16 13  201   3 3p2(3PE) 5p      9.27554E-01  4.39531E+00  2.0
    223 16 13  401   3 3p2(3PE) 5p      9.59442E-01  4.42720E+00  4.0
    224 16 13  401   4 3p3d2(3PE)       1.11162E+00  4.57938E+00  4.0
    225 16 13  201   4 3p2(3PE) 6p      1.24388E+00  4.71164E+00  2.0
    226 16 13  401   5 3p2(3PE) 6p      1.26009E+00  4.72785E+00  4.0
    227 16 13  201   5 3p2(3PE) 7p      1.41788E+00  4.88564E+00  2.0
    228 16 13  401   6 3p2(3PE) 7p      1.42678E+00  4.89454E+00  4.0
    229 16 13  201   6 3p2(3PE) 8p      1.52418E+00  4.99194E+00  2.0
    230 16 13  401   7 3p2(3PE) 8p      1.52966E+00  4.99742E+00  4.0
    231 16 13  201   7 3p2(3PE) 9p      1.59395E+00  5.06171E+00  2.0
    232 16 13  401   8 3p2(3PE) 9p      1.59759E+00  5.06535E+00  4.0
    233 16 13  201   8 3p2(3PE)10p      1.64223E+00  5.10999E+00  2.0
    234 16 13  401   9 3p2(3PE)10p      1.64477E+00  5.11253E+00  4.0
 ====================================================================
