 ====================================================================
      i NZ NE iSLP iLV iCONF                 E(RYD)      TE(RYD)   gi
 ====================================================================
      1 16 12  100   1 3s2             -5.34104E+00  0.00000E+00  1.0
      2 16 12  311   1 3s 3p           -4.58655E+00  7.54490E-01  9.0
      3 16 12  111   1 3s 3p           -4.16720E+00  1.17384E+00  3.0
      4 16 12  120   1 3p2             -3.58416E+00  1.75688E+00  5.0
      5 16 12  310   1 3p2             -3.50841E+00  1.83263E+00  9.0
      6 16 12  320   1 3s 3d           -3.19659E+00  2.14445E+00 15.0
      7 16 12  100   2 3p2             -3.17548E+00  2.16556E+00  1.0
      8 16 12  120   2 3s 3d           -2.85113E+00  2.48991E+00  5.0
      9 16 12  300   1 3s 4s           -2.49566E+00  2.84538E+00  3.0
     10 16 12  100   3 3s 4s           -2.41673E+00  2.92431E+00  1.0
     11 16 12  331   1 3p 3d           -2.39827E+00  2.94277E+00 21.0
     12 16 12  121   1 3p 3d           -2.34897E+00  2.99207E+00  5.0
     13 16 12  311   2 3p 3d           -2.18621E+00  3.15483E+00  9.0
     14 16 12  321   1 3p 3d           -2.16033E+00  3.18071E+00 15.0
     15 16 12  311   3 3s 4p           -2.15214E+00  3.18890E+00  9.0
     16 16 12  111   2 3s 4p           -2.15119E+00  3.18985E+00  3.0
     17 16 12  131   1 3p 3d           -1.98652E+00  3.35452E+00  7.0
     18 16 12  111   3 3p 3d           -1.86069E+00  3.48035E+00  3.0
     19 16 12  320   2 3s 4d           -1.72613E+00  3.61491E+00 15.0
     20 16 12  120   3 3s 4d           -1.71179E+00  3.62925E+00  5.0
     21 16 12  331   2 3s 4f           -1.59023E+00  3.75081E+00 21.0
     22 16 12  131   2 3s 4f           -1.51970E+00  3.82134E+00  7.0
     23 16 12  311   4 3p 4s           -1.49331E+00  3.84773E+00  9.0
     24 16 12  111   4 3p 4s           -1.46411E+00  3.87693E+00  3.0
     25 16 12  300   2 3s 5s           -1.42460E+00  3.91644E+00  3.0
     26 16 12  100   4 3s 5s           -1.40478E+00  3.93626E+00  1.0
     27 16 12  311   5 3s 5p           -1.27207E+00  4.06897E+00  9.0
     28 16 12  111   5 3s 5p           -1.24822E+00  4.09282E+00  3.0
     29 16 12  110   1 3p 4p           -1.23326E+00  4.10778E+00  3.0
     30 16 12  320   3 3p 4p           -1.21046E+00  4.13058E+00 15.0
     31 16 12  310   2 3p 4p           -1.15818E+00  4.18286E+00  9.0
     32 16 12  300   3 3p 4p           -1.14328E+00  4.19776E+00  3.0
     33 16 12  120   4 3p 4p:          -1.14168E+00  4.19936E+00  5.0
     34 16 12  320   4 3s 5d           -1.06758E+00  4.27346E+00 15.0
     35 16 12  120   5 3s 5d:          -1.04671E+00  4.29433E+00  5.0
     36 16 12  100   5 3p 4p           -1.02228E+00  4.31876E+00  1.0
     37 16 12  331   3 3s 5f           -1.01616E+00  4.32488E+00 21.0
     38 16 12  330   1 3d2             -1.01269E+00  4.32835E+00 21.0
     39 16 12  140   1 3s 5g           -1.01144E+00  4.32960E+00  9.0
     40 16 12  340   1 3s 5g           -1.00970E+00  4.33134E+00 27.0
     41 16 12  131   3 3s 5f           -9.97823E-01  4.34322E+00  7.0
     42 16 12  140   2 3d2             -9.88302E-01  4.35274E+00  9.0
     43 16 12  300   4 3s 6s           -9.23166E-01  4.41787E+00  3.0
     44 16 12  120   6 3d2             -9.08563E-01  4.43248E+00  5.0
     45 16 12  100   6 3s 6s           -9.06641E-01  4.43440E+00  1.0
     46 16 12  310   3 3d2             -8.65977E-01  4.47506E+00  9.0
     47 16 12  311   6 3s 6p           -8.45352E-01  4.49569E+00  9.0
     48 16 12  111   6 3s 6p           -8.42901E-01  4.49814E+00  3.0
     49 16 12  121   2 3p 4d           -7.75643E-01  4.56540E+00  5.0
     50 16 12  321   2 3p 4d           -7.67335E-01  4.57371E+00 15.0
     51 16 12  331   4 3p 4d           -7.56745E-01  4.58430E+00 21.0
     52 16 12  131   4 3p 4d           -7.45887E-01  4.59515E+00  7.0
     53 16 12  320   5 3s 6d           -7.38174E-01  4.60287E+00 15.0
     54 16 12  120   7 3s 6d           -7.33319E-01  4.60772E+00  5.0
     55 16 12  340   2 3s 6g           -7.14746E-01  4.62629E+00 27.0
     56 16 12  311   7 3p 4d           -7.12560E-01  4.62848E+00  9.0
     57 16 12  140   3 3s 6g           -7.06072E-01  4.63497E+00  9.0
     58 16 12  331   5 3s 6f           -7.02021E-01  4.63902E+00 21.0
     59 16 12  131   5 3s 6f           -6.84641E-01  4.65640E+00  7.0
     60 16 12  111   7 3p 4d           -6.79544E-01  4.66150E+00  3.0
     61 16 12  130   1 3p 4f           -6.56791E-01  4.68425E+00  7.0
     62 16 12  300   5 3s 7s           -6.49074E-01  4.69197E+00  3.0
     63 16 12  100   7 3s 7s           -6.42977E-01  4.69806E+00  1.0
     64 16 12  330   2 3p 4f           -6.24031E-01  4.71701E+00 21.0
     65 16 12  340   3 3p 4f           -6.20325E-01  4.72072E+00 27.0
     66 16 12  311   8 3s 7p           -6.01215E-01  4.73983E+00  9.0
     67 16 12  111   8 3s 7p           -5.99736E-01  4.74130E+00  3.0
     68 16 12  320   6 3p 4f           -5.91880E-01  4.74916E+00 15.0
     69 16 12  100   8 3d2             -5.82182E-01  4.75886E+00  1.0
     70 16 12  140   4 3s 7g           -5.41316E-01  4.79972E+00  9.0
     71 16 12  120   8 3p 4f           -5.39872E-01  4.80117E+00  5.0
     72 16 12  320   7 3s 7d           -5.36155E-01  4.80488E+00 15.0
     73 16 12  120   9 3s 7d           -5.34523E-01  4.80652E+00  5.0
     74 16 12  331   6 3s 7f           -5.15837E-01  4.82520E+00 21.0
     75 16 12  131   6 3s 7f           -5.09300E-01  4.83174E+00  7.0
     76 16 12  340   4 3s 7g           -5.04648E-01  4.83639E+00 27.0
     77 16 12  300   6 3s 8s           -4.81480E-01  4.85956E+00  3.0
     78 16 12  140   5 3p 4f           -4.78538E-01  4.86250E+00  9.0
     79 16 12  100   9 3s 8s           -4.78072E-01  4.86297E+00  1.0
     80 16 12  111   9 3s 8p           -4.58804E-01  4.88224E+00  3.0
     81 16 12  311   9 3s 8p           -4.53704E-01  4.88734E+00  9.0
     82 16 12  311  10 3p 5s           -4.37852E-01  4.90319E+00  9.0
     83 16 12  111  10 3p 5s           -4.20913E-01  4.92013E+00  3.0
     84 16 12  320   8 3s 8d           -4.09730E-01  4.93131E+00 15.0
     85 16 12  120  10 3s 8d           -4.09620E-01  4.93142E+00  5.0
     86 16 12  331   7 3s 8f           -3.94503E-01  4.94654E+00 21.0
     87 16 12  131   7 3s 8f           -3.90710E-01  4.95033E+00  7.0
     88 16 12  340   5 3s 8g           -3.89546E-01  4.95149E+00 27.0
     89 16 12  140   6 3s 8g           -3.86103E-01  4.95494E+00  9.0
     90 16 12  300   7 3s 9s           -3.71508E-01  4.96953E+00  3.0
     91 16 12  100  10 3s 9s           -3.69470E-01  4.97157E+00  1.0
     92 16 12  311  11 3s 9p           -3.49884E-01  4.99116E+00  9.0
     93 16 12  111  11 3s 9p           -3.47220E-01  4.99382E+00  3.0
     94 16 12  320   9 3s 9d           -3.28095E-01  5.01295E+00 15.0
     95 16 12  120  11 3s 9d           -3.23483E-01  5.01756E+00  5.0
     96 16 12  110   2 3p 5p           -3.18747E-01  5.02229E+00  3.0
     97 16 12  331   8 3s 9f           -3.11417E-01  5.02962E+00 21.0
     98 16 12  131   8 3s 9f           -3.08984E-01  5.03206E+00  7.0
     99 16 12  340   6 3s 9g           -3.08550E-01  5.03249E+00 27.0
    100 16 12  140   7 3s 9g           -3.07519E-01  5.03352E+00  9.0
    101 16 12  320  10 3p 5p           -3.06796E-01  5.03424E+00 15.0
    102 16 12  120  12 3p 5p           -2.99441E-01  5.04160E+00  5.0
    103 16 12  300   8 3s10s           -2.96796E-01  5.04424E+00  3.0
    104 16 12  310   4 3p 5p           -2.96110E-01  5.04493E+00  9.0
    105 16 12  100  11 3s10s           -2.94524E-01  5.04652E+00  1.0
    106 16 12  300   9 3p 5p           -2.80216E-01  5.06082E+00  3.0
    107 16 12  311  12 3s10p           -2.79896E-01  5.06114E+00  9.0
    108 16 12  111  12 3s10p           -2.78808E-01  5.06223E+00  3.0
    109 16 12  120  13 3s10d           -2.60364E-01  5.08068E+00  5.0
    110 16 12  320  11 3s10d           -2.57741E-01  5.08330E+00 15.0
    111 16 12  331   9 3s10f           -2.52057E-01  5.08898E+00 21.0
    112 16 12  131   9 3s10f           -2.50402E-01  5.09064E+00  7.0
    113 16 12  340   7 3s10g           -2.50247E-01  5.09079E+00 27.0
    114 16 12  321   3 3p 5d           -1.21293E-01  5.21975E+00 15.0
    115 16 12  121   3 3p 5d           -1.16105E-01  5.22494E+00  5.0
    116 16 12  130   2 3p 5f           -5.90696E-02  5.28197E+00  7.0
    117 16 12  330   3 3p 5f           -5.01507E-02  5.29089E+00 21.0
    118 16 12  141   1 3p 5g           -4.15910E-02  5.29945E+00  9.0
    119 16 12  341   1 3p 5g           -4.15295E-02  5.29951E+00 27.0
    120 16 12  121   4 3d 4p            7.33415E-02  5.41438E+00  5.0
    121 16 12  321   4 3d 4p            9.62884E-02  5.43733E+00 15.0
    122 16 12  110   3 3p 6p            1.19309E-01  5.46035E+00  3.0
    123 16 12  310   5 3p 6p            1.29691E-01  5.47073E+00  9.0
    124 16 12  121   5 3p 6d            2.28907E-01  5.56995E+00  5.0
    125 16 12  321   5 3p 6d            2.36005E-01  5.57704E+00 15.0
    126 16 12  130   3 3p 6f            2.60629E-01  5.60167E+00  7.0
    127 16 12  330   4 3p 6f            2.64452E-01  5.60549E+00 21.0
    128 16 12  141   2 3p 6g            2.69311E-01  5.61035E+00  9.0
    129 16 12  341   2 3p 6g            2.69366E-01  5.61041E+00 27.0
    130 16 12  110   4 3p 7p            3.66077E-01  5.70712E+00  3.0
    131 16 12  310   6 3p 7p            3.71699E-01  5.71274E+00  9.0
    132 16 12  121   6 3p 7d            4.31892E-01  5.77293E+00  5.0
    133 16 12  321   6 3p 7d            4.33637E-01  5.77468E+00 15.0
    134 16 12  130   4 3p 7f            4.50861E-01  5.79190E+00  7.0
    135 16 12  330   5 3p 7f            4.52689E-01  5.79373E+00 21.0
    136 16 12  141   3 3p 7g            4.55853E-01  5.79689E+00  9.0
    137 16 12  341   3 3p 7g            4.56216E-01  5.79726E+00 27.0
    138 16 12  130   5 3d 4d            4.65731E-01  5.80677E+00  7.0
    139 16 12  110   5 3d 4d            4.96217E-01  5.83726E+00  3.0
    140 16 12  110   6 3p 8p            5.19311E-01  5.86035E+00  3.0
    141 16 12  310   7 3p 8p            5.21973E-01  5.86301E+00  9.0
    142 16 12  330   6 3d 4d            5.50635E-01  5.89167E+00 21.0
    143 16 12  121   7 3p 8d            5.61548E-01  5.90259E+00  5.0
    144 16 12  321   7 3p 8d            5.62351E-01  5.90339E+00 15.0
    145 16 12  141   4 3p 8g            5.71268E-01  5.91231E+00  9.0
    146 16 12  130   6 3p 8f            5.74900E-01  5.91594E+00  7.0
    147 16 12  341   4 3p 8g            5.76478E-01  5.91752E+00 27.0
    148 16 12  330   7 3p 8f            5.80469E-01  5.92151E+00 21.0
    149 16 12  141   5 3d 4f            6.00471E-01  5.94151E+00  9.0
    150 16 12  310   8 3d 4d            6.13932E-01  5.95497E+00  9.0
    151 16 12  110   7 3p 9p            6.20349E-01  5.96139E+00  3.0
    152 16 12  310   9 3p 9p            6.26353E-01  5.96739E+00  9.0
    153 16 12  121   8 3d 4f            6.44535E-01  5.98558E+00  5.0
    154 16 12  321   8 3p 9d            6.49783E-01  5.99082E+00 15.0
    155 16 12  121   9 3p 9d            6.53192E-01  5.99423E+00  5.0
    156 16 12  341   5 3p 9g            6.54565E-01  5.99560E+00 27.0
    157 16 12  130   7 3p 9f            6.58956E-01  6.00000E+00  7.0
    158 16 12  330   8 3p 9f            6.60729E-01  6.00177E+00 21.0
    159 16 12  141   6 3p 9g            6.63381E-01  6.00442E+00  9.0
    160 16 12  341   6 3d 4f            6.82308E-01  6.02335E+00 27.0
    161 16 12  110   8 3p10p            6.91139E-01  6.03218E+00  3.0
    162 16 12  321   9 3d 4f            6.91363E-01  6.03240E+00 15.0
    163 16 12  310  10 3p10p            6.93068E-01  6.03411E+00  9.0
    164 16 12  121  10 3p10d            7.12540E-01  6.05358E+00  5.0
    165 16 12  321  10 3p10d            7.13051E-01  6.05409E+00 15.0
    166 16 12  130   8 3p10f            7.18925E-01  6.05997E+00  7.0
    167 16 12  330   9 3p10f            7.20013E-01  6.06105E+00 21.0
    168 16 12  141   7 3p10g            7.21552E-01  6.06259E+00  9.0
 ====================================================================
