 ====================================================================
      i NZ NE iSLP iLV iCONF                 E(RYD)      TE(RYD)   gi
 ====================================================================
      1 16 11  200   1 2p6 3s          -6.43692E+00  0.00000E+00  2.0
      2 16 11  211   1 2p6 3p          -5.47147E+00  9.65450E-01  6.0
      3 16 11  220   1 2p6 3d          -4.22309E+00  2.21383E+00 10.0
      4 16 11  200   2 2p6 4s          -3.15189E+00  3.28503E+00  2.0
      5 16 11  211   2 2p6 4p          -2.80300E+00  3.63392E+00  6.0
      6 16 11  220   2 2p6 4d          -2.35500E+00  4.08192E+00 10.0
      7 16 11  231   1 2p6 4f          -2.25467E+00  4.18225E+00 14.0
      8 16 11  200   3 2p6 5s          -1.87278E+00  4.56414E+00  2.0
      9 16 11  211   3 2p6 5p          -1.70886E+00  4.72806E+00  6.0
     10 16 11  220   3 2p6 5d          -1.49404E+00  4.94288E+00 10.0
     11 16 11  231   2 2p6 5f          -1.44303E+00  4.99389E+00 14.0
     12 16 11  200   4 2p6 6s          -1.24045E+00  5.19647E+00  2.0
     13 16 11  211   4 2p6 6p          -1.15074E+00  5.28618E+00  6.0
     14 16 11  220   4 2p6 6d          -1.03151E+00  5.40541E+00 10.0
     15 16 11  231   3 2p6 6f          -1.00198E+00  5.43494E+00 14.0
     16 16 11  200   5 2p6 7s          -8.81984E-01  5.55494E+00  2.0
     17 16 11  211   5 2p6 7p          -8.27643E-01  5.60928E+00  6.0
     18 16 11  220   5 2p6 7d          -7.54650E-01  5.68227E+00 10.0
     19 16 11  231   4 2p6 7f          -7.36032E-01  5.70089E+00 14.0
     20 16 11  200   6 2p6 8s          -6.59219E-01  5.77770E+00  2.0
     21 16 11  211   6 2p6 8p          -6.23841E-01  5.81308E+00  6.0
     22 16 11  220   6 2p6 8d          -5.75921E-01  5.86100E+00 10.0
     23 16 11  231   5 2p6 8f          -5.63436E-01  5.87348E+00 14.0
     24 16 11  200   7 2p6 9s          -5.11353E-01  5.92557E+00  2.0
     25 16 11  211   7 2p6 9p          -4.87047E-01  5.94987E+00  6.0
     26 16 11  220   7 2p6 9d          -4.53895E-01  5.98303E+00 10.0
     27 16 11  231   6 2p6 9f          -4.45121E-01  5.99180E+00 14.0
     28 16 11  200   8 2p610s          -4.08202E-01  6.02872E+00  2.0
     29 16 11  211   8 2p610p          -3.90789E-01  6.04613E+00  6.0
     30 16 11  220   8 2p610d          -3.66902E-01  6.07002E+00 10.0
     31 16 11  231   7 2p610f          -3.60503E-01  6.07642E+00 14.0
 ====================================================================
