 ====================================================================
      i NZ NE iSLP iLV iCONF                 E(RYD)      TE(RYD)   gi
 ====================================================================
      1 16 10  100   1 2s2 2p6         -2.07455E+01  0.00000E+00  1.0
      2 16 10  311   1 2p5 3s          -8.09298E+00  1.26525E+01  9.0
      3 16 10  111   1 2p5 3s          -7.99207E+00  1.27534E+01  3.0
      4 16 10  300   1 2p5 3p          -7.26746E+00  1.34780E+01  3.0
      5 16 10  320   1 2p5 3p          -7.09965E+00  1.36459E+01 15.0
      6 16 10  120   1 2p5 3p          -7.02623E+00  1.37193E+01  5.0
      7 16 10  110   1 2p5 3p          -7.00961E+00  1.37359E+01  3.0
      8 16 10  310   1 2p5 3p          -7.00637E+00  1.37391E+01  9.0
      9 16 10  100   2 2p5 3p          -6.45659E+00  1.42889E+01  1.0
     10 16 10  311   2 2p5 3d          -5.82458E+00  1.49209E+01  9.0
     11 16 10  331   1 2p5 3d          -5.76303E+00  1.49825E+01 21.0
     12 16 10  131   1 2p5 3d          -5.70702E+00  1.50385E+01  7.0
     13 16 10  121   1 2p5 3d          -5.66887E+00  1.50766E+01  5.0
     14 16 10  321   1 2p5 3d          -5.66720E+00  1.50783E+01 15.0
     15 16 10  111   2 2p5 3d          -5.50512E+00  1.52404E+01  3.0
     16 16 10  311   3 2p5 4s          -4.06111E+00  1.66844E+01  9.0
     17 16 10  111   3 2p5 4s          -4.02643E+00  1.67191E+01  3.0
     18 16 10  300   2 2p5 4p          -3.79494E+00  1.69506E+01  3.0
     19 16 10  320   2 2p5 4p          -3.68895E+00  1.70566E+01 15.0
     20 16 10  120   2 2p5 4p          -3.66312E+00  1.70824E+01  5.0
     21 16 10  110   2 2p5 4p          -3.66089E+00  1.70846E+01  3.0
     22 16 10  310   2 2p5 4p          -3.65974E+00  1.70858E+01  9.0
     23 16 10  100   3 2p5 4p          -3.49891E+00  1.72466E+01  1.0
     24 16 10  300   3 2p6 3s          -3.43892E+00  1.73066E+01  3.0
     25 16 10  100   4 2p6 3s          -3.26698E+00  1.74785E+01  1.0
     26 16 10  311   4 2p5 4d          -3.23300E+00  1.75125E+01  9.0
     27 16 10  331   2 2p5 4d          -3.21099E+00  1.75345E+01 21.0
     28 16 10  131   2 2p5 4d          -3.18672E+00  1.75588E+01  7.0
     29 16 10  121   2 2p5 4d          -3.17894E+00  1.75666E+01  5.0
     30 16 10  321   2 2p5 4d          -3.17819E+00  1.75673E+01 15.0
     31 16 10  111   4 2p5 4d          -3.09667E+00  1.76488E+01  3.0
     32 16 10  320   3 2p5 4f          -3.07818E+00  1.76673E+01 15.0
     33 16 10  120   3 2p5 4f          -3.07261E+00  1.76729E+01  5.0
     34 16 10  340   1 2p5 4f          -3.07066E+00  1.76748E+01 27.0
     35 16 10  140   1 2p5 4f          -3.06952E+00  1.76760E+01  9.0
     36 16 10  130   1 2p5 4f          -3.05875E+00  1.76868E+01  7.0
     37 16 10  330   1 2p5 4f          -3.05867E+00  1.76868E+01 21.0
     38 16 10  311   5 2p6 3p          -2.51865E+00  1.82269E+01  9.0
     39 16 10  111   5 2p5 5s          -2.43425E+00  1.83113E+01  3.0
     40 16 10  311   6 2p5 5s          -2.41881E+00  1.83267E+01  9.0
     41 16 10  111   6 2p6 3p          -2.41680E+00  1.83287E+01  3.0
     42 16 10  300   4 2p5 5p          -2.28162E+00  1.84639E+01  3.0
     43 16 10  320   4 2p5 5p          -2.26587E+00  1.84796E+01 15.0
     44 16 10  120   4 2p5 5p          -2.25361E+00  1.84919E+01  5.0
     45 16 10  110   3 2p5 5p          -2.25226E+00  1.84932E+01  3.0
     46 16 10  310   3 2p5 5p          -2.25172E+00  1.84938E+01  9.0
     47 16 10  100   5 2p5 5p          -2.15235E+00  1.85932E+01  1.0
     48 16 10  311   7 2p5 5d          -2.04693E+00  1.86986E+01  9.0
     49 16 10  331   3 2p5 5d          -2.03822E+00  1.87073E+01 21.0
     50 16 10  131   3 2p5 5d          -2.02594E+00  1.87196E+01  7.0
     51 16 10  121   3 2p5 5d          -2.02255E+00  1.87229E+01  5.0
     52 16 10  321   3 2p5 5d          -2.02217E+00  1.87233E+01 15.0
     53 16 10  320   5 2p5 5f          -1.97357E+00  1.87719E+01 15.0
     54 16 10  111   7 2p5 5d          -1.97298E+00  1.87725E+01  3.0
     55 16 10  120   5 2p5 5f          -1.96761E+00  1.87779E+01  5.0
     56 16 10  340   2 2p5 5f          -1.96557E+00  1.87799E+01 27.0
     57 16 10  140   2 2p5 5f          -1.96471E+00  1.87808E+01  9.0
     58 16 10  331   4 2p5 5g          -1.96068E+00  1.87848E+01 21.0
     59 16 10  131   4 2p5 5g          -1.96064E+00  1.87849E+01  7.0
     60 16 10  341   1 2p5 5g          -1.95932E+00  1.87862E+01 27.0
     61 16 10  141   1 2p5 5g          -1.95932E+00  1.87862E+01  9.0
     62 16 10  130   2 2p5 5f          -1.95891E+00  1.87866E+01  7.0
     63 16 10  330   2 2p5 5f          -1.95884E+00  1.87867E+01 21.0
     64 16 10  311   8 2p5 6s          -1.62968E+00  1.91158E+01  9.0
     65 16 10  111   8 2p5 6s          -1.62283E+00  1.91227E+01  3.0
     66 16 10  300   5 2p5 6p          -1.54353E+00  1.92020E+01  3.0
     67 16 10  320   6 2p5 6p          -1.53408E+00  1.92114E+01 15.0
     68 16 10  120   6 2p5 6p          -1.52687E+00  1.92186E+01  5.0
     69 16 10  110   4 2p5 6p          -1.52570E+00  1.92198E+01  3.0
     70 16 10  310   4 2p5 6p          -1.52540E+00  1.92201E+01  9.0
     71 16 10  100   6 2p5 6p          -1.47164E+00  1.92739E+01  1.0
     72 16 10  311   9 2p5 6d          -1.41218E+00  1.93333E+01  9.0
     73 16 10  331   5 2p5 6d          -1.40690E+00  1.93386E+01 21.0
     74 16 10  131   5 2p5 6d          -1.39988E+00  1.93456E+01  7.0
     75 16 10  121   4 2p5 6d          -1.39806E+00  1.93474E+01  5.0
     76 16 10  321   4 2p5 6d          -1.39784E+00  1.93477E+01 15.0
     77 16 10  320   7 2p5 6f          -1.38110E+00  1.93644E+01 15.0
     78 16 10  111   9 2p5 6d          -1.37060E+00  1.93749E+01  3.0
     79 16 10  120   7 2p5 6f          -1.36962E+00  1.93759E+01  5.0
     80 16 10  340   3 2p5 6f          -1.36476E+00  1.93807E+01 27.0
     81 16 10  140   3 2p5 6f          -1.36419E+00  1.93813E+01  9.0
     82 16 10  331   6 2p5 6g          -1.36174E+00  1.93838E+01 21.0
     83 16 10  131   6 2p5 6g          -1.36169E+00  1.93838E+01  7.0
     84 16 10  340   4 2p5 6h          -1.36111E+00  1.93844E+01 27.0
     85 16 10  140   4 2p5 6h          -1.36111E+00  1.93844E+01  9.0
     86 16 10  130   3 2p5 6f          -1.36083E+00  1.93847E+01  7.0
     87 16 10  330   3 2p5 6f          -1.36078E+00  1.93847E+01 21.0
     88 16 10  141   2 2p5 6g          -1.36053E+00  1.93850E+01  9.0
     89 16 10  341   2 2p5 6g          -1.36053E+00  1.93850E+01 27.0
     90 16 10  320   8 2p6 3d          -1.19080E+00  1.95547E+01 15.0
     91 16 10  311  10 2p5 7s          -1.16554E+00  1.95800E+01  9.0
     92 16 10  111  10 2p5 7s          -1.16118E+00  1.95843E+01  3.0
     93 16 10  120   8 2p6 3d          -1.11902E+00  1.96265E+01  5.0
     94 16 10  300   6 2p5 7p          -1.11309E+00  1.96324E+01  3.0
     95 16 10  320   9 2p5 7p          -1.10371E+00  1.96418E+01 15.0
     96 16 10  110   5 2p5 7p          -1.10182E+00  1.96437E+01  3.0
     97 16 10  310   5 2p5 7p          -1.10164E+00  1.96439E+01  9.0
     98 16 10  120   9 2p5 7p          -1.09427E+00  1.96512E+01  5.0
     99 16 10  100   7 2p5 7p          -1.06912E+00  1.96764E+01  1.0
    100 16 10  311  11 2p5 7d          -1.03230E+00  1.97132E+01  9.0
    101 16 10  331   7 2p5 7d          -1.02899E+00  1.97165E+01 21.0
    102 16 10  131   7 2p5 7d          -1.02461E+00  1.97209E+01  7.0
    103 16 10  121   5 2p5 7d          -1.02351E+00  1.97220E+01  5.0
    104 16 10  321   5 2p5 7d          -1.02337E+00  1.97221E+01 15.0
    105 16 10  111  11 2p5 7d          -1.00640E+00  1.97391E+01  3.0
    106 16 10  340   5 2p5 7f          -1.00246E+00  1.97430E+01 27.0
    107 16 10  140   5 2p5 7f          -1.00207E+00  1.97434E+01  9.0
    108 16 10  331   8 2p5 7g          -1.00049E+00  1.97450E+01 21.0
    109 16 10  131   8 2p5 7g          -1.00044E+00  1.97451E+01  7.0
    110 16 10  140   6 2p5 7h          -1.00000E+00  1.97455E+01  9.0
    111 16 10  340   6 2p5 7h          -1.00000E+00  1.97455E+01 27.0
    112 16 10  130   4 2p5 7f          -9.99962E-01  1.97455E+01  7.0
    113 16 10  330   4 2p5 7f          -9.99931E-01  1.97456E+01 21.0
    114 16 10  141   3 2p5 7g          -9.99567E-01  1.97459E+01  9.0
    115 16 10  341   3 2p5 7g          -9.99567E-01  1.97459E+01 27.0
    116 16 10  320  10 2p5 7f          -9.93996E-01  1.97515E+01 15.0
    117 16 10  120  10 2p5 7f          -9.93515E-01  1.97520E+01  5.0
    118 16 10  311  12 2p5 8s          -8.74761E-01  1.98707E+01  9.0
    119 16 10  111  12 2p5 8s          -8.71874E-01  1.98736E+01  3.0
    120 16 10  300   7 2p5 8p          -8.40534E-01  1.99050E+01  3.0
    121 16 10  320  11 2p5 8p          -8.35402E-01  1.99101E+01 15.0
    122 16 10  110   6 2p5 8p          -8.32993E-01  1.99125E+01  3.0
    123 16 10  120  11 2p5 8p          -8.32882E-01  1.99126E+01  5.0
    124 16 10  310   6 2p5 8p          -8.32875E-01  1.99126E+01  9.0
    125 16 10  100   8 2p5 8p          -8.11683E-01  1.99338E+01  1.0
    126 16 10  311  13 2p5 8d          -7.87301E-01  1.99582E+01  9.0
    127 16 10  331   9 2p5 8d          -7.85101E-01  1.99604E+01 21.0
    128 16 10  131   9 2p5 8d          -7.82188E-01  1.99633E+01  7.0
    129 16 10  121   6 2p5 8d          -7.81473E-01  1.99640E+01  5.0
    130 16 10  321   6 2p5 8d          -7.81381E-01  1.99641E+01 15.0
    131 16 10  111  13 2p5 8d          -7.70080E-01  1.99754E+01  3.0
    132 16 10  340   7 2p5 8f          -7.67343E-01  1.99782E+01 27.0
    133 16 10  140   7 2p5 8f          -7.67068E-01  1.99784E+01  9.0
    134 16 10  331  10 2p5 8g          -7.65991E-01  1.99795E+01 21.0
    135 16 10  131  10 2p5 8g          -7.65957E-01  1.99795E+01  7.0
    136 16 10  130   5 2p5 8f          -7.65662E-01  1.99798E+01  7.0
    137 16 10  330   5 2p5 8f          -7.65640E-01  1.99799E+01 21.0
    138 16 10  340   8 2p5 8h          -7.65630E-01  1.99799E+01 27.0
    139 16 10  140   8 2p5 8h          -7.65628E-01  1.99799E+01  9.0
    140 16 10  141   4 2p5 8g          -7.65310E-01  1.99802E+01  9.0
    141 16 10  341   4 2p5 8g          -7.65309E-01  1.99802E+01 27.0
    142 16 10  120  12 2p5 8f          -7.65053E-01  1.99804E+01  5.0
    143 16 10  320  12 2p5 8f          -7.64947E-01  1.99806E+01 15.0
    144 16 10  311  14 2p5 9s          -6.80654E-01  2.00648E+01  9.0
    145 16 10  111  14 2p5 9s          -6.78652E-01  2.00668E+01  3.0
    146 16 10  300   8 2p5 9p          -6.57108E-01  2.00884E+01  3.0
    147 16 10  320  13 2p5 9p          -6.53583E-01  2.00919E+01 15.0
    148 16 10  120  13 2p5 9p          -6.51839E-01  2.00937E+01  5.0
    149 16 10  110   7 2p5 9p          -6.51816E-01  2.00937E+01  3.0
    150 16 10  310   7 2p5 9p          -6.51734E-01  2.00938E+01  9.0
    151 16 10  100   9 2p5 9p          -6.37151E-01  2.01083E+01  1.0
    152 16 10  311  15 2p5 9d          -6.20173E-01  2.01253E+01  9.0
    153 16 10  331  11 2p5 9d          -6.18638E-01  2.01269E+01 21.0
    154 16 10  131  11 2p5 9d          -6.16603E-01  2.01289E+01  7.0
    155 16 10  121   7 2p5 9d          -6.16111E-01  2.01294E+01  5.0
    156 16 10  321   7 2p5 9d          -6.16047E-01  2.01295E+01 15.0
    157 16 10  111  15 2p5 9d          -6.08142E-01  2.01374E+01  3.0
    158 16 10  340   9 2p5 9f          -6.06178E-01  2.01393E+01 27.0
    159 16 10  140   9 2p5 9f          -6.05978E-01  2.01395E+01  9.0
    160 16 10  331  12 2p5 9g          -6.05214E-01  2.01403E+01 21.0
    161 16 10  131  12 2p5 9g          -6.05189E-01  2.01403E+01  7.0
    162 16 10  320  14 2p5 9f          -6.05050E-01  2.01405E+01 15.0
    163 16 10  130   6 2p5 9f          -6.04995E-01  2.01405E+01  7.0
    164 16 10  330   6 2p5 9f          -6.04979E-01  2.01405E+01 21.0
    165 16 10  120  14 2p5 9f          -6.04965E-01  2.01405E+01  5.0
    166 16 10  340  10 2p5 9h          -6.04944E-01  2.01406E+01 27.0
    167 16 10  140  10 2p5 9h          -6.04942E-01  2.01406E+01  9.0
    168 16 10  141   5 2p5 9g          -6.04706E-01  2.01408E+01  9.0
    169 16 10  341   5 2p5 9g          -6.04706E-01  2.01408E+01 27.0
    170 16 10  311  16 2p510s          -5.44666E-01  2.02008E+01  9.0
    171 16 10  111  16 2p510s          -5.43223E-01  2.02023E+01  3.0
    172 16 10  300   9 2p510p          -5.27787E-01  2.02177E+01  3.0
    173 16 10  320  15 2p510p          -5.25230E-01  2.02203E+01 15.0
    174 16 10  120  15 2p510p          -5.23971E-01  2.02215E+01  5.0
    175 16 10  110   8 2p510p          -5.23929E-01  2.02216E+01  3.0
    176 16 10  310   8 2p510p          -5.23871E-01  2.02216E+01  9.0
    177 16 10  100  10 2p510p          -5.13405E-01  2.02321E+01  1.0
    178 16 10  311  17 2p510d          -5.01109E-01  2.02444E+01  9.0
    179 16 10  331  13 2p510d          -4.99996E-01  2.02455E+01 21.0
    180 16 10  131  13 2p510d          -4.98519E-01  2.02470E+01  7.0
    181 16 10  121   8 2p510d          -4.98165E-01  2.02473E+01  5.0
    182 16 10  321   8 2p510d          -4.98119E-01  2.02474E+01 15.0
    183 16 10  111  17 2p510d          -4.92374E-01  2.02531E+01  3.0
    184 16 10  340  11 2p510f          -4.90921E-01  2.02546E+01 27.0
    185 16 10  140  11 2p510f          -4.90772E-01  2.02547E+01  9.0
    186 16 10  320  16 2p510f          -4.90278E-01  2.02552E+01 15.0
    187 16 10  331  14 2p510g          -4.90212E-01  2.02553E+01 21.0
    188 16 10  131  14 2p510g          -4.90191E-01  2.02553E+01  7.0
    189 16 10  120  16 2p510f          -4.90148E-01  2.02554E+01  5.0
    190 16 10  130   7 2p510f          -4.90057E-01  2.02554E+01  7.0
    191 16 10  330   7 2p510f          -4.90045E-01  2.02555E+01 21.0
    192 16 10  340  12 2p510h          -4.90005E-01  2.02555E+01 27.0
    193 16 10  140  12 2p510h          -4.90004E-01  2.02555E+01  9.0
    194 16 10  141   6 2p510g          -4.89825E-01  2.02557E+01  9.0
    195 16 10  341   6 2p510g          -4.89825E-01  2.02557E+01 27.0
 ====================================================================
