 ====================================================================
      i NZ NE iSLP iLV iCONF                 E(RYD)      TE(RYD)   gi
 ====================================================================
      1 16  9  211   1 2s2 2p5         -2.41438E+01  0.00000E+00  6.0
      2 16  9  200   1 2s 2p6          -1.96550E+01  4.48880E+00  2.0
      3 16  9  410   1 2p4(3PE) 3s     -9.89408E+00  1.42497E+01 12.0
      4 16  9  210   1 2p4(3PE) 3s     -9.72272E+00  1.44211E+01  6.0
      5 16  9  220   1 2p4(1DE) 3s     -9.34040E+00  1.48034E+01 10.0
      6 16  9  411   1 2p4(3PE) 3p     -8.97953E+00  1.51643E+01 12.0
      7 16  9  421   1 2p4(3PE) 3p     -8.84669E+00  1.52971E+01 20.0
      8 16  9  221   1 2p4(3PE) 3p     -8.75301E+00  1.53908E+01 10.0
      9 16  9  200   2 2p4(1SE) 3s     -8.74730E+00  1.53965E+01  2.0
     10 16  9  211   2 2p4(3PE) 3p     -8.72599E+00  1.54178E+01  6.0
     11 16  9  201   1 2p4(3PE) 3p     -8.69342E+00  1.54504E+01  2.0
     12 16  9  401   1 2p4(3PE) 3p     -8.68684E+00  1.54570E+01  4.0
     13 16  9  231   1 2p4(1DE) 3p     -8.36027E+00  1.57835E+01 14.0
     14 16  9  221   2 2p4(1DE) 3p     -8.23185E+00  1.59120E+01 10.0
     15 16  9  211   3 2p4(1DE) 3p     -7.99876E+00  1.61450E+01  6.0
     16 16  9  211   4 2p4(1SE) 3p     -7.68806E+00  1.64557E+01  6.0
     17 16  9  420   1 2p4(3PE) 3d     -7.66123E+00  1.64826E+01 20.0
     18 16  9  430   1 2p4(3PE) 3d     -7.52396E+00  1.66198E+01 28.0
     19 16  9  410   2 2p4(3PE) 3d     -7.45862E+00  1.66852E+01 12.0
     20 16  9  230   1 2p4(3PE) 3d     -7.44870E+00  1.66951E+01 14.0
     21 16  9  210   2 2p4(3PE) 3d     -7.37659E+00  1.67672E+01  6.0
     22 16  9  220   2 2p4(3PE) 3d     -7.36149E+00  1.67823E+01 10.0
     23 16  9  240   1 2p4(1DE) 3d     -7.07210E+00  1.70717E+01 18.0
     24 16  9  200   3 2p4(1DE) 3d     -6.97638E+00  1.71674E+01  2.0
     25 16  9  230   2 2p4(1DE) 3d     -6.93281E+00  1.72110E+01 14.0
     26 16  9  210   3 2p4(1DE) 3d     -6.91058E+00  1.72332E+01  6.0
     27 16  9  220   3 2p4(1DE) 3d     -6.89996E+00  1.72438E+01 10.0
     28 16  9  220   4 2p4(1SE) 3d     -6.38903E+00  1.77548E+01 10.0
     29 16  9  411   2 2p5(3PO) 3s     -5.77883E+00  1.83650E+01 12.0
     30 16  9  211   5 2p5(3PO) 3s     -5.52371E+00  1.86201E+01  6.0
     31 16  9  410   3 2p4(3PE) 4s     -5.08970E+00  1.90541E+01 12.0
     32 16  9  210   4 2p4(3PE) 4s     -5.01326E+00  1.91305E+01  6.0
     33 16  9  400   1 2p5(3PO) 3p     -4.93039E+00  1.92134E+01  4.0
     34 16  9  420   2 2p5(3PO) 3p     -4.77335E+00  1.93705E+01 20.0
     35 16  9  411   3 2p4(3PE) 4p     -4.68839E+00  1.94554E+01 12.0
     36 16  9  421   2 2p4(3PE) 4p     -4.66621E+00  1.94776E+01 20.0
     37 16  9  220   5 2p5(3PO) 3p     -4.65827E+00  1.94855E+01 10.0
     38 16  9  410   4 2p5(3PO) 3p     -4.63657E+00  1.95072E+01 12.0
     39 16  9  221   3 2p4(3PE) 4p     -4.63223E+00  1.95116E+01 10.0
     40 16  9  201   2 2p4(3PE) 4p     -4.61420E+00  1.95296E+01  2.0
     41 16  9  401   2 2p4(3PE) 4p     -4.61181E+00  1.95320E+01  4.0
     42 16  9  210   5 2p5(3PO) 3p     -4.60492E+00  1.95389E+01  6.0
     43 16  9  211   6 2p4(3PE) 4p     -4.57751E+00  1.95663E+01  6.0
     44 16  9  220   6 2p4(1DE) 4s     -4.54166E+00  1.96021E+01 10.0
     45 16  9  200   4 2p5(3PO) 3p     -4.33441E+00  1.98094E+01  2.0
     46 16  9  420   3 2p4(3PE) 4d     -4.22698E+00  1.99168E+01 20.0
     47 16  9  430   2 2p4(3PE) 4d     -4.18578E+00  1.99580E+01 28.0
     48 16  9  211   7 2p5(1PO) 3s     -4.18425E+00  1.99596E+01  6.0
     49 16  9  231   2 2p4(1DE) 4p     -4.17096E+00  1.99728E+01 14.0
     50 16  9  410   5 2p4(3PE) 4d     -4.16102E+00  1.99828E+01 12.0
     51 16  9  230   3 2p4(3PE) 4d     -4.15456E+00  1.99892E+01 14.0
     52 16  9  221   4 2p4(1DE) 4p     -4.12956E+00  2.00142E+01 10.0
     53 16  9  210   6 2p4(3PE) 4d     -4.10406E+00  2.00397E+01  6.0
     54 16  9  220   7 2p4(3PE) 4d     -4.08437E+00  2.00594E+01 10.0
     55 16  9  431   1 2p4(3PE) 4f     -4.05353E+00  2.00903E+01 28.0
     56 16  9  211   8 2p4(1DE) 4p     -4.04827E+00  2.00955E+01  6.0
     57 16  9  231   3 2p4(3PE) 4f     -4.03238E+00  2.01114E+01 14.0
     58 16  9  421   3 2p4(3PE) 4f     -4.01452E+00  2.01293E+01 20.0
     59 16  9  441   1 2p4(3PE) 4f     -4.00669E+00  2.01371E+01 36.0
     60 16  9  221   5 2p4(3PE) 4f     -4.00514E+00  2.01387E+01 10.0
     61 16  9  241   1 2p4(3PE) 4f     -4.00480E+00  2.01390E+01 18.0
     62 16  9  200   5 2p4(1SE) 4s     -3.96740E+00  2.01764E+01  2.0
     63 16  9  240   2 2p4(1DE) 4d     -3.70167E+00  2.04421E+01 18.0
     64 16  9  230   4 2p4(1DE) 4d     -3.65704E+00  2.04868E+01 14.0
     65 16  9  210   7 2p4(1DE) 4d     -3.65620E+00  2.04876E+01  6.0
     66 16  9  220   8 2p4(1DE) 4d     -3.65045E+00  2.04934E+01 10.0
     67 16  9  200   6 2p4(1DE) 4d     -3.64820E+00  2.04956E+01  2.0
     68 16  9  411   4 2p5(3PO) 3d     -3.59861E+00  2.05452E+01 12.0
     69 16  9  211   9 2p4(1SE) 4p     -3.56764E+00  2.05762E+01  6.0
     70 16  9  211  10 2p4(1DE) 4f     -3.53807E+00  2.06057E+01  6.0
     71 16  9  221   6 2p4(1DE) 4f     -3.52907E+00  2.06147E+01 10.0
     72 16  9  251   1 2p4(1DE) 4f     -3.52353E+00  2.06203E+01 22.0
     73 16  9  431   2 2p5(3PO) 3d     -3.52272E+00  2.06211E+01 28.0
     74 16  9  231   4 2p4(1DE) 4f     -3.50955E+00  2.06343E+01 14.0
     75 16  9  241   2 2p4(1DE) 4f     -3.50060E+00  2.06432E+01 18.0
     76 16  9  421   4 2p5(3PO) 3d     -3.40303E+00  2.07408E+01 20.0
     77 16  9  231   5 2p5(3PO) 3d     -3.37498E+00  2.07688E+01 14.0
     78 16  9  221   7 2p5(3PO) 3d     -3.31788E+00  2.08259E+01 10.0
     79 16  9  220   9 2p5(1PO) 3p     -3.20710E+00  2.09367E+01 10.0
     80 16  9  211  11 2p5(3PO) 3d     -3.18144E+00  2.09624E+01  6.0
     81 16  9  210   8 2p5(1PO) 3p     -3.12189E+00  2.10219E+01  6.0
     82 16  9  220  10 2p4(1SE) 4d     -3.08295E+00  2.10609E+01 10.0
     83 16  9  410   6 2p4(3PE) 5s     -3.07809E+00  2.10657E+01 12.0
     84 16  9  200   7 2p5(1PO) 3p     -3.07775E+00  2.10661E+01  2.0
     85 16  9  210   9 2p4(3PE) 5s     -3.04581E+00  2.10980E+01  6.0
     86 16  9  231   6 2p4(1SE) 4f     -2.92901E+00  2.12148E+01 14.0
     87 16  9  411   5 2p4(3PE) 5p     -2.90316E+00  2.12406E+01 12.0
     88 16  9  421   5 2p4(3PE) 5p     -2.88434E+00  2.12595E+01 20.0
     89 16  9  221   8 2p4(3PE) 5p     -2.86902E+00  2.12748E+01 10.0
     90 16  9  201   3 2p4(3PE) 5p     -2.86465E+00  2.12792E+01  2.0
     91 16  9  401   3 2p4(3PE) 5p     -2.86350E+00  2.12803E+01  4.0
     92 16  9  211  12 2p4(3PE) 5p     -2.81688E+00  2.13269E+01  6.0
     93 16  9  420   4 2p4(3PE) 5d     -2.67982E+00  2.14640E+01 20.0
     94 16  9  430   3 2p4(3PE) 5d     -2.65875E+00  2.14851E+01 28.0
     95 16  9  410   7 2p4(3PE) 5d     -2.64758E+00  2.14962E+01 12.0
     96 16  9  230   5 2p4(3PE) 5d     -2.64305E+00  2.15008E+01 14.0
     97 16  9  210  10 2p4(3PE) 5d     -2.61465E+00  2.15292E+01  6.0
     98 16  9  220  11 2p4(3PE) 5d     -2.60637E+00  2.15374E+01 10.0
     99 16  9  220  12 2p4(1DE) 5s     -2.56976E+00  2.15740E+01 10.0
    100 16  9  431   3 2p4(3PE) 5f     -2.56703E+00  2.15768E+01 28.0
    101 16  9  441   2 2p4(3PE) 5f     -2.56673E+00  2.15771E+01 36.0
    102 16  9  241   3 2p4(3PE) 5f     -2.56535E+00  2.15785E+01 18.0
    103 16  9  231   7 2p4(3PE) 5f     -2.56490E+00  2.15789E+01 14.0
    104 16  9  421   6 2p4(3PE) 5f     -2.55638E+00  2.15874E+01 20.0
    105 16  9  221   9 2p4(3PE) 5f     -2.55608E+00  2.15877E+01 10.0
    106 16  9  231   8 2p4(1DE) 5p     -2.39763E+00  2.17462E+01 14.0
    107 16  9  221  10 2p4(1DE) 5p     -2.37493E+00  2.17689E+01 10.0
    108 16  9  211  13 2p4(1DE) 5p     -2.36872E+00  2.17751E+01  6.0
    109 16  9  240   3 2p4(1DE) 5d     -2.16820E+00  2.19756E+01 18.0
    110 16  9  211  14 2p4(1DE) 5f     -2.15669E+00  2.19871E+01  6.0
    111 16  9  200   8 2p4(1DE) 5d     -2.14804E+00  2.19958E+01  2.0
    112 16  9  210  11 2p4(1DE) 5d     -2.14725E+00  2.19966E+01  6.0
    113 16  9  230   6 2p4(1DE) 5d     -2.14671E+00  2.19971E+01 14.0
    114 16  9  220  13 2p4(1DE) 5d     -2.14433E+00  2.19995E+01 10.0
    115 16  9  221  11 2p4(1DE) 5f     -2.11086E+00  2.20329E+01 10.0
    116 16  9  231   9 2p4(1DE) 5f     -2.09558E+00  2.20482E+01 14.0
    117 16  9  251   2 2p4(1DE) 5f     -2.07685E+00  2.20670E+01 22.0
    118 16  9  410   8 2p4(3PE) 6s     -2.07099E+00  2.20728E+01 12.0
    119 16  9  241   4 2p4(1DE) 5f     -2.06536E+00  2.20784E+01 18.0
    120 16  9  210  12 2p4(3PE) 6s     -2.05691E+00  2.20869E+01  6.0
    121 16  9  200   9 2p4(1SE) 5s     -1.98295E+00  2.21609E+01  2.0
    122 16  9  411   6 2p4(3PE) 6p     -1.97404E+00  2.21698E+01 12.0
    123 16  9  421   7 2p4(3PE) 6p     -1.96313E+00  2.21807E+01 20.0
    124 16  9  221  12 2p4(3PE) 6p     -1.95453E+00  2.21893E+01 10.0
    125 16  9  201   4 2p4(3PE) 6p     -1.95085E+00  2.21930E+01  2.0
    126 16  9  401   4 2p4(3PE) 6p     -1.95021E+00  2.21936E+01  4.0
    127 16  9  211  15 2p4(3PE) 6p     -1.92447E+00  2.22193E+01  6.0
    128 16  9  231  10 2p5(1PO) 3d     -1.92352E+00  2.22203E+01 14.0
    129 16  9  211  16 2p5(1PO) 3d     -1.89078E+00  2.22530E+01  6.0
    130 16  9  420   5 2p4(3PE) 6d     -1.84796E+00  2.22958E+01 20.0
    131 16  9  430   4 2p4(3PE) 6d     -1.83615E+00  2.23077E+01 28.0
    132 16  9  410   9 2p4(3PE) 6d     -1.82998E+00  2.23138E+01 12.0
    133 16  9  230   7 2p4(3PE) 6d     -1.82720E+00  2.23166E+01 14.0
    134 16  9  221  13 2p5(1PO) 3d     -1.81908E+00  2.23247E+01 10.0
    135 16  9  210  13 2p4(3PE) 6d     -1.80943E+00  2.23344E+01  6.0
    136 16  9  220  14 2p4(3PE) 6d     -1.80597E+00  2.23378E+01 10.0
    137 16  9  211  17 2p4(1SE) 5p     -1.78772E+00  2.23561E+01  6.0
    138 16  9  431   4 2p4(3PE) 6f     -1.78475E+00  2.23591E+01 28.0
    139 16  9  441   3 2p4(3PE) 6f     -1.78237E+00  2.23614E+01 36.0
    140 16  9  231  11 2p4(3PE) 6f     -1.78203E+00  2.23618E+01 14.0
    141 16  9  241   5 2p4(3PE) 6f     -1.78146E+00  2.23623E+01 18.0
    142 16  9  421   8 2p4(3PE) 6f     -1.77819E+00  2.23656E+01 20.0
    143 16  9  221  14 2p4(3PE) 6f     -1.77654E+00  2.23673E+01 10.0
    144 16  9  220  15 2p4(1DE) 6s     -1.57361E+00  2.25702E+01 10.0
    145 16  9  220  16 2p4(1SE) 5d     -1.56281E+00  2.25810E+01 10.0
    146 16  9  410  10 2p4(3PE) 7s     -1.48792E+00  2.26559E+01 12.0
    147 16  9  231  12 2p4(1SE) 5f     -1.48064E+00  2.26632E+01 14.0
    148 16  9  210  14 2p4(3PE) 7s     -1.47938E+00  2.26644E+01  6.0
    149 16  9  211  18 2p4(1DE) 6p     -1.46626E+00  2.26775E+01  6.0
    150 16  9  231  13 2p4(1DE) 6p     -1.46553E+00  2.26783E+01 14.0
    151 16  9  221  15 2p4(1DE) 6p     -1.45697E+00  2.26868E+01 10.0
    152 16  9  411   7 2p4(3PE) 7p     -1.42952E+00  2.27143E+01 12.0
    153 16  9  421   9 2p4(3PE) 7p     -1.42143E+00  2.27224E+01 20.0
    154 16  9  221  16 2p4(3PE) 7p     -1.41603E+00  2.27278E+01 10.0
    155 16  9  201   5 2p4(3PE) 7p     -1.41373E+00  2.27301E+01  2.0
    156 16  9  401   5 2p4(3PE) 7p     -1.41334E+00  2.27305E+01  4.0
    157 16  9  211  19 2p4(3PE) 7p     -1.38969E+00  2.27541E+01  6.0
    158 16  9  420   6 2p4(3PE) 7d     -1.35056E+00  2.27932E+01 20.0
    159 16  9  210  15 2p4(1DE) 6d     -1.34545E+00  2.27984E+01  6.0
    160 16  9  430   5 2p4(3PE) 7d     -1.34325E+00  2.28006E+01 28.0
    161 16  9  240   4 2p4(1DE) 6d     -1.34300E+00  2.28008E+01 18.0
    162 16  9  220  17 2p4(1DE) 6d     -1.33988E+00  2.28039E+01 10.0
    163 16  9  410  11 2p4(3PE) 7d     -1.33951E+00  2.28043E+01 12.0
    164 16  9  230   8 2p4(3PE) 7d     -1.33890E+00  2.28049E+01 14.0
    165 16  9  200  10 2p4(1DE) 6d     -1.33095E+00  2.28129E+01  2.0
    166 16  9  230   9 2p4(1DE) 6d     -1.32988E+00  2.28139E+01 14.0
    167 16  9  220  18 2p4(3PE) 7d     -1.31400E+00  2.28298E+01 10.0
    168 16  9  210  16 2p4(3PE) 7d     -1.31326E+00  2.28305E+01  6.0
    169 16  9  431   5 2p4(3PE) 7f     -1.31115E+00  2.28327E+01 28.0
    170 16  9  231  14 2p4(3PE) 7f     -1.30931E+00  2.28345E+01 14.0
    171 16  9  441   4 2p4(3PE) 7f     -1.30918E+00  2.28346E+01 36.0
    172 16  9  241   6 2p4(3PE) 7f     -1.30857E+00  2.28352E+01 18.0
    173 16  9  421  10 2p4(3PE) 7f     -1.30690E+00  2.28369E+01 20.0
    174 16  9  221  17 2p4(3PE) 7f     -1.30608E+00  2.28377E+01 10.0
    175 16  9  251   3 2p4(1DE) 6f     -1.28964E+00  2.28542E+01 22.0
    176 16  9  241   7 2p4(1DE) 6f     -1.28321E+00  2.28606E+01 18.0
    177 16  9  231  15 2p4(1DE) 6f     -1.27971E+00  2.28641E+01 14.0
    178 16  9  211  20 2p4(1DE) 6f     -1.27839E+00  2.28654E+01  6.0
    179 16  9  221  18 2p4(1DE) 6f     -1.27711E+00  2.28667E+01 10.0
    180 16  9  410  12 2p4(3PE) 8s     -1.12064E+00  2.30232E+01 12.0
    181 16  9  210  17 2p4(3PE) 8s     -1.11470E+00  2.30291E+01  6.0
    182 16  9  411   8 2p4(3PE) 8p     -1.08770E+00  2.30561E+01 12.0
    183 16  9  421  11 2p4(3PE) 8p     -1.07657E+00  2.30672E+01 20.0
    184 16  9  221  19 2p4(3PE) 8p     -1.07310E+00  2.30707E+01 10.0
    185 16  9  201   6 2p4(3PE) 8p     -1.07141E+00  2.30724E+01  2.0
    186 16  9  401   6 2p4(3PE) 8p     -1.07116E+00  2.30726E+01  4.0
    187 16  9  211  21 2p4(3PE) 8p     -1.06244E+00  2.30814E+01  6.0
    188 16  9  420   7 2p4(3PE) 8d     -1.02989E+00  2.31139E+01 20.0
    189 16  9  430   6 2p4(3PE) 8d     -1.02499E+00  2.31188E+01 28.0
    190 16  9  410  13 2p4(3PE) 8d     -1.02259E+00  2.31212E+01 12.0
    191 16  9  230  10 2p4(3PE) 8d     -1.02136E+00  2.31224E+01 14.0
    192 16  9  210  18 2p4(3PE) 8d     -1.01486E+00  2.31289E+01  6.0
    193 16  9  220  19 2p4(3PE) 8d     -1.01311E+00  2.31307E+01 10.0
    194 16  9  431   6 2p4(3PE) 8f     -1.00363E+00  2.31402E+01 28.0
    195 16  9  231  16 2p4(3PE) 8f     -1.00226E+00  2.31415E+01 14.0
    196 16  9  441   5 2p4(3PE) 8f     -1.00210E+00  2.31417E+01 36.0
    197 16  9  241   8 2p4(3PE) 8f     -1.00167E+00  2.31421E+01 18.0
    198 16  9  421  12 2p4(3PE) 8f     -1.00072E+00  2.31431E+01 20.0
    199 16  9  221  20 2p4(3PE) 8f     -1.00008E+00  2.31437E+01 10.0
    200 16  9  220  20 2p4(1DE) 7s     -9.88188E-01  2.31556E+01 10.0
    201 16  9  411   9 2p5(3PO) 4s     -9.84681E-01  2.31591E+01 12.0
    202 16  9  200  11 2p6 3s          -9.82553E-01  2.31612E+01  2.0
    203 16  9  211  22 2p4(1DE) 7p     -9.42309E-01  2.32015E+01  6.0
    204 16  9  231  17 2p4(1DE) 7p     -9.24976E-01  2.32188E+01 14.0
    205 16  9  221  21 2p4(1DE) 7p     -9.19111E-01  2.32247E+01 10.0
    206 16  9  211  23 2p5(3PO) 4s     -8.91610E-01  2.32522E+01  6.0
    207 16  9  410  14 2p4(3PE) 9s     -8.74637E-01  2.32692E+01 12.0
    208 16  9  210  19 2p4(3PE) 9s     -8.70229E-01  2.32736E+01  6.0
    209 16  9  211  24 2p4(1SE) 6p     -8.66750E-01  2.32771E+01  6.0
    210 16  9  240   5 2p4(1DE) 7d     -8.48868E-01  2.32949E+01 18.0
    211 16  9  421  13 2p4(3PE) 9p     -8.43556E-01  2.33002E+01 20.0
    212 16  9  210  20 2p4(1DE) 7d     -8.42873E-01  2.33009E+01  6.0
    213 16  9  411  10 2p4(3PE) 9p     -8.42538E-01  2.33013E+01 12.0
    214 16  9  220  21 2p4(1DE) 7d     -8.41850E-01  2.33020E+01 10.0
    215 16  9  230  11 2p4(1DE) 7d     -8.41595E-01  2.33022E+01 14.0
    216 16  9  200  12 2p4(1DE) 7d     -8.41255E-01  2.33025E+01  2.0
    217 16  9  221  22 2p4(3PE) 9p     -8.41132E-01  2.33027E+01 10.0
    218 16  9  201   7 2p4(3PE) 9p     -8.39920E-01  2.33039E+01  2.0
    219 16  9  401   7 2p4(3PE) 9p     -8.39743E-01  2.33041E+01  4.0
    220 16  9  211  25 2p4(3PE) 9p     -8.29542E-01  2.33143E+01  6.0
    221 16  9  251   4 2p4(1DE) 7f     -8.15091E-01  2.33287E+01 22.0
    222 16  9  211  26 2p4(1DE) 7f     -8.11397E-01  2.33324E+01  6.0
    223 16  9  420   8 2p4(3PE) 9d     -8.11265E-01  2.33325E+01 20.0
    224 16  9  231  18 2p4(1DE) 7f:    -8.10231E-01  2.33336E+01 14.0
    225 16  9  221  23 2p4(1DE) 7f     -8.10186E-01  2.33336E+01 10.0
    226 16  9  231  19 2p4(1DE) 7h:    -8.09784E-01  2.33340E+01 14.0
    227 16  9  430   7 2p4(3PE) 9d     -8.07716E-01  2.33361E+01 28.0
    228 16  9  410  15 2p4(3PE) 9d     -8.06131E-01  2.33377E+01 12.0
    229 16  9  230  12 2p4(3PE) 9d     -8.05114E-01  2.33387E+01 14.0
    230 16  9  210  21 2p4(3PE) 9d     -7.98971E-01  2.33448E+01  6.0
    231 16  9  220  22 2p4(3PE) 9d     -7.98748E-01  2.33451E+01 10.0
    232 16  9  431   7 2p4(3PE) 9f     -7.92823E-01  2.33510E+01 28.0
    233 16  9  231  20 2p4(3PE) 9f     -7.91754E-01  2.33520E+01 14.0
    234 16  9  441   6 2p4(3PE) 9f     -7.91620E-01  2.33522E+01 36.0
    235 16  9  241   9 2p4(3PE) 9f     -7.91307E-01  2.33525E+01 18.0
    236 16  9  421  14 2p4(3PE) 9f     -7.90730E-01  2.33531E+01 20.0
    237 16  9  221  24 2p4(3PE) 9f     -7.90219E-01  2.33536E+01 10.0
    238 16  9  220  23 2p4(1SE) 6d     -7.47772E-01  2.33960E+01 10.0
    239 16  9  410  16 2p4(3PE)10s     -7.02473E-01  2.34413E+01 12.0
    240 16  9  231  21 2p4(1SE) 6f     -6.98895E-01  2.34449E+01 14.0
    241 16  9  210  22 2p4(3PE)10s     -6.98271E-01  2.34455E+01  6.0
    242 16  9  411  11 2p4(3PE)10p     -6.79364E-01  2.34644E+01 12.0
    243 16  9  421  15 2p4(3PE)10p     -6.78776E-01  2.34650E+01 20.0
    244 16  9  221  25 2p4(3PE)10p     -6.77027E-01  2.34668E+01 10.0
    245 16  9  201   8 2p4(3PE)10p     -6.76097E-01  2.34677E+01  2.0
    246 16  9  401   8 2p4(3PE)10p     -6.75969E-01  2.34678E+01  4.0
    247 16  9  211  27 2p4(3PE)10p     -6.71529E-01  2.34723E+01  6.0
    248 16  9  420   9 2p4(3PE)10d     -6.56058E-01  2.34877E+01 20.0
    249 16  9  430   8 2p4(3PE)10d     -6.52840E-01  2.34910E+01 28.0
    250 16  9  400   2 2p5(3PO) 4p     -6.52179E-01  2.34916E+01  4.0
    251 16  9  410  17 2p4(3PE)10d     -6.51911E-01  2.34919E+01 12.0
    252 16  9  230  13 2p4(3PE)10d     -6.51016E-01  2.34928E+01 14.0
    253 16  9  210  23 2p4(3PE)10d     -6.47960E-01  2.34958E+01  6.0
    254 16  9  220  24 2p4(3PE)10d     -6.47251E-01  2.34965E+01 10.0
    255 16  9  431   8 2p4(3PE)10f     -6.42076E-01  2.35017E+01 28.0
    256 16  9  231  22 2p4(3PE)10f     -6.41227E-01  2.35026E+01 14.0
    257 16  9  441   7 2p4(3PE)10f     -6.41100E-01  2.35027E+01 36.0
    258 16  9  241  10 2p4(3PE)10f     -6.40869E-01  2.35029E+01 18.0
    259 16  9  421  16 2p4(3PE)10f     -6.40510E-01  2.35033E+01 20.0
    260 16  9  221  26 2p4(3PE)10f     -6.40103E-01  2.35037E+01 10.0
    261 16  9  200  13 2p4(1DE) 8d     -5.26374E-01  2.36174E+01  2.0
    262 16  9  200  14 2p5(3PO) 4p     -4.75048E-01  2.36688E+01  2.0
    263 16  9  200  15 2p4(1SE) 6s     -4.00353E-01  2.37434E+01  2.0
    264 16  9  200  16 2p4(1DE) 9d     -3.08437E-01  2.38354E+01  2.0
    265 16  9  200  17 2p4(1DE)10d     -1.54872E-01  2.39889E+01  2.0
    266 16  9  400   3 2p5(3PO) 5p      1.14496E+00  2.52888E+01  4.0
    267 16  9  400   4 2p5(3PO) 6p      2.07799E+00  2.62218E+01  4.0
    268 16  9  400   5 2p5(3PO) 7p      2.62425E+00  2.67681E+01  4.0
    269 16  9  400   6 2p5(3PO) 8p      2.97145E+00  2.71153E+01  4.0
    270 16  9  400   7 2p5(3PO) 9p      3.20580E+00  2.73496E+01  4.0
    271 16  9  400   8 2p5(3PO)10p      3.37139E+00  2.75152E+01  4.0
 ====================================================================
