 ====================================================================
      i NZ NE iSLP iLV iCONF                 E(RYD)      TE(RYD)   gi
 ====================================================================
      1 14 14  310   1 3s2 3p2         -6.01293E-01  0.00000E+00  9.0
      2 14 14  120   1 3s2 3p2         -5.43261E-01  5.80320E-02  5.0
      3 14 14  100   1 3s2 3p2         -4.54321E-01  1.46972E-01  1.0
      4 14 14  501   1 3s 3p3          -3.15898E-01  2.85395E-01  5.0
      5 14 14  311   1 3s2 3p 4s       -2.37556E-01  3.63737E-01  9.0
      6 14 14  111   1 3s2 3p 4s       -2.25526E-01  3.75767E-01  3.0
      7 14 14  321   1 3s 3p3          -1.98116E-01  4.03177E-01 15.0
      8 14 14  121   1 3s2 3p 3d       -1.76389E-01  4.24904E-01  5.0
      9 14 14  110   1 3s2 3p 4p       -1.66954E-01  4.34339E-01  3.0
     10 14 14  320   1 3s2 3p 4p       -1.59109E-01  4.42184E-01 15.0
     11 14 14  331   1 3s2 3p 3d       -1.50363E-01  4.50930E-01 21.0
     12 14 14  300   1 3s2 3p 4p       -1.48242E-01  4.53051E-01  3.0
     13 14 14  310   2 3s2 3p 4p       -1.47805E-01  4.53488E-01  9.0
     14 14 14  311   2 3s2 3p 3d       -1.45398E-01  4.55895E-01  9.0
     15 14 14  120   2 3s2 3p 4p       -1.37826E-01  4.63467E-01  5.0
     16 14 14  100   2 3s2 3p 4p       -1.23852E-01  4.77441E-01  1.0
     17 14 14  131   1 3s2 3p 3d       -1.16967E-01  4.84326E-01  7.0
     18 14 14  111   2 3s2 3p 3d       -1.15385E-01  4.85908E-01  3.0
     19 14 14  321   2 3s2 3p 3d       -1.09260E-01  4.92033E-01 15.0
     20 14 14  311   3 3s2 3p 5s       -1.04190E-01  4.97103E-01  9.0
     21 14 14  111   3 3s2 3p 5s       -1.00537E-01  5.00756E-01  3.0
     22 14 14  121   2 3s2 3p 4d       -8.63954E-02  5.14898E-01  5.0
     23 14 14  311   4 3s2 3p 4d       -8.55707E-02  5.15722E-01  9.0
     24 14 14  110   2 3s2 3p 5p       -8.22839E-02  5.19009E-01  3.0
     25 14 14  320   2 3s2 3p 5p       -7.97954E-02  5.21498E-01 15.0
     26 14 14  331   2 3s2 3p 4d       -7.74882E-02  5.23805E-01 21.0
     27 14 14  310   3 3s2 3p 5p       -7.64204E-02  5.24873E-01  9.0
     28 14 14  300   2 3s2 3p 5p       -7.62939E-02  5.24999E-01  3.0
     29 14 14  120   3 3s2 3p 5p       -7.28248E-02  5.28468E-01  5.0
     30 14 14  100   3 3s2 3p 5p       -6.76574E-02  5.33636E-01  1.0
     31 14 14  130   1 3s2 3p 4f       -6.42849E-02  5.37008E-01  7.0
     32 14 14  330   1 3s2 3p 4f       -6.42530E-02  5.37040E-01 21.0
     33 14 14  111   4 3s2 3p 4d       -6.42151E-02  5.37078E-01  3.0
     34 14 14  131   2 3s2 3p 4d       -6.40988E-02  5.37194E-01  7.0
     35 14 14  321   3 3s2 3p 4d       -6.29674E-02  5.38326E-01 15.0
     36 14 14  340   1 3s2 3p 4f       -6.28758E-02  5.38417E-01 27.0
     37 14 14  140   1 3s2 3p 4f       -6.27923E-02  5.38501E-01  9.0
     38 14 14  320   3 3s2 3p 4f       -6.22423E-02  5.39051E-01 15.0
     39 14 14  120   4 3s2 3p 4f       -6.22111E-02  5.39082E-01  5.0
     40 14 14  311   5 3s2 3p 6s       -5.91633E-02  5.42130E-01  9.0
     41 14 14  111   5 3s2 3p 6s       -5.75050E-02  5.43788E-01  3.0
     42 14 14  311   6 3s2 3p 5d       -5.46161E-02  5.46677E-01  9.0
     43 14 14  121   3 3s2 3p 5d       -5.16433E-02  5.49650E-01  5.0
     44 14 14  110   3 3s2 3p 6p       -4.93079E-02  5.51985E-01  3.0
     45 14 14  320   4 3s2 3p 6p       -4.82574E-02  5.53036E-01 15.0
     46 14 14  331   3 3s2 3p 5d       -4.74261E-02  5.53867E-01 21.0
     47 14 14  300   3 3s2 3p 6p       -4.67570E-02  5.54536E-01  3.0
     48 14 14  310   4 3s2 3p 6p       -4.66944E-02  5.54599E-01  9.0
     49 14 14  120   5 3s2 3p 6p       -4.50486E-02  5.56244E-01  5.0
     50 14 14  100   4 3s2 3p 6p       -4.26130E-02  5.58680E-01  1.0
     51 14 14  111   6 3s2 3p 5d       -4.10036E-02  5.60289E-01  3.0
     52 14 14  130   2 3s2 3p 5f       -4.09155E-02  5.60378E-01  7.0
     53 14 14  330   2 3s2 3p 5f       -4.08917E-02  5.60401E-01 21.0
     54 14 14  131   3 3s2 3p 5d       -4.07478E-02  5.60545E-01  7.0
     55 14 14  321   4 3s2 3p 5d       -4.04961E-02  5.60797E-01 15.0
     56 14 14  141   1 3s2 3p 5g       -4.03025E-02  5.60991E-01  9.0
     57 14 14  341   1 3s2 3p 5g       -4.03023E-02  5.60991E-01 27.0
     58 14 14  340   2 3s2 3p 5f       -4.02601E-02  5.61033E-01 27.0
     59 14 14  140   2 3s2 3p 5f       -4.01980E-02  5.61095E-01  9.0
     60 14 14  351   1 3s2 3p 5g       -3.99974E-02  5.61296E-01 33.0
     61 14 14  151   1 3s2 3p 5g       -3.99965E-02  5.61297E-01 11.0
     62 14 14  320   5 3s2 3p 5f       -3.99328E-02  5.61360E-01 15.0
     63 14 14  120   6 3s2 3p 5f       -3.99118E-02  5.61381E-01  5.0
     64 14 14  331   4 3s2 3p 5g       -3.99105E-02  5.61383E-01 21.0
     65 14 14  131   4 3s2 3p 5g       -3.99073E-02  5.61386E-01  7.0
     66 14 14  311   7 3s2 3p 7s       -3.81953E-02  5.63098E-01  9.0
     67 14 14  111   7 3s2 3p 7s       -3.73096E-02  5.63983E-01  3.0
     68 14 14  311   8 3s2 3p 6d:      -3.69510E-02  5.64342E-01  9.0
     69 14 14  121   4 3s2 3p 6d       -3.43005E-02  5.66993E-01  5.0
     70 14 14  110   4 3s2 3p 7p       -3.29385E-02  5.68355E-01  3.0
     71 14 14  320   6 3s2 3p 7p       -3.23819E-02  5.68911E-01 15.0
     72 14 14  331   5 3s2 3p 6d       -3.19679E-02  5.69325E-01 21.0
     73 14 14  300   4 3s2 3p 7p       -3.15746E-02  5.69718E-01  3.0
     74 14 14  310   5 3s2 3p 7p       -3.15572E-02  5.69736E-01  9.0
     75 14 14  120   7 3s2 3p 7p       -3.06482E-02  5.70645E-01  5.0
     76 14 14  100   5 3s2 3p 7p       -2.92824E-02  5.72011E-01  1.0
     77 14 14  111   8 3s2 3p 6d       -2.83955E-02  5.72898E-01  3.0
     78 14 14  130   3 3s2 3p 6f       -2.83272E-02  5.72966E-01  7.0
     79 14 14  330   3 3s2 3p 6f       -2.83114E-02  5.72982E-01 21.0
     80 14 14  131   5 3s2 3p 6d       -2.82043E-02  5.73089E-01  7.0
     81 14 14  321   5 3s2 3p 6d       -2.81786E-02  5.73114E-01 15.0
     82 14 14  141   2 3s2 3p 6g       -2.79525E-02  5.73341E-01  9.0
     83 14 14  341   2 3s2 3p 6g       -2.79524E-02  5.73341E-01 27.0
     84 14 14  340   3 3s2 3p 6f       -2.79472E-02  5.73346E-01 27.0
     85 14 14  140   3 3s2 3p 6f       -2.79059E-02  5.73387E-01  9.0
     86 14 14  150   1 3s2 3p 6h       -2.78267E-02  5.73466E-01 11.0
     87 14 14  350   1 3s2 3p 6h       -2.78267E-02  5.73466E-01 33.0
     88 14 14  351   2 3s2 3p 6g       -2.77841E-02  5.73509E-01 33.0
     89 14 14  151   2 3s2 3p 6g       -2.77833E-02  5.73510E-01 11.0
     90 14 14  160   1 3s2 3p 6h       -2.77730E-02  5.73520E-01 13.0
     91 14 14  360   1 3s2 3p 6h       -2.77730E-02  5.73520E-01 39.0
     92 14 14  340   4 3s2 3p 6h       -2.77608E-02  5.73532E-01 27.0
     93 14 14  140   4 3s2 3p 6h       -2.77607E-02  5.73532E-01  9.0
     94 14 14  320   7 3s2 3p 6f       -2.77492E-02  5.73544E-01 15.0
     95 14 14  120   8 3s2 3p 6f       -2.77363E-02  5.73557E-01  5.0
     96 14 14  331   6 3s2 3p 6g       -2.77345E-02  5.73559E-01 21.0
     97 14 14  131   6 3s2 3p 6g       -2.77337E-02  5.73559E-01  7.0
     98 14 14  311   9 3s2 3p 8s       -2.67118E-02  5.74581E-01  9.0
     99 14 14  311  10 3s2 3p 7d:      -2.63669E-02  5.74926E-01  9.0
    100 14 14  111   9 3s2 3p 8s       -2.61773E-02  5.75116E-01  3.0
    101 14 14  121   5 3s2 3p 7d       -2.44347E-02  5.76858E-01  5.0
    102 14 14  110   5 3s2 3p 8p       -2.35670E-02  5.77726E-01  3.0
    103 14 14  320   8 3s2 3p 8p       -2.32368E-02  5.78056E-01 15.0
    104 14 14  331   7 3s2 3p 7d       -2.30015E-02  5.78292E-01 21.0
    105 14 14  300   5 3s2 3p 8p       -2.27532E-02  5.78540E-01  3.0
    106 14 14  310   6 3s2 3p 8p       -2.27468E-02  5.78546E-01  9.0
    107 14 14  120   9 3s2 3p 8p       -2.21937E-02  5.79099E-01  5.0
    108 14 14  100   6 3s2 3p 8p       -2.13523E-02  5.79941E-01  1.0
    109 14 14  111  10 3s2 3p 7d       -2.08125E-02  5.80481E-01  3.0
    110 14 14  130   4 3s2 3p 7f       -2.07597E-02  5.80533E-01  7.0
    111 14 14  330   4 3s2 3p 7f       -2.07490E-02  5.80544E-01 21.0
    112 14 14  321   6 3s2 3p 7d       -2.07052E-02  5.80588E-01 15.0
    113 14 14  131   7 3s2 3p 7d       -2.06771E-02  5.80616E-01  7.0
    114 14 14  340   5 3s2 3p 7f       -2.05219E-02  5.80771E-01 27.0
    115 14 14  141   3 3s2 3p 7g       -2.05193E-02  5.80774E-01  9.0
    116 14 14  341   3 3s2 3p 7g       -2.05192E-02  5.80774E-01 27.0
    117 14 14  140   5 3s2 3p 7f       -2.04937E-02  5.80799E-01  9.0
    118 14 14  350   2 3s2 3p 7h       -2.04507E-02  5.80842E-01 33.0
    119 14 14  150   2 3s2 3p 7h       -2.04507E-02  5.80842E-01 11.0
    120 14 14  351   3 3s2 3p 7g       -2.04215E-02  5.80872E-01 33.0
    121 14 14  151   3 3s2 3p 7g       -2.04211E-02  5.80872E-01 11.0
    122 14 14  161   1 3s2 3p 7i       -2.04128E-02  5.80880E-01 13.0
    123 14 14  361   1 3s2 3p 7i       -2.04128E-02  5.80880E-01 39.0
    124 14 14  360   2 3s2 3p 7h       -2.04047E-02  5.80888E-01 39.0
    125 14 14  160   2 3s2 3p 7h       -2.04047E-02  5.80888E-01 13.0
    126 14 14  351   4 3s2 3p 7i       -2.03995E-02  5.80894E-01 33.0
    127 14 14  151   4 3s2 3p 7i       -2.03993E-02  5.80894E-01 11.0
    128 14 14  320   9 3s2 3p 7f       -2.03948E-02  5.80898E-01 15.0
    129 14 14  340   6 3s2 3p 7h       -2.03943E-02  5.80899E-01 27.0
    130 14 14  140   6 3s2 3p 7h       -2.03942E-02  5.80899E-01  9.0
    131 14 14  120  10 3s2 3p 7f       -2.03864E-02  5.80907E-01  5.0
    132 14 14  331   8 3s2 3p 7g       -2.03833E-02  5.80910E-01 21.0
    133 14 14  131   8 3s2 3p 7g       -2.03828E-02  5.80910E-01  7.0
    134 14 14  311  11 3s2 3p 9s       -1.97486E-02  5.81544E-01  9.0
    135 14 14  311  12 3s2 3p 8d:      -1.96415E-02  5.81652E-01  9.0
    136 14 14  111  11 3s2 3p 9s       -1.93831E-02  5.81910E-01  3.0
    137 14 14  121   6 3s2 3p 8d       -1.82854E-02  5.83008E-01  5.0
    138 14 14  110   6 3s2 3p 9p       -1.76993E-02  5.83594E-01  3.0
    139 14 14  320  10 3s2 3p 9p       -1.74870E-02  5.83806E-01 15.0
    140 14 14  331   9 3s2 3p 8d       -1.73407E-02  5.83952E-01 21.0
    141 14 14  300   6 3s2 3p 9p       -1.71743E-02  5.84119E-01  3.0
    142 14 14  310   7 3s2 3p 9p       -1.71714E-02  5.84122E-01  9.0
    143 14 14  120  11 3s2 3p 9p       -1.68099E-02  5.84483E-01  5.0
    144 14 14  100   7 3s2 3p 9p       -1.62555E-02  5.85038E-01  1.0
    145 14 14  111  12 3s2 3p 8d       -1.59029E-02  5.85390E-01  3.0
    146 14 14  130   5 3s2 3p 8f       -1.58627E-02  5.85430E-01  7.0
    147 14 14  330   5 3s2 3p 8f       -1.58552E-02  5.85438E-01 21.0
    148 14 14  321   7 3s2 3p 8d       -1.58430E-02  5.85450E-01 15.0
    149 14 14  131   9 3s2 3p 8d       -1.58057E-02  5.85487E-01  7.0
    150 14 14  340   7 3s2 3p 8f       -1.57042E-02  5.85589E-01 27.0
    151 14 14  341   4 3s2 3p 8g       -1.57006E-02  5.85592E-01 27.0
    152 14 14  141   4 3s2 3p 8g       -1.57006E-02  5.85592E-01  9.0
    153 14 14  140   7 3s2 3p 8f       -1.56844E-02  5.85609E-01  9.0
    154 14 14  350   3 3s2 3p 8h       -1.56568E-02  5.85636E-01 33.0
    155 14 14  150   3 3s2 3p 8h       -1.56568E-02  5.85636E-01 11.0
    156 14 14  351   5 3s2 3p 8g       -1.56351E-02  5.85658E-01 33.0
    157 14 14  151   5 3s2 3p 8g       -1.56348E-02  5.85658E-01 11.0
    158 14 14  161   2 3s2 3p 8i       -1.56309E-02  5.85662E-01 13.0
    159 14 14  361   2 3s2 3p 8i       -1.56309E-02  5.85662E-01 39.0
    160 14 14  360   3 3s2 3p 8k       -1.56267E-02  5.85666E-01 39.0
    161 14 14  160   3 3s2 3p 8k       -1.56267E-02  5.85666E-01 13.0
    162 14 14  360   4 3s2 3p 8h       -1.56210E-02  5.85672E-01 39.0
    163 14 14  160   4 3s2 3p 8h       -1.56210E-02  5.85672E-01 13.0
    164 14 14  320  11 3s2 3p 8f       -1.56182E-02  5.85675E-01 15.0
    165 14 14  351   6 3s2 3p 8i       -1.56179E-02  5.85675E-01 33.0
    166 14 14  151   6 3s2 3p 8i       -1.56178E-02  5.85675E-01 11.0
    167 14 14  340   8 3s2 3p 8h       -1.56151E-02  5.85678E-01 27.0
    168 14 14  140   8 3s2 3p 8h       -1.56150E-02  5.85678E-01  9.0
    169 14 14  120  12 3s2 3p 8f       -1.56125E-02  5.85681E-01  5.0
    170 14 14  331  10 3s2 3p 8g       -1.56090E-02  5.85684E-01 21.0
    171 14 14  131  10 3s2 3p 8g       -1.56087E-02  5.85684E-01  7.0
    172 14 14  311  13 3s2 3p10s       -1.52184E-02  5.86075E-01  9.0
    173 14 14  311  14 3s2 3p 9d:      -1.51352E-02  5.86158E-01  9.0
    174 14 14  111  13 3s2 3p10s       -1.49304E-02  5.86363E-01  3.0
    175 14 14  121   7 3s2 3p 9d       -1.41945E-02  5.87099E-01  5.0
    176 14 14  110   7 3s2 3p10p       -1.37813E-02  5.87512E-01  3.0
    177 14 14  320  12 3s2 3p10p       -1.36365E-02  5.87656E-01 15.0
    178 14 14  331  11 3s2 3p 9d       -1.35392E-02  5.87754E-01 21.0
    179 14 14  300   7 3s2 3p10p       -1.34225E-02  5.87871E-01  3.0
    180 14 14  310   8 3s2 3p10p       -1.34210E-02  5.87872E-01  9.0
    181 14 14  120  13 3s2 3p10p       -1.31718E-02  5.88121E-01  5.0
    182 14 14  100   8 3s2 3p10p       -1.27873E-02  5.88506E-01  1.0
    183 14 14  111  14 3s2 3p 9d       -1.25443E-02  5.88749E-01  3.0
    184 14 14  130   6 3s2 3p 9f       -1.25137E-02  5.88779E-01  7.0
    185 14 14  330   6 3s2 3p 9f       -1.25082E-02  5.88785E-01 21.0
    186 14 14  321   8 3s2 3p 9d       -1.25078E-02  5.88785E-01 15.0
    187 14 14  131  11 3s2 3p 9d       -1.24729E-02  5.88820E-01  7.0
    188 14 14  340   9 3s2 3p 9f       -1.24028E-02  5.88890E-01 27.0
    189 14 14  141   5 3s2 3p 9g       -1.23996E-02  5.88893E-01  9.0
    190 14 14  341   5 3s2 3p 9g       -1.23995E-02  5.88894E-01 27.0
    191 14 14  140   9 3s2 3p 9f       -1.23884E-02  5.88905E-01  9.0
    192 14 14  350   4 3s2 3p 9h       -1.23691E-02  5.88924E-01 33.0
    193 14 14  150   4 3s2 3p 9h       -1.23691E-02  5.88924E-01 11.0
    194 14 14  351   7 3s2 3p 9g       -1.23530E-02  5.88940E-01 33.0
    195 14 14  151   7 3s2 3p 9g       -1.23528E-02  5.88940E-01 11.0
    196 14 14  361   3 3s2 3p 9i       -1.23512E-02  5.88942E-01 39.0
    197 14 14  161   3 3s2 3p 9i       -1.23512E-02  5.88942E-01 13.0
    198 14 14  360   5 3s2 3p 9h:      -1.23478E-02  5.88945E-01 39.0
    199 14 14  160   5 3s2 3p 9h:      -1.23477E-02  5.88945E-01 13.0
    200 14 14  360   6 3s2 3p 9k       -1.23420E-02  5.88951E-01 39.0
    201 14 14  160   6 3s2 3p 9k       -1.23420E-02  5.88951E-01 13.0
    202 14 14  320  13 3s2 3p 9f       -1.23420E-02  5.88951E-01 15.0
    203 14 14  351   8 3s2 3p 9i       -1.23404E-02  5.88953E-01 33.0
    204 14 14  151   8 3s2 3p 9i       -1.23403E-02  5.88953E-01 11.0
    205 14 14  340  10 3s2 3p 9h       -1.23386E-02  5.88954E-01 27.0
    206 14 14  140  10 3s2 3p 9h       -1.23386E-02  5.88954E-01  9.0
    207 14 14  120  14 3s2 3p 9f       -1.23379E-02  5.88955E-01  5.0
    208 14 14  331  12 3s2 3p 9g       -1.23347E-02  5.88958E-01 21.0
    209 14 14  131  12 3s2 3p 9g       -1.23344E-02  5.88959E-01  7.0
    210 14 14  311  15 3s2 3p11s       -1.20865E-02  5.89207E-01  9.0
    211 14 14  311  16 3s2 3p10d:      -1.20037E-02  5.89289E-01  9.0
    212 14 14  111  15 3s2 3p11s       -1.18539E-02  5.89439E-01  3.0
    213 14 14  121   8 3s2 3p10d       -1.13365E-02  5.89957E-01  5.0
    214 14 14  110   8 3s2 3p11p       -1.10349E-02  5.90258E-01  3.0
    215 14 14  320  14 3s2 3p11p       -1.09316E-02  5.90361E-01 15.0
    216 14 14  331  13 3s2 3p10d       -1.08636E-02  5.90429E-01 21.0
    217 14 14  300   8 3s2 3p11p       -1.07786E-02  5.90514E-01  3.0
    218 14 14  310   9 3s2 3p11p       -1.07778E-02  5.90515E-01  9.0
    219 14 14  120  15 3s2 3p11p       -1.05987E-02  5.90694E-01  5.0
    220 14 14  100   9 3s2 3p11p       -1.03212E-02  5.90972E-01  1.0
    221 14 14  111  16 3s2 3p10d       -1.01466E-02  5.91146E-01  3.0
    222 14 14  130   7 3s2 3p10f       -1.01230E-02  5.91170E-01  7.0
    223 14 14  321   9 3s2 3p10d       -1.01228E-02  5.91170E-01 15.0
    224 14 14  330   7 3s2 3p10f       -1.01189E-02  5.91174E-01 21.0
    225 14 14  131  13 3s2 3p10d       -1.00930E-02  5.91200E-01  7.0
    226 14 14  340  11 3s2 3p10f       -1.00424E-02  5.91251E-01 27.0
    227 14 14  341   6 3s2 3p10g       -1.00397E-02  5.91253E-01 27.0
    228 14 14  141   6 3s2 3p10g       -1.00397E-02  5.91253E-01  9.0
    229 14 14  140  11 3s2 3p10f       -1.00316E-02  5.91261E-01  9.0
    230 14 14  350   5 3s2 3p10h       -1.00175E-02  5.91276E-01 33.0
    231 14 14  150   5 3s2 3p10h       -1.00175E-02  5.91276E-01 11.0
    232 14 14  351   9 3s2 3p10g       -1.00054E-02  5.91288E-01 33.0
    233 14 14  151   9 3s2 3p10g       -1.00052E-02  5.91288E-01 11.0
    234 14 14  361   4 3s2 3p10i       -1.00048E-02  5.91288E-01 39.0
    235 14 14  161   4 3s2 3p10i       -1.00048E-02  5.91288E-01 13.0
    236 14 14  360   7 3s2 3p10h       -1.00019E-02  5.91291E-01 39.0
    237 14 14  160   7 3s2 3p10h       -1.00019E-02  5.91291E-01 13.0
    238 14 14  301   1 3s 3p3           1.21599E-01  7.22892E-01  3.0
    239 14 14  510   1 3s 3p2(4PE) 4s   1.27712E-01  7.29005E-01 15.0
    240 14 14  530   1 3s 3p2(4PE) 3d   2.02783E-01  8.04076E-01 35.0
    241 14 14  521   1 3s 3p2(4PE) 4p   2.07319E-01  8.08612E-01 25.0
    242 14 14  511   1 3s 3p2(4PE) 4p   2.17288E-01  8.18581E-01 15.0
    243 14 14  501   2 3s 3p2(4PE) 4p   2.22951E-01  8.24244E-01  5.0
    244 14 14  520   1 3s 3p2(4PE) 3d   2.24750E-01  8.26043E-01 25.0
    245 14 14  301   2 3s 3p2(4PE) 4p   2.34416E-01  8.35709E-01  3.0
    246 14 14  510   2 3s 3p2(4PE) 3d   2.39744E-01  8.41037E-01 15.0
    247 14 14  510   3 3s 3p2(4PE) 5s   2.64316E-01  8.65609E-01 15.0
    248 14 14  530   2 3s 3p2(4PE) 4d   2.87075E-01  8.88368E-01 35.0
    249 14 14  521   2 3s 3p2(4PE) 5p   2.88344E-01  8.89637E-01 25.0
    250 14 14  511   2 3s 3p2(4PE) 5p   2.91433E-01  8.92726E-01 15.0
    251 14 14  520   2 3s 3p2(4PE) 4d   2.92073E-01  8.93366E-01 25.0
    252 14 14  501   3 3s 3p2(4PE) 5p   2.92820E-01  8.94113E-01  5.0
    253 14 14  301   3 3s 3p2(4PE) 5p   2.93108E-01  8.94401E-01  3.0
    254 14 14  510   4 3s 3p2(4PE) 4d   2.98965E-01  9.00258E-01 15.0
    255 14 14  521   3 3s 3p2(4PE) 4f   3.05606E-01  9.06899E-01 25.0
    256 14 14  541   1 3s 3p2(4PE) 4f   3.06006E-01  9.07299E-01 45.0
    257 14 14  531   1 3s 3p2(4PE) 4f   3.07567E-01  9.08860E-01 35.0
    258 14 14  510   5 3s 3p2(4PE) 6s   3.09775E-01  9.11068E-01 15.0
    259 14 14  530   3 3s 3p2(4PE) 5d   3.19808E-01  9.21101E-01 35.0
    260 14 14  521   4 3s 3p2(4PE) 6p   3.20447E-01  9.21740E-01 25.0
    261 14 14  511   3 3s 3p2(4PE) 6p   3.21763E-01  9.23056E-01 15.0
    262 14 14  520   3 3s 3p2(4PE) 5d   3.21798E-01  9.23091E-01 25.0
    263 14 14  301   4 3s 3p2(4PE) 6p   3.22080E-01  9.23373E-01  3.0
    264 14 14  501   4 3s 3p2(4PE) 6p   3.22616E-01  9.23909E-01  5.0
    265 14 14  510   6 3s 3p2(4PE) 5d   3.25237E-01  9.26530E-01 15.0
    266 14 14  521   5 3s 3p2(4PE) 5f   3.28638E-01  9.29931E-01 25.0
    267 14 14  541   2 3s 3p2(4PE) 5f   3.28802E-01  9.30095E-01 45.0
    268 14 14  530   4 3s 3p2(4PE) 5g   3.29026E-01  9.30319E-01 35.0
    269 14 14  550   1 3s 3p2(4PE) 5g   3.29099E-01  9.30392E-01 55.0
    270 14 14  540   1 3s 3p2(4PE) 5g   3.29427E-01  9.30720E-01 45.0
    271 14 14  531   2 3s 3p2(4PE) 5f   3.29555E-01  9.30848E-01 35.0
    272 14 14  510   7 3s 3p2(4PE) 7s   3.30890E-01  9.32183E-01 15.0
    273 14 14  530   5 3s 3p2(4PE) 6d   3.36207E-01  9.37500E-01 35.0
    274 14 14  521   6 3s 3p2(4PE) 7p   3.36549E-01  9.37842E-01 25.0
    275 14 14  520   4 3s 3p2(4PE) 6d   3.37228E-01  9.38521E-01 25.0
    276 14 14  511   4 3s 3p2(4PE) 7p   3.37249E-01  9.38542E-01 15.0
    277 14 14  301   5 3s 3p2(4PE) 7p   3.37275E-01  9.38568E-01  3.0
    278 14 14  501   5 3s 3p2(4PE) 7p   3.37721E-01  9.39014E-01  5.0
    279 14 14  510   8 3s 3p2(4PE) 6d   3.39114E-01  9.40407E-01 15.0
    280 14 14  521   7 3s 3p2(4PE) 6f   3.41079E-01  9.42372E-01 25.0
    281 14 14  541   3 3s 3p2(4PE) 6f   3.41172E-01  9.42465E-01 45.0
    282 14 14  530   6 3s 3p2(4PE) 6g   3.41323E-01  9.42616E-01 35.0
    283 14 14  550   2 3s 3p2(4PE) 6g   3.41361E-01  9.42654E-01 55.0
    284 14 14  541   4 3s 3p2(4PE) 6h   3.41388E-01  9.42681E-01 45.0
    285 14 14  551   1 3s 3p2(4PE) 6h   3.41456E-01  9.42749E-01 55.0
    286 14 14  540   2 3s 3p2(4PE) 6g   3.41546E-01  9.42839E-01 45.0
    287 14 14  531   3 3s 3p2(4PE) 6f   3.41618E-01  9.42911E-01 35.0
    288 14 14  510   9 3s 3p2(4PE) 8s   3.42432E-01  9.43725E-01 15.0
    289 14 14  530   7 3s 3p2(4PE) 7d   3.45589E-01  9.46882E-01 35.0
    290 14 14  521   8 3s 3p2(4PE) 8p   3.45799E-01  9.47092E-01 25.0
    291 14 14  520   5 3s 3p2(4PE) 7d   3.46187E-01  9.47480E-01 25.0
    292 14 14  301   6 3s 3p2(4PE) 8p   3.46190E-01  9.47483E-01  3.0
    293 14 14  511   5 3s 3p2(4PE) 8p   3.46216E-01  9.47509E-01 15.0
    294 14 14  501   6 3s 3p2(4PE) 8p   3.46506E-01  9.47799E-01  5.0
    295 14 14  510  10 3s 3p2(4PE) 7d   3.47335E-01  9.48628E-01 15.0
    296 14 14  521   9 3s 3p2(4PE) 7f   3.48569E-01  9.49862E-01 25.0
    297 14 14  541   5 3s 3p2(4PE) 7f   3.48626E-01  9.49919E-01 45.0
    298 14 14  530   8 3s 3p2(4PE) 7g   3.48727E-01  9.50020E-01 35.0
    299 14 14  550   3 3s 3p2(4PE) 7g   3.48747E-01  9.50040E-01 55.0
    300 14 14  541   6 3s 3p2(4PE) 7h   3.48761E-01  9.50054E-01 45.0
    301 14 14  550   4 3s 3p2(4PE) 7i   3.48785E-01  9.50078E-01 55.0
    302 14 14  551   2 3s 3p2(4PE) 7h   3.48820E-01  9.50113E-01 55.0
    303 14 14  540   3 3s 3p2(4PE) 7g   3.48866E-01  9.50159E-01 45.0
    304 14 14  531   4 3s 3p2(4PE) 7f   3.48909E-01  9.50202E-01 35.0
    305 14 14  510  11 3s 3p2(4PE) 9s   3.49437E-01  9.50730E-01 15.0
    306 14 14  530   9 3s 3p2(4PE) 8d   3.51465E-01  9.52758E-01 35.0
    307 14 14  521  10 3s 3p2(4PE) 9p   3.51604E-01  9.52897E-01 25.0
    308 14 14  301   7 3s 3p2(4PE) 9p   3.51840E-01  9.53133E-01  3.0
    309 14 14  520   6 3s 3p2(4PE) 8d   3.51847E-01  9.53140E-01 25.0
    310 14 14  511   6 3s 3p2(4PE) 9p   3.51873E-01  9.53166E-01 15.0
    311 14 14  501   7 3s 3p2(4PE) 9p   3.52065E-01  9.53358E-01  5.0
    312 14 14  510  12 3s 3p2(4PE) 8d   3.52597E-01  9.53890E-01 15.0
    313 14 14  521  11 3s 3p2(4PE) 8f   3.53421E-01  9.54714E-01 25.0
    314 14 14  541   7 3s 3p2(4PE) 8f   3.53459E-01  9.54752E-01 45.0
    315 14 14  530  10 3s 3p2(4PE) 8g   3.53529E-01  9.54822E-01 35.0
    316 14 14  550   5 3s 3p2(4PE) 8g   3.53541E-01  9.54834E-01 55.0
    317 14 14  541   8 3s 3p2(4PE) 8h   3.53550E-01  9.54843E-01 45.0
    318 14 14  550   6 3s 3p2(4PE) 8i   3.53567E-01  9.54860E-01 55.0
    319 14 14  551   3 3s 3p2(4PE) 8h   3.53594E-01  9.54887E-01 55.0
    320 14 14  540   4 3s 3p2(4PE) 8g   3.53622E-01  9.54915E-01 45.0
    321 14 14  531   5 3s 3p2(4PE) 8f   3.53649E-01  9.54942E-01 35.0
    322 14 14  510  13 3s 3p2(4PE)10s   3.54011E-01  9.55304E-01 15.0
    323 14 14  530  11 3s 3p2(4PE) 9d   3.55389E-01  9.56682E-01 35.0
    324 14 14  521  12 3s 3p2(4PE)10p   3.55486E-01  9.56779E-01 25.0
    325 14 14  301   8 3s 3p2(4PE)10p   3.55641E-01  9.56934E-01  3.0
    326 14 14  520   7 3s 3p2(4PE) 9d   3.55649E-01  9.56942E-01 25.0
    327 14 14  511   7 3s 3p2(4PE)10p   3.55670E-01  9.56963E-01 15.0
    328 14 14  501   8 3s 3p2(4PE)10p   3.55804E-01  9.57097E-01  5.0
    329 14 14  510  14 3s 3p2(4PE) 9d   3.56166E-01  9.57459E-01 15.0
    330 14 14  521  13 3s 3p2(4PE) 9f   3.56743E-01  9.58036E-01 25.0
    331 14 14  541   9 3s 3p2(4PE) 9f   3.56769E-01  9.58062E-01 45.0
    332 14 14  530  12 3s 3p2(4PE) 9g   3.56819E-01  9.58112E-01 35.0
    333 14 14  550   7 3s 3p2(4PE) 9g   3.56828E-01  9.58121E-01 55.0
    334 14 14  541  10 3s 3p2(4PE) 9h   3.56834E-01  9.58127E-01 45.0
    335 14 14  550   8 3s 3p2(4PE) 9i   3.56846E-01  9.58139E-01 55.0
    336 14 14  551   4 3s 3p2(4PE) 9h   3.56866E-01  9.58159E-01 55.0
    337 14 14  540   5 3s 3p2(4PE) 9g   3.56885E-01  9.58178E-01 45.0
    338 14 14  531   6 3s 3p2(4PE) 9f   3.56903E-01  9.58196E-01 35.0
    339 14 14  510  15 3s 3p2(4PE)11s   3.57161E-01  9.58454E-01 15.0
    340 14 14  530  13 3s 3p2(4PE)10d   3.58140E-01  9.59433E-01 35.0
    341 14 14  521  14 3s 3p2(4PE)11p   3.58211E-01  9.59504E-01 25.0
    342 14 14  301   9 3s 3p2(4PE)11p   3.58318E-01  9.59611E-01  3.0
    343 14 14  520   8 3s 3p2(4PE)10d   3.58325E-01  9.59618E-01 25.0
    344 14 14  511   8 3s 3p2(4PE)11p   3.58342E-01  9.59635E-01 15.0
    345 14 14  501   9 3s 3p2(4PE)11p   3.58439E-01  9.59732E-01  5.0
    346 14 14  510  16 3s 3p2(4PE)10d   3.58697E-01  9.59990E-01 15.0
    347 14 14  521  15 3s 3p2(4PE)10f   3.59117E-01  9.60410E-01 25.0
    348 14 14  541  11 3s 3p2(4PE)10f   3.59135E-01  9.60428E-01 45.0
    349 14 14  530  14 3s 3p2(4PE)10g   3.59172E-01  9.60465E-01 35.0
    350 14 14  541  12 3s 3p2(4PE)10h   3.59183E-01  9.60476E-01 45.0
    351 14 14  101   1 3s 3p2(2PE) 4p   5.88418E-01  1.18971E+00  1.0
    352 14 14  101   2 3s 3p2(2PE) 5p   6.89783E-01  1.29108E+00  1.0
    353 14 14  101   3 3s 3p2(2PE) 6p   7.25466E-01  1.32676E+00  1.0
    354 14 14  101   4 3s 3p2(2PE) 7p   7.42737E-01  1.34403E+00  1.0
    355 14 14  101   5 3s 3p2(2PE) 8p   7.52496E-01  1.35379E+00  1.0
    356 14 14  101   6 3s 3p2(2PE) 9p   7.58560E-01  1.35985E+00  1.0
    357 14 14  101   7 3s 3p2(2PE)10p   7.62589E-01  1.36388E+00  1.0
    358 14 14  101   8 3s 3p2(2PE)11p   7.65404E-01  1.36670E+00  1.0
 ====================================================================
