 ====================================================================
      i NZ NE iSLP iLV iCONF                 E(RYD)      TE(RYD)   gi
 ====================================================================
      1 14 13  211   1 3s2 3p          -1.19643E+00  0.00000E+00  6.0
      2 14 13  410   1 3s 3p2          -8.24251E-01  3.72179E-01 12.0
      3 14 13  220   1 3s 3p2          -7.04104E-01  4.92326E-01 10.0
      4 14 13  200   1 3s2 4s          -6.03351E-01  5.93079E-01  2.0
      5 14 13  200   2 3s 3p2          -4.86001E-01  7.10429E-01  2.0
      6 14 13  220   2 3s2 3d          -4.75414E-01  7.21016E-01 10.0
      7 14 13  211   2 3s2 4p          -4.61714E-01  7.34716E-01  6.0
      8 14 13  210   1 3s 3p2          -4.23480E-01  7.72950E-01  6.0
      9 14 13  200   3 3s2 5s          -3.06062E-01  8.90368E-01  2.0
     10 14 13  220   3 3s2 4d          -2.78566E-01  9.17864E-01 10.0
     11 14 13  231   1 3s2 4f          -2.57690E-01  9.38740E-01 14.0
     12 14 13  211   3 3s2 5p          -2.53325E-01  9.43105E-01  6.0
     13 14 13  221   1 3s3p(3PO) 3d    -2.26606E-01  9.69824E-01 10.0
     14 14 13  200   4 3s2 6s          -1.86818E-01  1.00961E+00  2.0
     15 14 13  220   4 3s2 5d          -1.76051E-01  1.02038E+00 10.0
     16 14 13  431   1 3s3p(3PO) 3d    -1.72637E-01  1.02379E+00 28.0
     17 14 13  231   2 3s2 5f          -1.64645E-01  1.03179E+00 14.0
     18 14 13  211   4 3s2 6p          -1.61912E-01  1.03452E+00  6.0
     19 14 13  240   1 3s2 5g          -1.60913E-01  1.03552E+00 18.0
     20 14 13  411   1 3s3p(3PO) 4s    -1.49883E-01  1.04655E+00 12.0
     21 14 13  200   5 3s2 7s          -1.26136E-01  1.07029E+00  2.0
     22 14 13  220   5 3s2 6d          -1.20754E-01  1.07568E+00 10.0
     23 14 13  211   5 3s2 7p          -1.15912E-01  1.08052E+00  6.0
     24 14 13  231   3 3s2 6f          -1.14069E-01  1.08236E+00 14.0
     25 14 13  240   2 3s2 6g          -1.11688E-01  1.08474E+00 18.0
     26 14 13  251   1 3s2 6h          -1.11186E-01  1.08524E+00 22.0
     27 14 13  211   6 3s3p(3PO) 4s    -1.00257E-01  1.09617E+00  6.0
     28 14 13  200   6 3s2 8s          -9.08876E-02  1.10554E+00  2.0
     29 14 13  220   6 3s2 7d          -8.78185E-02  1.10861E+00 10.0
     30 14 13  401   1 3p3             -8.50258E-02  1.11140E+00  4.0
     31 14 13  231   4 3s2 7f          -8.36185E-02  1.11281E+00 14.0
     32 14 13  240   3 3s2 7g          -8.20248E-02  1.11441E+00 18.0
     33 14 13  251   2 3s2 7h          -8.16951E-02  1.11473E+00 22.0
     34 14 13  211   7 3s2 8p          -8.01111E-02  1.11632E+00  6.0
     35 14 13  421   1 3s3p(3PO) 3d    -7.78098E-02  1.11862E+00 20.0
     36 14 13  411   2 3s3p(3PO) 3d    -7.44929E-02  1.12194E+00 12.0
     37 14 13  200   7 3s2 9s          -6.86029E-02  1.12783E+00  2.0
     38 14 13  220   7 3s2 8d          -6.66947E-02  1.12974E+00 10.0
     39 14 13  231   5 3s2 8f          -6.38918E-02  1.13254E+00 14.0
     40 14 13  240   4 3s2 8g          -6.27763E-02  1.13365E+00 18.0
     41 14 13  251   3 3s2 8h          -6.25466E-02  1.13388E+00 22.0
     42 14 13  211   8 3s2 9p          -6.21082E-02  1.13432E+00  6.0
     43 14 13  200   8 3s210s          -5.36191E-02  1.14281E+00  2.0
     44 14 13  220   8 3s2 9d          -5.23562E-02  1.14407E+00 10.0
     45 14 13  211   9 3s3p(3PO) 3d    -5.10662E-02  1.14536E+00  6.0
     46 14 13  231   6 3s2 9f          -5.03928E-02  1.14604E+00 14.0
     47 14 13  240   5 3s2 9g          -4.95834E-02  1.14685E+00 18.0
     48 14 13  251   4 3s2 9h          -4.94174E-02  1.14701E+00 22.0
     49 14 13  211  10 3s210p          -4.77122E-02  1.14872E+00  6.0
     50 14 13  200   9 3s211s          -4.30608E-02  1.15337E+00  2.0
     51 14 13  220   9 3s210d          -4.21840E-02  1.15425E+00 10.0
     52 14 13  231   7 3s210f          -4.07543E-02  1.15568E+00 14.0
     53 14 13  240   6 3s210g          -4.01497E-02  1.15628E+00 18.0
     54 14 13  251   5 3s210h          -4.00262E-02  1.15640E+00 22.0
     55 14 13  420   1 3s3p(3PO) 4p    -1.50087E-02  1.18142E+00 20.0
     56 14 13  210   2 3s3p(3PO) 4p    -5.42637E-03  1.19100E+00  6.0
     57 14 13  410   2 3s3p(3PO) 4p     5.71163E-03  1.20214E+00 12.0
     58 14 13  400   1 3s3p(3PO) 4p     1.33569E-02  1.20979E+00  4.0
     59 14 13  221   2 3p3              3.17187E-02  1.22815E+00 10.0
     60 14 13  221   3 3s3p(3PO) 4d     1.69791E-01  1.36622E+00 10.0
     61 14 13  411   3 3s3p(3PO) 5s     1.72711E-01  1.36914E+00 12.0
     62 14 13  431   2 3s3p(3PO) 4d     1.78452E-01  1.37488E+00 28.0
     63 14 13  421   2 3s3p(3PO) 4d     1.90318E-01  1.38675E+00 20.0
     64 14 13  411   4 3s3p(3PO) 4d     1.96414E-01  1.39284E+00 12.0
     65 14 13  230   1 3s3p(3PO) 4f     2.15990E-01  1.41242E+00 14.0
     66 14 13  430   1 3s3p(3PO) 4f     2.16838E-01  1.41327E+00 28.0
     67 14 13  210   3 3s3p(3PO) 5p     2.22078E-01  1.41851E+00  6.0
     68 14 13  420   2 3s3p(3PO) 5p     2.23621E-01  1.42005E+00 20.0
     69 14 13  440   1 3s3p(3PO) 4f     2.27913E-01  1.42434E+00 36.0
     70 14 13  410   3 3s3p(3PO) 5p     2.29664E-01  1.42609E+00 12.0
     71 14 13  420   3 3s3p(3PO) 4f     2.33346E-01  1.42978E+00 20.0
     72 14 13  400   2 3s3p(3PO) 5p     2.33769E-01  1.43020E+00  4.0
     73 14 13  221   4 3s3p(1PO) 3d     2.65541E-01  1.46197E+00 10.0
     74 14 13  411   5 3s3p(3PO) 6s     2.94412E-01  1.49084E+00 12.0
     75 14 13  431   3 3s3p(3PO) 5d     2.97631E-01  1.49406E+00 28.0
     76 14 13  210   4 3s3p(1PO) 4p     2.98751E-01  1.49518E+00  6.0
     77 14 13  421   3 3s3p(3PO) 5d     3.01589E-01  1.49802E+00 20.0
     78 14 13  411   6 3s3p(3PO) 5d     3.04795E-01  1.50122E+00 12.0
     79 14 13  230   2 3s3p(3PO) 5f     3.12990E-01  1.50942E+00 14.0
     80 14 13  430   2 3s3p(3PO) 5f     3.13781E-01  1.51021E+00 28.0
     81 14 13  420   4 3s3p(3PO) 6p     3.18695E-01  1.51513E+00 20.0
     82 14 13  440   2 3s3p(3PO) 5f     3.19726E-01  1.51616E+00 36.0
     83 14 13  241   1 3s3p(3PO) 5g     3.20094E-01  1.51652E+00 18.0
     84 14 13  441   1 3s3p(3PO) 5g     3.20095E-01  1.51653E+00 36.0
     85 14 13  221   5 3s3p(3PO) 5d     3.20535E-01  1.51696E+00 10.0
     86 14 13  210   5 3s3p(3PO) 6p     3.20621E-01  1.51705E+00  6.0
     87 14 13  410   4 3s3p(3PO) 6p     3.22633E-01  1.51906E+00 12.0
     88 14 13  451   1 3s3p(3PO) 5g     3.22728E-01  1.51916E+00 44.0
     89 14 13  420   5 3s3p(3PO) 5f     3.22978E-01  1.51941E+00 20.0
     90 14 13  431   4 3s3p(3PO) 5g     3.23449E-01  1.51988E+00 28.0
     91 14 13  400   3 3s3p(3PO) 6p     3.24136E-01  1.52057E+00  4.0
     92 14 13  411   7 3s3p(3PO) 7s     3.55892E-01  1.55232E+00 12.0
     93 14 13  431   5 3s3p(3PO) 6d     3.57756E-01  1.55419E+00 28.0
     94 14 13  421   4 3s3p(3PO) 6d     3.59581E-01  1.55601E+00 20.0
     95 14 13  411   8 3s3p(3PO) 6d     3.61402E-01  1.55783E+00 12.0
     96 14 13  221   6 3s3p(3PO) 6d     3.64553E-01  1.56098E+00 10.0
     97 14 13  230   3 3s3p(3PO) 6f     3.65106E-01  1.56154E+00 14.0
     98 14 13  430   3 3s3p(3PO) 6f     3.66006E-01  1.56244E+00 28.0
     99 14 13  420   6 3s3p(3PO) 7p     3.69243E-01  1.56567E+00 20.0
    100 14 13  210   6 3s3p(3PO) 7p     3.69635E-01  1.56606E+00  6.0
    101 14 13  440   3 3s3p(3PO) 6f     3.69740E-01  1.56617E+00 36.0
    102 14 13  241   2 3s3p(3PO) 6g     3.70229E-01  1.56666E+00 18.0
    103 14 13  441   2 3s3p(3PO) 6g     3.70230E-01  1.56666E+00 36.0
    104 14 13  451   2 3s3p(3PO) 6g     3.71581E-01  1.56801E+00 44.0
    105 14 13  420   7 3s3p(3PO) 6f     3.71763E-01  1.56819E+00 20.0
    106 14 13  410   5 3s3p(3PO) 7p     3.71797E-01  1.56823E+00 12.0
    107 14 13  431   6 3s3p(3PO) 6g     3.71965E-01  1.56839E+00 28.0
    108 14 13  440   4 3s3p(3PO) 6h     3.71971E-01  1.56840E+00 36.0
    109 14 13  400   4 3s3p(3PO) 7p     3.72710E-01  1.56914E+00  4.0
    110 14 13  411   9 3s3p(3PO) 8s     3.91477E-01  1.58791E+00 12.0
    111 14 13  431   7 3s3p(3PO) 7d     3.92646E-01  1.58908E+00 28.0
    112 14 13  421   5 3s3p(3PO) 7d     3.93612E-01  1.59004E+00 20.0
    113 14 13  411  10 3s3p(3PO) 7d     3.94770E-01  1.59120E+00 12.0
    114 14 13  221   7 3s3p(3PO) 7d     3.95204E-01  1.59163E+00 10.0
    115 14 13  230   4 3s3p(3PO) 7f     3.95934E-01  1.59236E+00 14.0
    116 14 13  430   4 3s3p(3PO) 7f     3.97255E-01  1.59368E+00 28.0
    117 14 13  420   8 3s3p(3PO) 8p     3.99556E-01  1.59599E+00 20.0
    118 14 13  210   7 3s3p(3PO) 8p     3.99796E-01  1.59623E+00  6.0
    119 14 13  440   5 3s3p(3PO) 7f     3.99900E-01  1.59633E+00 36.0
    120 14 13  241   3 3s3p(3PO) 7g     4.00224E-01  1.59665E+00 18.0
    121 14 13  441   3 3s3p(3PO) 7g     4.00225E-01  1.59666E+00 36.0
    122 14 13  451   3 3s3p(3PO) 7g     4.01094E-01  1.59752E+00 44.0
    123 14 13  420   9 3s3p(3PO) 7f     4.01224E-01  1.59765E+00 20.0
    124 14 13  410   6 3s3p(3PO) 8p     4.01315E-01  1.59774E+00 12.0
    125 14 13  431   8 3s3p(3PO) 7g     4.01342E-01  1.59777E+00 28.0
    126 14 13  440   6 3s3p(3PO) 7h     4.01364E-01  1.59779E+00 36.0
    127 14 13  400   5 3s3p(3PO) 8p     4.01895E-01  1.59833E+00  4.0
    128 14 13  411  11 3s3p(3PO) 9s     4.13932E-01  1.61036E+00 12.0
    129 14 13  431   9 3s3p(3PO) 8d     4.14709E-01  1.61114E+00 28.0
    130 14 13  230   5 3s3p(3PO) 8f     4.15175E-01  1.61160E+00 14.0
    131 14 13  421   6 3s3p(3PO) 8d     4.15274E-01  1.61170E+00 20.0
    132 14 13  221   8 3s3p(3PO) 8d     4.15756E-01  1.61219E+00 10.0
    133 14 13  411  12 3s3p(3PO) 8d     4.16063E-01  1.61249E+00 12.0
    134 14 13  430   5 3s3p(3PO) 8f     4.17459E-01  1.61389E+00 28.0
    135 14 13  420  10 3s3p(3PO) 8f     4.19183E-01  1.61561E+00 20.0
    136 14 13  210   8 3s3p(3PO) 9p     4.19358E-01  1.61579E+00  6.0
    137 14 13  440   7 3s3p(3PO) 8f     4.19439E-01  1.61587E+00 36.0
    138 14 13  441   4 3s3p(3PO) 8g     4.19661E-01  1.61609E+00 36.0
    139 14 13  241   4 3s3p(3PO) 8g     4.19661E-01  1.61609E+00 18.0
    140 14 13  451   4 3s3p(3PO) 8g     4.20256E-01  1.61669E+00 44.0
    141 14 13  420  11 3s3p(3PO) 9p     4.20350E-01  1.61678E+00 20.0
    142 14 13  431  10 3s3p(3PO) 8g     4.20425E-01  1.61685E+00 28.0
    143 14 13  410   7 3s3p(3PO) 9p     4.20440E-01  1.61687E+00 12.0
    144 14 13  440   8 3s3p(3PO) 8h     4.20441E-01  1.61687E+00 36.0
    145 14 13  400   6 3s3p(3PO) 9p     4.20830E-01  1.61726E+00  4.0
    146 14 13  230   6 3p2(1DE) 3d      4.27171E-01  1.62360E+00 14.0
    147 14 13  411  13 3s3p(3PO)10s     4.29013E-01  1.62544E+00 12.0
    148 14 13  431  11 3s3p(3PO) 9d     4.29553E-01  1.62598E+00 28.0
    149 14 13  421   7 3s3p(3PO) 9d     4.29911E-01  1.62634E+00 20.0
    150 14 13  221   9 3s3p(3PO) 9d     4.29938E-01  1.62637E+00 10.0
    151 14 13  411  14 3s3p(3PO) 9d     4.30473E-01  1.62690E+00 12.0
    152 14 13  430   6 3s3p(3PO) 9f     4.31282E-01  1.62771E+00 28.0
    153 14 13  420  12 3s3p(3PO) 9f     4.32613E-01  1.62904E+00 20.0
    154 14 13  210   9 3s3p(3PO)10p     4.32748E-01  1.62918E+00  6.0
    155 14 13  440   9 3s3p(3PO) 9f     4.32812E-01  1.62924E+00 36.0
    156 14 13  441   5 3s3p(3PO) 9g     4.32971E-01  1.62940E+00 36.0
    157 14 13  241   5 3s3p(3PO) 9g     4.32971E-01  1.62940E+00 18.0
    158 14 13  451   5 3s3p(3PO) 9g     4.33393E-01  1.62982E+00 44.0
    159 14 13  420  13 3s3p(3PO)10p     4.33463E-01  1.62989E+00 20.0
    160 14 13  431  12 3s3p(3PO) 9g     4.33514E-01  1.62994E+00 28.0
    161 14 13  440  10 3s3p(3PO) 9h     4.33526E-01  1.62996E+00 36.0
    162 14 13  410   8 3s3p(3PO)10p     4.33541E-01  1.62997E+00 12.0
    163 14 13  400   7 3s3p(3PO)10p     4.33815E-01  1.63024E+00  4.0
    164 14 13  230   7 3s3p(3PO) 9f:    4.35746E-01  1.63218E+00 14.0
    165 14 13  411  15 3s3p(3PO)11s     4.39631E-01  1.63606E+00 12.0
    166 14 13  431  13 3s3p(3PO)10d     4.40021E-01  1.63645E+00 28.0
    167 14 13  221  10 3s3p(3PO)10d     4.40072E-01  1.63650E+00 10.0
    168 14 13  421   8 3s3p(3PO)10d     4.40262E-01  1.63669E+00 20.0
    169 14 13  411  16 3s3p(3PO)10d     4.40675E-01  1.63710E+00 12.0
    170 14 13  430   7 3s3p(3PO)10f     4.41152E-01  1.63758E+00 28.0
    171 14 13  420  14 3s3p(3PO)10f     4.42204E-01  1.63863E+00 20.0
    172 14 13  210  10 3s3p(3PO)11p     4.42311E-01  1.63874E+00  6.0
    173 14 13  440  11 3s3p(3PO)10f     4.42363E-01  1.63879E+00 36.0
    174 14 13  441   6 3s3p(3PO)10g     4.42481E-01  1.63891E+00 36.0
    175 14 13  241   6 3s3p(3PO)10g     4.42481E-01  1.63891E+00 18.0
    176 14 13  451   6 3s3p(3PO)10g     4.42791E-01  1.63922E+00 44.0
    177 14 13  201   1 3p2(3PE) 4p      6.68685E-01  1.86511E+00  2.0
    178 14 13  401   2 3p2(3PE) 4p      7.23198E-01  1.91963E+00  4.0
    179 14 13  201   2 3p2(3PE) 5p      9.19688E-01  2.11612E+00  2.0
    180 14 13  401   3 3p2(3PE) 5p      9.35666E-01  2.13210E+00  4.0
    181 14 13  201   3 3p2(3PE) 6p      1.01881E+00  2.21524E+00  2.0
    182 14 13  401   4 3p2(3PE) 6p      1.02646E+00  2.22289E+00  4.0
    183 14 13  201   4 3p2(3PE) 7p      1.07038E+00  2.26681E+00  2.0
    184 14 13  401   5 3p2(3PE) 7p      1.07465E+00  2.27108E+00  4.0
    185 14 13  201   5 3p2(3PE) 8p      1.10106E+00  2.29749E+00  2.0
    186 14 13  401   6 3p2(3PE) 8p      1.10369E+00  2.30012E+00  4.0
    187 14 13  201   6 3p2(3PE) 9p      1.12081E+00  2.31724E+00  2.0
    188 14 13  401   7 3p2(3PE) 9p      1.12255E+00  2.31898E+00  4.0
    189 14 13  201   7 3p2(3PE)10p      1.13428E+00  2.33071E+00  2.0
    190 14 13  401   8 3p2(3PE)10p      1.13549E+00  2.33192E+00  4.0
    191 14 13  201   8 3p2(3PE)11p      1.14388E+00  2.34031E+00  2.0
 ====================================================================
