 ====================================================================
      i NZ NE iSLP iLV iCONF                 E(RYD)      TE(RYD)   gi
 ====================================================================
      1 14 12  100   1 3s2             -2.46589E+00  0.00000E+00  1.0
      2 14 12  311   1 3s 3p           -1.98926E+00  4.76630E-01  9.0
      3 14 12  111   1 3s 3p           -1.69951E+00  7.66380E-01  3.0
      4 14 12  120   1 3p2             -1.35850E+00  1.10739E+00  5.0
      5 14 12  310   1 3p2             -1.27869E+00  1.18720E+00  9.0
      6 14 12  320   1 3s 3d           -1.16046E+00  1.30543E+00 15.0
      7 14 12  300   1 3s 4s           -1.06326E+00  1.40263E+00  3.0
      8 14 12  100   2 3p2:            -1.05313E+00  1.41276E+00  1.0
      9 14 12  100   3 3s 4s:          -1.00828E+00  1.45761E+00  1.0
     10 14 12  120   2 3s 3d           -9.41634E-01  1.52426E+00  5.0
     11 14 12  311   2 3s 4p           -8.63850E-01  1.60204E+00  9.0
     12 14 12  111   2 3s 4p           -8.51046E-01  1.61484E+00  3.0
     13 14 12  331   1 3p 3d           -6.55389E-01  1.81050E+00 21.0
     14 14 12  320   2 3s 4d           -6.23448E-01  1.84244E+00 15.0
     15 14 12  121   1 3p 3d           -5.97395E-01  1.86849E+00  5.0
     16 14 12  120   3 3s 4d           -5.96621E-01  1.86927E+00  5.0
     17 14 12  131   1 3s 4f           -5.96408E-01  1.86948E+00  7.0
     18 14 12  300   2 3s 5s           -5.79645E-01  1.88625E+00  3.0
     19 14 12  100   4 3s 5s           -5.65520E-01  1.90037E+00  1.0
     20 14 12  331   2 3s 4f           -5.51957E-01  1.91393E+00 21.0
     21 14 12  111   3 3s 5p           -5.04873E-01  1.96102E+00  3.0
     22 14 12  311   3 3s 5p           -5.00257E-01  1.96563E+00  9.0
     23 14 12  311   4 3p 3d:          -4.91458E-01  1.97443E+00  9.0
     24 14 12  321   1 3p 3d           -4.78166E-01  1.98772E+00 15.0
     25 14 12  131   2 3s 5f           -4.05701E-01  2.06019E+00  7.0
     26 14 12  311   5 3p 4s:          -3.94387E-01  2.07150E+00  9.0
     27 14 12  320   3 3s 5d           -3.92172E-01  2.07372E+00 15.0
     28 14 12  120   4 3s 5d           -3.87134E-01  2.07876E+00  5.0
     29 14 12  111   4 3p 4s:          -3.73936E-01  2.09195E+00  3.0
     30 14 12  300   3 3s 6s           -3.66997E-01  2.09889E+00  3.0
     31 14 12  331   3 3s 5f           -3.63069E-01  2.10282E+00 21.0
     32 14 12  340   1 3s 5g           -3.62048E-01  2.10384E+00 27.0
     33 14 12  140   1 3s 5g           -3.62036E-01  2.10385E+00  9.0
     34 14 12  100   5 3s 6s           -3.60896E-01  2.10499E+00  1.0
     35 14 12  311   6 3s 6p           -3.23702E-01  2.14219E+00  9.0
     36 14 12  111   5 3s 6p           -3.15267E-01  2.15062E+00  3.0
     37 14 12  131   3 3p 3d           -3.13112E-01  2.15278E+00  7.0
     38 14 12  111   6 3p 3d:          -3.09810E-01  2.15608E+00  3.0
     39 14 12  320   4 3s 6d           -2.71627E-01  2.19426E+00 15.0
     40 14 12  120   5 3s 6d           -2.69675E-01  2.19621E+00  5.0
     41 14 12  300   4 3s 7s           -2.53704E-01  2.21219E+00  3.0
     42 14 12  331   4 3s 6f           -2.52405E-01  2.21349E+00 21.0
     43 14 12  340   2 3s 6g           -2.51565E-01  2.21432E+00 27.0
     44 14 12  140   2 3s 6g           -2.51557E-01  2.21433E+00  9.0
     45 14 12  100   6 3s 7s           -2.50468E-01  2.21542E+00  1.0
     46 14 12  110   1 3p 4p           -2.47619E-01  2.21827E+00  3.0
     47 14 12  131   4 3s 6f           -2.37689E-01  2.22820E+00  7.0
     48 14 12  320   5 3p 4p           -2.28854E-01  2.23704E+00 15.0
     49 14 12  311   7 3s 7p           -2.28466E-01  2.23742E+00  9.0
     50 14 12  111   7 3s 7p           -2.25036E-01  2.24085E+00  3.0
     51 14 12  120   6 3s 7d:          -2.01963E-01  2.26393E+00  5.0
     52 14 12  310   2 3p 4p           -1.98782E-01  2.26711E+00  9.0
     53 14 12  300   5 3p 4p           -1.92871E-01  2.27302E+00  3.0
     54 14 12  320   6 3s 7d           -1.91133E-01  2.27476E+00 15.0
     55 14 12  331   5 3s 7f           -1.85429E-01  2.28046E+00 21.0
     56 14 12  340   3 3s 7g           -1.84871E-01  2.28102E+00 27.0
     57 14 12  140   3 3s 7g           -1.84868E-01  2.28102E+00  9.0
     58 14 12  100   7 3s 8s           -1.84210E-01  2.28168E+00  1.0
     59 14 12  300   6 3s 8s           -1.84148E-01  2.28174E+00  3.0
     60 14 12  131   5 3s 7f           -1.79466E-01  2.28642E+00  7.0
     61 14 12  311   8 3s 8p           -1.69882E-01  2.29601E+00  9.0
     62 14 12  111   8 3s 8p           -1.68403E-01  2.29749E+00  3.0
     63 14 12  120   7 3p 4p:          -1.65684E-01  2.30021E+00  5.0
     64 14 12  320   7 3s 8d           -1.46702E-01  2.31919E+00 15.0
     65 14 12  331   6 3s 8f           -1.41902E-01  2.32399E+00 21.0
     66 14 12  300   7 3s 9s           -1.41801E-01  2.32409E+00  3.0
     67 14 12  140   4 3s 8g           -1.41548E-01  2.32434E+00  9.0
     68 14 12  340   4 3s 8g           -1.41548E-01  2.32434E+00 27.0
     69 14 12  100   8 3s 9s           -1.41483E-01  2.32441E+00  1.0
     70 14 12  131   6 3s 8f           -1.38927E-01  2.32696E+00  7.0
     71 14 12  120   8 3s 8d           -1.38853E-01  2.32704E+00  5.0
     72 14 12  311   9 3s 9p           -1.31286E-01  2.33460E+00  9.0
     73 14 12  111   9 3s 9p           -1.30516E-01  2.33537E+00  3.0
     74 14 12  320   8 3s 9d           -1.15555E-01  2.35033E+00 15.0
     75 14 12  100   9 3s10s           -1.14735E-01  2.35116E+00  1.0
     76 14 12  120   9 3s 9d           -1.12464E-01  2.35343E+00  5.0
     77 14 12  331   7 3s 9f           -1.12061E-01  2.35383E+00 21.0
     78 14 12  300   8 3s10s           -1.11960E-01  2.35393E+00  3.0
     79 14 12  140   5 3s 9g           -1.11836E-01  2.35405E+00  9.0
     80 14 12  340   5 3s 9g           -1.11833E-01  2.35406E+00 27.0
     81 14 12  131   7 3s 9f           -1.10396E-01  2.35549E+00  7.0
     82 14 12  100  10 3p 4p           -1.06318E-01  2.35957E+00  1.0
     83 14 12  311  10 3s10p           -1.04502E-01  2.36139E+00  9.0
     84 14 12  111  10 3s10p           -1.04060E-01  2.36183E+00  3.0
     85 14 12  320   9 3s10d           -9.32947E-02  2.37260E+00 15.0
     86 14 12  120  10 3s10d           -9.16513E-02  2.37424E+00  5.0
     87 14 12  331   8 3s10f           -9.07244E-02  2.37517E+00 21.0
     88 14 12  300   9 3s11s           -9.06189E-02  2.37527E+00  3.0
     89 14 12  140   6 3s10g           -9.05783E-02  2.37531E+00  9.0
     90 14 12  340   6 3s10g           -9.05740E-02  2.37532E+00 27.0
     91 14 12  121   2 3p 4d            9.46466E-03  2.47535E+00  5.0
     92 14 12  321   2 3p 4d            2.36780E-02  2.48957E+00 15.0
     93 14 12  330   1 3p 4f            5.27869E-02  2.51868E+00 21.0
     94 14 12  130   1 3p 4f            6.09842E-02  2.52687E+00  7.0
     95 14 12  110   2 3p 5p            1.43117E-01  2.60901E+00  3.0
     96 14 12  310   3 3p 5p            1.57171E-01  2.62306E+00  9.0
     97 14 12  330   2 3d2              2.19076E-01  2.68497E+00 21.0
     98 14 12  121   3 3p 5d            2.54195E-01  2.72008E+00  5.0
     99 14 12  321   3 3p 5d            2.57155E-01  2.72304E+00 15.0
    100 14 12  130   2 3p 5f            2.78455E-01  2.74434E+00  7.0
    101 14 12  141   1 3p 5g            2.86859E-01  2.75275E+00  9.0
    102 14 12  341   1 3p 5g            2.86874E-01  2.75276E+00 27.0
    103 14 12  330   3 3p 5f            2.95941E-01  2.76183E+00 21.0
    104 14 12  310   4 3d2:             3.05921E-01  2.77181E+00  9.0
    105 14 12  110   3 3p 6p            3.22392E-01  2.78828E+00  3.0
    106 14 12  310   5 3p 6p:           3.29345E-01  2.79523E+00  9.0
    107 14 12  121   4 3p 6d            3.81533E-01  2.84742E+00  5.0
    108 14 12  321   4 3p 6d            3.81932E-01  2.84782E+00 15.0
    109 14 12  130   3 3p 6f            3.94792E-01  2.86068E+00  7.0
    110 14 12  141   2 3p 6g            3.99246E-01  2.86514E+00  9.0
    111 14 12  341   2 3p 6g            3.99255E-01  2.86514E+00 27.0
    112 14 12  330   4 3p 6f            3.99432E-01  2.86532E+00 21.0
    113 14 12  110   4 3p 7p            4.20760E-01  2.88665E+00  3.0
    114 14 12  310   6 3p 7p            4.24356E-01  2.89025E+00  9.0
    115 14 12  321   5 3p 7d            4.55391E-01  2.92128E+00 15.0
    116 14 12  121   5 3p 7d            4.55916E-01  2.92181E+00  5.0
    117 14 12  130   4 3p 7f            4.64003E-01  2.92989E+00  7.0
    118 14 12  330   5 3p 7f            4.66192E-01  2.93208E+00 21.0
    119 14 12  141   3 3p 7g            4.66754E-01  2.93264E+00  9.0
    120 14 12  341   3 3p 7g            4.66759E-01  2.93265E+00 27.0
    121 14 12  110   5 3p 8p            4.80598E-01  2.94649E+00  3.0
    122 14 12  310   7 3p 8p            4.82804E-01  2.94869E+00  9.0
    123 14 12  321   6 3p 8d            5.02317E-01  2.96821E+00 15.0
    124 14 12  121   6 3p 8d            5.03338E-01  2.96923E+00  5.0
    125 14 12  130   5 3p 8f            5.08654E-01  2.97454E+00  7.0
    126 14 12  330   6 3p 8f            5.09907E-01  2.97580E+00 21.0
    127 14 12  141   4 3p 8g            5.10453E-01  2.97634E+00  9.0
    128 14 12  341   4 3p 8g            5.10456E-01  2.97635E+00 27.0
    129 14 12  110   6 3p 9p            5.19858E-01  2.98575E+00  3.0
    130 14 12  310   8 3p 9p            5.21315E-01  2.98721E+00  9.0
    131 14 12  321   7 3p 9d            5.33952E-01  2.99984E+00 15.0
    132 14 12  121   7 3p 9d            5.35426E-01  3.00132E+00  5.0
    133 14 12  130   6 3p 9f            5.39121E-01  3.00501E+00  7.0
    134 14 12  330   7 3p 9f            5.39917E-01  3.00581E+00 21.0
    135 14 12  141   5 3p 9g            5.40357E-01  3.00625E+00  9.0
    136 14 12  341   5 3p 9g            5.40359E-01  3.00625E+00 27.0
    137 14 12  110   7 3p10p            5.47034E-01  3.01292E+00  3.0
    138 14 12  310   9 3p10p            5.48049E-01  3.01394E+00  9.0
    139 14 12  321   8 3p10d            5.55977E-01  3.02187E+00 15.0
    140 14 12  121   8 3p10d            5.58099E-01  3.02399E+00  5.0
    141 14 12  130   7 3p10f            5.60835E-01  3.02672E+00  7.0
    142 14 12  330   8 3p10f            5.61375E-01  3.02727E+00 21.0
    143 14 12  141   6 3p10g            5.61721E-01  3.02761E+00  9.0
    144 14 12  341   6 3p10g            5.61722E-01  3.02761E+00 27.0
 ====================================================================
