 ====================================================================
      i NZ NE iSLP iLV iCONF                 E(RYD)      TE(RYD)   gi
 ====================================================================
      1 14 11  200   1 2p6 3s          -3.29537E+00  0.00000E+00  2.0
      2 14 11  211   1 2p6 3p          -2.64623E+00  6.49140E-01  6.0
      3 14 11  220   1 2p6 3d          -1.86094E+00  1.43443E+00 10.0
      4 14 11  200   2 2p6 4s          -1.54306E+00  1.75231E+00  2.0
      5 14 11  211   2 2p6 4p          -1.32109E+00  1.97428E+00  6.0
      6 14 11  220   2 2p6 4d          -1.04073E+00  2.25464E+00 10.0
      7 14 11  231   1 2p6 4f          -1.00159E+00  2.29378E+00 14.0
      8 14 11  200   3 2p6 5s          -8.96239E-01  2.39913E+00  2.0
      9 14 11  211   3 2p6 5p          -7.94824E-01  2.50055E+00  6.0
     10 14 11  220   3 2p6 5d          -6.61258E-01  2.63411E+00 10.0
     11 14 11  231   2 2p6 5f          -6.40995E-01  2.65438E+00 14.0
     12 14 11  200   4 2p6 6s          -5.85365E-01  2.71001E+00  2.0
     13 14 11  211   4 2p6 6p          -5.30810E-01  2.76456E+00  6.0
     14 14 11  220   4 2p6 6d          -4.56880E-01  2.83849E+00 10.0
     15 14 11  231   3 2p6 6f          -4.45081E-01  2.85029E+00 14.0
     16 14 11  200   5 2p6 7s          -4.12254E-01  2.88312E+00  2.0
     17 14 11  211   5 2p6 7p          -3.79593E-01  2.91578E+00  6.0
     18 14 11  220   5 2p6 7d          -3.34417E-01  2.96095E+00 10.0
     19 14 11  231   4 2p6 7f          -3.26956E-01  2.96841E+00 14.0
     20 14 11  200   6 2p6 8s          -3.06008E-01  2.98936E+00  2.0
     21 14 11  211   6 2p6 8p          -2.84925E-01  3.01045E+00  6.0
     22 14 11  220   6 2p6 8d          -2.55307E-01  3.04006E+00 10.0
     23 14 11  231   5 2p6 8f          -2.50296E-01  3.04507E+00 14.0
     24 14 11  200   7 2p6 9s          -2.36129E-01  3.05924E+00  2.0
     25 14 11  211   7 2p6 9p          -2.21737E-01  3.07363E+00  6.0
     26 14 11  220   7 2p6 9d          -2.01270E-01  3.09410E+00 10.0
     27 14 11  231   6 2p6 9f          -1.97744E-01  3.09763E+00 14.0
     28 14 11  200   8 2p610s          -1.87723E-01  3.10765E+00  2.0
     29 14 11  211   8 2p610p          -1.77465E-01  3.11791E+00  6.0
     30 14 11  220   8 2p610d          -1.62732E-01  3.13264E+00 10.0
     31 14 11  231   7 2p610f          -1.60158E-01  3.13521E+00 14.0
 ====================================================================
