 ====================================================================
      i NZ NE iSLP iLV iCONF                 E(RYD)      TE(RYD)   gi
 ====================================================================
      1 14 10  100   1 2s2 2p6         -1.23472E+01  0.00000E+00  1.0
      2 14 10  311   1 2p5 3s          -4.58049E+00  7.76671E+00  9.0
      3 14 10  111   1 2p5 3s          -4.50680E+00  7.84040E+00  3.0
      4 14 10  300   1 2p5 3p          -3.98131E+00  8.36589E+00  3.0
      5 14 10  320   1 2p5 3p          -3.86529E+00  8.48191E+00 15.0
      6 14 10  120   1 2p5 3p          -3.81578E+00  8.53142E+00  5.0
      7 14 10  110   1 2p5 3p          -3.80328E+00  8.54392E+00  3.0
      8 14 10  310   1 2p5 3p          -3.80087E+00  8.54633E+00  9.0
      9 14 10  100   2 2p5 3p          -3.44413E+00  8.90307E+00  1.0
     10 14 10  311   2 2p5 3d          -2.96187E+00  9.38533E+00  9.0
     11 14 10  331   1 2p5 3d          -2.92634E+00  9.42086E+00 21.0
     12 14 10  131   1 2p5 3d          -2.89822E+00  9.44898E+00  7.0
     13 14 10  121   1 2p5 3d          -2.87216E+00  9.47504E+00  5.0
     14 14 10  321   1 2p5 3d          -2.87128E+00  9.47592E+00 15.0
     15 14 10  111   2 2p5 3d          -2.80464E+00  9.54256E+00  3.0
     16 14 10  311   3 2p5 4s          -2.22542E+00  1.01218E+01  9.0
     17 14 10  111   3 2p5 4s          -2.20192E+00  1.01453E+01  3.0
     18 14 10  300   2 2p5 4p          -2.00788E+00  1.03393E+01  3.0
     19 14 10  320   2 2p5 4p          -1.96889E+00  1.03783E+01 15.0
     20 14 10  120   2 2p5 4p          -1.95164E+00  1.03956E+01  5.0
     21 14 10  110   2 2p5 4p          -1.95041E+00  1.03968E+01  3.0
     22 14 10  310   2 2p5 4p          -1.94955E+00  1.03977E+01  9.0
     23 14 10  100   3 2p5 4p          -1.81811E+00  1.05291E+01  1.0
     24 14 10  311   4 2p5 4d          -1.64796E+00  1.06992E+01  9.0
     25 14 10  331   2 2p5 4d          -1.63509E+00  1.07121E+01 21.0
     26 14 10  131   2 2p5 4d          -1.62192E+00  1.07253E+01  7.0
     27 14 10  121   2 2p5 4d          -1.61558E+00  1.07316E+01  5.0
     28 14 10  321   2 2p5 4d          -1.61514E+00  1.07321E+01 15.0
     29 14 10  111   4 2p5 4d          -1.57489E+00  1.07723E+01  3.0
     30 14 10  320   3 2p5 4f          -1.56798E+00  1.07792E+01 15.0
     31 14 10  120   3 2p5 4f          -1.56628E+00  1.07809E+01  5.0
     32 14 10  340   1 2p5 4f          -1.56557E+00  1.07816E+01 27.0
     33 14 10  140   1 2p5 4f          -1.56516E+00  1.07820E+01  9.0
     34 14 10  130   1 2p5 4f          -1.56041E+00  1.07868E+01  7.0
     35 14 10  330   1 2p5 4f          -1.56038E+00  1.07868E+01 21.0
     36 14 10  311   5 2p5 5s          -1.31720E+00  1.10300E+01  9.0
     37 14 10  111   5 2p5 5s          -1.30653E+00  1.10407E+01  3.0
     38 14 10  300   3 2p5 5p          -1.22096E+00  1.11262E+01  3.0
     39 14 10  320   4 2p5 5p          -1.19687E+00  1.11503E+01 15.0
     40 14 10  120   4 2p5 5p          -1.18884E+00  1.11584E+01  5.0
     41 14 10  110   3 2p5 5p          -1.18834E+00  1.11589E+01  3.0
     42 14 10  310   3 2p5 5p          -1.18794E+00  1.11593E+01  9.0
     43 14 10  100   4 2p5 5p          -1.12873E+00  1.12185E+01  1.0
     44 14 10  311   6 2p5 5d          -1.04525E+00  1.13020E+01  9.0
     45 14 10  331   3 2p5 5d          -1.03891E+00  1.13083E+01 21.0
     46 14 10  131   3 2p5 5d          -1.03204E+00  1.13152E+01  7.0
     47 14 10  121   3 2p5 5d          -1.02934E+00  1.13179E+01  5.0
     48 14 10  321   3 2p5 5d          -1.02911E+00  1.13181E+01 15.0
     49 14 10  111   6 2p5 5d          -1.00719E+00  1.13400E+01  3.0
     50 14 10  320   5 2p5 5f          -1.00390E+00  1.13433E+01 15.0
     51 14 10  120   5 2p5 5f          -1.00252E+00  1.13447E+01  5.0
     52 14 10  340   2 2p5 5f          -1.00217E+00  1.13450E+01 27.0
     53 14 10  140   2 2p5 5f          -1.00186E+00  1.13453E+01  9.0
     54 14 10  331   4 2p5 5g          -1.00019E+00  1.13470E+01 21.0
     55 14 10  131   4 2p5 5g          -1.00018E+00  1.13470E+01  7.0
     56 14 10  341   1 2p5 5g          -9.99797E-01  1.13474E+01 27.0
     57 14 10  141   1 2p5 5g          -9.99797E-01  1.13474E+01  9.0
     58 14 10  130   2 2p5 5f          -9.98965E-01  1.13482E+01  7.0
     59 14 10  330   2 2p5 5f          -9.98941E-01  1.13483E+01 21.0
     60 14 10  311   7 2p5 6s          -8.70670E-01  1.14765E+01  9.0
     61 14 10  111   7 2p5 6s          -8.64824E-01  1.14824E+01  3.0
     62 14 10  300   4 2p6 3s          -8.61692E-01  1.14855E+01  3.0
     63 14 10  320   6 2p5 6p          -8.04757E-01  1.15424E+01 15.0
     64 14 10  120   6 2p5 6p          -8.00367E-01  1.15468E+01  5.0
     65 14 10  110   4 2p5 6p          -8.00088E-01  1.15471E+01  3.0
     66 14 10  310   4 2p5 6p          -7.99868E-01  1.15473E+01  9.0
     67 14 10  100   5 2p5 6p          -7.78872E-01  1.15683E+01  1.0
     68 14 10  300   5 2p5 6p          -7.75847E-01  1.15714E+01  3.0
     69 14 10  311   8 2p5 6d          -7.21045E-01  1.16262E+01  9.0
     70 14 10  331   5 2p5 6d          -7.17411E-01  1.16298E+01 21.0
     71 14 10  131   5 2p5 6d          -7.13422E-01  1.16338E+01  7.0
     72 14 10  121   4 2p5 6d          -7.11990E-01  1.16352E+01  5.0
     73 14 10  321   4 2p5 6d          -7.11855E-01  1.16353E+01 15.0
     74 14 10  111   8 2p5 6d          -6.99038E-01  1.16482E+01  3.0
     75 14 10  320   7 2p5 6f          -6.97055E-01  1.16501E+01 15.0
     76 14 10  120   7 2p5 6f          -6.96073E-01  1.16511E+01  5.0
     77 14 10  340   3 2p5 6f          -6.95887E-01  1.16513E+01 27.0
     78 14 10  140   3 2p5 6f          -6.95672E-01  1.16515E+01  9.0
     79 14 10  331   6 2p5 6g          -6.94628E-01  1.16526E+01 21.0
     80 14 10  131   6 2p5 6g          -6.94618E-01  1.16526E+01  7.0
     81 14 10  340   4 2p5 6h          -6.94441E-01  1.16528E+01 27.0
     82 14 10  140   4 2p5 6h          -6.94440E-01  1.16528E+01  9.0
     83 14 10  141   2 2p5 6g          -6.94254E-01  1.16529E+01  9.0
     84 14 10  341   2 2p5 6g          -6.94254E-01  1.16529E+01 27.0
     85 14 10  130   3 2p5 6f          -6.93909E-01  1.16533E+01  7.0
     86 14 10  330   3 2p5 6f          -6.93892E-01  1.16533E+01 21.0
     87 14 10  100   6 2p6 3s          -6.90016E-01  1.16572E+01  1.0
     88 14 10  311   9 2p5 7s          -6.18216E-01  1.17290E+01  9.0
     89 14 10  111   9 2p5 7s          -6.14601E-01  1.17326E+01  3.0
     90 14 10  300   6 2p5 7p          -5.78482E-01  1.17687E+01  3.0
     91 14 10  320   8 2p5 7p          -5.78215E-01  1.17690E+01 15.0
     92 14 10  120   8 2p5 7p          -5.75551E-01  1.17716E+01  5.0
     93 14 10  110   5 2p5 7p          -5.75376E-01  1.17718E+01  3.0
     94 14 10  310   5 2p5 7p          -5.75242E-01  1.17720E+01  9.0
     95 14 10  100   7 2p5 7p          -5.49320E-01  1.17979E+01  1.0
     96 14 10  311  10 2p5 7d          -5.27110E-01  1.18201E+01  9.0
     97 14 10  331   7 2p5 7d          -5.24814E-01  1.18224E+01 21.0
     98 14 10  131   7 2p5 7d          -5.22304E-01  1.18249E+01  7.0
     99 14 10  121   5 2p5 7d          -5.21443E-01  1.18258E+01  5.0
    100 14 10  321   5 2p5 7d          -5.21358E-01  1.18258E+01 15.0
    101 14 10  111  10 2p5 7d          -5.13358E-01  1.18338E+01  3.0
    102 14 10  320   9 2p5 7f          -5.11993E-01  1.18352E+01 15.0
    103 14 10  120   9 2p5 7f          -5.11296E-01  1.18359E+01  5.0
    104 14 10  340   5 2p5 7f          -5.11182E-01  1.18360E+01 27.0
    105 14 10  140   5 2p5 7f          -5.11034E-01  1.18362E+01  9.0
    106 14 10  331   8 2p5 7g          -5.10350E-01  1.18369E+01 21.0
    107 14 10  131   8 2p5 7g          -5.10341E-01  1.18369E+01  7.0
    108 14 10  340   6 2p5 7h          -5.10200E-01  1.18370E+01 27.0
    109 14 10  140   6 2p5 7h          -5.10199E-01  1.18370E+01  9.0
    110 14 10  141   3 2p5 7g          -5.10056E-01  1.18371E+01  9.0
    111 14 10  341   3 2p5 7g          -5.10056E-01  1.18371E+01 27.0
    112 14 10  130   4 2p5 7f          -5.09899E-01  1.18373E+01  7.0
    113 14 10  330   4 2p5 7f          -5.09888E-01  1.18373E+01 21.0
    114 14 10  311  11 2p5 8s          -4.61632E-01  1.18856E+01  9.0
    115 14 10  111  11 2p5 8s          -4.59190E-01  1.18880E+01  3.0
    116 14 10  300   7 2p5 8p          -4.36819E-01  1.19104E+01  3.0
    117 14 10  320  10 2p5 8p          -4.35506E-01  1.19117E+01 15.0
    118 14 10  120  10 2p5 8p          -4.33770E-01  1.19134E+01  5.0
    119 14 10  110   6 2p5 8p          -4.33652E-01  1.19135E+01  3.0
    120 14 10  310   6 2p5 8p          -4.33564E-01  1.19136E+01  9.0
    121 14 10  100   8 2p5 8p          -4.17987E-01  1.19292E+01  1.0
    122 14 10  311  12 2p5 8d          -4.02029E-01  1.19452E+01  9.0
    123 14 10  331   9 2p5 8d          -4.00469E-01  1.19467E+01 21.0
    124 14 10  131   9 2p5 8d          -3.98790E-01  1.19484E+01  7.0
    125 14 10  121   6 2p5 8d          -3.98230E-01  1.19490E+01  5.0
    126 14 10  321   6 2p5 8d          -3.98173E-01  1.19490E+01 15.0
    127 14 10  111  12 2p5 8d          -3.92922E-01  1.19543E+01  3.0
    128 14 10  320  11 2p5 8f          -3.91893E-01  1.19553E+01 15.0
    129 14 10  120  11 2p5 8f          -3.91388E-01  1.19558E+01  5.0
    130 14 10  340   7 2p5 8f          -3.91310E-01  1.19559E+01 27.0
    131 14 10  140   7 2p5 8f          -3.91205E-01  1.19560E+01  9.0
    132 14 10  331  10 2p5 8g          -3.90736E-01  1.19565E+01 21.0
    133 14 10  131  10 2p5 8g          -3.90729E-01  1.19565E+01  7.0
    134 14 10  340   8 2p5 8h          -3.90622E-01  1.19566E+01 27.0
    135 14 10  140   8 2p5 8h          -3.90621E-01  1.19566E+01  9.0
    136 14 10  341   4 2p5 8g          -3.90514E-01  1.19567E+01 27.0
    137 14 10  141   4 2p5 8g          -3.90514E-01  1.19567E+01  9.0
    138 14 10  130   5 2p5 8f          -3.90437E-01  1.19568E+01  7.0
    139 14 10  330   5 2p5 8f          -3.90428E-01  1.19568E+01 21.0
    140 14 10  311  13 2p5 9s          -3.57850E-01  1.19894E+01  9.0
    141 14 10  111  13 2p5 9s          -3.56078E-01  1.19911E+01  3.0
    142 14 10  300   8 2p5 9p          -3.40986E-01  1.20062E+01  3.0
    143 14 10  320  12 2p5 9p          -3.39811E-01  1.20074E+01 15.0
    144 14 10  120  12 2p5 9p          -3.38616E-01  1.20086E+01  5.0
    145 14 10  110   7 2p5 9p          -3.38533E-01  1.20087E+01  3.0
    146 14 10  310   7 2p5 9p          -3.38473E-01  1.20087E+01  9.0
    147 14 10  100   9 2p5 9p          -3.27996E-01  1.20192E+01  1.0
    148 14 10  311  14 2p5 9d          -3.16704E-01  1.20305E+01  9.0
    149 14 10  331  11 2p5 9d          -3.15579E-01  1.20316E+01 21.0
    150 14 10  131  11 2p5 9d          -3.14403E-01  1.20328E+01  7.0
    151 14 10  121   7 2p5 9d          -3.14017E-01  1.20332E+01  5.0
    152 14 10  321   7 2p5 9d          -3.13977E-01  1.20332E+01 15.0
    153 14 10  111  14 2p5 9d          -3.10401E-01  1.20368E+01  3.0
    154 14 10  320  13 2p5 9f          -3.09568E-01  1.20376E+01 15.0
    155 14 10  120  13 2p5 9f          -3.09193E-01  1.20380E+01  5.0
    156 14 10  340   9 2p5 9f          -3.09138E-01  1.20381E+01 27.0
    157 14 10  140   9 2p5 9f          -3.09062E-01  1.20381E+01  9.0
    158 14 10  331  12 2p5 9g          -3.08726E-01  1.20385E+01 21.0
    159 14 10  131  12 2p5 9g          -3.08721E-01  1.20385E+01  7.0
    160 14 10  340  10 2p5 9h          -3.08639E-01  1.20386E+01 27.0
    161 14 10  140  10 2p5 9h          -3.08639E-01  1.20386E+01  9.0
    162 14 10  141   5 2p5 9g          -3.08559E-01  1.20386E+01  9.0
    163 14 10  341   5 2p5 9g          -3.08559E-01  1.20386E+01 27.0
    164 14 10  130   6 2p5 9f          -3.08518E-01  1.20387E+01  7.0
    165 14 10  330   6 2p5 9f          -3.08512E-01  1.20387E+01 21.0
    166 14 10  311  15 2p510s          -2.85544E-01  1.20617E+01  9.0
    167 14 10  111  15 2p510s          -2.84175E-01  1.20630E+01  3.0
    168 14 10  300   9 2p510p          -2.73466E-01  1.20737E+01  3.0
    169 14 10  320  14 2p510p          -2.72525E-01  1.20747E+01 15.0
    170 14 10  120  14 2p510p          -2.71667E-01  1.20755E+01  5.0
    171 14 10  110   8 2p510p          -2.71607E-01  1.20756E+01  3.0
    172 14 10  310   8 2p510p          -2.71563E-01  1.20756E+01  9.0
    173 14 10  100  10 2p510p          -2.64122E-01  1.20831E+01  1.0
    174 14 10  311  16 2p510d          -2.55922E-01  1.20913E+01  9.0
    175 14 10  331  13 2p510d          -2.55068E-01  1.20921E+01 21.0
    176 14 10  131  13 2p510d          -2.54213E-01  1.20930E+01  7.0
    177 14 10  121   8 2p510d          -2.53935E-01  1.20933E+01  5.0
    178 14 10  321   8 2p510d          -2.53906E-01  1.20933E+01 15.0
    179 14 10  111  16 2p510d          -2.51408E-01  1.20958E+01  3.0
    180 14 10  320  15 2p510f          -2.50695E-01  1.20965E+01 15.0
    181 14 10  120  15 2p510f          -2.50411E-01  1.20968E+01  5.0
    182 14 10  340  11 2p510f          -2.50369E-01  1.20968E+01 27.0
    183 14 10  140  11 2p510f          -2.50312E-01  1.20969E+01  9.0
    184 14 10  331  14 2p510g          -2.50065E-01  1.20971E+01 21.0
    185 14 10  131  14 2p510g          -2.50061E-01  1.20971E+01  7.0
    186 14 10  340  12 2p510h          -2.49998E-01  1.20972E+01 27.0
    187 14 10  140  12 2p510h          -2.49998E-01  1.20972E+01  9.0
    188 14 10  141   6 2p510g          -2.49936E-01  1.20973E+01  9.0
    189 14 10  341   6 2p510g          -2.49936E-01  1.20973E+01 27.0
    190 14 10  130   7 2p510f          -2.49914E-01  1.20973E+01  7.0
    191 14 10  330   7 2p510f          -2.49910E-01  1.20973E+01 21.0
 ====================================================================
