 ====================================================================
      i NZ NE iSLP iLV iCONF                 E(RYD)      TE(RYD)   gi
 ====================================================================
      1 14  9  211   1 2s2 2p5         -1.50731E+01  0.00000E+00  6.0
      2 14  9  200   1 2s 2p6          -1.14135E+01  3.65960E+00  2.0
      3 14  9  410   1 2p4(3PE) 3s     -6.02271E+00  9.05039E+00 12.0
      4 14  9  210   1 2p4(3PE) 3s     -5.89090E+00  9.18220E+00  6.0
      5 14  9  220   1 2p4(1DE) 3s     -5.57216E+00  9.50094E+00 10.0
      6 14  9  411   1 2p4(3PE) 3p     -5.32670E+00  9.74640E+00 12.0
      7 14  9  421   1 2p4(3PE) 3p     -5.22838E+00  9.84472E+00 20.0
      8 14  9  221   1 2p4(3PE) 3p     -5.15982E+00  9.91328E+00 10.0
      9 14  9  211   2 2p4(3PE) 3p     -5.12580E+00  9.94730E+00  6.0
     10 14  9  201   1 2p4(3PE) 3p     -5.11572E+00  9.95738E+00  2.0
     11 14  9  401   1 2p4(3PE) 3p     -5.11023E+00  9.96287E+00  4.0
     12 14  9  200   2 2p4(1SE) 3s     -5.08595E+00  9.98715E+00  2.0
     13 14  9  231   1 2p4(1DE) 3p     -4.82983E+00  1.02433E+01 14.0
     14 14  9  221   2 2p4(1DE) 3p     -4.73479E+00  1.03383E+01 10.0
     15 14  9  211   3 2p4(1DE) 3p     -4.58740E+00  1.04857E+01  6.0
     16 14  9  420   1 2p4(3PE) 3d     -4.32388E+00  1.07492E+01 20.0
     17 14  9  211   4 2p4(1SE) 3p     -4.28915E+00  1.07839E+01  6.0
     18 14  9  430   1 2p4(3PE) 3d     -4.23158E+00  1.08415E+01 28.0
     19 14  9  410   2 2p4(3PE) 3d     -4.18758E+00  1.08855E+01 12.0
     20 14  9  230   1 2p4(3PE) 3d     -4.18534E+00  1.08878E+01 14.0
     21 14  9  220   2 2p4(3PE) 3d     -4.13126E+00  1.09418E+01 10.0
     22 14  9  210   2 2p4(3PE) 3d     -4.12834E+00  1.09448E+01  6.0
     23 14  9  240   1 2p4(1DE) 3d     -3.85641E+00  1.12167E+01 18.0
     24 14  9  200   3 2p4(1DE) 3d     -3.79712E+00  1.12760E+01  2.0
     25 14  9  210   3 2p4(1DE) 3d     -3.77541E+00  1.12977E+01  6.0
     26 14  9  230   2 2p4(1DE) 3d     -3.76242E+00  1.13107E+01 14.0
     27 14  9  220   3 2p4(1DE) 3d     -3.75896E+00  1.13141E+01 10.0
     28 14  9  220   4 2p4(1SE) 3d     -3.31378E+00  1.17593E+01 10.0
     29 14  9  410   3 2p4(3PE) 4s     -3.01060E+00  1.20625E+01 12.0
     30 14  9  210   4 2p4(3PE) 4s     -2.96541E+00  1.21077E+01  6.0
     31 14  9  411   2 2p4(3PE) 4p     -2.80420E+00  1.22689E+01 12.0
     32 14  9  421   2 2p4(3PE) 4p     -2.71422E+00  1.23589E+01 20.0
     33 14  9  221   3 2p4(3PE) 4p     -2.69001E+00  1.23831E+01 10.0
     34 14  9  201   2 2p4(3PE) 4p     -2.67897E+00  1.23941E+01  2.0
     35 14  9  401   2 2p4(3PE) 4p     -2.67700E+00  1.23961E+01  4.0
     36 14  9  211   5 2p4(3PE) 4p     -2.62961E+00  1.24435E+01  6.0
     37 14  9  411   3 2p5(3PO) 3s     -2.60046E+00  1.24726E+01 12.0
     38 14  9  220   5 2p4(1DE) 4s     -2.58772E+00  1.24854E+01 10.0
     39 14  9  211   6 2p5(3PO) 3s     -2.50983E+00  1.25633E+01  6.0
     40 14  9  420   2 2p4(3PE) 4d     -2.39271E+00  1.26804E+01 20.0
     41 14  9  430   2 2p4(3PE) 4d     -2.36071E+00  1.27124E+01 28.0
     42 14  9  410   4 2p4(3PE) 4d     -2.34655E+00  1.27266E+01 12.0
     43 14  9  230   3 2p4(3PE) 4d     -2.34044E+00  1.27327E+01 14.0
     44 14  9  210   5 2p4(3PE) 4d     -2.30976E+00  1.27633E+01  6.0
     45 14  9  231   2 2p4(1DE) 4p     -2.30908E+00  1.27640E+01 14.0
     46 14  9  220   6 2p4(3PE) 4d     -2.30392E+00  1.27692E+01 10.0
     47 14  9  221   4 2p4(1DE) 4p     -2.28052E+00  1.27926E+01 10.0
     48 14  9  431   1 2p4(3PE) 4f     -2.26636E+00  1.28067E+01 28.0
     49 14  9  231   3 2p4(3PE) 4f     -2.26148E+00  1.28116E+01 14.0
     50 14  9  441   1 2p4(3PE) 4f     -2.25198E+00  1.28211E+01 36.0
     51 14  9  241   1 2p4(3PE) 4f     -2.25109E+00  1.28220E+01 18.0
     52 14  9  421   3 2p4(3PE) 4f     -2.25036E+00  1.28227E+01 20.0
     53 14  9  221   5 2p4(3PE) 4f     -2.24810E+00  1.28250E+01 10.0
     54 14  9  211   7 2p4(1DE) 4p     -2.23073E+00  1.28424E+01  6.0
     55 14  9  200   4 2p4(1SE) 4s     -2.10896E+00  1.29641E+01  2.0
     56 14  9  400   1 2p5(3PO) 3p     -2.02503E+00  1.30481E+01  4.0
     57 14  9  240   2 2p4(1DE) 4d     -1.96279E+00  1.31103E+01 18.0
     58 14  9  210   6 2p4(1DE) 4d     -1.93621E+00  1.31369E+01  6.0
     59 14  9  200   5 2p4(1DE) 4d     -1.93598E+00  1.31371E+01  2.0
     60 14  9  230   4 2p4(1DE) 4d     -1.93236E+00  1.31407E+01 14.0
     61 14  9  220   7 2p4(1DE) 4d     -1.93146E+00  1.31416E+01 10.0
     62 14  9  420   3 2p5(3PO) 3p     -1.90579E+00  1.31673E+01 20.0
     63 14  9  410   5 2p4(3PE) 5s     -1.86437E+00  1.32087E+01 12.0
     64 14  9  211   8 2p4(1DE) 4f     -1.86420E+00  1.32089E+01  6.0
     65 14  9  251   1 2p4(1DE) 4f     -1.85303E+00  1.32201E+01 22.0
     66 14  9  221   6 2p4(1DE) 4f     -1.85252E+00  1.32206E+01 10.0
     67 14  9  231   4 2p4(1DE) 4f     -1.84328E+00  1.32298E+01 14.0
     68 14  9  241   2 2p4(1DE) 4f     -1.84024E+00  1.32329E+01 18.0
     69 14  9  220   8 2p5(3PO) 3p     -1.81042E+00  1.32627E+01 10.0
     70 14  9  211   9 2p4(1SE) 4p     -1.80981E+00  1.32633E+01  6.0
     71 14  9  210   7 2p4(3PE) 5s     -1.80716E+00  1.32659E+01  6.0
     72 14  9  210   8 2p5(3PO) 3p     -1.76650E+00  1.33066E+01  6.0
     73 14  9  410   6 2p5(3PO) 3p     -1.76492E+00  1.33082E+01 12.0
     74 14  9  411   4 2p4(3PE) 5p     -1.67677E+00  1.33963E+01 12.0
     75 14  9  421   4 2p4(3PE) 5p     -1.66771E+00  1.34054E+01 20.0
     76 14  9  221   7 2p4(3PE) 5p     -1.65608E+00  1.34170E+01 10.0
     77 14  9  201   3 2p4(3PE) 5p     -1.65047E+00  1.34226E+01  2.0
     78 14  9  401   3 2p4(3PE) 5p     -1.64953E+00  1.34236E+01  4.0
     79 14  9  211  10 2p4(3PE) 5p     -1.61960E+00  1.34535E+01  6.0
     80 14  9  200   6 2p5(3PO) 3p     -1.56262E+00  1.35105E+01  2.0
     81 14  9  420   4 2p4(3PE) 5d     -1.51221E+00  1.35609E+01 20.0
     82 14  9  430   3 2p4(3PE) 5d     -1.49827E+00  1.35748E+01 28.0
     83 14  9  410   7 2p4(3PE) 5d     -1.49013E+00  1.35830E+01 12.0
     84 14  9  230   5 2p4(3PE) 5d     -1.48793E+00  1.35852E+01 14.0
     85 14  9  220   9 2p4(3PE) 5d     -1.47819E+00  1.35949E+01 10.0
     86 14  9  210   9 2p4(3PE) 5d     -1.46799E+00  1.36051E+01  6.0
     87 14  9  431   2 2p4(3PE) 5f     -1.45476E+00  1.36183E+01 28.0
     88 14  9  231   5 2p4(3PE) 5f     -1.44911E+00  1.36240E+01 14.0
     89 14  9  220  10 2p4(1SE) 4d     -1.44826E+00  1.36248E+01 10.0
     90 14  9  421   5 2p4(3PE) 5f     -1.44368E+00  1.36294E+01 20.0
     91 14  9  441   2 2p4(3PE) 5f     -1.44212E+00  1.36310E+01 36.0
     92 14  9  241   3 2p4(3PE) 5f     -1.44145E+00  1.36316E+01 18.0
     93 14  9  221   8 2p4(3PE) 5f     -1.44109E+00  1.36320E+01 10.0
     94 14  9  430   4 2p4(3PE) 5g     -1.43964E+00  1.36335E+01 28.0
     95 14  9  220  11 2p4(1DE) 5s     -1.39326E+00  1.36798E+01 10.0
     96 14  9  231   6 2p4(1SE) 4f     -1.36713E+00  1.37060E+01 14.0
     97 14  9  211  11 2p5(1PO) 3s     -1.33954E+00  1.37336E+01  6.0
     98 14  9  231   7 2p4(1DE) 5p     -1.26149E+00  1.38116E+01 14.0
     99 14  9  221   9 2p4(1DE) 5p     -1.24803E+00  1.38251E+01 10.0
    100 14  9  211  12 2p4(1DE) 5p     -1.22825E+00  1.38449E+01  6.0
    101 14  9  410   8 2p4(3PE) 6s     -1.20305E+00  1.38701E+01 12.0
    102 14  9  210  10 2p4(3PE) 6s     -1.19483E+00  1.38783E+01  6.0
    103 14  9  411   5 2p4(3PE) 6p     -1.13579E+00  1.39373E+01 12.0
    104 14  9  421   6 2p4(3PE) 6p     -1.12951E+00  1.39436E+01 20.0
    105 14  9  221  10 2p4(3PE) 6p     -1.12259E+00  1.39505E+01 10.0
    106 14  9  201   4 2p4(3PE) 6p     -1.11884E+00  1.39543E+01  2.0
    107 14  9  401   4 2p4(3PE) 6p     -1.11832E+00  1.39548E+01  4.0
    108 14  9  240   3 2p4(1DE) 5d     -1.09590E+00  1.39772E+01 18.0
    109 14  9  211  13 2p4(3PE) 6p     -1.09215E+00  1.39810E+01  6.0
    110 14  9  210  11 2p4(1DE) 5d     -1.08735E+00  1.39858E+01  6.0
    111 14  9  220  12 2p4(1DE) 5d     -1.08309E+00  1.39900E+01 10.0
    112 14  9  230   6 2p4(1DE) 5d     -1.08135E+00  1.39917E+01 14.0
    113 14  9  200   7 2p4(1DE) 5d     -1.08064E+00  1.39925E+01  2.0
    114 14  9  211  14 2p4(1DE) 5f     -1.04671E+00  1.40264E+01  6.0
    115 14  9  420   5 2p4(3PE) 6d     -1.04227E+00  1.40308E+01 20.0
    116 14  9  221  11 2p4(1DE) 5f     -1.04091E+00  1.40322E+01 10.0
    117 14  9  251   2 2p4(1DE) 5f     -1.03974E+00  1.40334E+01 22.0
    118 14  9  231   8 2p4(1DE) 5f     -1.03494E+00  1.40382E+01 14.0
    119 14  9  431   3 2p4(3PE) 6f     -1.03432E+00  1.40388E+01 28.0
    120 14  9  430   5 2p4(3PE) 6d     -1.03419E+00  1.40389E+01 28.0
    121 14  9  241   4 2p4(1DE) 5f     -1.03276E+00  1.40403E+01 18.0
    122 14  9  410   9 2p4(3PE) 6d     -1.02983E+00  1.40433E+01 12.0
    123 14  9  230   7 2p4(3PE) 6d     -1.02808E+00  1.40450E+01 14.0
    124 14  9  210  12 2p4(3PE) 6d     -1.01360E+00  1.40595E+01  6.0
    125 14  9  231   9 2p4(3PE) 6f     -1.01218E+00  1.40609E+01 14.0
    126 14  9  220  13 2p4(3PE) 6d     -1.01210E+00  1.40610E+01 10.0
    127 14  9  421   7 2p4(3PE) 6f     -1.01004E+00  1.40631E+01 20.0
    128 14  9  221  12 2p4(3PE) 6f     -1.00421E+00  1.40689E+01 10.0
    129 14  9  441   3 2p4(3PE) 6f     -1.00167E+00  1.40714E+01 36.0
    130 14  9  241   5 2p4(3PE) 6f     -1.00122E+00  1.40719E+01 18.0
    131 14  9  411   6 2p5(3PO) 3d     -1.00073E+00  1.40724E+01 12.0
    132 14  9  431   4 2p5(3PO) 3d     -9.37032E-01  1.41361E+01 28.0
    133 14  9  200   8 2p4(1SE) 5s     -9.12752E-01  1.41603E+01  2.0
    134 14  9  421   8 2p5(3PO) 3d     -8.73560E-01  1.41995E+01 20.0
    135 14  9  231  10 2p5(3PO) 3d     -8.65773E-01  1.42073E+01 14.0
    136 14  9  410  10 2p4(3PE) 7s     -8.60189E-01  1.42129E+01 12.0
    137 14  9  210  13 2p4(3PE) 7s     -8.54997E-01  1.42181E+01  6.0
    138 14  9  221  13 2p5(3PO) 3d     -8.33005E-01  1.42401E+01 10.0
    139 14  9  411   7 2p4(3PE) 7p     -8.17095E-01  1.42560E+01 12.0
    140 14  9  421   9 2p4(3PE) 7p     -8.10268E-01  1.42628E+01 20.0
    141 14  9  201   5 2p4(3PE) 7p     -8.08331E-01  1.42648E+01  2.0
    142 14  9  401   5 2p4(3PE) 7p     -8.08011E-01  1.42651E+01  4.0
    143 14  9  221  14 2p4(3PE) 7p     -8.03231E-01  1.42699E+01 10.0
    144 14  9  211  15 2p4(3PE) 7p     -8.02065E-01  1.42710E+01  6.0
    145 14  9  220  14 2p4(1DE) 6s     -7.98931E-01  1.42742E+01 10.0
    146 14  9  211  16 2p4(1SE) 5p     -7.70455E-01  1.43026E+01  6.0
    147 14  9  420   6 2p4(3PE) 7d     -7.61412E-01  1.43117E+01 20.0
    148 14  9  410  11 2p4(3PE) 7d     -7.53723E-01  1.43194E+01 12.0
    149 14  9  230   8 2p4(3PE) 7d     -7.52728E-01  1.43204E+01 14.0
    150 14  9  211  17 2p5(3PO) 3d     -7.48347E-01  1.43248E+01  6.0
    151 14  9  210  14 2p4(3PE) 7d     -7.46680E-01  1.43264E+01  6.0
    152 14  9  220  15 2p4(3PE) 7d     -7.44987E-01  1.43281E+01 10.0
    153 14  9  441   4 2p4(3PE) 7f     -7.35906E-01  1.43372E+01 36.0
    154 14  9  241   6 2p4(3PE) 7f     -7.35605E-01  1.43375E+01 18.0
    155 14  9  430   6 2p4(3PE) 7g     -7.34498E-01  1.43386E+01 28.0
    156 14  9  431   5 2p4(3PE) 7f     -7.32060E-01  1.43410E+01 28.0
    157 14  9  231  11 2p4(3PE) 7f     -7.30854E-01  1.43422E+01 14.0
    158 14  9  421  10 2p4(3PE) 7f     -7.29032E-01  1.43441E+01 20.0
    159 14  9  221  15 2p4(3PE) 7f     -7.28641E-01  1.43445E+01 10.0
    160 14  9  231  12 2p4(1DE) 6p     -7.22248E-01  1.43509E+01 14.0
    161 14  9  221  16 2p4(1DE) 6p     -7.14649E-01  1.43585E+01 10.0
    162 14  9  211  18 2p4(1DE) 6p     -7.10647E-01  1.43625E+01  6.0
    163 14  9  410  12 2p4(3PE) 8s     -6.45310E-01  1.44278E+01 12.0
    164 14  9  210  15 2p4(3PE) 8s     -6.42258E-01  1.44308E+01  6.0
    165 14  9  240   4 2p4(1DE) 6d     -6.30057E-01  1.44430E+01 18.0
    166 14  9  220  16 2p4(1DE) 6d     -6.26731E-01  1.44464E+01 10.0
    167 14  9  210  16 2p4(1DE) 6d     -6.25055E-01  1.44480E+01  6.0
    168 14  9  230   9 2p4(1DE) 6d     -6.21793E-01  1.44513E+01 14.0
    169 14  9  200   9 2p4(1DE) 6d     -6.21732E-01  1.44514E+01  2.0
    170 14  9  411   8 2p4(3PE) 8p     -6.17390E-01  1.44557E+01 12.0
    171 14  9  421  11 2p4(3PE) 8p     -6.14256E-01  1.44588E+01 20.0
    172 14  9  221  17 2p4(3PE) 8p     -6.11847E-01  1.44613E+01 10.0
    173 14  9  201   6 2p4(3PE) 8p     -6.11265E-01  1.44618E+01  2.0
    174 14  9  401   6 2p4(3PE) 8p     -6.11056E-01  1.44620E+01  4.0
    175 14  9  220  17 2p4(1SE) 5d     -6.04963E-01  1.44681E+01 10.0
    176 14  9  211  19 2p4(1DE) 6f     -6.03099E-01  1.44700E+01  6.0
    177 14  9  211  20 2p4(3PE) 8p     -6.01138E-01  1.44720E+01  6.0
    178 14  9  221  18 2p4(1DE) 6f     -5.98518E-01  1.44746E+01 10.0
    179 14  9  251   3 2p4(1DE) 6f     -5.97585E-01  1.44755E+01 22.0
    180 14  9  231  13 2p4(1DE) 6f     -5.95688E-01  1.44774E+01 14.0
    181 14  9  241   7 2p4(1DE) 6f     -5.93338E-01  1.44798E+01 18.0
    182 14  9  420   7 2p4(3PE) 8d     -5.80428E-01  1.44927E+01 20.0
    183 14  9  410  13 2p4(3PE) 8d     -5.75344E-01  1.44978E+01 12.0
    184 14  9  230  10 2p4(3PE) 8d     -5.74600E-01  1.44985E+01 14.0
    185 14  9  210  17 2p4(3PE) 8d     -5.70062E-01  1.45030E+01  6.0
    186 14  9  220  18 2p4(3PE) 8d     -5.66480E-01  1.45066E+01 10.0
    187 14  9  441   5 2p4(3PE) 8f     -5.63378E-01  1.45097E+01 36.0
    188 14  9  241   8 2p4(3PE) 8f     -5.63166E-01  1.45099E+01 18.0
    189 14  9  431   6 2p4(3PE) 8f     -5.62455E-01  1.45106E+01 28.0
    190 14  9  430   7 2p4(3PE) 8g     -5.62365E-01  1.45107E+01 28.0
    191 14  9  231  14 2p4(3PE) 8f     -5.62168E-01  1.45109E+01 14.0
    192 14  9  221  19 2p4(3PE) 8f     -5.61007E-01  1.45121E+01 10.0
    193 14  9  421  12 2p4(3PE) 8f     -5.60926E-01  1.45122E+01 20.0
    194 14  9  231  15 2p4(1SE) 5f     -5.55676E-01  1.45174E+01 14.0
    195 14  9  200  10 2p5(1PO) 4p     -5.40055E-01  1.45330E+01  2.0
    196 14  9  210  18 2p5(1PO) 3p     -5.28027E-01  1.45451E+01  6.0
    197 14  9  410  14 2p4(3PE) 9s     -5.01922E-01  1.45712E+01 12.0
    198 14  9  210  19 2p4(3PE) 9s     -4.97754E-01  1.45753E+01  6.0
    199 14  9  411   9 2p4(3PE) 9p     -4.82738E-01  1.45904E+01 12.0
    200 14  9  421  13 2p4(3PE) 9p     -4.80610E-01  1.45925E+01 20.0
    201 14  9  221  20 2p4(3PE) 9p     -4.78962E-01  1.45941E+01 10.0
    202 14  9  201   7 2p4(3PE) 9p     -4.78399E-01  1.45947E+01  2.0
    203 14  9  401   7 2p4(3PE) 9p     -4.78254E-01  1.45948E+01  4.0
    204 14  9  211  21 2p4(3PE) 9p     -4.73552E-01  1.45995E+01  6.0
    205 14  9  420   8 2p4(3PE) 9d     -4.57045E-01  1.46161E+01 20.0
    206 14  9  410  15 2p4(3PE) 9d     -4.53509E-01  1.46196E+01 12.0
    207 14  9  230  11 2p4(3PE) 9d     -4.53021E-01  1.46201E+01 14.0
    208 14  9  210  20 2p4(3PE) 9d     -4.49762E-01  1.46233E+01  6.0
    209 14  9  220  19 2p4(1DE) 7s     -4.49459E-01  1.46236E+01 10.0
    210 14  9  220  20 2p4(3PE) 9d     -4.48836E-01  1.46243E+01 10.0
    211 14  9  441   6 2p4(3PE) 9f     -4.45091E-01  1.46280E+01 36.0
    212 14  9  241   9 2p4(3PE) 9f     -4.44938E-01  1.46282E+01 18.0
    213 14  9  431   7 2p4(3PE) 9f     -4.44810E-01  1.46283E+01 28.0
    214 14  9  231  16 2p4(3PE) 9f     -4.44586E-01  1.46285E+01 14.0
    215 14  9  430   8 2p4(3PE) 9g     -4.44349E-01  1.46288E+01 28.0
    216 14  9  221  21 2p4(3PE) 9f     -4.43729E-01  1.46294E+01 10.0
    217 14  9  421  14 2p4(3PE) 9f     -4.43728E-01  1.46294E+01 20.0
    218 14  9  231  17 2p4(1DE) 7p     -4.08039E-01  1.46651E+01 14.0
    219 14  9  211  22 2p4(1DE) 7p     -4.04280E-01  1.46688E+01  6.0
    220 14  9  221  22 2p4(1DE) 7p     -4.03370E-01  1.46697E+01 10.0
    221 14  9  410  16 2p4(3PE)10s     -4.01509E-01  1.46716E+01 12.0
    222 14  9  210  21 2p4(3PE)10s     -3.99422E-01  1.46737E+01  6.0
    223 14  9  411  10 2p4(3PE)10p     -3.87762E-01  1.46853E+01 12.0
    224 14  9  421  15 2p4(3PE)10p     -3.86219E-01  1.46869E+01 20.0
    225 14  9  221  23 2p4(3PE)10p     -3.84994E-01  1.46881E+01 10.0
    226 14  9  201   8 2p4(3PE)10p     -3.84587E-01  1.46885E+01  2.0
    227 14  9  401   8 2p4(3PE)10p     -3.84483E-01  1.46886E+01  4.0
    228 14  9  211  23 2p4(3PE)10p     -3.78245E-01  1.46949E+01  6.0
    229 14  9  420   9 2p4(3PE)10d     -3.69188E-01  1.47039E+01 20.0
    230 14  9  410  17 2p4(3PE)10d     -3.66629E-01  1.47065E+01 12.0
    231 14  9  230  12 2p4(3PE)10d     -3.66312E-01  1.47068E+01 14.0
    232 14  9  210  22 2p4(3PE)10d     -3.65238E-01  1.47079E+01  6.0
    233 14  9  220  21 2p4(3PE)10d     -3.64212E-01  1.47089E+01 10.0
    234 14  9  441   7 2p4(3PE)10f     -3.60486E-01  1.47126E+01 36.0
    235 14  9  431   8 2p4(3PE)10f     -3.60412E-01  1.47127E+01 28.0
    236 14  9  241  10 2p4(3PE)10f     -3.60373E-01  1.47127E+01 18.0
    237 14  9  231  18 2p4(3PE)10f     -3.60221E-01  1.47129E+01 14.0
    238 14  9  200  11 2p4(1DE) 7d     -3.46528E-01  1.47266E+01  2.0
    239 14  9  200  12 2p4(1SE) 6s     -3.10163E-01  1.47629E+01  2.0
    240 14  9  200  13 2p4(1DE) 8d     -1.67930E-01  1.49052E+01  2.0
    241 14  9  200  14 2p4(1DE) 9d     -4.65902E-02  1.50265E+01  2.0
    242 14  9  200  15 2p4(1SE) 7s      2.90025E-02  1.51021E+01  2.0
    243 14  9  200  16 2p4(1DE)10d      4.07581E-02  1.51139E+01  2.0
    244 14  9  400   2 2p5(3PO) 4p      5.64632E-01  1.56377E+01  4.0
    245 14  9  400   3 2p5(3PO) 5p      1.62752E+00  1.67006E+01  4.0
    246 14  9  400   4 2p5(3PO) 6p      2.17284E+00  1.72459E+01  4.0
    247 14  9  400   5 2p5(3PO) 7p      2.48987E+00  1.75630E+01  4.0
    248 14  9  400   6 2p5(3PO) 8p      2.69044E+00  1.77635E+01  4.0
    249 14  9  400   7 2p5(3PO) 9p      2.82535E+00  1.78985E+01  4.0
    250 14  9  400   8 2p5(3PO)10p      2.92043E+00  1.79935E+01  4.0
 ====================================================================
