 ====================================================================
      i NZ NE iSLP iLV iCONF                 E(RYD)      TE(RYD)   gi
 ====================================================================
      1 14  8  310   1 2s2 2p4         -1.80928E+01  0.00000E+00  9.0
      2 14  8  120   1 2s2 2p4         -1.76763E+01  4.16500E-01  5.0
      3 14  8  100   1 2s2 2p4         -1.71899E+01  9.02901E-01  1.0
      4 14  8  311   1 2s 2p5          -1.48080E+01  3.28480E+00  9.0
      5 14  8  111   1 2s 2p5          -1.35046E+01  4.58820E+00  3.0
      6 14  8  100   2 2p6             -1.04108E+01  7.68200E+00  1.0
      7 14  8  501   1 2p3(4SO) 3s     -7.57751E+00  1.05153E+01  5.0
      8 14  8  301   1 2p3(4SO) 3s     -7.37259E+00  1.07202E+01  3.0
      9 14  8  321   1 2p3(2DO) 3s     -6.89401E+00  1.11988E+01 15.0
     10 14  8  121   1 2p3(2DO) 3s     -6.79150E+00  1.13013E+01  5.0
     11 14  8  510   1 2p3(4SO) 3p     -6.78336E+00  1.13094E+01 15.0
     12 14  8  310   2 2p3(4SO) 3p     -6.59780E+00  1.14950E+01  9.0
     13 14  8  311   2 2p3(2PO) 3s     -6.55728E+00  1.15355E+01  9.0
     14 14  8  111   2 2p3(2PO) 3s     -6.45281E+00  1.16400E+01  3.0
     15 14  8  110   1 2p3(2DO) 3p     -6.19037E+00  1.19024E+01  3.0
     16 14  8  320   1 2p3(2DO) 3p     -6.15945E+00  1.19333E+01 15.0
     17 14  8  330   1 2p3(2DO) 3p     -6.09977E+00  1.19930E+01 21.0
     18 14  8  130   1 2p3(2DO) 3p     -6.06365E+00  1.20292E+01  7.0
     19 14  8  310   3 2p3(2DO) 3p     -5.86089E+00  1.22319E+01  9.0
     20 14  8  300   1 2p3(2PO) 3p     -5.82894E+00  1.22639E+01  3.0
     21 14  8  521   1 2p3(4SO) 3d     -5.81948E+00  1.22733E+01 25.0
     22 14  8  320   2 2p3(2PO) 3p     -5.76603E+00  1.23268E+01 15.0
     23 14  8  120   2 2p3(2DO) 3p     -5.75299E+00  1.23398E+01  5.0
     24 14  8  110   2 2p3(2PO) 3p     -5.71203E+00  1.23808E+01  3.0
     25 14  8  310   4 2p3(2PO) 3p     -5.64499E+00  1.24478E+01  9.0
     26 14  8  321   2 2p3(4SO) 3d     -5.63721E+00  1.24556E+01 15.0
     27 14  8  120   3 2p3(2PO) 3p     -5.50672E+00  1.25861E+01  5.0
     28 14  8  100   3 2p3(2PO) 3p     -5.19983E+00  1.28930E+01  1.0
     29 14  8  331   1 2p3(2DO) 3d     -5.19689E+00  1.28959E+01 21.0
     30 14  8  101   1 2p3(2DO) 3d     -5.19542E+00  1.28974E+01  1.0
     31 14  8  341   1 2p3(2DO) 3d     -5.14275E+00  1.29501E+01 27.0
     32 14  8  141   1 2p3(2DO) 3d     -5.12119E+00  1.29716E+01  9.0
     33 14  8  321   3 2p3(2DO) 3d     -5.08953E+00  1.30033E+01 15.0
     34 14  8  111   3 2p3(2DO) 3d     -5.07856E+00  1.30142E+01  3.0
     35 14  8  311   3 2p3(2DO) 3d     -5.01598E+00  1.30768E+01  9.0
     36 14  8  121   2 2p3(2DO) 3d     -5.00996E+00  1.30828E+01  5.0
     37 14  8  301   2 2p3(2DO) 3d     -4.96669E+00  1.31261E+01  3.0
     38 14  8  131   1 2p3(2DO) 3d     -4.89839E+00  1.31944E+01  7.0
     39 14  8  331   2 2p3(2PO) 3d     -4.80345E+00  1.32894E+01 21.0
     40 14  8  311   4 2p3(2PO) 3d     -4.78557E+00  1.33072E+01  9.0
     41 14  8  321   4 2p3(2PO) 3d     -4.72869E+00  1.33641E+01 15.0
     42 14  8  121   3 2p3(2PO) 3d     -4.70801E+00  1.33848E+01  5.0
     43 14  8  131   2 2p3(2PO) 3d     -4.66290E+00  1.34299E+01  7.0
     44 14  8  510   2 2p4(4PE) 3s     -4.64653E+00  1.34463E+01 15.0
     45 14  8  111   4 2p3(2PO) 3d     -4.51273E+00  1.35801E+01  3.0
     46 14  8  310   5 2p4(4PE) 3s     -4.36359E+00  1.37292E+01  9.0
     47 14  8  501   2 2p3(4SO) 4s     -3.92698E+00  1.41658E+01  5.0
     48 14  8  511   1 2p4(4PE) 3p     -3.92653E+00  1.41663E+01 15.0
     49 14  8  521   2 2p4(4PE) 3p     -3.83431E+00  1.42585E+01 25.0
     50 14  8  301   3 2p3(4SO) 4s     -3.82749E+00  1.42653E+01  3.0
     51 14  8  321   5 2p4(4PE) 3p     -3.71823E+00  1.43746E+01 15.0
     52 14  8  501   3 2p4(4PE) 3p     -3.63457E+00  1.44582E+01  5.0
     53 14  8  301   4 2p4(4PE) 3p     -3.63359E+00  1.44592E+01  3.0
     54 14  8  311   5 2p4(4PE) 3p     -3.59030E+00  1.45025E+01  9.0
     55 14  8  510   3 2p3(4SO) 4p     -3.56230E+00  1.45305E+01 15.0
     56 14  8  320   3 2p4(2DE) 3s     -3.55488E+00  1.45379E+01 15.0
     57 14  8  310   6 2p3(4SO) 4p     -3.48273E+00  1.46101E+01  9.0
     58 14  8  120   4 2p4(2DE) 3s     -3.36056E+00  1.47322E+01  5.0
     59 14  8  321   6 2p3(2DO) 4s     -3.23386E+00  1.48589E+01 15.0
     60 14  8  521   3 2p3(4SO) 4d     -3.22467E+00  1.48681E+01 25.0
     61 14  8  121   4 2p3(2DO) 4s     -3.19239E+00  1.49004E+01  5.0
     62 14  8  321   7 2p3(4SO) 4d     -3.13622E+00  1.49566E+01 15.0
     63 14  8  530   1 2p3(4SO) 4f     -3.11142E+00  1.49814E+01 35.0
     64 14  8  330   2 2p3(4SO) 4f     -3.08436E+00  1.50084E+01 21.0
     65 14  8  520   1 2p4(4PE) 3d     -3.01814E+00  1.50747E+01 25.0
     66 14  8  110   3 2p3(2DO) 4p     -2.96498E+00  1.51278E+01  3.0
     67 14  8  330   3 2p3(2DO) 4p     -2.91921E+00  1.51736E+01 21.0
     68 14  8  320   4 2p3(2DO) 4p     -2.91803E+00  1.51748E+01 15.0
     69 14  8  130   2 2p3(2DO) 4p     -2.90621E+00  1.51866E+01  7.0
     70 14  8  311   6 2p3(2PO) 4s     -2.90514E+00  1.51877E+01  9.0
     71 14  8  300   2 2p4(2SE) 3s     -2.90465E+00  1.51882E+01  3.0
     72 14  8  530   2 2p4(4PE) 3d     -2.87430E+00  1.52185E+01 35.0
     73 14  8  111   5 2p3(2PO) 4s     -2.86148E+00  1.52313E+01  3.0
     74 14  8  310   7 2p3(2DO) 4p     -2.84792E+00  1.52449E+01  9.0
     75 14  8  510   4 2p4(4PE) 3d     -2.83544E+00  1.52574E+01 15.0
     76 14  8  331   3 2p4(2DE) 3p     -2.79364E+00  1.52992E+01 21.0
     77 14  8  330   4 2p4(4PE) 3d     -2.76723E+00  1.53256E+01 21.0
     78 14  8  120   5 2p3(2DO) 4p     -2.76186E+00  1.53309E+01  5.0
     79 14  8  111   6 2p4(2DE) 3p     -2.75287E+00  1.53399E+01  3.0
     80 14  8  131   3 2p4(2DE) 3p     -2.72388E+00  1.53689E+01  7.0
     81 14  8  100   4 2p4(2SE) 3s     -2.69788E+00  1.53949E+01  1.0
     82 14  8  320   5 2p4(4PE) 3d     -2.67920E+00  1.54136E+01 15.0
     83 14  8  321   8 2p4(2DE) 3p     -2.67102E+00  1.54218E+01 15.0
     84 14  8  310   8 2p4(4PE) 3d     -2.66897E+00  1.54238E+01  9.0
     85 14  8  121   5 2p4(2DE) 3p     -2.61987E+00  1.54729E+01  5.0
     86 14  8  110   4 2p3(2PO) 4p     -2.61271E+00  1.54801E+01  3.0
     87 14  8  311   7 2p4(2DE) 3p     -2.60770E+00  1.54851E+01  9.0
     88 14  8  310   9 2p4(2PE) 3s     -2.60692E+00  1.54859E+01  9.0
     89 14  8  101   2 2p3(2DO) 4d     -2.59770E+00  1.54951E+01  1.0
     90 14  8  331   4 2p3(2DO) 4d     -2.58856E+00  1.55042E+01 21.0
     91 14  8  320   6 2p3(2PO) 4p     -2.58783E+00  1.55050E+01 15.0
     92 14  8  341   2 2p3(2DO) 4d     -2.57835E+00  1.55145E+01 27.0
     93 14  8  141   2 2p3(2DO) 4d     -2.56966E+00  1.55231E+01  9.0
     94 14  8  300   3 2p3(2PO) 4p     -2.56635E+00  1.55265E+01  3.0
     95 14  8  321   9 2p3(2DO) 4d     -2.55712E+00  1.55357E+01 15.0
     96 14  8  111   7 2p3(2DO) 4d     -2.53573E+00  1.55571E+01  3.0
     97 14  8  310  10 2p3(2PO) 4p     -2.53221E+00  1.55606E+01  9.0
     98 14  8  311   8 2p3(2DO) 4d     -2.52279E+00  1.55700E+01  9.0
     99 14  8  120   6 2p3(2PO) 4p     -2.51504E+00  1.55778E+01  5.0
    100 14  8  301   5 2p3(2DO) 4d     -2.50847E+00  1.55843E+01  3.0
    101 14  8  121   6 2p3(2DO) 4d     -2.48933E+00  1.56035E+01  5.0
    102 14  8  131   4 2p3(2DO) 4d     -2.46851E+00  1.56243E+01  7.0
    103 14  8  110   5 2p4(2PE) 3s     -2.46770E+00  1.56251E+01  3.0
    104 14  8  340   1 2p3(2DO) 4f     -2.45354E+00  1.56393E+01 27.0
    105 14  8  330   5 2p3(2DO) 4f     -2.45104E+00  1.56418E+01 21.0
    106 14  8  320   7 2p3(2DO) 4f     -2.44984E+00  1.56430E+01 15.0
    107 14  8  110   6 2p3(2DO) 4f     -2.44897E+00  1.56438E+01  3.0
    108 14  8  120   7 2p3(2DO) 4f     -2.44618E+00  1.56466E+01  5.0
    109 14  8  310  11 2p3(2DO) 4f     -2.44446E+00  1.56483E+01  9.0
    110 14  8  130   3 2p3(2DO) 4f     -2.44212E+00  1.56507E+01  7.0
    111 14  8  140   1 2p3(2DO) 4f     -2.44062E+00  1.56522E+01  9.0
    112 14  8  350   1 2p3(2DO) 4f     -2.43926E+00  1.56535E+01 33.0
    113 14  8  150   1 2p3(2DO) 4f     -2.43894E+00  1.56539E+01 11.0
    114 14  8  100   5 2p3(2PO) 4p     -2.36364E+00  1.57292E+01  1.0
    115 14  8  501   4 2p3(4SO) 5s     -2.35521E+00  1.57376E+01  5.0
    116 14  8  301   6 2p3(4SO) 5s     -2.32806E+00  1.57647E+01  3.0
    117 14  8  331   5 2p3(2PO) 4d     -2.24910E+00  1.58437E+01 21.0
    118 14  8  311   9 2p3(2PO) 4d     -2.24095E+00  1.58519E+01  9.0
    119 14  8  121   7 2p3(2PO) 4d     -2.22785E+00  1.58650E+01  5.0
    120 14  8  321  10 2p3(2PO) 4d     -2.21992E+00  1.58729E+01 15.0
    121 14  8  510   5 2p3(4SO) 5p     -2.20752E+00  1.58853E+01 15.0
    122 14  8  131   5 2p3(2PO) 4d     -2.18472E+00  1.59081E+01  7.0
    123 14  8  310  12 2p3(4SO) 5p     -2.15653E+00  1.59363E+01  9.0
    124 14  8  111   8 2p3(2PO) 4d     -2.14278E+00  1.59500E+01  3.0
    125 14  8  340   2 2p3(2PO) 4f     -2.11730E+00  1.59755E+01 27.0
    126 14  8  320   8 2p3(2PO) 4f     -2.11645E+00  1.59763E+01 15.0
    127 14  8  130   4 2p3(2PO) 4f     -2.11028E+00  1.59825E+01  7.0
    128 14  8  330   6 2p3(2PO) 4f     -2.11008E+00  1.59827E+01 21.0
    129 14  8  120   8 2p3(2PO) 4f     -2.10846E+00  1.59843E+01  5.0
    130 14  8  140   2 2p3(2PO) 4f     -2.10664E+00  1.59862E+01  9.0
    131 14  8  311  10 2p4(2SE) 3p     -2.04658E+00  1.60462E+01  9.0
    132 14  8  521   4 2p3(4SO) 5d     -2.04526E+00  1.60475E+01 25.0
    133 14  8  321  11 2p3(4SO) 5d     -1.99752E+00  1.60953E+01 15.0
    134 14  8  111   9 2p4(2SE) 3p     -1.98262E+00  1.61102E+01  3.0
    135 14  8  530   3 2p3(4SO) 5f     -1.96169E+00  1.61311E+01 35.0
    136 14  8  330   7 2p3(4SO) 5f     -1.95985E+00  1.61329E+01 21.0
    137 14  8  311  11 2p4(2PE) 3p     -1.88171E+00  1.62111E+01  9.0
    138 14  8  340   3 2p4(2DE) 3d     -1.87815E+00  1.62146E+01 27.0
    139 14  8  321  12 2p4(2PE) 3p     -1.83656E+00  1.62562E+01 15.0
    140 14  8  121   8 2p4(2PE) 3p     -1.80375E+00  1.62891E+01  5.0
    141 14  8  300   4 2p4(2DE) 3d     -1.79052E+00  1.63023E+01  3.0
    142 14  8  310  13 2p4(2DE) 3d     -1.78611E+00  1.63067E+01  9.0
    143 14  8  140   3 2p4(2DE) 3d     -1.77346E+00  1.63193E+01  9.0
    144 14  8  320   9 2p4(2DE) 3d     -1.77009E+00  1.63227E+01 15.0
    145 14  8  330   8 2p4(2DE) 3d     -1.76779E+00  1.63250E+01 21.0
    146 14  8  101   3 2p4(2PE) 3p     -1.72174E+00  1.63711E+01  1.0
    147 14  8  110   7 2p4(2DE) 3d     -1.71478E+00  1.63780E+01  3.0
    148 14  8  321  13 2p3(2DO) 5s     -1.70354E+00  1.63893E+01 15.0
    149 14  8  301   7 2p4(2PE) 3p     -1.69226E+00  1.64005E+01  3.0
    150 14  8  120   9 2p4(2DE) 3d     -1.68959E+00  1.64032E+01  5.0
    151 14  8  121   9 2p3(2DO) 5s     -1.67559E+00  1.64172E+01  5.0
    152 14  8  130   5 2p4(2DE) 3d     -1.66903E+00  1.64238E+01  7.0
    153 14  8  100   6 2p4(2DE) 3d     -1.64196E+00  1.64508E+01  1.0
    154 14  8  501   5 2p3(4SO) 6s     -1.58647E+00  1.65063E+01  5.0
    155 14  8  320  10 2p3(2DO) 5p     -1.57331E+00  1.65195E+01 15.0
    156 14  8  110   8 2p3(2DO) 5p     -1.57012E+00  1.65227E+01  3.0
    157 14  8  330   9 2p3(2DO) 5p     -1.56902E+00  1.65238E+01 21.0
    158 14  8  301   8 2p3(4SO) 6s     -1.56697E+00  1.65258E+01  3.0
    159 14  8  130   6 2p3(2DO) 5p     -1.56164E+00  1.65312E+01  7.0
    160 14  8  310  14 2p3(2DO) 5p     -1.54888E+00  1.65439E+01  9.0
    161 14  8  510   6 2p3(4SO) 6p     -1.50431E+00  1.65885E+01 15.0
    162 14  8  120  10 2p3(2DO) 5p     -1.49525E+00  1.65975E+01  5.0
    163 14  8  310  15 2p3(4SO) 6p     -1.46894E+00  1.66239E+01  9.0
    164 14  8  111  10 2p4(2PE) 3p     -1.45760E+00  1.66352E+01  3.0
    165 14  8  101   4 2p3(2DO) 5d     -1.41479E+00  1.66780E+01  1.0
    166 14  8  321  14 2p3(2DO) 5d     -1.41190E+00  1.66809E+01 15.0
    167 14  8  331   6 2p3(2DO) 5d     -1.41147E+00  1.66813E+01 21.0
    168 14  8  521   5 2p3(4SO) 6d     -1.41143E+00  1.66814E+01 25.0
    169 14  8  341   3 2p3(2DO) 5d     -1.40580E+00  1.66870E+01 27.0
    170 14  8  141   3 2p3(2DO) 5d     -1.40150E+00  1.66913E+01  9.0
    171 14  8  111  11 2p3(2DO) 5d     -1.39378E+00  1.66990E+01  3.0
    172 14  8  311  12 2p3(2DO) 5d:    -1.39300E+00  1.66998E+01  9.0
    173 14  8  321  15 2p3(4SO) 6d     -1.37275E+00  1.67201E+01 15.0
    174 14  8  301   9 2p3(2DO) 5d     -1.36761E+00  1.67252E+01  3.0
    175 14  8  311  13 2p3(2PO) 5s:    -1.36692E+00  1.67259E+01  9.0
    176 14  8  530   4 2p3(4SO) 6f     -1.36395E+00  1.67288E+01 35.0
    177 14  8  330  10 2p3(4SO) 6f     -1.36249E+00  1.67303E+01 21.0
    178 14  8  121  10 2p3(2DO) 5d     -1.36098E+00  1.67318E+01  5.0
    179 14  8  131   6 2p3(2DO) 5d     -1.35296E+00  1.67398E+01  7.0
    180 14  8  310  16 2p3(2DO) 5f     -1.34644E+00  1.67464E+01  9.0
    181 14  8  320  11 2p3(2DO) 5f     -1.34589E+00  1.67469E+01 15.0
    182 14  8  110   9 2p3(2DO) 5f     -1.34260E+00  1.67502E+01  3.0
    183 14  8  111  12 2p3(2PO) 5s     -1.33599E+00  1.67568E+01  3.0
    184 14  8  350   2 2p3(2DO) 5f     -1.33465E+00  1.67582E+01 33.0
    185 14  8  120  11 2p3(2DO) 5f     -1.33459E+00  1.67582E+01  5.0
    186 14  8  150   2 2p3(2DO) 5f     -1.33441E+00  1.67584E+01 11.0
    187 14  8  130   7 2p3(2DO) 5f     -1.33181E+00  1.67610E+01  7.0
    188 14  8  330  11 2p3(2DO) 5f     -1.32949E+00  1.67633E+01 21.0
    189 14  8  340   4 2p3(2DO) 5f     -1.32745E+00  1.67654E+01 27.0
    190 14  8  140   4 2p3(2DO) 5f     -1.32657E+00  1.67662E+01  9.0
    191 14  8  320  12 2p3(2PO) 5p     -1.24784E+00  1.68450E+01 15.0
    192 14  8  300   5 2p3(2PO) 5p     -1.24415E+00  1.68486E+01  3.0
    193 14  8  110  10 2p3(2PO) 5p     -1.23604E+00  1.68568E+01  3.0
    194 14  8  310  17 2p3(2PO) 5p     -1.22279E+00  1.68700E+01  9.0
    195 14  8  120  12 2p3(2PO) 5p     -1.21228E+00  1.68805E+01  5.0
    196 14  8  501   6 2p3(4SO) 7s     -1.14075E+00  1.69520E+01  5.0
    197 14  8  320  13 2p4(2SE) 3d     -1.14074E+00  1.69521E+01 15.0
    198 14  8  100   7 2p3(2PO) 5p     -1.13939E+00  1.69534E+01  1.0
    199 14  8  301  10 2p3(4SO) 7s     -1.12970E+00  1.69631E+01  3.0
    200 14  8  510   7 2p3(4SO) 7p     -1.09270E+00  1.70001E+01 15.0
    201 14  8  331   7 2p3(2PO) 5d     -1.07602E+00  1.70168E+01 21.0
    202 14  8  310  18 2p3(4SO) 7p     -1.07329E+00  1.70195E+01  9.0
    203 14  8  120  13 2p4(2SE) 3d     -1.07292E+00  1.70199E+01  5.0
    204 14  8  311  14 2p3(2PO) 5d     -1.06983E+00  1.70230E+01  9.0
    205 14  8  121  11 2p3(2PO) 5d     -1.06834E+00  1.70245E+01  5.0
    206 14  8  321  16 2p3(2PO) 5d     -1.06139E+00  1.70314E+01 15.0
    207 14  8  131   7 2p3(2PO) 5d     -1.04440E+00  1.70484E+01  7.0
    208 14  8  521   6 2p3(4SO) 7d     -1.03213E+00  1.70607E+01 25.0
    209 14  8  130   8 2p3(2PO) 5f     -1.02141E+00  1.70714E+01  7.0
    210 14  8  330  12 2p3(2PO) 5f     -1.01933E+00  1.70735E+01 21.0
    211 14  8  111  13 2p3(2PO) 5d     -1.01451E+00  1.70783E+01  3.0
    212 14  8  320  14 2p4(2PE) 3d     -1.01432E+00  1.70785E+01 15.0
    213 14  8  321  17 2p3(4SO) 7d     -1.01398E+00  1.70788E+01 15.0
    214 14  8  530   5 2p3(4SO) 7f     -1.00235E+00  1.70905E+01 35.0
    215 14  8  330  13 2p3(4SO) 7f     -1.00091E+00  1.70919E+01 21.0
    216 14  8  340   5 2p3(2PO) 5f     -1.00081E+00  1.70920E+01 27.0
    217 14  8  140   5 2p3(2PO) 5f     -9.99571E-01  1.70932E+01  9.0
    218 14  8  510   8 2p4(4PE) 4s     -9.81587E-01  1.71112E+01 15.0
    219 14  8  321  18 2p3(2DO) 6s     -9.48895E-01  1.71439E+01 15.0
    220 14  8  120  14 2p3(2PO) 5f     -9.47729E-01  1.71451E+01  5.0
    221 14  8  121  12 2p3(2DO) 6s     -9.40432E-01  1.71524E+01  5.0
    222 14  8  320  15 2p3(2PO) 5f     -9.35253E-01  1.71575E+01 15.0
    223 14  8  310  19 2p4(4PE) 4s     -9.07353E-01  1.71854E+01  9.0
    224 14  8  330  14 2p4(2PE) 3d:    -8.88463E-01  1.72043E+01 21.0
    225 14  8  130   9 2p3(2DO) 6p     -8.80138E-01  1.72127E+01  7.0
    226 14  8  320  16 2p3(2DO) 6p     -8.69863E-01  1.72229E+01 15.0
    227 14  8  110  11 2p3(2DO) 6p     -8.69554E-01  1.72232E+01  3.0
    228 14  8  501   7 2p3(4SO) 8s     -8.60455E-01  1.72323E+01  5.0
    229 14  8  310  20 2p4(2PE) 3d     -8.52865E-01  1.72399E+01  9.0
    230 14  8  301  11 2p3(4SO) 8s     -8.52487E-01  1.72403E+01  3.0
    231 14  8  330  15 2p3(2DO) 6p     -8.45152E-01  1.72476E+01 21.0
    232 14  8  310  21 2p3(2DO) 6p     -8.38488E-01  1.72543E+01  9.0
    233 14  8  130  10 2p4(2PE) 3d     -8.32108E-01  1.72607E+01  7.0
    234 14  8  120  15 2p3(2DO) 6p     -8.28423E-01  1.72644E+01  5.0
    235 14  8  510   9 2p3(4SO) 8p     -8.23023E-01  1.72698E+01 15.0
    236 14  8  310  22 2p3(4SO) 8p     -8.09000E-01  1.72838E+01  9.0
    237 14  8  110  12 2p3(2DO) 6f:    -7.91517E-01  1.73013E+01  3.0
    238 14  8  521   7 2p3(4SO) 8d     -7.87562E-01  1.73052E+01 25.0
    239 14  8  321  19 2p3(4SO) 8d     -7.83373E-01  1.73094E+01 15.0
    240 14  8  101   5 2p3(2DO) 6d     -7.80291E-01  1.73125E+01  1.0
    241 14  8  331   8 2p3(2DO) 6d     -7.78179E-01  1.73146E+01 21.0
    242 14  8  120  16 2p3(2DO) 6f     -7.76381E-01  1.73164E+01  5.0
    243 14  8  341   4 2p3(2DO) 6d     -7.75258E-01  1.73175E+01 27.0
    244 14  8  141   4 2p3(2DO) 6d     -7.72823E-01  1.73200E+01  9.0
    245 14  8  530   6 2p3(4SO) 8f     -7.67487E-01  1.73253E+01 35.0
    246 14  8  330  16 2p3(4SO) 8f     -7.66203E-01  1.73266E+01 21.0
    247 14  8  111  14 2p3(2DO) 6d     -7.65821E-01  1.73270E+01  3.0
    248 14  8  321  20 2p3(2DO) 6d     -7.64841E-01  1.73280E+01 15.0
    249 14  8  311  15 2p3(2DO) 6d     -7.61034E-01  1.73318E+01  9.0
    250 14  8  301  12 2p3(2DO) 6d     -7.54497E-01  1.73383E+01  3.0
    251 14  8  121  13 2p3(2DO) 6d     -7.49068E-01  1.73437E+01  5.0
    252 14  8  131   8 2p3(2DO) 6d     -7.45084E-01  1.73477E+01  7.0
    253 14  8  350   3 2p3(2DO) 6f     -7.33682E-01  1.73591E+01 33.0
    254 14  8  150   3 2p3(2DO) 6f     -7.33520E-01  1.73593E+01 11.0
    255 14  8  340   6 2p3(2DO) 6f     -7.31741E-01  1.73611E+01 27.0
    256 14  8  140   6 2p3(2DO) 6f     -7.30169E-01  1.73626E+01  9.0
    257 14  8  130  11 2p3(2DO) 6h     -7.29404E-01  1.73634E+01  7.0
    258 14  8  330  17 2p3(2DO) 6f     -7.21319E-01  1.73715E+01 21.0
    259 14  8  320  17 2p3(2DO) 6f     -7.18139E-01  1.73747E+01 15.0
    260 14  8  511   2 2p4(4PE) 4p     -7.01019E-01  1.73918E+01 15.0
    261 14  8  310  23 2p3(2DO) 6f     -6.93507E-01  1.73993E+01  9.0
    262 14  8  501   8 2p3(4SO) 9s     -6.78346E-01  1.74145E+01  5.0
    263 14  8  521   8 2p4(4PE) 4p     -6.73515E-01  1.74193E+01 25.0
    264 14  8  120  17 2p4(2PE) 3d     -6.70325E-01  1.74225E+01  5.0
    265 14  8  301  13 2p3(4SO) 9s     -6.68174E-01  1.74246E+01  3.0
    266 14  8  110  13 2p4(2PE) 3d:    -6.52724E-01  1.74401E+01  3.0
    267 14  8  510  10 2p3(4SO) 9p     -6.45849E-01  1.74470E+01 15.0
    268 14  8  310  24 2p3(4SO) 9p     -6.39631E-01  1.74532E+01  9.0
    269 14  8  321  21 2p4(4PE) 4p     -6.33379E-01  1.74594E+01 15.0
    270 14  8  501   9 2p4(4PE) 4p     -6.21423E-01  1.74714E+01  5.0
    271 14  8  521   9 2p3(4SO) 9d     -6.19463E-01  1.74733E+01 25.0
    272 14  8  311  16 2p3(2PO) 6s     -6.18615E-01  1.74742E+01  9.0
    273 14  8  301  14 2p4(4PE) 4p     -6.13161E-01  1.74796E+01  3.0
    274 14  8  321  22 2p3(4SO) 9d     -6.10638E-01  1.74822E+01 15.0
    275 14  8  111  15 2p3(2PO) 6s     -6.07918E-01  1.74849E+01  3.0
    276 14  8  530   7 2p3(4SO) 9f     -6.06468E-01  1.74863E+01 35.0
    277 14  8  330  18 2p3(4SO) 9f     -6.05527E-01  1.74873E+01 21.0
    278 14  8  311  17 2p4(4PE) 4p     -5.53960E-01  1.75388E+01  9.0
    279 14  8  300   6 2p3(2PO) 6p     -5.40396E-01  1.75524E+01  3.0
    280 14  8  320  18 2p3(2PO) 6p     -5.35972E-01  1.75568E+01 15.0
    281 14  8  110  14 2p3(2PO) 6p     -5.34791E-01  1.75580E+01  3.0
    282 14  8  501  10 2p3(4SO)10s     -5.32610E-01  1.75602E+01  5.0
    283 14  8  301  15 2p3(4SO)10s     -5.31523E-01  1.75613E+01  3.0
    284 14  8  310  25 2p3(2PO) 6p     -5.25579E-01  1.75672E+01  9.0
    285 14  8  510  11 2p3(4SO)10p     -5.20027E-01  1.75728E+01 15.0
    286 14  8  120  18 2p3(2PO) 6p     -5.18895E-01  1.75739E+01  5.0
    287 14  8  310  26 2p3(4SO)10p     -5.13407E-01  1.75794E+01  9.0
    288 14  8  321  23 2p3(2DO) 7s     -5.05048E-01  1.75878E+01 15.0
    289 14  8  521  10 2p3(4SO)10d     -5.00932E-01  1.75919E+01 25.0
    290 14  8  121  14 2p3(2DO) 7s     -5.00128E-01  1.75927E+01  5.0
    291 14  8  321  24 2p3(4SO)10d     -4.95993E-01  1.75968E+01 15.0
    292 14  8  530   8 2p3(4SO)10f     -4.91392E-01  1.76014E+01 35.0
    293 14  8  330  19 2p3(4SO)10f     -4.90519E-01  1.76023E+01 21.0
    294 14  8  100   8 2p3(2PO) 6p     -4.81776E-01  1.76110E+01  1.0
    295 14  8  320  19 2p3(2DO) 7p     -4.57094E-01  1.76357E+01 15.0
    296 14  8  110  15 2p3(2DO) 7p     -4.55002E-01  1.76378E+01  3.0
    297 14  8  130  12 2p3(2DO) 7p     -4.51782E-01  1.76410E+01  7.0
    298 14  8  331   9 2p3(2PO) 6d     -4.45322E-01  1.76475E+01 21.0
    299 14  8  121  15 2p3(2PO) 6d     -4.41851E-01  1.76509E+01  5.0
    300 14  8  311  18 2p3(2PO) 6d     -4.41043E-01  1.76518E+01  9.0
    301 14  8  120  19 2p3(2DO) 7p     -4.28942E-01  1.76639E+01  5.0
    302 14  8  131   9 2p3(2PO) 6d     -4.27284E-01  1.76655E+01  7.0
    303 14  8  111  16 2p3(2PO) 6d     -4.12996E-01  1.76798E+01  3.0
    304 14  8  340   7 2p3(2PO) 6f     -4.01349E-01  1.76915E+01 27.0
    305 14  8  101   6 2p3(2DO) 7d     -4.00631E-01  1.76922E+01  1.0
    306 14  8  140   7 2p3(2PO) 6f     -4.00107E-01  1.76927E+01  9.0
    307 14  8  331  10 2p3(2DO) 7d     -3.97879E-01  1.76949E+01 21.0
    308 14  8  130  13 2p3(2PO) 6f     -3.96560E-01  1.76962E+01  7.0
    309 14  8  141   5 2p3(2DO) 7d     -3.95778E-01  1.76970E+01  9.0
    310 14  8  320  20 2p3(2PO) 6f     -3.95655E-01  1.76971E+01 15.0
    311 14  8  120  20 2p3(2PO) 6f     -3.93409E-01  1.76994E+01  5.0
    312 14  8  111  17 2p3(2DO) 7d     -3.88601E-01  1.77042E+01  3.0
    313 14  8  311  19 2p3(2DO) 7d     -3.88225E-01  1.77046E+01  9.0
    314 14  8  520   2 2p4(4PE) 4d     -3.82459E-01  1.77103E+01 25.0
    315 14  8  121  16 2p3(2DO) 7d     -3.79816E-01  1.77130E+01  5.0
    316 14  8  131  10 2p3(2DO) 7d     -3.78378E-01  1.77144E+01  7.0
    317 14  8  150   4 2p3(2DO) 7f     -3.71060E-01  1.77217E+01 11.0
    318 14  8  340   8 2p3(2DO) 7f     -3.70141E-01  1.77227E+01 27.0
    319 14  8  140   8 2p3(2DO) 7f     -3.68902E-01  1.77239E+01  9.0
    320 14  8  130  14 2p3(2DO) 7f     -3.66656E-01  1.77261E+01  7.0
    321 14  8  320  21 2p3(2DO) 7f     -3.66463E-01  1.77263E+01 15.0
    322 14  8  120  21 2p3(2DO) 7f     -3.63810E-01  1.77290E+01  5.0
    323 14  8  110  16 2p3(2DO) 7f     -3.61103E-01  1.77317E+01  3.0
    324 14  8  320  22 2p4(4PE) 4d     -2.34591E-01  1.78582E+01 15.0
    325 14  8  121  17 2p3(2DO) 8s     -2.21231E-01  1.78716E+01  5.0
    326 14  8  531   1 2p4(4PE) 4f     -2.15236E-01  1.78776E+01 35.0
    327 14  8  331  11 2p4(4PE) 4f     -2.08531E-01  1.78843E+01 21.0
    328 14  8  320  23 2p3(2DO) 8p     -1.93971E-01  1.78988E+01 15.0
    329 14  8  110  17 2p3(2DO) 8p     -1.92832E-01  1.79000E+01  3.0
    330 14  8  130  15 2p3(2DO) 8p     -1.89777E-01  1.79030E+01  7.0
    331 14  8  120  22 2p3(2DO) 8p     -1.75844E-01  1.79170E+01  5.0
    332 14  8  311  20 2p3(2PO) 7s     -1.73279E-01  1.79195E+01  9.0
    333 14  8  111  18 2p3(2PO) 7s     -1.68238E-01  1.79246E+01  3.0
    334 14  8  101   7 2p3(2DO) 8d     -1.55687E-01  1.79371E+01  1.0
    335 14  8  331  12 2p3(2DO) 8d     -1.55046E-01  1.79378E+01 21.0
    336 14  8  141   6 2p3(2DO) 8d     -1.52674E-01  1.79401E+01  9.0
    337 14  8  111  19 2p3(2DO) 8d     -1.49460E-01  1.79433E+01  3.0
    338 14  8  311  21 2p3(2DO) 8d     -1.47090E-01  1.79457E+01  9.0
    339 14  8  121  18 2p3(2DO) 8d     -1.43543E-01  1.79493E+01  5.0
    340 14  8  131  11 2p3(2DO) 8d     -1.41466E-01  1.79513E+01  7.0
    341 14  8  150   5 2p3(2DO) 8f     -1.35842E-01  1.79570E+01 11.0
    342 14  8  340   9 2p3(2DO) 8f     -1.35538E-01  1.79573E+01 27.0
    343 14  8  140   9 2p3(2DO) 8f     -1.34538E-01  1.79583E+01  9.0
    344 14  8  130  16 2p3(2DO) 8f     -1.33456E-01  1.79593E+01  7.0
    345 14  8  320  24 2p3(2DO) 8f     -1.33282E-01  1.79595E+01 15.0
    346 14  8  120  23 2p3(2DO) 8f     -1.32615E-01  1.79602E+01  5.0
    347 14  8  110  18 2p3(2DO) 8f     -1.31771E-01  1.79610E+01  3.0
    348 14  8  300   7 2p3(2PO) 7p     -1.25947E-01  1.79669E+01  3.0
    349 14  8  320  25 2p3(2PO) 7p     -1.23386E-01  1.79694E+01 15.0
    350 14  8  110  19 2p3(2PO) 7p     -1.21939E-01  1.79709E+01  3.0
    351 14  8  120  24 2p3(2PO) 7p     -1.13013E-01  1.79798E+01  5.0
    352 14  8  100   9 2p3(2PO) 7p     -8.99150E-02  1.80029E+01  1.0
    353 14  8  331  13 2p3(2PO) 7d     -6.63582E-02  1.80264E+01 21.0
    354 14  8  311  22 2p3(2PO) 7d     -6.42698E-02  1.80285E+01  9.0
    355 14  8  121  19 2p3(2PO) 7d     -6.37695E-02  1.80290E+01  5.0
    356 14  8  131  12 2p3(2PO) 7d     -5.53675E-02  1.80374E+01  7.0
    357 14  8  111  20 2p3(2PO) 7d     -4.49215E-02  1.80479E+01  3.0
    358 14  8  340  10 2p3(2PO) 7f     -3.89812E-02  1.80538E+01 27.0
    359 14  8  140  10 2p3(2PO) 7f     -3.80665E-02  1.80547E+01  9.0
    360 14  8  130  17 2p3(2PO) 7f     -3.72071E-02  1.80556E+01  7.0
    361 14  8  320  26 2p3(2PO) 7f     -3.64076E-02  1.80564E+01 15.0
    362 14  8  120  25 2p3(2PO) 7f     -3.54346E-02  1.80574E+01  5.0
    363 14  8  121  20 2p3(2DO) 9s     -3.39540E-02  1.80588E+01  5.0
    364 14  8  320  27 2p3(2DO) 9p     -1.67593E-02  1.80760E+01 15.0
    365 14  8  110  20 2p3(2DO) 9p     -1.40059E-02  1.80788E+01  3.0
    366 14  8  130  18 2p3(2DO) 9p     -1.23125E-02  1.80805E+01  7.0
    367 14  8  120  26 2p3(2DO) 9p     -2.66623E-03  1.80901E+01  5.0
    368 14  8  101   8 2p3(2DO) 9d      1.14402E-02  1.81042E+01  1.0
    369 14  8  331  14 2p3(2DO) 9d      1.20267E-02  1.81048E+01 21.0
    370 14  8  141   7 2p3(2DO) 9d      1.35302E-02  1.81063E+01  9.0
    371 14  8  111  21 2p3(2DO) 9d      1.55427E-02  1.81083E+01  3.0
    372 14  8  311  23 2p3(2DO) 9d      1.69689E-02  1.81098E+01  9.0
    373 14  8  121  21 2p3(2DO) 9d      2.04263E-02  1.81132E+01  5.0
    374 14  8  131  13 2p3(2DO) 9d      2.14354E-02  1.81142E+01  7.0
    375 14  8  150   6 2p3(2DO) 9f      2.53921E-02  1.81182E+01 11.0
    376 14  8  340  11 2p3(2DO) 9f      2.55748E-02  1.81184E+01 27.0
    377 14  8  140  11 2p3(2DO) 9f      2.63298E-02  1.81191E+01  9.0
    378 14  8  320  28 2p3(2DO) 9f      2.69035E-02  1.81197E+01 15.0
    379 14  8  130  19 2p3(2DO) 9f      2.69120E-02  1.81197E+01  7.0
    380 14  8  120  27 2p3(2DO) 9f      2.73177E-02  1.81201E+01  5.0
    381 14  8  110  21 2p3(2DO) 9f      2.76374E-02  1.81204E+01  3.0
    382 14  8  320  29 2p4(2DE) 4s      7.95382E-02  1.81723E+01 15.0
    383 14  8  121  22 2p3(2DO)10s      9.76045E-02  1.81904E+01  5.0
    384 14  8  311  25 2p5 3s           1.06835E-01  1.81996E+01  9.0
    385 14  8  311  24 2p3(2PO) 8s:     1.06835E-01  1.81996E+01  9.0
    386 14  8  111  22 2p4(2DE) 4p      1.10462E-01  1.82033E+01  3.0
    387 14  8  110  22 2p3(2DO)10p      1.11576E-01  1.82044E+01  3.0
    388 14  8  130  20 2p3(2DO)10p      1.13300E-01  1.82061E+01  7.0
    389 14  8  320  30 2p3(2DO)10p      1.17708E-01  1.82105E+01 15.0
    390 14  8  120  28 2p3(2DO)10p      1.18242E-01  1.82110E+01  5.0
    391 14  8  101   9 2p3(2DO)10d      1.30518E-01  1.82233E+01  1.0
    392 14  8  331  15 2p3(2DO)10d      1.30766E-01  1.82236E+01 21.0
    393 14  8  111  23 2p3(2PO) 8s      1.31391E-01  1.82242E+01  3.0
    394 14  8  141   8 2p3(2DO)10d      1.32022E-01  1.82248E+01  9.0
    395 14  8  311  26 2p3(2DO)10d      1.34669E-01  1.82275E+01  9.0
    396 14  8  121  23 2p3(2DO)10d      1.36511E-01  1.82293E+01  5.0
    397 14  8  111  24 2p3(2DO)10d      1.37296E-01  1.82301E+01  3.0
    398 14  8  131  14 2p3(2DO)10d      1.37592E-01  1.82304E+01  7.0
    399 14  8  300   8 2p3(2PO) 8p      1.38143E-01  1.82309E+01  3.0
    400 14  8  120  29 2p4(2DE) 4s      1.38350E-01  1.82311E+01  5.0
    401 14  8  150   7 2p3(2DO)10f      1.40690E-01  1.82335E+01 11.0
    402 14  8  340  12 2p3(2DO)10f      1.40740E-01  1.82335E+01 27.0
    403 14  8  320  31 2p3(2DO)10f      1.41123E-01  1.82339E+01 15.0
    404 14  8  140  12 2p3(2DO)10f      1.41346E-01  1.82341E+01  9.0
    405 14  8  130  21 2p3(2DO)10f      1.41704E-01  1.82345E+01  7.0
    406 14  8  100  10 2p3(2PO) 8p      1.61947E-01  1.82547E+01  1.0
    407 14  8  300   9 2p3(2PO) 9p      3.16639E-01  1.84094E+01  3.0
    408 14  8  100  11 2p3(2PO) 9p      3.33267E-01  1.84261E+01  1.0
    409 14  8  300  10 2p3(2PO)10p      4.42874E-01  1.85357E+01  3.0
    410 14  8  100  12 2p3(2PO)10p      4.55023E-01  1.85478E+01  1.0
    411 14  8  511   3 2p4(4PE) 5p      6.53871E-01  1.87467E+01 15.0
    412 14  8  520   3 2p4(4PE) 5d      8.09985E-01  1.89028E+01 25.0
    413 14  8  531   2 2p4(4PE) 5f      8.94098E-01  1.89869E+01 35.0
    414 14  8  511   4 2p4(4PE) 6p      1.36113E+00  1.94539E+01 15.0
    415 14  8  520   4 2p4(4PE) 6d      1.44867E+00  1.95415E+01 25.0
    416 14  8  531   3 2p4(4PE) 6f      1.49727E+00  1.95901E+01 35.0
    417 14  8  511   5 2p4(4PE) 7p      1.77641E+00  1.98692E+01 15.0
    418 14  8  520   5 2p4(4PE) 7d      1.83031E+00  1.99231E+01 25.0
    419 14  8  531   4 2p4(4PE) 7f      1.86090E+00  1.99537E+01 35.0
    420 14  8  511   6 2p4(4PE) 8p      2.04080E+00  2.01336E+01 15.0
    421 14  8  520   6 2p4(4PE) 8d      2.07632E+00  2.01691E+01 25.0
    422 14  8  531   5 2p4(4PE) 8f      2.09679E+00  2.01896E+01 35.0
    423 14  8  511   7 2p4(4PE) 9p      2.21943E+00  2.03122E+01 15.0
    424 14  8  520   7 2p4(4PE) 9d      2.24407E+00  2.03369E+01 25.0
    425 14  8  531   6 2p4(4PE) 9f      2.25843E+00  2.03512E+01 35.0
    426 14  8  511   8 2p4(4PE)10p      2.34574E+00  2.04385E+01 15.0
    427 14  8  520   8 2p4(4PE)10d      2.36354E+00  2.04563E+01 25.0
    428 14  8  531   7 2p4(4PE)10f      2.37400E+00  2.04668E+01 35.0
 ====================================================================
