 ====================================================================
      i NZ NE iSLP iLV iCONF                 E(RYD)      TE(RYD)   gi
 ====================================================================
      1 14  7  401   1 2s2 2p3         -2.23855E+01  0.00000E+00  4.0
      2 14  7  221   1 2s2 2p3         -2.17280E+01  6.57499E-01 10.0
      3 14  7  211   1 2s2 2p3         -2.13737E+01  1.01180E+00  6.0
      4 14  7  410   1 2s 2p4          -1.95285E+01  2.85700E+00 12.0
      5 14  7  220   1 2s 2p4          -1.84490E+01  3.93650E+00 10.0
      6 14  7  200   1 2s 2p4          -1.77116E+01  4.67390E+00  2.0
      7 14  7  210   1 2s 2p4          -1.75076E+01  4.87790E+00  6.0
      8 14  7  211   2 2p5             -1.48712E+01  7.51430E+00  6.0
      9 14  7  410   2 2p2(3PE) 3s     -9.25261E+00  1.31329E+01 12.0
     10 14  7  210   2 2p2(3PE) 3s     -9.07808E+00  1.33074E+01  6.0
     11 14  7  220   2 2p2(1DE) 3s     -8.72607E+00  1.36594E+01 10.0
     12 14  7  201   1 2p2(3PE) 3p     -8.60645E+00  1.37790E+01  2.0
     13 14  7  421   1 2p2(3PE) 3p     -8.50036E+00  1.38851E+01 20.0
     14 14  7  411   1 2p2(3PE) 3p     -8.44199E+00  1.39435E+01 12.0
     15 14  7  221   2 2p2(3PE) 3p     -8.32409E+00  1.40614E+01 10.0
     16 14  7  401   2 2p2(3PE) 3p     -8.31772E+00  1.40678E+01  4.0
     17 14  7  200   2 2p2(1SE) 3s     -8.26699E+00  1.41185E+01  2.0
     18 14  7  211   3 2p2(3PE) 3p     -8.21881E+00  1.41667E+01  6.0
     19 14  7  601   1 2p3(5SO) 3s     -8.05848E+00  1.43270E+01  6.0
     20 14  7  231   1 2p2(1DE) 3p     -7.94363E+00  1.44419E+01 14.0
     21 14  7  221   3 2p2(1DE) 3p     -7.79064E+00  1.45949E+01 10.0
     22 14  7  211   4 2p2(1DE) 3p     -7.67352E+00  1.47120E+01  6.0
     23 14  7  401   3 2p3(5SO) 3s     -7.59088E+00  1.47946E+01  4.0
     24 14  7  430   1 2p2(3PE) 3d     -7.58746E+00  1.47980E+01 28.0
     25 14  7  420   1 2p2(3PE) 3d     -7.49972E+00  1.48858E+01 20.0
     26 14  7  210   3 2p2(3PE) 3d     -7.49334E+00  1.48922E+01  6.0
     27 14  7  211   5 2p2(1SE) 3p     -7.41992E+00  1.49656E+01  6.0
     28 14  7  230   1 2p2(3PE) 3d     -7.41068E+00  1.49748E+01 14.0
     29 14  7  410   3 2p2(3PE) 3d     -7.40359E+00  1.49819E+01 12.0
     30 14  7  610   1 2p3(5SO) 3p     -7.27285E+00  1.51126E+01 18.0
     31 14  7  220   3 2p2(3PE) 3d     -7.19128E+00  1.51942E+01 10.0
     32 14  7  240   1 2p2(1DE) 3d     -7.00820E+00  1.53773E+01 18.0
     33 14  7  410   4 2p3(5SO) 3p     -6.99388E+00  1.53916E+01 12.0
     34 14  7  230   2 2p2(1DE) 3d     -6.95708E+00  1.54284E+01 14.0
     35 14  7  220   4 2p2(1DE) 3d     -6.92862E+00  1.54569E+01 10.0
     36 14  7  210   4 2p2(1DE) 3d     -6.83490E+00  1.55506E+01  6.0
     37 14  7  200   3 2p2(1DE) 3d     -6.75720E+00  1.56283E+01  2.0
     38 14  7  421   2 2p3(3DO) 3s     -6.57222E+00  1.58133E+01 20.0
     39 14  7  220   5 2p2(1SE) 3d     -6.49377E+00  1.58917E+01 10.0
     40 14  7  621   1 2p3(5SO) 3d     -6.38882E+00  1.59967E+01 30.0
     41 14  7  221   4 2p3(3DO) 3s     -6.30868E+00  1.60768E+01 10.0
     42 14  7  411   2 2p3(3PO) 3s     -6.10522E+00  1.62803E+01 12.0
     43 14  7  421   3 2p3(5SO) 3d     -6.05674E+00  1.63288E+01 20.0
     44 14  7  211   6 2p3(3PO) 3s     -5.85117E+00  1.65343E+01  6.0
     45 14  7  420   2 2p3(3DO) 3p     -5.84187E+00  1.65436E+01 20.0
     46 14  7  210   5 2p3(3DO) 3p     -5.80897E+00  1.65765E+01  6.0
     47 14  7  430   2 2p3(3DO) 3p     -5.80116E+00  1.65843E+01 28.0
     48 14  7  230   3 2p3(3DO) 3p     -5.71139E+00  1.66741E+01 14.0
     49 14  7  410   5 2p3(3DO) 3p     -5.54982E+00  1.68357E+01 12.0
     50 14  7  220   6 2p3(3DO) 3p     -5.43492E+00  1.69506E+01 10.0
     51 14  7  400   1 2p3(3PO) 3p     -5.37359E+00  1.70119E+01  4.0
     52 14  7  420   3 2p3(3PO) 3p     -5.33023E+00  1.70553E+01 20.0
     53 14  7  210   6 2p3(3PO) 3p     -5.22620E+00  1.71593E+01  6.0
     54 14  7  410   6 2p3(3PO) 3p     -5.20028E+00  1.71852E+01 12.0
     55 14  7  220   7 2p3(3PO) 3p     -5.13977E+00  1.72457E+01 10.0
     56 14  7  401   4 2p3(3SO) 3s     -5.08739E+00  1.72981E+01  4.0
     57 14  7  221   5 2p3(1DO) 3s     -5.06043E+00  1.73251E+01 10.0
     58 14  7  201   2 2p3(3SO) 3s     -4.99736E+00  1.73881E+01  2.0
     59 14  7  431   1 2p3(3DO) 3d     -4.97126E+00  1.74142E+01 28.0
     60 14  7  441   1 2p3(3DO) 3d     -4.94745E+00  1.74380E+01 36.0
     61 14  7  200   4 2p3(3PO) 3p     -4.87174E+00  1.75138E+01  2.0
     62 14  7  421   4 2p3(3DO) 3d     -4.85849E+00  1.75270E+01 20.0
     63 14  7  201   3 2p3(3DO) 3d     -4.82405E+00  1.75615E+01  2.0
     64 14  7  241   1 2p3(3DO) 3d     -4.80351E+00  1.75820E+01 18.0
     65 14  7  410   7 2p2(3PE) 4s     -4.79113E+00  1.75944E+01 12.0
     66 14  7  411   3 2p3(3DO) 3d     -4.77206E+00  1.76134E+01 12.0
     67 14  7  210   7 2p2(3PE) 4s     -4.76377E+00  1.76217E+01  6.0
     68 14  7  211   7 2p3(3DO) 3d     -4.68618E+00  1.76993E+01  6.0
     69 14  7  401   5 2p3(3DO) 3d     -4.67715E+00  1.77084E+01  4.0
     70 14  7  221   6 2p3(3DO) 3d     -4.65749E+00  1.77280E+01 10.0
     71 14  7  211   8 2p3(1PO) 3s     -4.60308E+00  1.77824E+01  6.0
     72 14  7  231   2 2p3(3DO) 3d     -4.57855E+00  1.78069E+01 14.0
     73 14  7  421   5 2p2(3PE) 4p     -4.53954E+00  1.78460E+01 20.0
     74 14  7  411   4 2p2(3PE) 4p     -4.51387E+00  1.78716E+01 12.0
     75 14  7  431   2 2p3(3PO) 3d     -4.49007E+00  1.78954E+01 28.0
     76 14  7  201   4 2p2(3PE) 4p     -4.48476E+00  1.79007E+01  2.0
     77 14  7  221   7 2p2(3PE) 4p     -4.45177E+00  1.79337E+01 10.0
     78 14  7  220   8 2p2(1DE) 4s     -4.41314E+00  1.79724E+01 10.0
     79 14  7  401   6 2p2(3PE) 4p     -4.40541E+00  1.79801E+01  4.0
     80 14  7  411   5 2p3(3PO) 3d     -4.37405E+00  1.80114E+01 12.0
     81 14  7  211   9 2p2(3PE) 4p     -4.37127E+00  1.80142E+01  6.0
     82 14  7  210   8 2p3(1DO) 3p:    -4.37003E+00  1.80155E+01  6.0
     83 14  7  421   6 2p3(3PO) 3d     -4.35719E+00  1.80283E+01 20.0
     84 14  7  410   8 2p3(3SO) 3p     -4.33738E+00  1.80481E+01 12.0
     85 14  7  230   4 2p3(1DO) 3p     -4.31540E+00  1.80701E+01 14.0
     86 14  7  231   3 2p3(3PO) 3d     -4.24862E+00  1.81369E+01 14.0
     87 14  7  221   8 2p3(3PO) 3d     -4.24829E+00  1.81372E+01 10.0
     88 14  7  430   3 2p2(3PE) 4d     -4.19468E+00  1.81908E+01 28.0
     89 14  7  420   4 2p2(3PE) 4d     -4.16840E+00  1.82171E+01 20.0
     90 14  7  210   9 2p2(3PE) 4d     -4.14808E+00  1.82374E+01  6.0
     91 14  7  220   9 2p3(1DO) 3p     -4.13739E+00  1.82481E+01 10.0
     92 14  7  410   9 2p2(3PE) 4d     -4.11568E+00  1.82698E+01 12.0
     93 14  7  230   5 2p2(3PE) 4d     -4.10156E+00  1.82839E+01 14.0
     94 14  7  231   4 2p2(1DE) 4p     -4.04422E+00  1.83413E+01 14.0
     95 14  7  220  10 2p2(3PE) 4d     -4.03596E+00  1.83495E+01 10.0
     96 14  7  211  10 2p3(3PO) 3d     -4.02850E+00  1.83570E+01  6.0
     97 14  7  421   7 2p2(3PE) 4f     -4.02160E+00  1.83639E+01 20.0
     98 14  7  221   9 2p2(3PE) 4f     -4.01541E+00  1.83701E+01 10.0
     99 14  7  441   2 2p2(3PE) 4f     -4.00501E+00  1.83805E+01 36.0
    100 14  7  241   2 2p2(3PE) 4f     -4.00320E+00  1.83823E+01 18.0
    101 14  7  221  10 2p2(1DE) 4p     -3.99622E+00  1.83893E+01 10.0
    102 14  7  431   3 2p2(3PE) 4f     -3.96692E+00  1.84186E+01 28.0
    103 14  7  211  11 2p2(1DE) 4p     -3.95897E+00  1.84265E+01  6.0
    104 14  7  200   5 2p2(1SE) 4s     -3.95695E+00  1.84286E+01  2.0
    105 14  7  231   5 2p2(3PE) 4f     -3.95406E+00  1.84314E+01 14.0
    106 14  7  210  10 2p3(3SO) 3p     -3.89148E+00  1.84940E+01  6.0
    107 14  7  220  11 2p3(1PO) 3p     -3.80283E+00  1.85827E+01 10.0
    108 14  7  210  11 2p3(1PO) 3p     -3.70117E+00  1.86843E+01  6.0
    109 14  7  240   2 2p2(1DE) 4d     -3.69437E+00  1.86911E+01 18.0
    110 14  7  230   6 2p2(1DE) 4d     -3.68086E+00  1.87046E+01 14.0
    111 14  7  231   6 2p2(1DE) 4f     -3.65296E+00  1.87325E+01 14.0
    112 14  7  220  12 2p2(1DE) 4d     -3.65207E+00  1.87334E+01 10.0
    113 14  7  601   2 2p3(5SO) 4s     -3.64874E+00  1.87368E+01  6.0
    114 14  7  241   3 2p2(1DE) 4f     -3.64304E+00  1.87425E+01 18.0
    115 14  7  200   6 2p3(1PO) 3p     -3.62569E+00  1.87598E+01  2.0
    116 14  7  210  12 2p2(1DE) 4d     -3.61528E+00  1.87702E+01  6.0
    117 14  7  200   7 2p2(1DE) 4d     -3.59989E+00  1.87856E+01  2.0
    118 14  7  221  11 2p2(1DE) 4f     -3.59913E+00  1.87864E+01 10.0
    119 14  7  211  12 2p2(1SE) 4p     -3.58839E+00  1.87971E+01  6.0
    120 14  7  211  13 2p2(1DE) 4f     -3.53619E+00  1.88493E+01  6.0
    121 14  7  401   7 2p3(5SO) 4s     -3.52881E+00  1.88567E+01  4.0
    122 14  7  421   8 2p3(3SO) 3d     -3.42929E+00  1.89562E+01 20.0
    123 14  7  221  12 2p3(1DO) 3d:    -3.40553E+00  1.89800E+01 10.0
    124 14  7  241   4 2p3(1DO) 3d     -3.35260E+00  1.90329E+01 18.0
    125 14  7  610   2 2p3(5SO) 4p     -3.34223E+00  1.90433E+01 18.0
    126 14  7  231   7 2p3(1DO) 3d     -3.32559E+00  1.90599E+01 14.0
    127 14  7  211  14 2p3(1DO) 3d     -3.24879E+00  1.91367E+01  6.0
    128 14  7  410  10 2p3(5SO) 4p     -3.23755E+00  1.91479E+01 12.0
    129 14  7  201   5 2p3(1DO) 3d     -3.23339E+00  1.91521E+01  2.0
    130 14  7  220  13 2p2(1SE) 4d     -3.22558E+00  1.91599E+01 10.0
    131 14  7  231   8 2p2(1SE) 4f     -3.13666E+00  1.92488E+01 14.0
    132 14  7  221  13 2p3(3SO) 3d     -3.12952E+00  1.92560E+01 10.0
    133 14  7  621   2 2p3(5SO) 4d     -3.02324E+00  1.93623E+01 30.0
    134 14  7  410  11 2p2(3PE) 5s     -2.96018E+00  1.94253E+01 12.0
    135 14  7  210  13 2p2(3PE) 5s     -2.93225E+00  1.94533E+01  6.0
    136 14  7  231   9 2p3(1PO) 3d     -2.88406E+00  1.95014E+01 14.0
    137 14  7  421   9 2p3(5SO) 4d     -2.88214E+00  1.95034E+01 20.0
    138 14  7  410  12 2p4(3PE) 3s     -2.85848E+00  1.95270E+01 12.0
    139 14  7  630   1 2p3(5SO) 4f     -2.84587E+00  1.95396E+01 42.0
    140 14  7  221  14 2p3(1PO) 3d     -2.84246E+00  1.95430E+01 10.0
    141 14  7  211  15 2p3(1PO) 3d     -2.84239E+00  1.95431E+01  6.0
    142 14  7  430   4 2p3(5SO) 4f     -2.83704E+00  1.95485E+01 28.0
    143 14  7  201   6 2p2(3PE) 5p     -2.82799E+00  1.95575E+01  2.0
    144 14  7  421  10 2p2(3PE) 5p     -2.81407E+00  1.95714E+01 20.0
    145 14  7  411   6 2p2(3PE) 5p     -2.80757E+00  1.95779E+01 12.0
    146 14  7  221  15 2p2(3PE) 5p     -2.76632E+00  1.96192E+01 10.0
    147 14  7  401   8 2p2(3PE) 5p     -2.76607E+00  1.96194E+01  4.0
    148 14  7  211  16 2p2(3PE) 5p     -2.74929E+00  1.96362E+01  6.0
    149 14  7  210  14 2p4(3PE) 3s     -2.70808E+00  1.96774E+01  6.0
    150 14  7  430   5 2p2(3PE) 5d     -2.65944E+00  1.97261E+01 28.0
    151 14  7  420   5 2p2(3PE) 5d     -2.64709E+00  1.97384E+01 20.0
    152 14  7  210  15 2p2(3PE) 5d     -2.63630E+00  1.97492E+01  6.0
    153 14  7  410  13 2p2(3PE) 5d     -2.62415E+00  1.97614E+01 12.0
    154 14  7  230   7 2p2(3PE) 5d     -2.61008E+00  1.97754E+01 14.0
    155 14  7  220  14 2p2(3PE) 5d     -2.58254E+00  1.98030E+01 10.0
    156 14  7  441   3 2p2(3PE) 5f     -2.56895E+00  1.98165E+01 36.0
    157 14  7  241   5 2p2(3PE) 5f     -2.56561E+00  1.98199E+01 18.0
    158 14  7  430   6 2p2(3PE) 5g     -2.56246E+00  1.98230E+01 28.0
    159 14  7  230   8 2p2(3PE) 5g     -2.56244E+00  1.98231E+01 14.0
    160 14  7  440   1 2p2(3PE) 5g     -2.55932E+00  1.98262E+01 36.0
    161 14  7  240   3 2p2(3PE) 5g     -2.55915E+00  1.98263E+01 18.0
    162 14  7  421  11 2p2(3PE) 5f     -2.55850E+00  1.98270E+01 20.0
    163 14  7  431   4 2p2(3PE) 5f     -2.55712E+00  1.98284E+01 28.0
    164 14  7  231  10 2p2(3PE) 5f     -2.55252E+00  1.98330E+01 14.0
    165 14  7  221  16 2p2(3PE) 5f     -2.55147E+00  1.98340E+01 10.0
    166 14  7  220  15 2p2(1DE) 5s     -2.48301E+00  1.99025E+01 10.0
    167 14  7  220  16 2p4(1DE) 3s     -2.36238E+00  2.00231E+01 10.0
    168 14  7  221  17 2p2(1DE) 5p     -2.33676E+00  2.00487E+01 10.0
    169 14  7  231  11 2p2(1DE) 5p     -2.33233E+00  2.00532E+01 14.0
    170 14  7  211  17 2p2(1DE) 5p     -2.31117E+00  2.00743E+01  6.0
    171 14  7  411   7 2p4(3PE) 3p     -2.26702E+00  2.01185E+01 12.0
    172 14  7  421  12 2p3(3DO) 4s     -2.24532E+00  2.01402E+01 20.0
    173 14  7  240   4 2p2(1DE) 5d     -2.17656E+00  2.02089E+01 18.0
    174 14  7  221  18 2p3(3DO) 4s     -2.17607E+00  2.02094E+01 10.0
    175 14  7  230   9 2p2(1DE) 5d     -2.17520E+00  2.02103E+01 14.0
    176 14  7  220  17 2p2(1DE) 5d     -2.15809E+00  2.02274E+01 10.0
    177 14  7  210  16 2p2(1DE) 5d     -2.14683E+00  2.02387E+01  6.0
    178 14  7  200   8 2p2(1DE) 5d     -2.13839E+00  2.02471E+01  2.0
    179 14  7  241   6 2p2(1DE) 5f     -2.10128E+00  2.02842E+01 18.0
    180 14  7  240   5 2p2(1DE) 5g     -2.09667E+00  2.02888E+01 18.0
    181 14  7  231  12 2p2(1DE) 5f     -2.09504E+00  2.02905E+01 14.0
    182 14  7  230  10 2p2(1DE) 5g     -2.09487E+00  2.02906E+01 14.0
    183 14  7  421  13 2p4(3PE) 3p     -2.09264E+00  2.02929E+01 20.0
    184 14  7  220  18 2p2(1DE) 5g     -2.09254E+00  2.02930E+01 10.0
    185 14  7  221  19 2p2(1DE) 5f     -2.08060E+00  2.03049E+01 10.0
    186 14  7  211  18 2p2(1DE) 5f     -2.06973E+00  2.03158E+01  6.0
    187 14  7  200   9 2p2(1SE) 5s     -2.03265E+00  2.03528E+01  2.0
    188 14  7  211  19 2p4(3PE) 3p     -2.02845E+00  2.03570E+01  6.0
    189 14  7  410  14 2p2(3PE) 6s     -2.01334E+00  2.03722E+01 12.0
    190 14  7  201   7 2p4(3PE) 3p     -2.00457E+00  2.03809E+01  2.0
    191 14  7  401   9 2p4(3PE) 3p     -1.99603E+00  2.03895E+01  4.0
    192 14  7  210  17 2p2(3PE) 6s     -1.99319E+00  2.03923E+01  6.0
    193 14  7  221  20 2p4(3PE) 3p     -1.98172E+00  2.04038E+01 10.0
    194 14  7  201   8 2p2(3PE) 6p     -1.93040E+00  2.04551E+01  2.0
    195 14  7  411   8 2p2(3PE) 6p     -1.92441E+00  2.04611E+01 12.0
    196 14  7  421  14 2p2(3PE) 6p     -1.91945E+00  2.04660E+01 20.0
    197 14  7  420   6 2p3(3DO) 4p     -1.91044E+00  2.04751E+01 20.0
    198 14  7  430   7 2p3(3DO) 4p     -1.90854E+00  2.04770E+01 28.0
    199 14  7  401  10 2p2(3PE) 6p     -1.90462E+00  2.04809E+01  4.0
    200 14  7  211  20 2p2(3PE) 6p     -1.89935E+00  2.04862E+01  6.0
    201 14  7  221  21 2p2(3PE) 6p     -1.89634E+00  2.04892E+01 10.0
    202 14  7  230  11 2p3(3DO) 4p     -1.87759E+00  2.05079E+01 14.0
    203 14  7  211  21 2p2(1SE) 5p     -1.87018E+00  2.05153E+01  6.0
    204 14  7  210  18 2p3(3DO) 4p     -1.83930E+00  2.05462E+01  6.0
    205 14  7  430   8 2p2(3PE) 6d     -1.83236E+00  2.05531E+01 28.0
    206 14  7  420   7 2p2(3PE) 6d     -1.82813E+00  2.05574E+01 20.0
    207 14  7  410  15 2p3(3DO) 4p     -1.82255E+00  2.05630E+01 12.0
    208 14  7  210  19 2p2(3PE) 6d     -1.81813E+00  2.05674E+01  6.0
    209 14  7  410  16 2p2(3PE) 6d     -1.81432E+00  2.05712E+01 12.0
    210 14  7  230  12 2p2(3PE) 6d     -1.80329E+00  2.05822E+01 14.0
    211 14  7  220  19 2p2(3PE) 6d     -1.79603E+00  2.05895E+01 10.0
    212 14  7  601   3 2p3(5SO) 5s     -1.79426E+00  2.05912E+01  6.0
    213 14  7  441   4 2p2(3PE) 6f     -1.78532E+00  2.06002E+01 36.0
    214 14  7  241   7 2p2(3PE) 6f     -1.78196E+00  2.06035E+01 18.0
    215 14  7  421  15 2p2(3PE) 6f     -1.78083E+00  2.06047E+01 20.0
    216 14  7  430   9 2p2(3PE) 6g     -1.78049E+00  2.06050E+01 28.0
    217 14  7  230  13 2p2(3PE) 6g     -1.78043E+00  2.06051E+01 14.0
    218 14  7  221  22 2p2(3PE) 6f     -1.77891E+00  2.06066E+01 10.0
    219 14  7  431   5 2p2(3PE) 6f     -1.77845E+00  2.06070E+01 28.0
    220 14  7  440   2 2p2(3PE) 6g     -1.77790E+00  2.06076E+01 36.0
    221 14  7  441   5 2p2(3PE) 6h     -1.77784E+00  2.06077E+01 36.0
    222 14  7  241   8 2p2(3PE) 6h     -1.77780E+00  2.06077E+01 18.0
    223 14  7  240   6 2p2(3PE) 6g     -1.77770E+00  2.06078E+01 18.0
    224 14  7  231  13 2p2(3PE) 6f     -1.77475E+00  2.06108E+01 14.0
    225 14  7  401  11 2p3(5SO) 5s     -1.73615E+00  2.06493E+01  4.0
    226 14  7  220  20 2p3(3DO) 4p     -1.73464E+00  2.06509E+01 10.0
    227 14  7  411   9 2p3(3PO) 4s     -1.72533E+00  2.06602E+01 12.0
    228 14  7  220  21 2p2(1SE) 5d     -1.71765E+00  2.06679E+01 10.0
    229 14  7  231  14 2p4(1DE) 3p     -1.68627E+00  2.06992E+01 14.0
    230 14  7  211  22 2p3(3PO) 4s     -1.65982E+00  2.07257E+01  6.0
    231 14  7  231  15 2p2(1SE) 5f     -1.64944E+00  2.07361E+01 14.0
    232 14  7  240   7 2p2(1SE) 5g     -1.64842E+00  2.07371E+01 18.0
    233 14  7  610   3 2p3(5SO) 5p     -1.64401E+00  2.07415E+01 18.0
    234 14  7  431   6 2p3(3DO) 4d     -1.58856E+00  2.07969E+01 28.0
    235 14  7  410  17 2p3(5SO) 5p     -1.58308E+00  2.08024E+01 12.0
    236 14  7  441   6 2p3(3DO) 4d     -1.58005E+00  2.08055E+01 36.0
    237 14  7  221  23 2p4(1DE) 3p     -1.56925E+00  2.08162E+01 10.0
    238 14  7  421  16 2p3(3DO) 4d     -1.56431E+00  2.08212E+01 20.0
    239 14  7  420   8 2p4(3PE) 3d     -1.55470E+00  2.08308E+01 20.0
    240 14  7  220  22 2p2(1DE) 6s     -1.53326E+00  2.08522E+01 10.0
    241 14  7  241   9 2p3(3DO) 4d     -1.52658E+00  2.08589E+01 18.0
    242 14  7  201   9 2p3(3DO) 4d     -1.52111E+00  2.08644E+01  2.0
    243 14  7  411  10 2p3(3DO) 4d     -1.50980E+00  2.08757E+01 12.0
    244 14  7  621   3 2p3(5SO) 5d     -1.49094E+00  2.08946E+01 30.0
    245 14  7  410  18 2p3(3DO) 4f     -1.48783E+00  2.08977E+01 12.0
    246 14  7  210  20 2p3(3DO) 4f     -1.48300E+00  2.09025E+01  6.0
    247 14  7  211  23 2p3(3DO) 4d     -1.48141E+00  2.09041E+01  6.0
    248 14  7  401  12 2p3(3DO) 4d     -1.47222E+00  2.09133E+01  4.0
    249 14  7  200  10 2p4(1SE) 3s     -1.47042E+00  2.09151E+01  2.0
    250 14  7  220  23 2p3(3DO) 4f     -1.46472E+00  2.09208E+01 10.0
    251 14  7  430  10 2p3(3DO) 4f     -1.46041E+00  2.09251E+01 28.0
    252 14  7  231  16 2p2(1DE) 6p     -1.44955E+00  2.09359E+01 14.0
    253 14  7  230  14 2p3(3DO) 4f     -1.44860E+00  2.09369E+01 14.0
    254 14  7  410  19 2p2(3PE) 7s     -1.44860E+00  2.09369E+01 12.0
    255 14  7  221  24 2p2(1DE) 6p     -1.44813E+00  2.09374E+01 10.0
    256 14  7  221  25 2p3(3DO) 4d     -1.44361E+00  2.09419E+01 10.0
    257 14  7  210  21 2p2(3PE) 7s     -1.44339E+00  2.09421E+01  6.0
    258 14  7  400   2 2p3(3PO) 4p     -1.44297E+00  2.09425E+01  4.0
    259 14  7  211  24 2p2(1DE) 6p     -1.43660E+00  2.09489E+01  6.0
    260 14  7  231  17 2p3(3DO) 4d     -1.43464E+00  2.09509E+01 14.0
    261 14  7  420   9 2p3(3PO) 4p     -1.42044E+00  2.09651E+01 20.0
    262 14  7  440   3 2p3(3DO) 4f     -1.41553E+00  2.09700E+01 36.0
    263 14  7  421  17 2p3(5SO) 5d     -1.41493E+00  2.09706E+01 20.0
    264 14  7  240   8 2p3(3DO) 4f     -1.40714E+00  2.09784E+01 18.0
    265 14  7  630   2 2p3(5SO) 5f     -1.40304E+00  2.09825E+01 42.0
    266 14  7  201  10 2p2(3PE) 7p     -1.39931E+00  2.09862E+01  2.0
    267 14  7  430  11 2p3(5SO) 5f     -1.39613E+00  2.09894E+01 28.0
    268 14  7  641   1 2p3(5SO) 5g     -1.39547E+00  2.09900E+01 54.0
    269 14  7  441   7 2p3(5SO) 5g     -1.39531E+00  2.09902E+01 36.0
    270 14  7  421  18 2p2(3PE) 7p     -1.39334E+00  2.09922E+01 20.0
    271 14  7  411  11 2p2(3PE) 7p     -1.38767E+00  2.09978E+01 12.0
    272 14  7  210  22 2p3(3PO) 4p     -1.37846E+00  2.10070E+01  6.0
    273 14  7  221  26 2p2(3PE) 7p     -1.37678E+00  2.10087E+01 10.0
    274 14  7  401  13 2p2(3PE) 7p     -1.37667E+00  2.10088E+01  4.0
    275 14  7  211  25 2p2(3PE) 7p     -1.36837E+00  2.10171E+01  6.0
    276 14  7  410  20 2p3(3PO) 4p     -1.36776E+00  2.10177E+01 12.0
    277 14  7  230  15 2p2(1DE) 6d     -1.36499E+00  2.10205E+01 14.0
    278 14  7  240   9 2p2(1DE) 6d     -1.35941E+00  2.10261E+01 18.0
    279 14  7  220  24 2p3(3PO) 4p     -1.35467E+00  2.10308E+01 10.0
    280 14  7  210  23 2p2(1DE) 6d     -1.34788E+00  2.10376E+01  6.0
    281 14  7  220  25 2p2(1DE) 6d     -1.34678E+00  2.10387E+01 10.0
    282 14  7  430  12 2p2(3PE) 7d     -1.34212E+00  2.10434E+01 28.0
    283 14  7  200  11 2p2(1DE) 6d     -1.33720E+00  2.10483E+01  2.0
    284 14  7  420  10 2p2(3PE) 7d     -1.33699E+00  2.10485E+01 20.0
    285 14  7  410  21 2p2(3PE) 7d     -1.32953E+00  2.10560E+01 12.0
    286 14  7  210  24 2p2(3PE) 7d     -1.32781E+00  2.10577E+01  6.0
    287 14  7  230  16 2p2(3PE) 7d     -1.31861E+00  2.10669E+01 14.0
    288 14  7  241  10 2p2(1DE) 6f     -1.31806E+00  2.10674E+01 18.0
    289 14  7  240  10 2p2(1DE) 6g     -1.31449E+00  2.10710E+01 18.0
    290 14  7  231  18 2p2(1DE) 6f     -1.31410E+00  2.10714E+01 14.0
    291 14  7  230  17 2p2(1DE) 6g     -1.31293E+00  2.10726E+01 14.0
    292 14  7  220  26 2p2(3PE) 7d     -1.31254E+00  2.10730E+01 10.0
    293 14  7  241  11 2p2(1DE) 6h     -1.31181E+00  2.10737E+01 18.0
    294 14  7  231  19 2p2(1DE) 6h     -1.31167E+00  2.10738E+01 14.0
    295 14  7  220  27 2p2(1DE) 6g     -1.31080E+00  2.10747E+01 10.0
    296 14  7  441   8 2p2(3PE) 7f     -1.30955E+00  2.10760E+01 36.0
    297 14  7  221  27 2p2(3PE) 7f     -1.30933E+00  2.10762E+01 10.0
    298 14  7  421  19 2p2(3PE) 7f     -1.30923E+00  2.10763E+01 20.0
    299 14  7  430  13 2p2(3PE) 7g     -1.30878E+00  2.10767E+01 28.0
    300 14  7  230  18 2p2(3PE) 7g     -1.30817E+00  2.10773E+01 14.0
    301 14  7  431   7 2p2(3PE) 7f     -1.30751E+00  2.10780E+01 28.0
    302 14  7  221  28 2p2(1DE) 6f     -1.30745E+00  2.10781E+01 10.0
    303 14  7  441   9 2p2(3PE) 7h     -1.30620E+00  2.10793E+01 36.0
    304 14  7  440   4 2p2(3PE) 7g     -1.30557E+00  2.10799E+01 36.0
    305 14  7  240  11 2p2(3PE) 7g     -1.30536E+00  2.10801E+01 18.0
    306 14  7  211  26 2p2(1DE) 6f     -1.30480E+00  2.10807E+01  6.0
    307 14  7  231  20 2p2(3PE) 7f     -1.30446E+00  2.10810E+01 14.0
    308 14  7  420  11 2p3(3DO) 4f     -1.29220E+00  2.10933E+01 20.0
    309 14  7  211  27 2p4(1DE) 3p     -1.28403E+00  2.11015E+01  6.0
    310 14  7  430  14 2p4(3PE) 3d     -1.28184E+00  2.11037E+01 28.0
    311 14  7  230  19 2p4(3PE) 3d     -1.21843E+00  2.11671E+01 14.0
    312 14  7  200  12 2p3(3PO) 4p     -1.19519E+00  2.11903E+01  2.0
    313 14  7  410  22 2p4(3PE) 3d     -1.14031E+00  2.12452E+01 12.0
    314 14  7  431   8 2p3(3PO) 4d     -1.11789E+00  2.12676E+01 28.0
    315 14  7  411  12 2p3(3PO) 4d     -1.09925E+00  2.12862E+01 12.0
    316 14  7  410  23 2p2(3PE) 8s     -1.09095E+00  2.12945E+01 12.0
    317 14  7  210  25 2p2(3PE) 8s     -1.08722E+00  2.12983E+01  6.0
    318 14  7  220  28 2p4(3PE) 3d     -1.08479E+00  2.13007E+01 10.0
    319 14  7  200  13 2p2(1SE) 6s     -1.08237E+00  2.13031E+01  2.0
    320 14  7  421  20 2p3(3PO) 4d     -1.08162E+00  2.13039E+01 20.0
    321 14  7  210  26 2p4(3PE) 3d     -1.08044E+00  2.13051E+01  6.0
    322 14  7  201  11 2p2(3PE) 8p     -1.06455E+00  2.13209E+01  2.0
    323 14  7  221  29 2p2(3PE) 8p     -1.06224E+00  2.13233E+01 10.0
    324 14  7  411  13 2p2(3PE) 8p     -1.05346E+00  2.13320E+01 12.0
    325 14  7  421  21 2p2(3PE) 8p     -1.05083E+00  2.13347E+01 20.0
    326 14  7  401  14 2p2(3PE) 8p     -1.05011E+00  2.13354E+01  4.0
    327 14  7  211  28 2p2(3PE) 8p     -1.04673E+00  2.13388E+01  6.0
    328 14  7  221  30 2p3(3PO) 4d     -1.03361E+00  2.13519E+01 10.0
    329 14  7  430  15 2p2(3PE) 8d     -1.02380E+00  2.13617E+01 28.0
    330 14  7  420  12 2p2(3PE) 8d     -1.02102E+00  2.13645E+01 20.0
    331 14  7  231  21 2p3(3PO) 4d     -1.01877E+00  2.13667E+01 14.0
    332 14  7  210  27 2p2(3PE) 8d     -1.01726E+00  2.13682E+01  6.0
    333 14  7  410  24 2p2(3PE) 8d     -1.01573E+00  2.13698E+01 12.0
    334 14  7  230  20 2p2(3PE) 8d     -1.01265E+00  2.13729E+01 14.0
    335 14  7  220  29 2p2(3PE) 8d     -1.00651E+00  2.13790E+01 10.0
    336 14  7  440   5 2p2(3PE) 8g     -1.00402E+00  2.13815E+01 36.0
    337 14  7  240  12 2p2(3PE) 8g     -1.00347E+00  2.13820E+01 18.0
    338 14  7  430  16 2p2(3PE) 8g     -1.00310E+00  2.13824E+01 28.0
    339 14  7  441  10 2p2(3PE) 8f     -1.00272E+00  2.13828E+01 36.0
    340 14  7  230  21 2p2(3PE) 8g     -1.00236E+00  2.13831E+01 14.0
    341 14  7  241  12 2p2(3PE) 8f     -1.00183E+00  2.13837E+01 18.0
    342 14  7  221  31 2p2(3PE) 8f     -1.00049E+00  2.13850E+01 10.0
    343 14  7  441  11 2p2(3PE) 8h     -1.00008E+00  2.13854E+01 36.0
    344 14  7  241  13 2p2(3PE) 8h     -1.00005E+00  2.13855E+01 18.0
    345 14  7  421  22 2p2(3PE) 8f     -1.00002E+00  2.13855E+01 20.0
    346 14  7  431   9 2p2(3PE) 8f     -9.98874E-01  2.13866E+01 28.0
    347 14  7  211  29 2p2(1SE) 6p     -9.96982E-01  2.13885E+01  6.0
    348 14  7  231  22 2p2(3PE) 8f     -9.94911E-01  2.13906E+01 14.0
    349 14  7  220  30 2p2(1DE) 7s     -9.79507E-01  2.14060E+01 10.0
    350 14  7  211  30 2p3(3PO) 4d     -9.48936E-01  2.14366E+01  6.0
    351 14  7  240  13 2p3(3PO) 4f     -9.48611E-01  2.14369E+01 18.0
    352 14  7  440   6 2p3(3PO) 4f     -9.44854E-01  2.14406E+01 36.0
    353 14  7  420  13 2p3(3PO) 4f     -9.34767E-01  2.14507E+01 20.0
    354 14  7  430  17 2p3(3PO) 4f     -9.27846E-01  2.14577E+01 28.0
    355 14  7  231  23 2p2(1DE) 7p     -9.26191E-01  2.14593E+01 14.0
    356 14  7  221  32 2p2(1DE) 7p     -9.24776E-01  2.14607E+01 10.0
    357 14  7  240  14 2p4(1DE) 3d     -9.20712E-01  2.14648E+01 18.0
    358 14  7  211  31 2p2(1DE) 7p     -9.17512E-01  2.14680E+01  6.0
    359 14  7  230  22 2p3(3PO) 4f     -9.15135E-01  2.14704E+01 14.0
    360 14  7  220  31 2p3(3PO) 4f     -9.14865E-01  2.14706E+01 10.0
    361 14  7  220  32 2p2(1SE) 6d     -9.04662E-01  2.14808E+01 10.0
    362 14  7  230  23 2p2(1DE) 7d     -8.71013E-01  2.15145E+01 14.0
    363 14  7  240  15 2p2(1DE) 7d     -8.70320E-01  2.15152E+01 18.0
    364 14  7  231  24 2p2(1SE) 6f     -8.68581E-01  2.15169E+01 14.0
    365 14  7  240  16 2p2(1SE) 6g     -8.66029E-01  2.15195E+01 18.0
    366 14  7  220  33 2p2(1DE) 7d     -8.63645E-01  2.15219E+01 10.0
    367 14  7  210  28 2p2(1DE) 7d     -8.60852E-01  2.15246E+01  6.0
    368 14  7  200  14 2p2(1DE) 7d     -8.55849E-01  2.15297E+01  2.0
    369 14  7  410  25 2p2(3PE) 9s     -8.54369E-01  2.15311E+01 12.0
    370 14  7  210  29 2p2(3PE) 9s     -8.50767E-01  2.15347E+01  6.0
    371 14  7  241  14 2p2(1DE) 7f     -8.44863E-01  2.15406E+01 18.0
    372 14  7  231  25 2p2(1DE) 7f     -8.42468E-01  2.15430E+01 14.0
    373 14  7  230  24 2p2(1DE) 7g     -8.42445E-01  2.15431E+01 14.0
    374 14  7  240  17 2p2(1DE) 7g     -8.41060E-01  2.15444E+01 18.0
    375 14  7  241  15 2p2(1DE) 7h     -8.40175E-01  2.15453E+01 18.0
    376 14  7  240  18 2p2(1DE) 7i     -8.40164E-01  2.15453E+01 18.0
    377 14  7  231  26 2p2(1DE) 7h     -8.39969E-01  2.15455E+01 14.0
    378 14  7  220  34 2p2(1DE) 7g     -8.39874E-01  2.15456E+01 10.0
    379 14  7  221  33 2p2(1DE) 7f     -8.39422E-01  2.15461E+01 10.0
    380 14  7  601   4 2p3(5SO) 6s     -8.38122E-01  2.15474E+01  6.0
    381 14  7  201  12 2p2(3PE) 9p     -8.37432E-01  2.15481E+01  2.0
    382 14  7  211  32 2p2(1DE) 7f     -8.36104E-01  2.15494E+01  6.0
    383 14  7  401  15 2p2(3PE) 9p     -8.32412E-01  2.15531E+01  4.0
    384 14  7  421  23 2p2(3PE) 9p     -8.31051E-01  2.15544E+01 20.0
    385 14  7  411  14 2p2(3PE) 9p     -8.29445E-01  2.15561E+01 12.0
    386 14  7  221  34 2p2(3PE) 9p     -8.23939E-01  2.15616E+01 10.0
    387 14  7  211  33 2p2(3PE) 9p     -8.20189E-01  2.15653E+01  6.0
    388 14  7  430  18 2p2(3PE) 9d     -8.06794E-01  2.15787E+01 28.0
    389 14  7  420  14 2p2(3PE) 9d     -8.04839E-01  2.15807E+01 20.0
    390 14  7  401  16 2p3(5SO) 6s     -8.02609E-01  2.15829E+01  4.0
    391 14  7  210  30 2p2(3PE) 9d     -8.02572E-01  2.15829E+01  6.0
    392 14  7  410  26 2p2(3PE) 9d     -8.01371E-01  2.15841E+01 12.0
    393 14  7  230  25 2p2(3PE) 9d     -7.98305E-01  2.15872E+01 14.0
    394 14  7  220  35 2p2(3PE) 9d     -7.94187E-01  2.15913E+01 10.0
    395 14  7  441  12 2p2(3PE) 9f     -7.92166E-01  2.15933E+01 36.0
    396 14  7  221  35 2p2(3PE) 9f     -7.91475E-01  2.15940E+01 10.0
    397 14  7  241  16 2p2(3PE) 9f     -7.91461E-01  2.15940E+01 18.0
    398 14  7  421  24 2p2(3PE) 9f     -7.91460E-01  2.15940E+01 20.0
    399 14  7  230  26 2p2(3PE) 9g     -7.90620E-01  2.15949E+01 14.0
    400 14  7  441  13 2p2(3PE) 9h     -7.90196E-01  2.15953E+01 36.0
    401 14  7  241  17 2p2(3PE) 9h     -7.90177E-01  2.15953E+01 18.0
    402 14  7  430  19 2p2(3PE) 9g     -7.90161E-01  2.15953E+01 28.0
    403 14  7  431  10 2p2(3PE) 9f     -7.90094E-01  2.15954E+01 28.0
    404 14  7  230  27 2p3(1DO) 4p     -7.89278E-01  2.15962E+01 14.0
    405 14  7  231  27 2p2(3PE) 9f     -7.89137E-01  2.15964E+01 14.0
    406 14  7  440   7 2p2(3PE) 9g     -7.88647E-01  2.15969E+01 36.0
    407 14  7  240  19 2p2(3PE) 9g     -7.88580E-01  2.15969E+01 18.0
    408 14  7  610   4 2p3(5SO) 6p     -7.53645E-01  2.16319E+01 18.0
    409 14  7  200  15 2p4(1DE) 3d     -7.32173E-01  2.16533E+01  2.0
    410 14  7  410  27 2p3(5SO) 6p     -7.23711E-01  2.16618E+01 12.0
    411 14  7  220  36 2p3(1DO) 4p     -6.97021E-01  2.16885E+01 10.0
    412 14  7  410  28 2p2(3PE)10s     -6.86841E-01  2.16987E+01 12.0
    413 14  7  401  17 2p3(3SO) 4s     -6.85197E-01  2.17003E+01  4.0
    414 14  7  210  31 2p2(3PE)10s     -6.84763E-01  2.17007E+01  6.0
    415 14  7  201  13 2p2(3PE)10p     -6.84436E-01  2.17011E+01  2.0
    416 14  7  211  34 2p4(1SE) 3p:    -6.81005E-01  2.17045E+01  6.0
    417 14  7  221  36 2p3(1DO) 4s     -6.80531E-01  2.17050E+01 10.0
    418 14  7  421  25 2p2(3PE)10p     -6.70034E-01  2.17155E+01 20.0
    419 14  7  411  15 2p2(3PE)10p     -6.68741E-01  2.17168E+01 12.0
    420 14  7  621   4 2p3(5SO) 6d     -6.68111E-01  2.17174E+01 30.0
    421 14  7  211  35 2p2(3PE)10p     -6.62481E-01  2.17230E+01  6.0
    422 14  7  221  37 2p2(3PE)10p     -6.60168E-01  2.17253E+01 10.0
    423 14  7  401  18 2p2(3PE)10p     -6.59679E-01  2.17258E+01  4.0
    424 14  7  430  20 2p2(3PE)10d     -6.52184E-01  2.17333E+01 28.0
    425 14  7  420  15 2p2(3PE)10d     -6.50751E-01  2.17347E+01 20.0
    426 14  7  210  32 2p2(3PE)10d     -6.49915E-01  2.17356E+01  6.0
    427 14  7  410  29 2p2(3PE)10d     -6.48262E-01  2.17372E+01 12.0
    428 14  7  230  28 2p2(3PE)10d     -6.46427E-01  2.17391E+01 14.0
    429 14  7  210  33 2p4(1DE) 3d     -6.45898E-01  2.17396E+01  6.0
    430 14  7  220  37 2p2(3PE)10d     -6.43236E-01  2.17423E+01 10.0
    431 14  7  421  26 2p2(3PE)10f     -6.41775E-01  2.17437E+01 20.0
    432 14  7  441  14 2p2(3PE)10f     -6.41552E-01  2.17439E+01 36.0
    433 14  7  221  38 2p2(3PE)10f     -6.41173E-01  2.17443E+01 10.0
    434 14  7  230  29 2p2(3PE)10g     -6.40434E-01  2.17451E+01 14.0
    435 14  7  430  21 2p2(3PE)10g     -6.40426E-01  2.17451E+01 28.0
    436 14  7  431  11 2p2(3PE)10f     -6.40123E-01  2.17454E+01 28.0
    437 14  7  441  15 2p2(3PE)10h     -6.40063E-01  2.17454E+01 36.0
    438 14  7  630   3 2p3(5SO) 6f     -6.18259E-01  2.17672E+01 42.0
    439 14  7  641   2 2p3(5SO) 6g     -6.13255E-01  2.17722E+01 54.0
    440 14  7  200  16 2p2(1DE) 8d     -5.46550E-01  2.18389E+01  2.0
    441 14  7  200  17 2p2(1SE) 7s     -5.29554E-01  2.18559E+01  2.0
    442 14  7  200  18 2p2(1DE) 9d     -3.31836E-01  2.20537E+01  2.0
    443 14  7  601   5 2p3(5SO) 7s     -2.80754E-01  2.21047E+01  6.0
    444 14  7  610   5 2p3(5SO) 7p     -2.28627E-01  2.21569E+01 18.0
    445 14  7  200  19 2p2(1SE) 8s     -1.83428E-01  2.22021E+01  2.0
    446 14  7  200  20 2p2(1DE)10d     -1.76854E-01  2.22086E+01  2.0
    447 14  7  621   5 2p3(5SO) 7d     -1.75933E-01  2.22096E+01 30.0
    448 14  7  630   4 2p3(5SO) 7f     -1.44941E-01  2.22406E+01 42.0
    449 14  7  641   3 2p3(5SO) 7g     -1.41572E-01  2.22439E+01 54.0
    450 14  7  601   6 2p3(5SO) 8s      7.24834E-02  2.24580E+01  6.0
    451 14  7  610   6 2p3(5SO) 8p      1.06880E-01  2.24924E+01 18.0
    452 14  7  621   6 2p3(5SO) 8d      1.41653E-01  2.25272E+01 30.0
    453 14  7  630   5 2p3(5SO) 8f      1.62235E-01  2.25477E+01 42.0
    454 14  7  641   4 2p3(5SO) 8g      1.64585E-01  2.25501E+01 54.0
    455 14  7  400   3 2p3(3PO) 5p      2.55257E-01  2.26408E+01  4.0
    456 14  7  601   7 2p3(5SO) 9s      3.10397E-01  2.26959E+01  6.0
    457 14  7  610   7 2p3(5SO) 9p      3.34273E-01  2.27198E+01 18.0
    458 14  7  621   7 2p3(5SO) 9d      3.58430E-01  2.27439E+01 30.0
    459 14  7  630   6 2p3(5SO) 9f      3.72794E-01  2.27583E+01 42.0
    460 14  7  641   5 2p3(5SO) 9g      3.74488E-01  2.27600E+01 54.0
    461 14  7  601   8 2p3(5SO)10s      4.78243E-01  2.28637E+01  6.0
    462 14  7  610   8 2p3(5SO)10p      4.95487E-01  2.28810E+01 18.0
    463 14  7  621   8 2p3(5SO)10d      5.12953E-01  2.28985E+01 30.0
    464 14  7  630   7 2p3(5SO)10f      5.23375E-01  2.29089E+01 42.0
    465 14  7  641   6 2p3(5SO)10g      5.24632E-01  2.29101E+01 54.0
    466 14  7  400   4 2p3(3PO) 6p      1.14562E+00  2.35311E+01  4.0
    467 14  7  400   5 2p3(3PO) 7p      1.67064E+00  2.40561E+01  4.0
    468 14  7  400   6 2p3(3PO) 8p      2.00615E+00  2.43916E+01  4.0
    469 14  7  400   7 2p3(3PO) 9p      2.23354E+00  2.46190E+01  4.0
    470 14  7  400   8 2p3(3PO)10p      2.39475E+00  2.47803E+01  4.0
 ====================================================================
