 <pre>
 ===============================================
  iCONF                 E(RYD)      TE(RYD)   gi
 ===============================================
  3d4(4)          -5.18345E+00  2.56380E-01  9.0
  3d4(4)          -5.07432E+00  3.65510E-01  9.0
  3d4(4)          -5.00937E+00  4.30460E-01  1.0
  3d4(4)          -4.98812E+00  4.51710E-01  5.0
  3d4(4)          -4.91507E+00  5.24760E-01  7.0
  3d4(2)          -4.81350E+00  6.26330E-01  9.0
  3d4(2)          -4.74082E+00  6.99010E-01  9.0
  3d4(2)          -4.49353E+00  9.46300E-01  5.0
  3d4(0)          -4.21480E+00  1.22503E+00  1.0
  3d3(2G3) 4s     -3.49458E+00  1.94525E+00  9.0
  3d3(4P3) 4s     -3.48258E+00  1.95725E+00  9.0
  3d3(2P3) 4s     -3.47165E+00  1.96818E+00  9.0
  3d3(2P3) 4s     -3.43402E+00  2.00581E+00  3.0
  3d3(2H3) 4s     -3.43272E+00  2.00711E+00 11.0
  3d3(2D3) 4s     -3.40595E+00  2.03388E+00  5.0
  3d3(2F3) 4s     -3.24315E+00  2.19668E+00  7.0
  3d3(2D1) 4s     -2.98470E+00  2.45513E+00  5.0
  3d3(4P3) 4p     -2.95817E+00  2.48166E+00  9.0
  3d3(2P3) 4p     -2.92262E+00  2.51721E+00  1.0
  3d3(2G3) 4p     -2.90897E+00  2.53086E+00  9.0
  3d3(2G3) 4p     -2.90280E+00  2.53703E+00 11.0
  3d3(2G3) 4p     -2.90030E+00  2.53953E+00  7.0
  3d3(2P3) 4p     -2.89875E+00  2.54108E+00  9.0
  3d3(2P3) 4p     -2.89565E+00  2.54418E+00  5.0
  3d3(4P3) 4p     -2.86975E+00  2.57008E+00  3.0
  3d3(2P3) 4p     -2.86777E+00  2.57206E+00  3.0
  3d3(2H3) 4p     -2.84265E+00  2.59718E+00 11.0
  3d3(2H3) 4p     -2.83155E+00  2.60828E+00  9.0
  3d3(2D3) 4p     -2.82402E+00  2.61581E+00  9.0
  3d3(2D3) 4p     -2.82395E+00  2.61588E+00  7.0
  3d3(2P3) 4p     -2.79855E+00  2.64128E+00  3.0
  3d3(2D3) 4p     -2.78728E+00  2.65255E+00  3.0
  3d3(2D3) 4p     -2.78547E+00  2.65436E+00  5.0
  3d3(2F3) 4p     -2.67092E+00  2.76891E+00  5.0
  3d3(2F3) 4p     -2.64720E+00  2.79263E+00  9.0
  3d3(2F3) 4p     -2.64435E+00  2.79548E+00  7.0
  3d3(2D1) 4p     -2.46861E+00  2.97122E+00  5.0
  3d3(2D1) 4p     -2.42157E+00  3.01826E+00  7.0
  3d3(2D1) 4p     -2.41964E+00  3.02019E+00  9.0
  3d3(2D1) 4p     -2.35885E+00  3.08098E+00  3.0
  3d3(4F3) 4d     -2.19520E+00  3.24463E+00  9.0
  3d3(2G3) 4d     -2.06196E+00  3.37787E+00  7.0
  3d3(2G3) 4d     -2.05524E+00  3.38459E+00 11.0
  3d3(2G3) 4d     -2.01683E+00  3.42300E+00  5.0
  3d3(2P3) 4d     -2.01517E+00  3.42466E+00  3.0
  3d3(2H3) 4d     -2.00169E+00  3.43814E+00 11.0
  3d3(2D3) 4d     -1.99673E+00  3.44310E+00  3.0
  3d3(2G3) 4d     -1.99486E+00  3.44497E+00  9.0
  3d3(4P3) 4d     -1.99161E+00  3.44822E+00  9.0
  3d3(2P3) 4d     -1.98967E+00  3.45016E+00  7.0
  3d3(2D3) 4d     -1.96884E+00  3.47099E+00  3.0
  3d3(2P3) 4d     -1.95358E+00  3.48625E+00  9.0
  3d3(2H3) 4d     -1.95015E+00  3.48968E+00  9.0
  3d3(2H3) 4d     -1.94760E+00  3.49223E+00  7.0
  3d3(2D3) 4d     -1.94570E+00  3.49413E+00  5.0
  3d3(2D3) 4d     -1.87279E+00  3.56704E+00  9.0
  3d3(2D3) 4d     -1.85787E+00  3.58196E+00  7.0
  3d3(2P3) 4d     -1.84904E+00  3.59079E+00  5.0
  3d3(2D3) 4d     -1.83792E+00  3.60191E+00  9.0
  3d3(2D3) 4d     -1.79407E+00  3.64576E+00  1.0
  3d3(2F3) 4d     -1.79086E+00  3.64897E+00  3.0
  3d3(2F3) 4d     -1.78689E+00  3.65294E+00 11.0
  3d3(4P3) 5s     -1.72806E+00  3.71177E+00  9.0
  3d3(2F3) 4d     -1.72764E+00  3.71219E+00  7.0
  3d3(2G3) 5s     -1.71628E+00  3.72355E+00  9.0
  3d3(2F3) 4d     -1.69116E+00  3.74867E+00  5.0
  3d3(2F3) 4d     -1.68439E+00  3.75544E+00  9.0
  3d3(2P3) 5s     -1.67815E+00  3.76168E+00  9.0
  3d3(2F3) 4d     -1.66765E+00  3.77218E+00  9.0
  3d3(2P3) 5s     -1.66755E+00  3.77228E+00  3.0
  3d3(2H3) 5s     -1.64674E+00  3.79309E+00 11.0
  3d3(2D3) 5s     -1.64246E+00  3.79737E+00  5.0
  3d3(4F3) 4f     -1.58654E+00  3.85329E+00  9.0
  3d3(4F3) 4f     -1.57623E+00  3.86360E+00  3.0
  3d3(2D1) 4d     -1.56291E+00  3.87692E+00  7.0
  3d3(2D1) 4d     -1.52435E+00  3.91548E+00  3.0
  3d3(2D1) 4d     -1.52224E+00  3.91759E+00  3.0
  3d3(4P3) 5p     -1.50577E+00  3.93406E+00  9.0
  3d3(2D1) 4d     -1.49219E+00  3.94764E+00  9.0
  3d3(2D1) 4d     -1.48841E+00  3.95142E+00  9.0
  3d3(2F3) 5s     -1.48715E+00  3.95268E+00  7.0
  3d3(2G3) 5p     -1.48068E+00  3.95915E+00  9.0
  3d3(2G3) 5p     -1.47526E+00  3.96457E+00 11.0
  3d3(2G3) 5p     -1.47249E+00  3.96734E+00  7.0
  3d3(4P3) 5p     -1.45276E+00  3.98707E+00  3.0
  3d3(2P3) 5p     -1.45271E+00  3.98712E+00  1.0
  3d3(2P3) 5p     -1.44027E+00  3.99956E+00  9.0
  3d3(2P3) 5p     -1.43740E+00  4.00243E+00  5.0
  3d3(2P3) 5p     -1.43552E+00  4.00431E+00  3.0
  3d3(2P3) 5p     -1.42784E+00  4.01199E+00  3.0
  3d3(2D1) 4d     -1.42633E+00  4.01350E+00  5.0
  3d3(2H3) 5p     -1.41739E+00  4.02244E+00 11.0
  3d3(2D3) 5p     -1.41104E+00  4.02879E+00  9.0
  3d3(2G3) 4f     -1.40916E+00  4.03067E+00  7.0
  3d3(2G3) 4f     -1.40499E+00  4.03484E+00  5.0
  3d3(2H3) 5p     -1.40364E+00  4.03619E+00  9.0
  3d3(2D3) 5p     -1.40262E+00  4.03721E+00  7.0
  3d3(2D3) 5p     -1.40099E+00  4.03884E+00  3.0
  3d3(2G3) 4f     -1.40060E+00  4.03923E+00 11.0
  3d3(2G3) 4f     -1.39825E+00  4.04158E+00  9.0
  3d3(2G3) 4f     -1.39727E+00  4.04256E+00  9.0
  3d3(2D3) 5p     -1.39382E+00  4.04601E+00  5.0
  3d3(2G3) 4f     -1.38424E+00  4.05559E+00  3.0
  3d3(2P3) 4f     -1.36828E+00  4.07155E+00  5.0
  3d3(2P3) 4f     -1.36697E+00  4.07286E+00  9.0
  3d3(2H3) 4f     -1.35027E+00  4.08956E+00 11.0
  3d3(2D3) 4f     -1.34415E+00  4.09568E+00  9.0
  3d3(2D3) 4f     -1.34269E+00  4.09714E+00  5.0
  3d3(2P3) 4f     -1.33912E+00  4.10071E+00  7.0
  3d3(2H3) 4f     -1.33300E+00  4.10683E+00  9.0
  3d3(2D3) 4f     -1.32899E+00  4.11084E+00 11.0
  3d3(2D3) 4f     -1.32614E+00  4.11369E+00  7.0
  3d3(2D3) 4f     -1.32593E+00  4.11390E+00  3.0
  3d3(2H3) 4f     -1.31637E+00  4.12346E+00  7.0
  3d3(2H3) 4f     -1.31452E+00  4.12531E+00  5.0
  3d3(2D3) 4f     -1.31281E+00  4.12702E+00  9.0
  3d3(2D1) 4d     -1.31091E+00  4.12892E+00  1.0
  3d3(4F3) 5d     -1.28448E+00  4.15535E+00  9.0
  3d3(2D1) 5s     -1.25991E+00  4.17992E+00  5.0
  3d3(2F3) 5p     -1.24586E+00  4.19397E+00  9.0
  3d3(2F3) 5p     -1.24301E+00  4.19682E+00  5.0
  3d3(2F3) 5p     -1.24067E+00  4.19916E+00  7.0
  3d2 4s2         -1.21050E+00  4.22933E+00  5.0
  3d2 4s2         -1.18003E+00  4.25980E+00  9.0
  3d3(2F3) 4f     -1.17747E+00  4.26236E+00  1.0
  3d3(2F3) 4f     -1.17016E+00  4.26967E+00  9.0
  3d3(2F3) 4f     -1.16676E+00  4.27307E+00  3.0
  3d3(2F3) 4f     -1.16507E+00  4.27476E+00  7.0
  3d3(2F3) 4f     -1.16212E+00  4.27771E+00 11.0
  3d3(2F3) 4f     -1.16181E+00  4.27802E+00  5.0
  3d3(2F3) 4f     -1.16036E+00  4.27947E+00  9.0
  3d3(2F3) 4f     -1.15241E+00  4.28742E+00  3.0
  3d3(2G3) 5d     -1.13061E+00  4.30922E+00  7.0
  3d3(2G3) 5d     -1.12783E+00  4.31200E+00 11.0
  3d2 4s2         -1.11760E+00  4.32223E+00  9.0
  3d3(2G3) 5d     -1.10350E+00  4.33633E+00  5.0
  3d3(4P3) 5d     -1.10019E+00  4.33964E+00  9.0
  3d3(2G3) 5d     -1.08382E+00  4.35601E+00  9.0
  3d3(2P3) 5d     -1.08239E+00  4.35744E+00  3.0
  3d3(2P3) 5d     -1.07286E+00  4.36697E+00  7.0
  3d3(2H3) 5d     -1.06841E+00  4.37142E+00 11.0
  3d3(2D3) 5d     -1.06469E+00  4.37514E+00  3.0
  3d3(2P3) 5d     -1.05749E+00  4.38234E+00  9.0
  3d3(2D3) 5d     -1.05684E+00  4.38299E+00  3.0
  3d3(2H3) 5d     -1.04613E+00  4.39370E+00  7.0
  3d3(2H3) 5d     -1.03942E+00  4.40041E+00  9.0
  3d3(2D3) 5d     -1.03671E+00  4.40312E+00  5.0
  3d3(2D1) 5p     -1.03390E+00  4.40593E+00  5.0
  3d3(2D3) 5d     -1.02234E+00  4.41749E+00  9.0
  3d3(4F3) 5f     -1.01593E+00  4.42390E+00  9.0
  3d3(2P3) 5d     -1.01432E+00  4.42551E+00  5.0
  3d3(2D1) 5p     -1.01206E+00  4.42777E+00  7.0
  3d3(4F3) 5f     -1.00997E+00  4.42986E+00  3.0
  3d3(2D1) 5p     -1.00918E+00  4.43065E+00  9.0
  3d3(2D3) 5d     -1.00170E+00  4.43813E+00  9.0
  3d3(2D3) 5d     -9.94478E-01  4.44535E+00  7.0
  3d3(4P3) 6s     -9.94235E-01  4.44559E+00  9.0
  3d3(2D1) 5p     -9.89825E-01  4.45000E+00  3.0
  3d3(2G3) 6s     -9.80050E-01  4.45978E+00  9.0
  3d3(2D3) 5d     -9.77555E-01  4.46228E+00  1.0
  3d3(2D1) 4f     -9.63880E-01  4.47595E+00  9.0
  3d2 4s(2FE) 4p  -9.56605E-01  4.48322E+00  7.0
  3d2 4s(2DE) 4p  -9.53210E-01  4.48662E+00  5.0
  3d3(2D1) 4f     -9.37975E-01  4.50185E+00  7.0
  3d3(2P3) 6s     -9.37157E-01  4.50267E+00  9.0
  3d3(2D1) 4f     -9.34492E-01  4.50534E+00  5.0
  3d3(2P3) 6s     -9.32457E-01  4.50737E+00  3.0
  3d3(2D1) 4f     -9.31527E-01  4.50830E+00 11.0
  3d3(2D1) 4f     -9.26890E-01  4.51294E+00  9.0
  3d3(2H3) 6s     -9.13213E-01  4.52662E+00 11.0
  3d3(2D3) 6s     -9.09397E-01  4.53043E+00  5.0
  3d2 4s(4PE) 4p  -9.08495E-01  4.53133E+00  3.0
  3d2 4s(2FE) 4p  -9.07342E-01  4.53249E+00  9.0
  3d3(2D1) 4f     -8.99332E-01  4.54050E+00  3.0
  3d2 4s(2PE) 4p  -8.97690E-01  4.54214E+00  1.0
  3d3(2F3) 5d     -8.85622E-01  4.55421E+00  3.0
  3d3(2F3) 5d     -8.83800E-01  4.55603E+00 11.0
  3d3(4P3) 6p     -8.83585E-01  4.55624E+00  9.0
  3d3(2F3) 5d     -8.72368E-01  4.56746E+00  7.0
  3d3(2G3) 6p     -8.63548E-01  4.57628E+00  9.0
  3d3(2G3) 6p     -8.61070E-01  4.57876E+00 11.0
  3d3(4P3) 6p     -8.59940E-01  4.57989E+00  3.0
  3d3(2G3) 6p     -8.58815E-01  4.58101E+00  7.0
  3d3(2F3) 5d     -8.50225E-01  4.58960E+00  9.0
  3d3(4F3) 6d     -8.45622E-01  4.59421E+00  9.0
  3d3(2F3) 5d     -8.42008E-01  4.59782E+00  9.0
  3d3(2F3) 5d     -8.38100E-01  4.60173E+00  5.0
  3d3(2G3) 5f     -8.35865E-01  4.60396E+00  7.0
  3d3(2G3) 5f     -8.35035E-01  4.60479E+00  5.0
  3d3(2G3) 5f     -8.31460E-01  4.60837E+00 11.0
  3d3(2G3) 5f     -8.30510E-01  4.60932E+00  9.0
  3d3(2G3) 5f     -8.25572E-01  4.61426E+00  3.0
  3d3(2P3) 6p     -8.24660E-01  4.61517E+00  1.0
  3d3(2P3) 6p     -8.16962E-01  4.62287E+00  3.0
  3d3(2P3) 6p     -8.16030E-01  4.62380E+00  5.0
  3d3(2P3) 6p     -8.09755E-01  4.63007E+00  3.0
  3d3(2H3) 6p     -7.96710E-01  4.64312E+00 11.0
  3d3(2P3) 5f     -7.94650E-01  4.64518E+00  5.0
  3d3(2P3) 5f     -7.92617E-01  4.64721E+00  9.0
  3d3(2D3) 6p     -7.91110E-01  4.64872E+00  3.0
  3d3(2D3) 6p     -7.90985E-01  4.64884E+00  7.0
  3d3(2H3) 6p     -7.87720E-01  4.65211E+00  9.0
  3d3(2D3) 6p     -7.86230E-01  4.65360E+00  5.0
  3d3(2P3) 5f     -7.77877E-01  4.66195E+00  7.0
  3d3(2H3) 5f     -7.73112E-01  4.66672E+00 11.0
  3d3(2D3) 5f     -7.72270E-01  4.66756E+00  5.0
  3d3(2H3) 5f     -7.63830E-01  4.67600E+00  9.0
  3d3(2D3) 5f     -7.61620E-01  4.67821E+00  7.0
  3d3(2D3) 5f     -7.60492E-01  4.67934E+00 11.0
  3d3(2D3) 5f     -7.58202E-01  4.68163E+00  3.0
  3d3(2H3) 5f     -7.56565E-01  4.68326E+00  5.0
  3d3(2H3) 5f     -7.54177E-01  4.68565E+00  7.0
  3d3(2D3) 5f     -7.53602E-01  4.68623E+00  9.0
  3d3(2F3) 6s     -7.52078E-01  4.68775E+00  7.0
  3d2 4s(2PE) 4p  -7.27728E-01  4.71210E+00  5.0
  3d2 4s2         -7.03300E-01  4.73653E+00  1.0
  3d3(4F3) 6f     -7.01387E-01  4.73844E+00  3.0
  3d2 4s(2DE) 4p  -6.94450E-01  4.74538E+00  3.0
  3d3(2G3) 6d     -6.85787E-01  4.75404E+00  7.0
  3d3(2G3) 6d     -6.82935E-01  4.75690E+00 11.0
  3d3(4P3) 6d     -6.75600E-01  4.76423E+00  9.0
  3d3(2G3) 6d     -6.73895E-01  4.76593E+00  5.0
  3d3(2D1) 5d     -6.59780E-01  4.78005E+00  7.0
  3d3(2G3) 6d     -6.59688E-01  4.78014E+00  9.0
  3d3(2D1) 5d     -6.48527E-01  4.79130E+00  3.0
  3d3(2D1) 5d     -6.43687E-01  4.79614E+00  3.0
  3d3(2P3) 6d     -6.36237E-01  4.80359E+00  9.0
  3d3(2P3) 6d     -6.32515E-01  4.80731E+00  3.0
  3d3(2F3) 6p     -6.32512E-01  4.80732E+00  9.0
  3d3(2P3) 6d     -6.29647E-01  4.81018E+00  7.0
  3d3(2F3) 6p     -6.29615E-01  4.81021E+00  5.0
  3d3(2D1) 5d     -6.29615E-01  4.81021E+00  9.0
  3d3(2F3) 6p     -6.29522E-01  4.81031E+00  7.0
  3d3(2D1) 5d     -6.22350E-01  4.81748E+00  9.0
  3d3(4P3) 7s     -6.17992E-01  4.82184E+00  9.0
  3d3(2H3) 6d     -6.17808E-01  4.82202E+00 11.0
  3d3(2P3) 6d     -6.17217E-01  4.82261E+00  5.0
  3d3(2D3) 6d     -6.15997E-01  4.82383E+00  3.0
  3d3(2D3) 6d     -6.13410E-01  4.82642E+00  3.0
  3d3(2F3) 5f     -6.08722E-01  4.83111E+00  1.0
  3d3(4F3) 7d     -6.08205E-01  4.83162E+00  9.0
  3d3(2H3) 6d     -6.07430E-01  4.83240E+00  7.0
  3d3(2D3) 6d     -6.05102E-01  4.83473E+00  9.0
  3d3(2F3) 5f     -6.04715E-01  4.83511E+00  9.0
  3d3(2G3) 7s     -6.01602E-01  4.83823E+00  9.0
  3d3(2F3) 5f     -6.00445E-01  4.83939E+00  3.0
  3d3(2F3) 5f     -5.99780E-01  4.84005E+00 11.0
  3d3(2D3) 6d     -5.99625E-01  4.84020E+00  5.0
  3d3(2F3) 5f     -5.99297E-01  4.84053E+00  7.0
  3d3(2F3) 5f     -5.97132E-01  4.84270E+00  5.0
  3d3(2F3) 5f     -5.95872E-01  4.84396E+00  3.0
  3d3(2D1) 5d     -5.95742E-01  4.84409E+00  5.0
  3d3(2D3) 6d     -5.84843E-01  4.85499E+00  9.0
  3d3(2H3) 6d     -5.81530E-01  4.85830E+00  9.0
  3d3(2D3) 6d     -5.78068E-01  4.86176E+00  7.0
  3d3(2D3) 6d     -5.70487E-01  4.86934E+00  1.0
  3d3(2P3) 7s     -5.57787E-01  4.88204E+00  9.0
  3d3(2P3) 7s     -5.55172E-01  4.88466E+00  3.0
  3d3(4P3) 7p     -5.44625E-01  4.89521E+00  3.0
  3d3(2D1) 5d     -5.42055E-01  4.89777E+00  1.0
  3d3(2G3) 7p     -5.38023E-01  4.90181E+00  9.0
  3d3(2G3) 7p     -5.36542E-01  4.90329E+00 11.0
  3d3(2G3) 7p     -5.36265E-01  4.90356E+00  7.0
  3d3(2H3) 7s     -5.33707E-01  4.90612E+00 11.0
  3d3(2D3) 7s     -5.32760E-01  4.90707E+00  5.0
  3d3(2G3) 6f     -5.27212E-01  4.91262E+00  7.0
  3d3(2G3) 6f     -5.26862E-01  4.91297E+00  5.0
  3d3(2G3) 6f     -5.24832E-01  4.91500E+00  3.0
  3d3(2G3) 6f     -5.22107E-01  4.91772E+00  9.0
  3d3(2G3) 6f     -5.21852E-01  4.91798E+00 11.0
  3d3(2D1) 6s     -5.19328E-01  4.92050E+00  5.0
  3d3(4F3) 7f     -5.17000E-01  4.92283E+00  3.0
  3d3(2P3) 7p     -4.94870E-01  4.94496E+00  1.0
  3d2 4s(2DE) 4p  -4.93522E-01  4.94631E+00  7.0
  3d3(2P3) 7p     -4.91305E-01  4.94852E+00  3.0
  3d3(2P3) 7p     -4.89822E-01  4.95001E+00  5.0
  3d3(2P3) 7p     -4.89102E-01  4.95073E+00  3.0
  3d3(2P3) 6f     -4.81947E-01  4.95788E+00  5.0
  3d3(2P3) 6f     -4.78575E-01  4.96126E+00  9.0
  3d2 4s(2PE) 4p  -4.76922E-01  4.96291E+00  3.0
  3d2 4s(2PE) 4p  -4.74423E-01  4.96541E+00  3.0
  3d3(2H3) 7p     -4.69657E-01  4.97017E+00 11.0
  3d3(2D3) 6f     -4.69040E-01  4.97079E+00  5.0
  3d3(2D3) 7p     -4.66792E-01  4.97304E+00  7.0
  3d3(2H3) 7p     -4.65112E-01  4.97472E+00  9.0
  3d3(2D3) 7p     -4.63430E-01  4.97640E+00  5.0
  3d3(2D3) 7p     -4.63117E-01  4.97671E+00  3.0
  3d3(2P3) 6f     -4.60985E-01  4.97884E+00  7.0
  3d3(2H3) 6f     -4.59180E-01  4.98065E+00 11.0
  3d3(2H3) 6f     -4.57550E-01  4.98228E+00  9.0
  3d3(4F3) 8d     -4.52835E-01  4.98699E+00  9.0
  3d3(2D3) 6f     -4.51947E-01  4.98788E+00 11.0
  3d3(2H3) 6f     -4.49125E-01  4.99071E+00  7.0
  3d3(2H3) 6f     -4.48932E-01  4.99090E+00  5.0
  3d3(2D3) 6f     -4.47960E-01  4.99187E+00  9.0
  3d3(2D3) 6f     -4.47948E-01  4.99188E+00  3.0
  3d3(2F3) 6d     -4.47862E-01  4.99197E+00 11.0
  3d3(2F3) 6d     -4.47045E-01  4.99278E+00  3.0
  3d3(4P3) 7d     -4.46997E-01  4.99283E+00  9.0
  3d3(2D3) 6f     -4.44745E-01  4.99508E+00  7.0
  3d3(2F3) 6d     -4.43072E-01  4.99676E+00  7.0
  3d3(2H3) 6h     -4.42708E-01  4.99712E+00  5.0
  3d3(2F3) 6d     -4.34128E-01  5.00570E+00  9.0
  3d3(2G3) 7d     -4.32837E-01  5.00699E+00  7.0
  3d3(2G3) 7d     -4.32097E-01  5.00773E+00 11.0
  3d3(2G3) 7d     -4.23715E-01  5.01611E+00  5.0
  3d3(2F3) 6d     -4.19435E-01  5.02039E+00  5.0
  3d3(2F3) 6d     -4.18285E-01  5.02154E+00  9.0
  3d3(2G3) 7d     -4.11702E-01  5.02813E+00  9.0
  3d3(2D1) 6p     -4.09380E-01  5.03045E+00  5.0
  3d2 4s(2GE) 4p  -4.03037E-01  5.03679E+00  9.0
  3d3(4P3) 8s     -4.00055E-01  5.03977E+00  9.0
  3d3(2D1) 6p     -3.99457E-01  5.04037E+00  7.0
  3d3(4F3) 8f     -3.92507E-01  5.04732E+00  3.0
  3d3(2D1) 6p     -3.88287E-01  5.05154E+00  3.0
  3d3(2G3) 8s     -3.84860E-01  5.05497E+00  9.0
  3d3(2P3) 7d     -3.84682E-01  5.05515E+00  3.0
  3d3(2D1) 5f     -3.83045E-01  5.05678E+00  9.0
  3d3(2P3) 7d     -3.81690E-01  5.05814E+00  7.0
  3d2 4s(2GE) 4p  -3.81490E-01  5.05834E+00 11.0
  3d3(2P3) 7d     -3.77707E-01  5.06212E+00  9.0
  3d3(2F3) 7s     -3.72422E-01  5.06741E+00  7.0
  3d3(2D1) 5f     -3.71615E-01  5.06821E+00  5.0
  3d3(2D1) 5f     -3.69727E-01  5.07010E+00  7.0
  3d3(2P3) 7d     -3.68730E-01  5.07110E+00  5.0
  3d3(2H3) 7d     -3.64912E-01  5.07492E+00 11.0
  3d3(2D3) 7d     -3.64585E-01  5.07524E+00  3.0
  3d3(2D3) 7d     -3.63202E-01  5.07663E+00  3.0
  3d3(2H3) 7d     -3.59182E-01  5.08065E+00  7.0
  3d3(2D3) 7d     -3.57805E-01  5.08202E+00  9.0
  3d3(2D3) 7d     -3.56600E-01  5.08323E+00  9.0
  3d3(2D1) 5f     -3.55170E-01  5.08466E+00 11.0
  3d3(2D3) 7d     -3.53193E-01  5.08664E+00  5.0
  3d3(4P3) 8p     -3.53063E-01  5.08677E+00  3.0
  3d3(2D1) 5f     -3.49847E-01  5.08998E+00  3.0
  3d3(4F3) 9d     -3.45170E-01  5.09466E+00  9.0
  3d3(2H3) 7d     -3.44402E-01  5.09543E+00  9.0
  3d3(2G3) 8p     -3.44142E-01  5.09569E+00  9.0
  3d3(2G3) 8p     -3.43255E-01  5.09657E+00 11.0
  3d3(2G3) 8p     -3.42758E-01  5.09707E+00  7.0
  3d3(2D3) 7d     -3.42465E-01  5.09736E+00  7.0
  3d3(2G3) 7f     -3.38717E-01  5.10111E+00  7.0
  3d3(2P3) 8s     -3.38008E-01  5.10182E+00  9.0
  3d3(2D3) 7d     -3.37520E-01  5.10231E+00  1.0
  3d3(2P3) 8s     -3.36337E-01  5.10349E+00  3.0
  3d3(2G3) 7f     -3.35138E-01  5.10469E+00  5.0
  3d3(2G3) 7f     -3.33615E-01  5.10622E+00  9.0
  3d3(2G3) 7f     -3.31080E-01  5.10875E+00 11.0
  3d3(2G3) 7f     -3.30645E-01  5.10918E+00  3.0
  3d2 4s(2GE) 4p  -3.25655E-01  5.11417E+00  7.0
  3d3(2H3) 8s     -3.14462E-01  5.12537E+00 11.0
  3d3(2D3) 8s     -3.14035E-01  5.12579E+00  5.0
  3d3(4F3) 9f     -3.10445E-01  5.12938E+00  3.0
  3d3(2F3) 7p     -3.07402E-01  5.13243E+00  9.0
  3d3(2F3) 7p     -3.05727E-01  5.13410E+00  5.0
  3d3(2F3) 7p     -3.04430E-01  5.13540E+00  7.0
  3d3(2P3) 8p     -2.99248E-01  5.14058E+00  1.0
  3d3(2F3) 6f     -2.96607E-01  5.14322E+00  1.0
  3d3(2P3) 8p     -2.96405E-01  5.14342E+00  3.0
  3d3(2F3) 6f     -2.95767E-01  5.14406E+00  9.0
  3d3(2P3) 8p     -2.95030E-01  5.14480E+00  5.0
  3d3(2P3) 8p     -2.93912E-01  5.14592E+00  3.0
  3d3(2P3) 7f     -2.91080E-01  5.14875E+00  5.0
  3d3(2F3) 6f     -2.90470E-01  5.14936E+00 11.0
  3d3(2F3) 6f     -2.89945E-01  5.14988E+00  3.0
  3d3(2F3) 6f     -2.88633E-01  5.15120E+00  7.0
  3d3(2F3) 6f     -2.87495E-01  5.15233E+00  5.0
  3d3(2P3) 7f     -2.87312E-01  5.15252E+00  9.0
  3d3(4P3) 8d     -2.84682E-01  5.15515E+00  9.0
  3d3(2F3) 6f     -2.84050E-01  5.15578E+00  3.0
  3d3(2P3) 7f     -2.82950E-01  5.15688E+00  7.0
  3d3(4F3)10d     -2.80710E-01  5.15912E+00  9.0
  3d3(2G3) 8d     -2.77820E-01  5.16201E+00  7.0
  3d3(2G3) 8d     -2.77202E-01  5.16263E+00 11.0
  3d3(2H3) 8p     -2.75038E-01  5.16479E+00 11.0
  3d3(2D3) 8p     -2.73277E-01  5.16655E+00  3.0
  3d3(2D3) 8p     -2.72492E-01  5.16734E+00  7.0
  3d3(2D3) 8p     -2.71437E-01  5.16839E+00  5.0
  3d3(2G3) 8d     -2.71348E-01  5.16848E+00  5.0
  3d3(2H3) 8p     -2.70715E-01  5.16912E+00  9.0
  3d3(2H3) 7f     -2.67437E-01  5.17239E+00 11.0
  3d3(2G3) 8d     -2.67128E-01  5.17270E+00  9.0
  3d3(2D3) 7f     -2.66757E-01  5.17307E+00  5.0
  3d3(2D3) 7f     -2.63985E-01  5.17584E+00  7.0
  3d3(2H3) 7f     -2.62832E-01  5.17700E+00  5.0
  3d3(2D3) 7f     -2.62817E-01  5.17701E+00  3.0
  3d3(2H3) 7f     -2.62680E-01  5.17715E+00  9.0
  3d3(4P3) 9s     -2.62000E-01  5.17783E+00  9.0
  3d3(2D3) 7f     -2.61962E-01  5.17787E+00  9.0
  3d3(2D3) 7f     -2.61325E-01  5.17850E+00 11.0
  3d3(2H3) 7f     -2.59075E-01  5.18075E+00  7.0
  3d3(4F3)10f     -2.51392E-01  5.18844E+00  3.0
  3d3(2G3) 9s     -2.46533E-01  5.19330E+00  9.0
  3d3(2P3) 8d     -2.29613E-01  5.21022E+00  3.0
  3d3(2P3) 8d     -2.26700E-01  5.21313E+00  7.0
  3d3(2P3) 8d     -2.20542E-01  5.21929E+00  5.0
  3d3(2D1) 6d     -2.19542E-01  5.22029E+00  7.0
  3d3(2G3) 9p     -2.19473E-01  5.22036E+00  9.0
  3d3(2G3) 9p     -2.18924E-01  5.22091E+00 11.0
  3d3(2G3) 9p     -2.18522E-01  5.22131E+00  7.0
  3d3(2G3) 8f     -2.14867E-01  5.22496E+00  7.0
  3d3(2G3) 8f     -2.14395E-01  5.22543E+00  5.0
  3d3(2D1) 6d     -2.13443E-01  5.22639E+00  3.0
  3d3(2G3) 8f     -2.13311E-01  5.22652E+00  9.0
  3d3(2G3) 8f     -2.12966E-01  5.22686E+00 11.0
  3d3(2D1) 6d     -2.12025E-01  5.22780E+00  3.0
  3d3(2G3) 8f     -2.11488E-01  5.22834E+00  3.0
  3d3(2G3) 8h     -2.09693E-01  5.23014E+00  5.0
  3d3(2H3) 8d     -2.09400E-01  5.23043E+00 11.0
  3d3(2D1) 6d     -2.07646E-01  5.23218E+00  5.0
  3d3(2H3) 8d     -2.07323E-01  5.23251E+00  9.0
  3d3(2D3) 8d     -2.07310E-01  5.23252E+00  3.0
  3d3(2D3) 8d     -2.06880E-01  5.23295E+00  3.0
  3d3(2H3) 8d     -2.04991E-01  5.23484E+00  7.0
  3d3(2D1) 6d     -2.04988E-01  5.23484E+00  9.0
  3d3(2D3) 8d     -2.01148E-01  5.23868E+00  5.0
  3d3(2F3) 7d     -2.00864E-01  5.23897E+00  7.0
  3d3(2D3) 8d     -1.98888E-01  5.24094E+00  9.0
  3d3(2P3) 9s     -1.98847E-01  5.24098E+00  3.0
  3d3(2F3) 7d     -1.98496E-01  5.24133E+00 11.0
  3d3(2F3) 7d     -1.95604E-01  5.24423E+00  3.0
  3d3(2D3) 8d     -1.91110E-01  5.24872E+00  1.0
  3d3(2D3) 8d     -1.89290E-01  5.25054E+00  7.0
  3d3(2F3) 7d     -1.80167E-01  5.25966E+00  9.0
  3d3(2F3) 7d     -1.76534E-01  5.26330E+00  5.0
  3d3(2H3) 9s     -1.75843E-01  5.26399E+00 11.0
  3d3(2G3) 9d     -1.74488E-01  5.26534E+00  7.0
  3d3(2G3) 9d     -1.74178E-01  5.26565E+00 11.0
  3d3(2D3) 9s     -1.73293E-01  5.26654E+00  5.0
  3d3(2P3) 9p     -1.73282E-01  5.26655E+00  1.0
  3d3(2P3) 9p     -1.71158E-01  5.26867E+00  5.0
  3d3(2P3) 9p     -1.69529E-01  5.27030E+00  3.0
  3d3(2P3) 8f     -1.68422E-01  5.27141E+00  5.0
  3d3(2P3) 8f     -1.67337E-01  5.27249E+00  9.0
  3d3(2G3) 9d     -1.65973E-01  5.27386E+00  9.0
  3d3(2G3) 9d     -1.65128E-01  5.27470E+00  5.0
  3d3(2P3) 8f     -1.63475E-01  5.27635E+00  7.0
  3d3(2D1) 6d     -1.56605E-01  5.28323E+00  1.0
  3d3(2F3) 8s     -1.53971E-01  5.28586E+00  7.0
  3d3(2G3)10s     -1.53242E-01  5.28659E+00  9.0
  3d3(2H3) 9p     -1.49898E-01  5.28993E+00 11.0
  3d3(2D3) 9p     -1.48775E-01  5.29105E+00  3.0
  3d3(2D3) 9p     -1.48355E-01  5.29147E+00  7.0
  3d3(2D3) 9p     -1.47837E-01  5.29199E+00  5.0
  3d3(2H3) 9p     -1.47689E-01  5.29214E+00  9.0
  3d3(2D3) 8f     -1.46479E-01  5.29335E+00  5.0
  3d3(2H3) 8f     -1.46129E-01  5.29370E+00 11.0
  3d3(2D3) 8f     -1.43637E-01  5.29619E+00 11.0
  3d3(2D3) 8f     -1.43542E-01  5.29629E+00  7.0
  3d3(2H3) 8f     -1.43482E-01  5.29635E+00  9.0
  3d3(2H3) 8f     -1.42439E-01  5.29739E+00  5.0
  3d3(2D3) 8f     -1.42337E-01  5.29749E+00  9.0
  3d3(2D1) 7s     -1.41144E-01  5.29869E+00  5.0
  3d3(2H3) 8f     -1.41039E-01  5.29879E+00  7.0
  3d3(2D3) 8f     -1.38800E-01  5.30103E+00  3.0
  3d3(2G3)10p     -1.34526E-01  5.30530E+00  9.0
  3d3(2G3)10p     -1.34118E-01  5.30571E+00 11.0
  3d3(2G3)10p     -1.34004E-01  5.30583E+00  7.0
  3d3(2G3) 9f     -1.31672E-01  5.30816E+00  7.0
  3d3(2G3) 9f     -1.31230E-01  5.30860E+00  5.0
  3d3(2G3) 9f     -1.30556E-01  5.30927E+00  9.0
  3d3(2G3) 9f     -1.29999E-01  5.30983E+00 11.0
  3d3(2G3) 9f     -1.29264E-01  5.31057E+00  3.0
  3d3(2P3) 9d     -1.26207E-01  5.31362E+00  3.0
  3d3(2P3) 9d     -1.23768E-01  5.31606E+00  7.0
  3d3(2P3) 9d     -1.20312E-01  5.31952E+00  5.0
  3d3(2F3) 8p     -1.12888E-01  5.32694E+00  9.0
  3d3(2F3) 8p     -1.12553E-01  5.32728E+00  5.0
  3d3(2F3) 8p     -1.11765E-01  5.32806E+00  7.0
  3d3(2F3) 7f     -1.08017E-01  5.33181E+00  1.0
  3d3(2P3)10s     -1.06007E-01  5.33382E+00  3.0
  3d3(2H3) 9d     -1.05377E-01  5.33445E+00 11.0
  3d3(2F3) 7f     -1.04977E-01  5.33485E+00  9.0
  3d3(2D3) 9d     -1.04909E-01  5.33492E+00  3.0
  3d3(2F3) 7f     -1.04674E-01  5.33516E+00  3.0
  3d3(2H3) 9d     -1.03655E-01  5.33617E+00  7.0
  3d3(2F3) 7f     -1.03512E-01  5.33632E+00  7.0
  3d3(2F3) 7f     -1.03320E-01  5.33651E+00  5.0
  3d3(2D3) 9d     -1.03275E-01  5.33656E+00  3.0
  3d3(2H3) 9d     -1.02587E-01  5.33724E+00  9.0
  3d3(2G3)10d     -1.02445E-01  5.33738E+00 11.0
  3d3(2F3) 7f     -1.02363E-01  5.33747E+00 11.0
  3d3(2G3)10d     -1.01943E-01  5.33789E+00  7.0
  3d3(2D3) 9d     -1.00963E-01  5.33887E+00  5.0
  3d3(2G3)10d     -9.94260E-02  5.34040E+00  9.0
  3d3(2G3)10d     -9.83465E-02  5.34148E+00  5.0
  3d3(2D3) 9d     -9.62387E-02  5.34359E+00  7.0
  3d3(2D3) 9d     -9.45942E-02  5.34524E+00  9.0
  3d3(2D3) 9d     -9.32247E-02  5.34661E+00  1.0
  3d3(2P3)10p     -8.76445E-02  5.35219E+00  1.0
  3d3(2G3)11s     -8.76197E-02  5.35221E+00  9.0
  3d3(2P3)10p     -8.61415E-02  5.35369E+00  5.0
  3d3(2P3)10p     -8.51512E-02  5.35468E+00  3.0
  3d3(2P3) 9f     -8.47212E-02  5.35511E+00  5.0
  3d3(2P3) 9f     -8.33195E-02  5.35651E+00  9.0
  3d3(2H3)10s     -8.27847E-02  5.35705E+00 11.0
  3d3(2D3)10s     -8.26112E-02  5.35722E+00  5.0
  3d3(2P3) 9f     -8.12827E-02  5.35855E+00  7.0
  3d3(2D1) 7p     -7.85657E-02  5.36126E+00  5.0
  3d3(2G3)11p     -7.53829E-02  5.36445E+00  7.0
  3d3(2G3)11p     -7.40300E-02  5.36580E+00  9.0
  3d3(2G3)11p     -7.37642E-02  5.36607E+00 11.0
  3d3(2G3)10f     -7.24857E-02  5.36734E+00  7.0
  3d3(2G3)10f     -7.20915E-02  5.36774E+00  5.0
  3d3(2G3)10f     -7.19759E-02  5.36785E+00  9.0
  3d3(2G3)10f     -7.14697E-02  5.36836E+00 11.0
  3d3(2D1) 7p     -7.12815E-02  5.36855E+00  7.0
  3d3(2G3)10f     -7.11427E-02  5.36869E+00  3.0
  3d3(2P3)11p     -2.67292E-02  5.41310E+00  1.0
 ===============================================
