 ====================================================================
      i NZ NE iSLP iLV iCONF                 E(RYD)      TE(RYD)   gi
 ====================================================================
      1 11 11  200   1 2p6 3s          -3.70418E-01  0.00000E+00  2.0
      2 11 11  211   1 2p6 3p          -2.20380E-01  1.50038E-01  6.0
      3 11 11  200   2 2p6 4s          -1.41553E-01  2.28865E-01  2.0
      4 11 11  220   1 2p6 3d          -1.11549E-01  2.58869E-01 10.0
      5 11 11  211   2 2p6 4p          -1.00968E-01  2.69450E-01  6.0
      6 11 11  200   3 2p6 5s          -7.45946E-02  2.95823E-01  2.0
      7 11 11  220   2 2p6 4d          -6.28073E-02  3.07611E-01 10.0
      8 11 11  231   1 2p6 4f          -6.25133E-02  3.07905E-01 14.0
      9 11 11  211   3 2p6 5p          -5.80040E-02  3.12414E-01  6.0
     10 11 11  200   4 2p6 6s          -4.59925E-02  3.24426E-01  2.0
     11 11 11  220   3 2p6 5d          -4.01834E-02  3.30235E-01 10.0
     12 11 11  231   2 2p6 5f          -4.00099E-02  3.30408E-01 14.0
     13 11 11  211   4 2p6 6p          -3.76394E-02  3.32779E-01  6.0
     14 11 11  200   5 2p6 7s          -3.11745E-02  3.39244E-01  2.0
     15 11 11  220   4 2p6 6d          -2.78914E-02  3.42527E-01 10.0
     16 11 11  231   3 2p6 6f          -2.77844E-02  3.42634E-01 14.0
     17 11 11  211   5 2p6 7p          -2.63909E-02  3.44027E-01  6.0
     18 11 11  200   6 2p6 8s          -2.25169E-02  3.47901E-01  2.0
     19 11 11  220   5 2p6 7d          -2.04824E-02  3.49936E-01 10.0
     20 11 11  231   4 2p6 7f          -2.04127E-02  3.50005E-01 14.0
     21 11 11  211   6 2p6 8p          -1.95260E-02  3.50892E-01  6.0
     22 11 11  200   7 2p6 9s          -1.70230E-02  3.53395E-01  2.0
     23 11 11  220   6 2p6 8d          -1.56759E-02  3.54742E-01 10.0
     24 11 11  231   5 2p6 8f          -1.56282E-02  3.54790E-01 14.0
     25 11 11  211   7 2p6 9p          -1.50298E-02  3.55388E-01  6.0
     26 11 11  200   8 2p610s          -1.33198E-02  3.57098E-01  2.0
     27 11 11  220   7 2p6 9d          -1.23819E-02  3.58036E-01 10.0
     28 11 11  231   6 2p6 9f          -1.23480E-02  3.58070E-01 14.0
     29 11 11  211   8 2p610p          -1.19254E-02  3.58493E-01  6.0
     30 11 11  200   9 2p611s          -1.07057E-02  3.59712E-01  2.0
     31 11 11  220   8 2p610d          -1.00267E-02  3.60391E-01 10.0
     32 11 11  231   7 2p610f          -1.00017E-02  3.60416E-01 14.0
 ====================================================================
