 ====================================================================
      i NZ NE iSLP iLV iCONF                 E(RYD)      TE(RYD)   gi
 ====================================================================
      1 11 10  100   1 2s2 2p6         -3.55749E+00  0.00000E+00  1.0
      2 11 10  311   1 2p5 3s          -1.03969E+00  2.51780E+00  9.0
      3 11 10  111   1 2p5 3s          -1.01023E+00  2.54726E+00  3.0
      4 11 10  300   1 2p5 3p          -7.92103E-01  2.76539E+00  3.0
      5 11 10  320   1 2p5 3p          -7.55354E-01  2.80214E+00 15.0
      6 11 10  120   1 2p5 3p          -7.41710E-01  2.81578E+00  5.0
      7 11 10  110   1 2p5 3p          -7.36178E-01  2.82131E+00  3.0
      8 11 10  310   1 2p5 3p          -7.35412E-01  2.82208E+00  9.0
      9 11 10  100   2 2p5 3p          -6.49335E-01  2.90815E+00  1.0
     10 11 10  311   2 2p5 3d          -4.59934E-01  3.09756E+00  9.0
     11 11 10  331   1 2p5 3d          -4.53177E-01  3.10431E+00 21.0
     12 11 10  131   1 2p5 3d          -4.51406E-01  3.10608E+00  7.0
     13 11 10  111   2 2p5 3d          -4.48491E-01  3.10900E+00  3.0
     14 11 10  311   3 2p5 4s          -4.48248E-01  3.10924E+00  9.0
     15 11 10  121   1 2p5 3d          -4.46838E-01  3.11065E+00  5.0
     16 11 10  321   1 2p5 3d          -4.46791E-01  3.11070E+00 15.0
     17 11 10  111   3 2p5 4s          -4.41454E-01  3.11604E+00  3.0
     18 11 10  300   2 2p5 4p          -3.72607E-01  3.18488E+00  3.0
     19 11 10  320   2 2p5 4p          -3.62196E-01  3.19529E+00 15.0
     20 11 10  120   2 2p5 4p          -3.57588E-01  3.19990E+00  5.0
     21 11 10  110   2 2p5 4p          -3.56619E-01  3.20087E+00  3.0
     22 11 10  310   2 2p5 4p          -3.56350E-01  3.20114E+00  9.0
     23 11 10  100   3 2p5 4p          -3.24724E-01  3.23277E+00  1.0
     24 11 10  311   4 2p5 4d          -2.57437E-01  3.30005E+00  9.0
     25 11 10  331   2 2p5 4d          -2.54776E-01  3.30271E+00 21.0
     26 11 10  131   2 2p5 4d          -2.53784E-01  3.30371E+00  7.0
     27 11 10  121   2 2p5 4d          -2.51798E-01  3.30569E+00  5.0
     28 11 10  321   2 2p5 4d          -2.51771E-01  3.30572E+00 15.0
     29 11 10  111   4 2p5 4d          -2.51559E-01  3.30593E+00  3.0
     30 11 10  311   5 2p5 5s          -2.51267E-01  3.30622E+00  9.0
     31 11 10  320   3 2p5 4f          -2.50190E-01  3.30730E+00 15.0
     32 11 10  120   3 2p5 4f          -2.50154E-01  3.30734E+00  5.0
     33 11 10  340   1 2p5 4f          -2.50099E-01  3.30739E+00 27.0
     34 11 10  140   1 2p5 4f          -2.50090E-01  3.30740E+00  9.0
     35 11 10  130   1 2p5 4f          -2.49857E-01  3.30763E+00  7.0
     36 11 10  330   1 2p5 4f          -2.49857E-01  3.30763E+00 21.0
     37 11 10  111   5 2p5 5s          -2.48266E-01  3.30922E+00  3.0
     38 11 10  300   3 2p5 5p          -2.17815E-01  3.33968E+00  3.0
     39 11 10  320   4 2p5 5p          -2.13268E-01  3.34422E+00 15.0
     40 11 10  120   4 2p5 5p          -2.11174E-01  3.34632E+00  5.0
     41 11 10  110   3 2p5 5p          -2.10837E-01  3.34665E+00  3.0
     42 11 10  310   3 2p5 5p          -2.10713E-01  3.34678E+00  9.0
     43 11 10  100   4 2p5 5p          -1.95843E-01  3.36165E+00  1.0
     44 11 10  311   6 2p5 5d          -1.64015E-01  3.39348E+00  9.0
     45 11 10  331   3 2p5 5d          -1.62688E-01  3.39480E+00 21.0
     46 11 10  131   3 2p5 5d          -1.62127E-01  3.39536E+00  7.0
     47 11 10  121   3 2p5 5d          -1.61122E-01  3.39637E+00  5.0
     48 11 10  321   3 2p5 5d          -1.61106E-01  3.39638E+00 15.0
     49 11 10  111   6 2p5 5d          -1.60765E-01  3.39673E+00  3.0
     50 11 10  311   7 2p5 6s          -1.60544E-01  3.39695E+00  9.0
     51 11 10  320   5 2p5 5f          -1.60146E-01  3.39734E+00 15.0
     52 11 10  120   5 2p5 5f          -1.60117E-01  3.39737E+00  5.0
     53 11 10  340   2 2p5 5f          -1.60077E-01  3.39741E+00 27.0
     54 11 10  140   2 2p5 5f          -1.60070E-01  3.39742E+00  9.0
     55 11 10  331   4 2p5 5g          -1.60001E-01  3.39749E+00 21.0
     56 11 10  131   4 2p5 5g          -1.60001E-01  3.39749E+00  7.0
     57 11 10  341   1 2p5 5g          -1.59997E-01  3.39749E+00 27.0
     58 11 10  141   1 2p5 5g          -1.59997E-01  3.39749E+00  9.0
     59 11 10  130   2 2p5 5f          -1.59894E-01  3.39760E+00  7.0
     60 11 10  330   2 2p5 5f          -1.59894E-01  3.39760E+00 21.0
     61 11 10  111   7 2p5 6s          -1.58994E-01  3.39850E+00  3.0
     62 11 10  300   4 2p5 6p          -1.42974E-01  3.41452E+00  3.0
     63 11 10  320   6 2p5 6p          -1.40572E-01  3.41692E+00 15.0
     64 11 10  120   6 2p5 6p          -1.39447E-01  3.41804E+00  5.0
     65 11 10  110   4 2p5 6p          -1.39289E-01  3.41820E+00  3.0
     66 11 10  310   4 2p5 6p          -1.39222E-01  3.41827E+00  9.0
     67 11 10  100   5 2p5 6p          -1.31090E-01  3.42640E+00  1.0
     68 11 10  311   8 2p5 6d          -1.13497E-01  3.44399E+00  9.0
     69 11 10  331   5 2p5 6d          -1.12740E-01  3.44475E+00 21.0
     70 11 10  131   5 2p5 6d          -1.12400E-01  3.44509E+00  7.0
     71 11 10  121   4 2p5 6d          -1.11824E-01  3.44567E+00  5.0
     72 11 10  321   4 2p5 6d          -1.11814E-01  3.44568E+00 15.0
     73 11 10  111   8 2p5 6d          -1.11544E-01  3.44595E+00  3.0
     74 11 10  311   9 2p5 7s          -1.11391E-01  3.44610E+00  9.0
     75 11 10  320   7 2p5 6f          -1.11211E-01  3.44628E+00 15.0
     76 11 10  120   7 2p5 6f          -1.11190E-01  3.44630E+00  5.0
     77 11 10  340   3 2p5 6f          -1.11165E-01  3.44633E+00 27.0
     78 11 10  140   3 2p5 6f          -1.11159E-01  3.44633E+00  9.0
     79 11 10  331   6 2p5 6g          -1.11113E-01  3.44638E+00 21.0
     80 11 10  131   6 2p5 6g          -1.11112E-01  3.44638E+00  7.0
     81 11 10  340   4 2p5 6h          -1.11111E-01  3.44638E+00 27.0
     82 11 10  140   4 2p5 6h          -1.11111E-01  3.44638E+00  9.0
     83 11 10  341   2 2p5 6g          -1.11108E-01  3.44638E+00 27.0
     84 11 10  141   2 2p5 6g          -1.11108E-01  3.44638E+00  9.0
     85 11 10  130   3 2p5 6f          -1.11040E-01  3.44645E+00  7.0
     86 11 10  330   3 2p5 6f          -1.11040E-01  3.44645E+00 21.0
     87 11 10  111   9 2p5 7s          -1.10491E-01  3.44700E+00  3.0
     88 11 10  300   5 2p5 7p          -1.01054E-01  3.45644E+00  3.0
     89 11 10  320   8 2p5 7p          -9.96296E-02  3.45786E+00 15.0
     90 11 10  120   8 2p5 7p          -9.89573E-02  3.45853E+00  5.0
     91 11 10  110   5 2p5 7p          -9.88695E-02  3.45862E+00  3.0
     92 11 10  310   5 2p5 7p          -9.88296E-02  3.45866E+00  9.0
     93 11 10  100   6 2p5 7p          -9.39094E-02  3.46358E+00  1.0
     94 11 10  311  10 2p5 7d          -8.31577E-02  3.47433E+00  9.0
     95 11 10  331   7 2p5 7d          -8.26852E-02  3.47480E+00 21.0
     96 11 10  131   7 2p5 7d          -8.24652E-02  3.47502E+00  7.0
     97 11 10  121   5 2p5 7d          -8.21061E-02  3.47538E+00  5.0
     98 11 10  321   5 2p5 7d          -8.20997E-02  3.47539E+00 15.0
     99 11 10  111  10 2p5 7d          -8.19017E-02  3.47559E+00  3.0
    100 11 10  311  11 2p5 8s          -8.17953E-02  3.47569E+00  9.0
    101 11 10  320   9 2p5 7f          -8.17018E-02  3.47579E+00 15.0
    102 11 10  120   9 2p5 7f          -8.16869E-02  3.47580E+00  5.0
    103 11 10  340   5 2p5 7f          -8.16697E-02  3.47582E+00 27.0
    104 11 10  140   5 2p5 7f          -8.16658E-02  3.47582E+00  9.0
    105 11 10  331   8 2p5 7g          -8.16339E-02  3.47586E+00 21.0
    106 11 10  131   8 2p5 7g          -8.16338E-02  3.47586E+00  7.0
    107 11 10  140   6 2p5 7h          -8.16326E-02  3.47586E+00  9.0
    108 11 10  340   6 2p5 7h          -8.16326E-02  3.47586E+00 27.0
    109 11 10  341   3 2p5 7g          -8.16299E-02  3.47586E+00 27.0
    110 11 10  141   3 2p5 7g          -8.16299E-02  3.47586E+00  9.0
    111 11 10  130   4 2p5 7f          -8.15846E-02  3.47591E+00  7.0
    112 11 10  330   4 2p5 7f          -8.15843E-02  3.47591E+00 21.0
    113 11 10  111  11 2p5 8s          -8.12272E-02  3.47626E+00  3.0
    114 11 10  300   6 2p5 8p          -7.52092E-02  3.48228E+00  3.0
    115 11 10  320  10 2p5 8p          -7.42957E-02  3.48319E+00 15.0
    116 11 10  120  10 2p5 8p          -7.38622E-02  3.48363E+00  5.0
    117 11 10  110   6 2p5 8p          -7.38081E-02  3.48368E+00  3.0
    118 11 10  310   6 2p5 8p          -7.37823E-02  3.48371E+00  9.0
    119 11 10  100   7 2p5 8p          -7.05835E-02  3.48691E+00  1.0
    120 11 10  311  12 2p5 8d          -6.35311E-02  3.49396E+00  9.0
    121 11 10  331   9 2p5 8d          -6.32165E-02  3.49427E+00 21.0
    122 11 10  131   9 2p5 8d          -6.30668E-02  3.49442E+00  7.0
    123 11 10  121   6 2p5 8d          -6.28278E-02  3.49466E+00  5.0
    124 11 10  321   6 2p5 8d          -6.28233E-02  3.49467E+00 15.0
    125 11 10  111  12 2p5 8d          -6.26788E-02  3.49481E+00  3.0
    126 11 10  311  13 2p5 9s          -6.26029E-02  3.49489E+00  9.0
    127 11 10  320  11 2p5 8f          -6.25489E-02  3.49494E+00 15.0
    128 11 10  120  11 2p5 8f          -6.25382E-02  3.49495E+00  5.0
    129 11 10  340   7 2p5 8f          -6.25263E-02  3.49496E+00 27.0
    130 11 10  140   7 2p5 8f          -6.25235E-02  3.49497E+00  9.0
    131 11 10  331  10 2p5 8g          -6.25010E-02  3.49499E+00 21.0
    132 11 10  131  10 2p5 8g          -6.25010E-02  3.49499E+00  7.0
    133 11 10  340   8 2p5 8h          -6.24999E-02  3.49499E+00 27.0
    134 11 10  140   8 2p5 8h          -6.24999E-02  3.49499E+00  9.0
    135 11 10  141   4 2p5 8g          -6.24978E-02  3.49499E+00  9.0
    136 11 10  341   4 2p5 8g          -6.24978E-02  3.49499E+00 27.0
    137 11 10  130   5 2p5 8f          -6.24663E-02  3.49502E+00  7.0
    138 11 10  330   5 2p5 8f          -6.24662E-02  3.49502E+00 21.0
    139 11 10  111  13 2p5 9s          -6.22220E-02  3.49527E+00  3.0
    140 11 10  300   7 2p5 9p          -5.81525E-02  3.49934E+00  3.0
    141 11 10  320  12 2p5 9p          -5.75316E-02  3.49996E+00 15.0
    142 11 10  120  12 2p5 9p          -5.72359E-02  3.50025E+00  5.0
    143 11 10  110   7 2p5 9p          -5.72001E-02  3.50029E+00  3.0
    144 11 10  310   7 2p5 9p          -5.71825E-02  3.50031E+00  9.0
    145 11 10  100   8 2p5 9p          -5.49874E-02  3.50250E+00  1.0
    146 11 10  311  14 2p5 9d          -5.01113E-02  3.50738E+00  9.0
    147 11 10  331  11 2p5 9d          -4.98913E-02  3.50760E+00 21.0
    148 11 10  131  11 2p5 9d          -4.97850E-02  3.50771E+00  7.0
    149 11 10  121   7 2p5 9d          -4.96180E-02  3.50787E+00  5.0
    150 11 10  321   7 2p5 9d          -4.96148E-02  3.50788E+00 15.0
    151 11 10  111  14 2p5 9d          -4.95076E-02  3.50798E+00  3.0
    152 11 10  311  15 2p510s          -4.94521E-02  3.50804E+00  9.0
    153 11 10  320  13 2p5 9f          -4.94183E-02  3.50807E+00 15.0
    154 11 10  120  13 2p5 9f          -4.94105E-02  3.50808E+00  5.0
    155 11 10  340   9 2p5 9f          -4.94019E-02  3.50809E+00 27.0
    156 11 10  140   9 2p5 9f          -4.93999E-02  3.50809E+00  9.0
    157 11 10  331  12 2p5 9g          -4.93835E-02  3.50811E+00 21.0
    158 11 10  131  12 2p5 9g          -4.93835E-02  3.50811E+00  7.0
    159 11 10  340  10 2p5 9h          -4.93826E-02  3.50811E+00 27.0
    160 11 10  140  10 2p5 9h          -4.93826E-02  3.50811E+00  9.0
    161 11 10  141   5 2p5 9g          -4.93810E-02  3.50811E+00  9.0
    162 11 10  341   5 2p5 9g          -4.93810E-02  3.50811E+00 27.0
    163 11 10  130   6 2p5 9f          -4.93584E-02  3.50813E+00  7.0
    164 11 10  330   6 2p5 9f          -4.93582E-02  3.50813E+00 21.0
    165 11 10  111  15 2p510s          -4.91844E-02  3.50831E+00  3.0
    166 11 10  300   8 2p510p          -4.63055E-02  3.51118E+00  3.0
    167 11 10  320  14 2p510p          -4.58643E-02  3.51163E+00 15.0
    168 11 10  120  14 2p510p          -4.56537E-02  3.51184E+00  5.0
    169 11 10  110   8 2p510p          -4.56287E-02  3.51186E+00  3.0
    170 11 10  310   8 2p510p          -4.56162E-02  3.51187E+00  9.0
    171 11 10  100   9 2p510p          -4.40453E-02  3.51344E+00  1.0
    172 11 10  311  16 2p510d          -4.05333E-02  3.51696E+00  9.0
    173 11 10  331  13 2p510d          -4.03735E-02  3.51712E+00 21.0
    174 11 10  131  13 2p510d          -4.02955E-02  3.51719E+00  7.0
    175 11 10  121   8 2p510d          -4.01741E-02  3.51732E+00  5.0
    176 11 10  321   8 2p510d          -4.01718E-02  3.51732E+00 15.0
    177 11 10  111  16 2p510d          -4.00907E-02  3.51740E+00  3.0
    178 11 10  311  17 2p511s          -4.00490E-02  3.51744E+00  9.0
    179 11 10  320  15 2p510f          -4.00266E-02  3.51746E+00 15.0
    180 11 10  120  15 2p510f          -4.00207E-02  3.51747E+00  5.0
    181 11 10  340  11 2p510f          -4.00144E-02  3.51748E+00 27.0
    182 11 10  140  11 2p510f          -4.00128E-02  3.51748E+00  9.0
    183 11 10  331  14 2p510g          -4.00006E-02  3.51749E+00 21.0
    184 11 10  131  14 2p510g          -4.00006E-02  3.51749E+00  7.0
    185 11 10  340  12 2p510h          -3.99999E-02  3.51749E+00 27.0
    186 11 10  140  12 2p510h          -3.99999E-02  3.51749E+00  9.0
    187 11 10  141   6 2p510g          -3.99987E-02  3.51749E+00  9.0
    188 11 10  341   6 2p510g          -3.99987E-02  3.51749E+00 27.0
    189 11 10  130   7 2p510f          -3.99819E-02  3.51751E+00  7.0
    190 11 10  330   7 2p510f          -3.99818E-02  3.51751E+00 21.0
    191 11 10  111  17 2p511s          -3.98538E-02  3.51764E+00  3.0
 ====================================================================
