 ====================================================================
      i NZ NE iSLP iLV iCONF                 E(RYD)      TE(RYD)   gi
 ====================================================================
      1 11  9  211   1 2s2 2p5         -5.25676E+00  0.00000E+00  6.0
      2 11  9  200   1 2s 2p6          -2.85255E+00  2.40421E+00  2.0
      3 11  9  410   1 2p4(3PE) 3s     -1.90788E+00  3.34888E+00 12.0
      4 11  9  210   1 2p4(3PE) 3s     -1.84023E+00  3.41653E+00  6.0
      5 11  9  220   1 2p4(1DE) 3s     -1.60906E+00  3.64770E+00 10.0
      6 11  9  411   1 2p4(3PE) 3p     -1.55049E+00  3.70627E+00 12.0
      7 11  9  421   1 2p4(3PE) 3p     -1.50591E+00  3.75085E+00 20.0
      8 11  9  221   1 2p4(3PE) 3p     -1.47647E+00  3.78029E+00 10.0
      9 11  9  201   1 2p4(3PE) 3p     -1.45541E+00  3.80135E+00  2.0
     10 11  9  401   1 2p4(3PE) 3p     -1.45246E+00  3.80430E+00  4.0
     11 11  9  211   2 2p4(3PE) 3p     -1.43815E+00  3.81861E+00  6.0
     12 11  9  200   2 2p4(1SE) 3s     -1.28020E+00  3.97656E+00  2.0
     13 11  9  231   1 2p4(1DE) 3p     -1.23449E+00  4.02227E+00 14.0
     14 11  9  221   2 2p4(1DE) 3p     -1.19094E+00  4.06582E+00 10.0
     15 11  9  211   3 2p4(1DE) 3p     -1.16898E+00  4.08778E+00  6.0
     16 11  9  420   1 2p4(3PE) 3d     -1.06530E+00  4.19146E+00 20.0
     17 11  9  430   1 2p4(3PE) 3d     -1.03846E+00  4.21830E+00 28.0
     18 11  9  230   1 2p4(3PE) 3d     -1.02906E+00  4.22770E+00 14.0
     19 11  9  410   2 2p4(3PE) 3d     -1.02591E+00  4.23085E+00 12.0
     20 11  9  220   2 2p4(3PE) 3d     -1.02262E+00  4.23414E+00 10.0
     21 11  9  210   2 2p4(3PE) 3d     -1.01062E+00  4.24614E+00  6.0
     22 11  9  211   4 2p4(1SE) 3p     -8.87724E-01  4.36904E+00  6.0
     23 11  9  410   3 2p4(3PE) 4s     -8.84189E-01  4.37257E+00 12.0
     24 11  9  210   3 2p4(3PE) 4s     -8.64328E-01  4.39243E+00  6.0
     25 11  9  240   1 2p4(1DE) 3d     -7.73597E-01  4.48316E+00 18.0
     26 11  9  210   4 2p4(1DE) 3d     -7.65854E-01  4.49091E+00  6.0
     27 11  9  411   2 2p4(3PE) 4p     -7.62957E-01  4.49380E+00 12.0
     28 11  9  200   3 2p4(1DE) 3d     -7.59910E-01  4.49685E+00  2.0
     29 11  9  220   3 2p4(1DE) 3d     -7.53088E-01  4.50367E+00 10.0
     30 11  9  421   2 2p4(3PE) 4p     -7.49334E-01  4.50743E+00 20.0
     31 11  9  230   2 2p4(1DE) 3d     -7.45371E-01  4.51139E+00 14.0
     32 11  9  221   3 2p4(3PE) 4p     -7.39185E-01  4.51758E+00 10.0
     33 11  9  201   2 2p4(3PE) 4p     -7.34730E-01  4.52203E+00  2.0
     34 11  9  401   2 2p4(3PE) 4p     -7.33668E-01  4.52309E+00  4.0
     35 11  9  211   5 2p4(3PE) 4p     -7.04241E-01  4.55252E+00  6.0
     36 11  9  220   4 2p4(1DE) 4s     -6.01687E-01  4.65507E+00 10.0
     37 11  9  420   2 2p4(3PE) 4d     -5.93738E-01  4.66302E+00 20.0
     38 11  9  430   2 2p4(3PE) 4d     -5.83433E-01  4.67333E+00 28.0
     39 11  9  410   4 2p4(3PE) 4d     -5.78570E-01  4.67819E+00 12.0
     40 11  9  230   3 2p4(3PE) 4d     -5.78554E-01  4.67821E+00 14.0
     41 11  9  220   5 2p4(3PE) 4d     -5.72077E-01  4.68468E+00 10.0
     42 11  9  210   5 2p4(3PE) 4d     -5.69260E-01  4.68750E+00  6.0
     43 11  9  431   1 2p4(3PE) 4f     -5.64561E-01  4.69220E+00 28.0
     44 11  9  231   2 2p4(3PE) 4f     -5.64191E-01  4.69257E+00 14.0
     45 11  9  441   1 2p4(3PE) 4f     -5.62518E-01  4.69424E+00 36.0
     46 11  9  241   1 2p4(3PE) 4f     -5.62432E-01  4.69433E+00 18.0
     47 11  9  421   3 2p4(3PE) 4f     -5.61916E-01  4.69484E+00 20.0
     48 11  9  221   4 2p4(3PE) 4f     -5.61750E-01  4.69501E+00 10.0
     49 11  9  410   5 2p4(3PE) 5s     -5.10999E-01  4.74576E+00 12.0
     50 11  9  210   6 2p4(3PE) 5s     -5.02396E-01  4.75436E+00  6.0
     51 11  9  211   6 2p4(1DE) 4p     -4.75869E-01  4.78089E+00  6.0
     52 11  9  231   3 2p4(1DE) 4p     -4.73960E-01  4.78280E+00 14.0
     53 11  9  221   5 2p4(1DE) 4p     -4.62295E-01  4.79447E+00 10.0
     54 11  9  411   3 2p4(3PE) 5p     -4.56086E-01  4.80067E+00 12.0
     55 11  9  421   4 2p4(3PE) 5p     -4.49663E-01  4.80710E+00 20.0
     56 11  9  221   6 2p4(3PE) 5p     -4.44672E-01  4.81209E+00 10.0
     57 11  9  201   3 2p4(3PE) 5p     -4.43087E-01  4.81367E+00  2.0
     58 11  9  401   3 2p4(3PE) 5p     -4.42595E-01  4.81417E+00  4.0
     59 11  9  220   6 2p4(1SE) 3d     -4.33690E-01  4.82307E+00 10.0
     60 11  9  211   7 2p4(3PE) 5p     -4.17098E-01  4.83966E+00  6.0
     61 11  9  420   3 2p4(3PE) 5d     -3.76689E-01  4.88007E+00 20.0
     62 11  9  430   3 2p4(3PE) 5d     -3.71577E-01  4.88518E+00 28.0
     63 11  9  410   6 2p4(3PE) 5d     -3.69155E-01  4.88761E+00 12.0
     64 11  9  230   4 2p4(3PE) 5d     -3.68990E-01  4.88777E+00 14.0
     65 11  9  210   7 2p4(3PE) 5d     -3.65307E-01  4.89145E+00  6.0
     66 11  9  220   7 2p4(3PE) 5d     -3.65243E-01  4.89152E+00 10.0
     67 11  9  431   2 2p4(3PE) 5f     -3.61406E-01  4.89535E+00 28.0
     68 11  9  231   4 2p4(3PE) 5f     -3.61108E-01  4.89565E+00 14.0
     69 11  9  441   2 2p4(3PE) 5f     -3.60056E-01  4.89670E+00 36.0
     70 11  9  241   2 2p4(3PE) 5f     -3.59987E-01  4.89677E+00 18.0
     71 11  9  421   5 2p4(3PE) 5f     -3.59683E-01  4.89708E+00 20.0
     72 11  9  221   7 2p4(3PE) 5f     -3.59548E-01  4.89721E+00 10.0
     73 11  9  410   7 2p4(3PE) 6s     -3.32887E-01  4.92387E+00 12.0
     74 11  9  210   8 2p4(3PE) 6s     -3.28385E-01  4.92838E+00  6.0
     75 11  9  240   2 2p4(1DE) 4d     -3.11078E-01  4.94568E+00 18.0
     76 11  9  200   4 2p4(1DE) 4d     -3.09377E-01  4.94738E+00  2.0
     77 11  9  210   9 2p4(1DE) 4d     -3.06123E-01  4.95064E+00  6.0
     78 11  9  411   4 2p4(3PE) 6p     -3.03520E-01  4.95324E+00 12.0
     79 11  9  220   8 2p4(1DE) 4d     -3.01595E-01  4.95516E+00 10.0
     80 11  9  230   5 2p4(1DE) 4d     -3.00512E-01  4.95625E+00 14.0
     81 11  9  421   6 2p4(3PE) 6p     -2.99939E-01  4.95682E+00 20.0
     82 11  9  221   8 2p4(3PE) 6p     -2.97428E-01  4.95933E+00 10.0
     83 11  9  201   4 2p4(3PE) 6p     -2.96394E-01  4.96037E+00  2.0
     84 11  9  401   4 2p4(3PE) 6p     -2.96126E-01  4.96063E+00  4.0
     85 11  9  211   8 2p4(1DE) 4f     -2.89284E-01  4.96748E+00  6.0
     86 11  9  211   9 2p4(3PE) 6p     -2.88778E-01  4.96798E+00  6.0
     87 11  9  251   1 2p4(1DE) 4f     -2.87884E-01  4.96888E+00 22.0
     88 11  9  221   9 2p4(1DE) 4f     -2.87503E-01  4.96926E+00 10.0
     89 11  9  231   5 2p4(1DE) 4f     -2.85953E-01  4.97081E+00 14.0
     90 11  9  241   3 2p4(1DE) 4f     -2.85568E-01  4.97119E+00 18.0
     91 11  9  200   5 2p4(1SE) 4s     -2.70140E-01  4.98662E+00  2.0
     92 11  9  420   4 2p4(3PE) 6d     -2.59840E-01  4.99692E+00 20.0
     93 11  9  430   4 2p4(3PE) 6d     -2.56929E-01  4.99983E+00 28.0
     94 11  9  410   8 2p4(3PE) 6d     -2.55546E-01  5.00121E+00 12.0
     95 11  9  230   6 2p4(3PE) 6d     -2.55355E-01  5.00141E+00 14.0
     96 11  9  220   9 2p4(3PE) 6d     -2.52687E-01  5.00407E+00 10.0
     97 11  9  210  10 2p4(3PE) 6d     -2.52215E-01  5.00455E+00  6.0
     98 11  9  431   3 2p4(3PE) 6f     -2.50914E-01  5.00585E+00 28.0
     99 11  9  231   6 2p4(3PE) 6f     -2.50707E-01  5.00605E+00 14.0
    100 11  9  441   3 2p4(3PE) 6f     -2.50074E-01  5.00669E+00 36.0
    101 11  9  241   4 2p4(3PE) 6f     -2.50039E-01  5.00672E+00 18.0
    102 11  9  421   7 2p4(3PE) 6f     -2.49830E-01  5.00693E+00 20.0
    103 11  9  221  10 2p4(3PE) 6f     -2.49735E-01  5.00703E+00 10.0
    104 11  9  410   9 2p4(3PE) 7s     -2.34041E-01  5.02272E+00 12.0
    105 11  9  220  10 2p4(1DE) 5s     -2.32036E-01  5.02472E+00 10.0
    106 11  9  210  11 2p4(3PE) 7s     -2.31388E-01  5.02537E+00  6.0
    107 11  9  411   5 2p4(3PE) 7p     -2.16543E-01  5.04022E+00 12.0
    108 11  9  421   8 2p4(3PE) 7p     -2.14334E-01  5.04243E+00 20.0
    109 11  9  221  11 2p4(3PE) 7p     -2.12841E-01  5.04392E+00 10.0
    110 11  9  201   5 2p4(3PE) 7p     -2.12202E-01  5.04456E+00  2.0
    111 11  9  401   5 2p4(3PE) 7p     -2.12041E-01  5.04472E+00  4.0
    112 11  9  211  10 2p4(3PE) 7p     -2.10160E-01  5.04660E+00  6.0
    113 11  9  420   5 2p4(3PE) 7d     -1.89930E-01  5.06683E+00 20.0
    114 11  9  430   5 2p4(3PE) 7d     -1.88115E-01  5.06865E+00 28.0
    115 11  9  410  10 2p4(3PE) 7d     -1.87251E-01  5.06951E+00 12.0
    116 11  9  230   7 2p4(3PE) 7d     -1.87129E-01  5.06963E+00 14.0
    117 11  9  220  11 2p4(3PE) 7d     -1.85610E-01  5.07115E+00 10.0
    118 11  9  210  12 2p4(3PE) 7d     -1.85441E-01  5.07132E+00  6.0
    119 11  9  431   4 2p4(3PE) 7f     -1.84286E-01  5.07247E+00 28.0
    120 11  9  231   7 2p4(3PE) 7f     -1.84145E-01  5.07262E+00 14.0
    121 11  9  441   4 2p4(3PE) 7f     -1.83737E-01  5.07302E+00 36.0
    122 11  9  241   5 2p4(3PE) 7f     -1.83712E-01  5.07305E+00 18.0
    123 11  9  421   9 2p4(3PE) 7f     -1.83576E-01  5.07318E+00 20.0
    124 11  9  221  12 2p4(3PE) 7f     -1.83510E-01  5.07325E+00 10.0
    125 11  9  231   8 2p4(1DE) 5p     -1.73916E-01  5.08284E+00 14.0
    126 11  9  410  11 2p4(3PE) 8s     -1.73508E-01  5.08325E+00 12.0
    127 11  9  211  11 2p4(1DE) 5p     -1.72493E-01  5.08427E+00  6.0
    128 11  9  210  13 2p4(3PE) 8s     -1.71815E-01  5.08495E+00  6.0
    129 11  9  221  13 2p4(1DE) 5p     -1.68579E-01  5.08818E+00 10.0
    130 11  9  411   6 2p4(3PE) 8p     -1.62257E-01  5.09450E+00 12.0
    131 11  9  421  10 2p4(3PE) 8p     -1.60797E-01  5.09596E+00 20.0
    132 11  9  221  14 2p4(3PE) 8p     -1.59750E-01  5.09701E+00 10.0
    133 11  9  201   6 2p4(3PE) 8p     -1.59415E-01  5.09735E+00  2.0
    134 11  9  401   6 2p4(3PE) 8p     -1.59310E-01  5.09745E+00  4.0
    135 11  9  211  12 2p4(3PE) 8p     -1.53413E-01  5.10335E+00  6.0
    136 11  9  420   6 2p4(3PE) 8d     -1.44839E-01  5.11192E+00 20.0
    137 11  9  430   6 2p4(3PE) 8d     -1.43632E-01  5.11313E+00 28.0
    138 11  9  410  12 2p4(3PE) 8d     -1.43057E-01  5.11370E+00 12.0
    139 11  9  230   8 2p4(3PE) 8d     -1.42974E-01  5.11379E+00 14.0
    140 11  9  211  13 2p4(1SE) 4p     -1.42150E-01  5.11461E+00  6.0
    141 11  9  220  12 2p4(3PE) 8d     -1.42025E-01  5.11474E+00 10.0
    142 11  9  210  14 2p4(3PE) 8d     -1.41967E-01  5.11479E+00  6.0
    143 11  9  431   5 2p4(3PE) 8f     -1.41051E-01  5.11571E+00 28.0
    144 11  9  231   9 2p4(3PE) 8f     -1.40947E-01  5.11581E+00 14.0
    145 11  9  441   5 2p4(3PE) 8f     -1.40675E-01  5.11609E+00 36.0
    146 11  9  241   6 2p4(3PE) 8f     -1.40657E-01  5.11610E+00 18.0
    147 11  9  421  11 2p4(3PE) 8f     -1.40565E-01  5.11620E+00 20.0
    148 11  9  221  15 2p4(3PE) 8f     -1.40517E-01  5.11624E+00 10.0
    149 11  9  410  13 2p4(3PE) 9s     -1.33760E-01  5.12300E+00 12.0
    150 11  9  210  15 2p4(3PE) 9s     -1.32613E-01  5.12415E+00  6.0
    151 11  9  411   7 2p4(3PE) 9p     -1.26103E-01  5.13066E+00 12.0
    152 11  9  421  12 2p4(3PE) 9p     -1.25088E-01  5.13167E+00 20.0
    153 11  9  221  16 2p4(3PE) 9p     -1.24409E-01  5.13235E+00 10.0
    154 11  9  201   7 2p4(3PE) 9p     -1.24141E-01  5.13262E+00  2.0
    155 11  9  401   7 2p4(3PE) 9p     -1.24069E-01  5.13269E+00  4.0
    156 11  9  211  14 2p4(3PE) 9p     -1.21054E-01  5.13571E+00  6.0
    157 11  9  420   7 2p4(3PE) 9d     -1.14081E-01  5.14268E+00 20.0
    158 11  9  430   7 2p4(3PE) 9d     -1.13237E-01  5.14352E+00 28.0
    159 11  9  410  14 2p4(3PE) 9d     -1.12835E-01  5.14393E+00 12.0
    160 11  9  230   9 2p4(3PE) 9d     -1.12781E-01  5.14398E+00 14.0
    161 11  9  210  16 2p4(3PE) 9d     -1.12283E-01  5.14448E+00  6.0
    162 11  9  220  13 2p4(3PE) 9d     -1.12232E-01  5.14453E+00 10.0
    163 11  9  431   6 2p4(3PE) 9f     -1.11418E-01  5.14534E+00 28.0
    164 11  9  231  10 2p4(3PE) 9f     -1.11342E-01  5.14542E+00 14.0
    165 11  9  441   6 2p4(3PE) 9f     -1.11150E-01  5.14561E+00 36.0
    166 11  9  241   7 2p4(3PE) 9f     -1.11137E-01  5.14562E+00 18.0
    167 11  9  421  13 2p4(3PE) 9f     -1.11071E-01  5.14569E+00 20.0
    168 11  9  221  17 2p4(3PE) 9f     -1.11037E-01  5.14572E+00 10.0
    169 11  9  410  15 2p4(3PE)10s     -1.06260E-01  5.15050E+00 12.0
    170 11  9  210  17 2p4(3PE)10s     -1.05448E-01  5.15131E+00  6.0
    171 11  9  411   8 2p4(3PE)10p     -1.00817E-01  5.15594E+00 12.0
    172 11  9  421  14 2p4(3PE)10p     -1.00082E-01  5.15668E+00 20.0
    173 11  9  221  18 2p4(3PE)10p     -9.96006E-02  5.15716E+00 10.0
    174 11  9  201   8 2p4(3PE)10p     -9.94053E-02  5.15735E+00  2.0
    175 11  9  401   8 2p4(3PE)10p     -9.93537E-02  5.15741E+00  4.0
    176 11  9  211  15 2p4(3PE)10p     -9.76223E-02  5.15914E+00  6.0
    177 11  9  240   3 2p4(1DE) 5d     -9.72849E-02  5.15948E+00 18.0
    178 11  9  210  18 2p4(1DE) 5d     -9.52874E-02  5.16147E+00  6.0
    179 11  9  220  14 2p4(1DE) 5d     -9.37343E-02  5.16303E+00 10.0
    180 11  9  200   6 2p4(1DE) 5d     -9.30580E-02  5.16370E+00  2.0
    181 11  9  230  10 2p4(1DE) 5d     -9.22456E-02  5.16451E+00 14.0
    182 11  9  420   8 2p4(3PE)10d     -9.21693E-02  5.16459E+00 20.0
    183 11  9  430   8 2p4(3PE)10d     -9.15568E-02  5.16520E+00 28.0
    184 11  9  410  16 2p4(3PE)10d     -9.12645E-02  5.16550E+00 12.0
    185 11  9  230  11 2p4(3PE)10d     -9.10530E-02  5.16571E+00 14.0
    186 11  9  431   7 2p4(3PE)10f     -9.02277E-02  5.16653E+00 28.0
    187 11  9  231  11 2p4(3PE)10f     -9.01711E-02  5.16659E+00 14.0
    188 11  9  200   7 2p4(1DE) 6d      2.02552E-02  5.27702E+00  2.0
    189 11  9  200   8 2p4(1DE) 7d      8.67394E-02  5.34350E+00  2.0
    190 11  9  200   9 2p4(1SE) 5s      9.53224E-02  5.35208E+00  2.0
    191 11  9  200  10 2p4(1DE) 8d      1.33183E-01  5.38994E+00  2.0
    192 11  9  200  11 2p4(1DE) 9d      1.63254E-01  5.42001E+00  2.0
    193 11  9  200  12 2p4(1DE)10d      1.84777E-01  5.44154E+00  2.0
    194 11  9  400   1 2p5(3PO) 3p      6.59781E-01  5.91654E+00  4.0
    195 11  9  400   2 2p5(3PO) 4p      1.45626E+00  6.71302E+00  4.0
    196 11  9  400   3 2p5(3PO) 5p      1.76412E+00  7.02088E+00  4.0
    197 11  9  400   4 2p5(3PO) 6p      1.91689E+00  7.17365E+00  4.0
    198 11  9  400   5 2p5(3PO) 7p      2.00390E+00  7.26066E+00  4.0
    199 11  9  400   6 2p5(3PO) 8p      2.05818E+00  7.31494E+00  4.0
    200 11  9  400   7 2p5(3PO) 9p      2.09431E+00  7.35107E+00  4.0
    201 11  9  400   8 2p5(3PO)10p      2.11958E+00  7.37634E+00  4.0
 ====================================================================
