 ====================================================================
      i NZ NE iSLP iLV iCONF                 E(RYD)      TE(RYD)   gi
 ====================================================================
      1 11  8  310   1 2s2 2p4         -7.25590E+00  0.00000E+00  9.0
      2 11  8  120   1 2s2 2p4         -6.96971E+00  2.86190E-01  5.0
      3 11  8  100   1 2s2 2p4         -6.63502E+00  6.20880E-01  1.0
      4 11  8  311   1 2s 2p5          -5.02803E+00  2.22787E+00  9.0
      5 11  8  111   1 2s 2p5          -4.10118E+00  3.15472E+00  3.0
      6 11  8  501   1 2p3(4SO) 3s     -2.91586E+00  4.34004E+00  5.0
      7 11  8  301   1 2p3(4SO) 3s     -2.79464E+00  4.46126E+00  3.0
      8 11  8  510   1 2p3(4SO) 3p     -2.45246E+00  4.80344E+00 15.0
      9 11  8  321   1 2p3(2DO) 3s     -2.44470E+00  4.81120E+00 15.0
     10 11  8  121   1 2p3(2DO) 3s     -2.38406E+00  4.87184E+00  5.0
     11 11  8  310   2 2p3(4SO) 3p     -2.34475E+00  4.91115E+00  9.0
     12 11  8  311   2 2p3(2PO) 3s     -2.21458E+00  5.04132E+00  9.0
     13 11  8  111   2 2p3(2PO) 3s     -2.15112E+00  5.10478E+00  3.0
     14 11  8  100   2 2p6             -2.03702E+00  5.21888E+00  1.0
     15 11  8  110   1 2p3(2DO) 3p     -2.03147E+00  5.22443E+00  3.0
     16 11  8  320   1 2p3(2DO) 3p     -2.01570E+00  5.24020E+00 15.0
     17 11  8  330   1 2p3(2DO) 3p     -1.98530E+00  5.27060E+00 21.0
     18 11  8  130   1 2p3(2DO) 3p     -1.96627E+00  5.28963E+00  7.0
     19 11  8  521   1 2p3(4SO) 3d     -1.89813E+00  5.35777E+00 25.0
     20 11  8  310   3 2p3(2DO) 3p     -1.87165E+00  5.38425E+00  9.0
     21 11  8  321   2 2p3(4SO) 3d     -1.82819E+00  5.42771E+00 15.0
     22 11  8  300   1 2p3(2PO) 3p     -1.79054E+00  5.46536E+00  3.0
     23 11  8  120   2 2p3(2DO) 3p     -1.78990E+00  5.46600E+00  5.0
     24 11  8  320   2 2p3(2PO) 3p     -1.75885E+00  5.49705E+00 15.0
     25 11  8  110   2 2p3(2PO) 3p     -1.73384E+00  5.52206E+00  3.0
     26 11  8  310   4 2p3(2PO) 3p     -1.69670E+00  5.55920E+00  9.0
     27 11  8  120   3 2p3(2PO) 3p     -1.64029E+00  5.61561E+00  5.0
     28 11  8  100   3 2p3(2PO) 3p     -1.47090E+00  5.78500E+00  1.0
     29 11  8  101   1 2p3(2DO) 3d     -1.46101E+00  5.79489E+00  1.0
     30 11  8  331   1 2p3(2DO) 3d     -1.46043E+00  5.79547E+00 21.0
     31 11  8  341   1 2p3(2DO) 3d     -1.44093E+00  5.81497E+00 27.0
     32 11  8  141   1 2p3(2DO) 3d     -1.43333E+00  5.82257E+00  9.0
     33 11  8  321   3 2p3(2DO) 3d     -1.43095E+00  5.82495E+00 15.0
     34 11  8  501   2 2p3(4SO) 4s     -1.41773E+00  5.83817E+00  5.0
     35 11  8  111   3 2p3(2DO) 3d     -1.40801E+00  5.84789E+00  3.0
     36 11  8  311   3 2p3(2DO) 3d     -1.39127E+00  5.86463E+00  9.0
     37 11  8  121   2 2p3(2DO) 3d     -1.38371E+00  5.87219E+00  5.0
     38 11  8  301   2 2p3(4SO) 4s     -1.38009E+00  5.87581E+00  3.0
     39 11  8  301   3 2p3(2DO) 3d     -1.37633E+00  5.87957E+00  3.0
     40 11  8  131   1 2p3(2DO) 3d     -1.35612E+00  5.89978E+00  7.0
     41 11  8  510   2 2p3(4SO) 4p     -1.25352E+00  6.00238E+00 15.0
     42 11  8  331   2 2p3(2PO) 3d     -1.21183E+00  6.04407E+00 21.0
     43 11  8  311   4 2p3(2PO) 3d     -1.20201E+00  6.05389E+00  9.0
     44 11  8  310   5 2p3(4SO) 4p     -1.19672E+00  6.05918E+00  9.0
     45 11  8  121   3 2p3(2PO) 3d     -1.19160E+00  6.06430E+00  5.0
     46 11  8  321   4 2p3(2PO) 3d     -1.18714E+00  6.06876E+00 15.0
     47 11  8  131   2 2p3(2PO) 3d     -1.16277E+00  6.09313E+00  7.0
     48 11  8  111   4 2p3(2PO) 3d     -1.11313E+00  6.14277E+00  3.0
     49 11  8  521   2 2p3(4SO) 4d     -1.05770E+00  6.19820E+00 25.0
     50 11  8  321   5 2p3(4SO) 4d     -1.02072E+00  6.23518E+00 15.0
     51 11  8  530   1 2p3(4SO) 4f     -1.00298E+00  6.25292E+00 35.0
     52 11  8  330   2 2p3(4SO) 4f     -1.00173E+00  6.25417E+00 21.0
     53 11  8  321   6 2p3(2DO) 4s     -9.65597E-01  6.29030E+00 15.0
     54 11  8  121   4 2p3(2DO) 4s     -9.45723E-01  6.31018E+00  5.0
     55 11  8  510   3 2p4(4PE) 3s     -9.10733E-01  6.34517E+00 15.0
     56 11  8  501   3 2p3(4SO) 5s     -8.42678E-01  6.41322E+00  5.0
     57 11  8  301   4 2p3(4SO) 5s     -8.23925E-01  6.43197E+00  3.0
     58 11  8  310   6 2p3(2DO) 4p     -8.21939E-01  6.43396E+00  9.0
     59 11  8  320   3 2p3(2DO) 4p     -8.10784E-01  6.44512E+00 15.0
     60 11  8  110   3 2p3(2DO) 4p     -8.09181E-01  6.44672E+00  3.0
     61 11  8  330   3 2p3(2DO) 4p     -7.99427E-01  6.45647E+00 21.0
     62 11  8  130   2 2p3(2DO) 4p     -7.92810E-01  6.46309E+00  7.0
     63 11  8  510   4 2p3(4SO) 5p     -7.56280E-01  6.49962E+00 15.0
     64 11  8  310   7 2p3(4SO) 5p     -7.50120E-01  6.50578E+00  9.0
     65 11  8  311   5 2p3(2PO) 4s     -7.39952E-01  6.51595E+00  9.0
     66 11  8  120   4 2p3(2DO) 4p     -7.21842E-01  6.53406E+00  5.0
     67 11  8  111   5 2p3(2PO) 4s     -7.19587E-01  6.53631E+00  3.0
     68 11  8  310   8 2p4(4PE) 3s     -7.00283E-01  6.55562E+00  9.0
     69 11  8  521   3 2p3(4SO) 5d     -6.70520E-01  6.58538E+00 25.0
     70 11  8  321   7 2p3(4SO) 5d     -6.56571E-01  6.59933E+00 15.0
     71 11  8  530   2 2p3(4SO) 5f     -6.42462E-01  6.61344E+00 35.0
     72 11  8  330   4 2p3(4SO) 5f     -6.41371E-01  6.61453E+00 21.0
     73 11  8  101   2 2p3(2DO) 4d     -6.18374E-01  6.63753E+00  1.0
     74 11  8  331   3 2p3(2DO) 4d     -6.15490E-01  6.64041E+00 21.0
     75 11  8  341   2 2p3(2DO) 4d     -6.09832E-01  6.64607E+00 27.0
     76 11  8  141   2 2p3(2DO) 4d     -6.06378E-01  6.64952E+00  9.0
     77 11  8  321   8 2p3(2DO) 4d     -6.02435E-01  6.65346E+00 15.0
     78 11  8  111   6 2p3(2DO) 4d     -5.92963E-01  6.66294E+00  3.0
     79 11  8  311   6 2p3(2DO) 4d     -5.87221E-01  6.66868E+00  9.0
     80 11  8  300   2 2p3(2PO) 4p     -5.85640E-01  6.67026E+00  3.0
     81 11  8  301   5 2p3(2DO) 4d     -5.81294E-01  6.67461E+00  3.0
     82 11  8  121   5 2p3(2DO) 4d     -5.76989E-01  6.67891E+00  5.0
     83 11  8  320   4 2p3(2PO) 4p     -5.76867E-01  6.67903E+00 15.0
     84 11  8  110   4 2p3(2PO) 4p     -5.73325E-01  6.68257E+00  3.0
     85 11  8  131   3 2p3(2DO) 4d     -5.70710E-01  6.68519E+00  7.0
     86 11  8  120   5 2p3(2DO) 4f     -5.62976E-01  6.69292E+00  5.0
     87 11  8  310   9 2p3(2DO) 4f     -5.62443E-01  6.69346E+00  9.0
     88 11  8  340   1 2p3(2DO) 4f     -5.62414E-01  6.69349E+00 27.0
     89 11  8  330   5 2p3(2DO) 4f     -5.62293E-01  6.69361E+00 21.0
     90 11  8  350   1 2p3(2DO) 4f     -5.61504E-01  6.69440E+00 33.0
     91 11  8  150   1 2p3(2DO) 4f     -5.61438E-01  6.69446E+00 11.0
     92 11  8  130   3 2p3(2DO) 4f     -5.61134E-01  6.69477E+00  7.0
     93 11  8  140   1 2p3(2DO) 4f     -5.60981E-01  6.69492E+00  9.0
     94 11  8  320   5 2p3(2DO) 4f     -5.60848E-01  6.69505E+00 15.0
     95 11  8  110   5 2p3(2DO) 4f     -5.60638E-01  6.69526E+00  3.0
     96 11  8  501   4 2p3(4SO) 6s     -5.59006E-01  6.69689E+00  5.0
     97 11  8  301   6 2p3(4SO) 6s     -5.47691E-01  6.70821E+00  3.0
     98 11  8  310  10 2p3(2PO) 4p     -5.43038E-01  6.71286E+00  9.0
     99 11  8  120   6 2p3(2PO) 4p     -5.39813E-01  6.71609E+00  5.0
    100 11  8  510   5 2p3(4SO) 6p     -5.12117E-01  6.74378E+00 15.0
    101 11  8  310  11 2p3(4SO) 6p     -4.96134E-01  6.75977E+00  9.0
    102 11  8  511   1 2p4(4PE) 3p     -4.92182E-01  6.76372E+00 15.0
    103 11  8  100   4 2p3(2PO) 4p     -4.68011E-01  6.78789E+00  1.0
    104 11  8  521   4 2p3(4SO) 6d     -4.64022E-01  6.79188E+00 25.0
    105 11  8  321   9 2p3(4SO) 6d     -4.53250E-01  6.80265E+00 15.0
    106 11  8  530   3 2p3(4SO) 6f     -4.46312E-01  6.80959E+00 35.0
    107 11  8  330   6 2p3(4SO) 6f     -4.45478E-01  6.81042E+00 21.0
    108 11  8  521   5 2p4(4PE) 3p     -4.38853E-01  6.81705E+00 25.0
    109 11  8  501   5 2p3(4SO) 7s     -4.02590E-01  6.85331E+00  5.0
    110 11  8  321  10 2p3(2DO) 5s     -4.01067E-01  6.85483E+00 15.0
    111 11  8  121   6 2p3(2DO) 5s     -3.91658E-01  6.86424E+00  5.0
    112 11  8  301   7 2p3(4SO) 7s     -3.91074E-01  6.86483E+00  3.0
    113 11  8  331   4 2p3(2PO) 4d     -3.84478E-01  6.87142E+00 21.0
    114 11  8  311   7 2p3(2PO) 4d     -3.80293E-01  6.87561E+00  9.0
    115 11  8  321  11 2p4(4PE) 3p     -3.79875E-01  6.87602E+00 15.0
    116 11  8  121   7 2p3(2PO) 4d     -3.74366E-01  6.88153E+00  5.0
    117 11  8  510   6 2p3(4SO) 7p     -3.68670E-01  6.88723E+00 15.0
    118 11  8  321  12 2p3(2PO) 4d     -3.64864E-01  6.89104E+00 15.0
    119 11  8  310  12 2p3(4SO) 7p     -3.63054E-01  6.89285E+00  9.0
    120 11  8  131   4 2p3(2PO) 4d     -3.59790E-01  6.89611E+00  7.0
    121 11  8  501   6 2p4(4PE) 3p     -3.54750E-01  6.90115E+00  5.0
    122 11  8  301   8 2p4(4PE) 3p     -3.45400E-01  6.91050E+00  3.0
    123 11  8  111   7 2p3(2PO) 4d     -3.38939E-01  6.91696E+00  3.0
    124 11  8  521   6 2p3(4SO) 7d     -3.37510E-01  6.91839E+00 25.0
    125 11  8  320   6 2p3(2PO) 4f     -3.35509E-01  6.92039E+00 15.0
    126 11  8  340   2 2p3(2PO) 4f     -3.34976E-01  6.92092E+00 27.0
    127 11  8  130   4 2p3(2PO) 4f     -3.34669E-01  6.92123E+00  7.0
    128 11  8  330   7 2p3(2PO) 4f     -3.34546E-01  6.92135E+00 21.0
    129 11  8  120   7 2p3(2PO) 4f     -3.34291E-01  6.92161E+00  5.0
    130 11  8  140   2 2p3(2PO) 4f     -3.34091E-01  6.92181E+00  9.0
    131 11  8  321  13 2p3(4SO) 7d     -3.29021E-01  6.92688E+00 15.0
    132 11  8  530   4 2p3(4SO) 7f     -3.27944E-01  6.92796E+00 35.0
    133 11  8  330   8 2p3(4SO) 7f     -3.27309E-01  6.92859E+00 21.0
    134 11  8  320   7 2p3(2DO) 5p     -3.26331E-01  6.92957E+00 15.0
    135 11  8  110   6 2p3(2DO) 5p     -3.21048E-01  6.93485E+00  3.0
    136 11  8  330   9 2p3(2DO) 5p     -3.17093E-01  6.93881E+00 21.0
    137 11  8  130   5 2p3(2DO) 5p     -3.14011E-01  6.94189E+00  7.0
    138 11  8  310  13 2p3(2DO) 5p     -2.99861E-01  6.95604E+00  9.0
    139 11  8  311   8 2p4(4PE) 3p     -2.98256E-01  6.95764E+00  9.0
    140 11  8  501   7 2p3(4SO) 8s     -2.92029E-01  6.96387E+00  5.0
    141 11  8  301   9 2p3(4SO) 8s     -2.90997E-01  6.96490E+00  3.0
    142 11  8  120   8 2p3(2DO) 5p     -2.81414E-01  6.97449E+00  5.0
    143 11  8  510   7 2p3(4SO) 8p     -2.77960E-01  6.97794E+00 15.0
    144 11  8  310  14 2p3(4SO) 8p     -2.69822E-01  6.98608E+00  9.0
    145 11  8  521   7 2p3(4SO) 8d     -2.57474E-01  6.99843E+00 25.0
    146 11  8  321  14 2p3(4SO) 8d     -2.53538E-01  7.00236E+00 15.0
    147 11  8  530   5 2p3(4SO) 8f     -2.51090E-01  7.00481E+00 35.0
    148 11  8  330  10 2p3(4SO) 8f     -2.50594E-01  7.00531E+00 21.0
    149 11  8  101   3 2p3(2DO) 5d     -2.30389E-01  7.02551E+00  1.0
    150 11  8  331   5 2p3(2DO) 5d     -2.28440E-01  7.02746E+00 21.0
    151 11  8  501   8 2p3(4SO) 9s     -2.27677E-01  7.02822E+00  5.0
    152 11  8  301  10 2p3(4SO) 9s     -2.26211E-01  7.02969E+00  3.0
    153 11  8  341   3 2p3(2DO) 5d     -2.26138E-01  7.02976E+00 27.0
    154 11  8  141   3 2p3(2DO) 5d     -2.24366E-01  7.03153E+00  9.0
    155 11  8  321  15 2p3(2DO) 5d     -2.23650E-01  7.03225E+00 15.0
    156 11  8  111   8 2p3(2DO) 5d     -2.19230E-01  7.03667E+00  3.0
    157 11  8  510   8 2p3(4SO) 9p     -2.17016E-01  7.03888E+00 15.0
    158 11  8  311   9 2p3(2DO) 5d     -2.14338E-01  7.04156E+00  9.0
    159 11  8  310  15 2p3(4SO) 9p     -2.13205E-01  7.04270E+00  9.0
    160 11  8  301  11 2p3(2DO) 5d     -2.11307E-01  7.04459E+00  3.0
    161 11  8  121   8 2p3(2DO) 5d     -2.07846E-01  7.04805E+00  5.0
    162 11  8  131   5 2p3(2DO) 5d     -2.05818E-01  7.05008E+00  7.0
    163 11  8  521   8 2p3(4SO) 9d     -2.02814E-01  7.05309E+00 25.0
    164 11  8  110   7 2p3(2DO) 5f     -2.01694E-01  7.05421E+00  3.0
    165 11  8  330  11 2p3(2DO) 5f     -2.01683E-01  7.05422E+00 21.0
    166 11  8  340   3 2p3(2DO) 5f     -2.01611E-01  7.05429E+00 27.0
    167 11  8  320   8 2p3(2DO) 5f     -2.01450E-01  7.05445E+00 15.0
    168 11  8  310  16 2p3(2DO) 5f     -2.01203E-01  7.05470E+00  9.0
    169 11  8  120   9 2p3(2DO) 5f     -2.01181E-01  7.05472E+00  5.0
    170 11  8  350   2 2p3(2DO) 5f     -2.00973E-01  7.05493E+00 33.0
    171 11  8  150   2 2p3(2DO) 5f     -2.00923E-01  7.05498E+00 11.0
    172 11  8  130   6 2p3(2DO) 5f     -2.00674E-01  7.05523E+00  7.0
    173 11  8  140   3 2p3(2DO) 5f     -2.00464E-01  7.05544E+00  9.0
    174 11  8  321  16 2p3(4SO) 9d     -1.98912E-01  7.05699E+00 15.0
    175 11  8  530   6 2p3(4SO) 9f     -1.98387E-01  7.05751E+00 35.0
    176 11  8  330  12 2p3(4SO) 9f     -1.97973E-01  7.05793E+00 21.0
    177 11  8  501   9 2p3(4SO)10s     -1.81931E-01  7.07397E+00  5.0
    178 11  8  301  12 2p3(4SO)10s     -1.80722E-01  7.07518E+00  3.0
    179 11  8  510   9 2p3(4SO)10p     -1.74117E-01  7.08178E+00 15.0
    180 11  8  310  17 2p3(4SO)10p     -1.71726E-01  7.08417E+00  9.0
    181 11  8  311  10 2p3(2PO) 5s     -1.66634E-01  7.08927E+00  9.0
    182 11  8  521   9 2p3(4SO)10d     -1.63866E-01  7.09203E+00 25.0
    183 11  8  321  17 2p3(4SO)10d     -1.61410E-01  7.09449E+00 15.0
    184 11  8  530   7 2p3(4SO)10f     -1.60685E-01  7.09521E+00 35.0
    185 11  8  330  13 2p3(4SO)10f     -1.60365E-01  7.09553E+00 21.0
    186 11  8  111   9 2p3(2PO) 5s     -1.58750E-01  7.09715E+00  3.0
    187 11  8  320   9 2p4(2DE) 3s     -1.45974E-01  7.10993E+00 15.0
    188 11  8  121   9 2p3(2DO) 6s     -1.09210E-01  7.14669E+00  5.0
    189 11  8  300   3 2p3(2PO) 5p     -9.83024E-02  7.15760E+00  3.0
    190 11  8  110   8 2p3(2PO) 5p     -9.50363E-02  7.16086E+00  3.0
    191 11  8  320  10 2p3(2PO) 5p     -8.61065E-02  7.16979E+00 15.0
    192 11  8  120  10 2p3(2PO) 5p     -8.45317E-02  7.17137E+00  5.0
    193 11  8  110   9 2p3(2DO) 6p     -6.90261E-02  7.18687E+00  3.0
    194 11  8  130   7 2p3(2DO) 6p     -6.88557E-02  7.18704E+00  7.0
    195 11  8  320  11 2p3(2DO) 6p     -6.42536E-02  7.19165E+00 15.0
    196 11  8  120  11 2p3(2DO) 6p     -6.32675E-02  7.19263E+00  5.0
    197 11  8  100   5 2p3(2PO) 5p     -4.10387E-02  7.21486E+00  1.0
    198 11  8  331   6 2p3(2DO) 6d     -2.22771E-02  7.23362E+00 21.0
    199 11  8  101   4 2p3(2DO) 6d     -2.20693E-02  7.23383E+00  1.0
    200 11  8  141   4 2p3(2DO) 6d     -1.86341E-02  7.23727E+00  9.0
    201 11  8  111  10 2p3(2DO) 6d     -1.66117E-02  7.23929E+00  3.0
    202 11  8  121  10 2p3(2DO) 6d     -1.31131E-02  7.24279E+00  5.0
    203 11  8  120  12 2p4(2DE) 3s     -1.30216E-02  7.24288E+00  5.0
    204 11  8  311  11 2p3(2DO) 6d     -1.27644E-02  7.24314E+00  9.0
    205 11  8  131   6 2p3(2PO) 5d     -8.25283E-03  7.24765E+00  7.0
    206 11  8  340   4 2p3(2DO) 6f     -5.72970E-03  7.25017E+00 27.0
    207 11  8  320  12 2p3(2DO) 6f     -5.63087E-03  7.25027E+00 15.0
    208 11  8  110  10 2p3(2DO) 6f     -5.47702E-03  7.25042E+00  3.0
    209 11  8  120  13 2p3(2DO) 6f     -5.24230E-03  7.25066E+00  5.0
    210 11  8  150   3 2p3(2DO) 6f     -4.93906E-03  7.25096E+00 11.0
    211 11  8  130   8 2p3(2DO) 6f     -4.89261E-03  7.25101E+00  7.0
    212 11  8  140   4 2p3(2DO) 6f     -4.81608E-03  7.25108E+00  9.0
    213 11  8  331   7 2p3(2PO) 5d      9.48083E-04  7.25685E+00 21.0
    214 11  8  311  12 2p3(2PO) 5d      3.05509E-03  7.25896E+00  9.0
    215 11  8  121  11 2p3(2PO) 5d      6.15614E-03  7.26206E+00  5.0
    216 11  8  131   7 2p3(2DO) 6d      1.27628E-02  7.26866E+00  7.0
    217 11  8  111  11 2p3(2PO) 5d      2.44075E-02  7.28031E+00  3.0
    218 11  8  320  13 2p3(2PO) 5f      2.55027E-02  7.28140E+00 15.0
    219 11  8  340   5 2p3(2PO) 5f      2.57701E-02  7.28167E+00 27.0
    220 11  8  130   9 2p3(2PO) 5f      2.59872E-02  7.28189E+00  7.0
    221 11  8  140   5 2p3(2PO) 5f      2.64408E-02  7.28234E+00  9.0
    222 11  8  120  14 2p3(2PO) 5f      2.64690E-02  7.28237E+00  5.0
    223 11  8  520   1 2p4(4PE) 3d      4.91184E-02  7.30502E+00 25.0
    224 11  8  121  12 2p3(2DO) 7s      4.94075E-02  7.30531E+00  5.0
    225 11  8  110  11 2p3(2DO) 7p      7.08781E-02  7.32678E+00  3.0
    226 11  8  320  14 2p3(2DO) 7p      7.31597E-02  7.32906E+00 15.0
    227 11  8  130  10 2p3(2DO) 7p      7.37370E-02  7.32964E+00  7.0
    228 11  8  120  15 2p3(2DO) 7p      8.81861E-02  7.34409E+00  5.0
    229 11  8  101   5 2p3(2DO) 7d      1.02445E-01  7.35835E+00  1.0
    230 11  8  331   8 2p3(2DO) 7d      1.03033E-01  7.35893E+00 21.0
    231 11  8  141   5 2p3(2DO) 7d      1.04585E-01  7.36049E+00  9.0
    232 11  8  111  12 2p3(2DO) 7d      1.05430E-01  7.36133E+00  3.0
    233 11  8  311  13 2p3(2DO) 7d      1.06311E-01  7.36221E+00  9.0
    234 11  8  121  13 2p3(2DO) 7d      1.10412E-01  7.36631E+00  5.0
    235 11  8  131   8 2p3(2DO) 7d      1.11195E-01  7.36709E+00  7.0
    236 11  8  110  12 2p3(2DO) 7f      1.12815E-01  7.36871E+00  3.0
    237 11  8  340   6 2p3(2DO) 7f      1.12842E-01  7.36874E+00 27.0
    238 11  8  320  15 2p3(2DO) 7f      1.12921E-01  7.36882E+00 15.0
    239 11  8  120  16 2p3(2DO) 7f      1.13054E-01  7.36895E+00  5.0
    240 11  8  150   4 2p3(2DO) 7f      1.13263E-01  7.36916E+00 11.0
    241 11  8  130  11 2p3(2DO) 7f      1.13337E-01  7.36924E+00  7.0
    242 11  8  140   6 2p3(2DO) 7f      1.13439E-01  7.36934E+00  9.0
    243 11  8  311  14 2p3(2PO) 6s      1.15006E-01  7.37091E+00  9.0
    244 11  8  111  13 2p3(2PO) 6s      1.19084E-01  7.37498E+00  3.0
    245 11  8  121  14 2p3(2DO) 8s      1.47841E-01  7.40374E+00  5.0
    246 11  8  300   4 2p3(2PO) 6p      1.49892E-01  7.40579E+00  3.0
    247 11  8  110  13 2p3(2PO) 6p      1.53320E-01  7.40922E+00  3.0
    248 11  8  320  16 2p3(2PO) 6p      1.56143E-01  7.41204E+00 15.0
    249 11  8  120  17 2p3(2PO) 6p      1.63266E-01  7.41917E+00  5.0
    250 11  8  320  17 2p3(2DO) 8p      1.63296E-01  7.41920E+00 15.0
    251 11  8  130  12 2p3(2DO) 8p      1.63818E-01  7.41972E+00  7.0
    252 11  8  110  14 2p3(2DO) 8p      1.64456E-01  7.42036E+00  3.0
    253 11  8  320  18 2p4(4PE) 3d      1.69486E-01  7.42539E+00 15.0
    254 11  8  120  18 2p3(2DO) 8p      1.75349E-01  7.43125E+00  5.0
    255 11  8  101   6 2p3(2DO) 8d      1.82722E-01  7.43862E+00  1.0
    256 11  8  331   9 2p3(2DO) 8d      1.82827E-01  7.43873E+00 21.0
    257 11  8  100   6 2p3(2PO) 6p      1.82867E-01  7.43877E+00  1.0
    258 11  8  141   6 2p3(2DO) 8d      1.84142E-01  7.44004E+00  9.0
    259 11  8  111  14 2p3(2DO) 8d      1.84810E-01  7.44071E+00  3.0
    260 11  8  311  15 2p3(2DO) 8d      1.86563E-01  7.44246E+00  9.0
    261 11  8  121  15 2p3(2DO) 8d      1.87331E-01  7.44323E+00  5.0
    262 11  8  131   9 2p3(2DO) 8d      1.88413E-01  7.44431E+00  7.0
    263 11  8  340   7 2p3(2DO) 8f      1.89594E-01  7.44549E+00 27.0
    264 11  8  320  19 2p3(2DO) 8f      1.89690E-01  7.44559E+00 15.0
    265 11  8  110  15 2p3(2DO) 8f      1.89693E-01  7.44559E+00  3.0
    266 11  8  120  19 2p3(2DO) 8f      1.89794E-01  7.44569E+00  5.0
    267 11  8  150   5 2p3(2DO) 8f      1.89981E-01  7.44588E+00 11.0
    268 11  8  130  13 2p3(2DO) 8f      1.90000E-01  7.44590E+00  7.0
    269 11  8  140   7 2p3(2DO) 8f      1.90058E-01  7.44596E+00  9.0
    270 11  8  331  10 2p3(2PO) 6d      2.06821E-01  7.46272E+00 21.0
    271 11  8  121  16 2p3(2PO) 6d      2.08302E-01  7.46420E+00  5.0
    272 11  8  311  16 2p3(2PO) 6d      2.08397E-01  7.46430E+00  9.0
    273 11  8  131  10 2p3(2PO) 6d      2.13770E-01  7.46967E+00  7.0
    274 11  8  121  17 2p3(2DO) 9s      2.13811E-01  7.46971E+00  5.0
    275 11  8  111  15 2p3(2PO) 6d      2.20322E-01  7.47622E+00  3.0
    276 11  8  320  20 2p3(2PO) 6f      2.21418E-01  7.47732E+00 15.0
    277 11  8  340   8 2p3(2PO) 6f      2.21632E-01  7.47753E+00 27.0
    278 11  8  130  14 2p3(2PO) 6f      2.21738E-01  7.47764E+00  7.0
    279 11  8  120  20 2p3(2PO) 6f      2.22067E-01  7.47797E+00  5.0
    280 11  8  140   8 2p3(2PO) 6f      2.22173E-01  7.47807E+00  9.0
    281 11  8  110  16 2p3(2DO) 9p      2.23126E-01  7.47903E+00  3.0
    282 11  8  320  21 2p3(2DO) 9p      2.23830E-01  7.47973E+00 15.0
    283 11  8  130  15 2p3(2DO) 9p      2.24515E-01  7.48041E+00  7.0
    284 11  8  120  21 2p3(2DO) 9p      2.30522E-01  7.48642E+00  5.0
    285 11  8  101   7 2p3(2DO) 9d      2.37469E-01  7.49337E+00  1.0
    286 11  8  331  11 2p3(2DO) 9d      2.37786E-01  7.49369E+00 21.0
    287 11  8  141   7 2p3(2DO) 9d      2.38462E-01  7.49436E+00  9.0
    288 11  8  111  16 2p3(2DO) 9d      2.39146E-01  7.49505E+00  3.0
    289 11  8  311  17 2p3(2DO) 9d      2.40051E-01  7.49595E+00  9.0
    290 11  8  121  18 2p3(2DO) 9d      2.41310E-01  7.49721E+00  5.0
    291 11  8  131  11 2p3(2DO) 9d      2.41366E-01  7.49727E+00  7.0
    292 11  8  110  17 2p3(2DO) 9f      2.42336E-01  7.49824E+00  3.0
    293 11  8  340   9 2p3(2DO) 9f      2.42373E-01  7.49827E+00 27.0
    294 11  8  320  22 2p3(2DO) 9f      2.42440E-01  7.49834E+00 15.0
    295 11  8  120  22 2p3(2DO) 9f      2.42525E-01  7.49843E+00  5.0
    296 11  8  150   6 2p3(2DO) 9f      2.42574E-01  7.49847E+00 11.0
    297 11  8  130  16 2p3(2DO) 9f      2.42614E-01  7.49851E+00  7.0
    298 11  8  140   9 2p3(2DO) 9f      2.42678E-01  7.49858E+00  9.0
    299 11  8  121  19 2p3(2DO)10s      2.59178E-01  7.51508E+00  5.0
    300 11  8  110  18 2p3(2DO)10p      2.65858E-01  7.52176E+00  3.0
    301 11  8  320  23 2p3(2DO)10p      2.66565E-01  7.52246E+00 15.0
    302 11  8  130  17 2p3(2DO)10p      2.67027E-01  7.52293E+00  7.0
    303 11  8  120  23 2p3(2DO)10p      2.71171E-01  7.52707E+00  5.0
    304 11  8  311  18 2p3(2PO) 7s      2.72491E-01  7.52839E+00  9.0
    305 11  8  111  17 2p3(2DO)10d:     2.75376E-01  7.53128E+00  3.0
    306 11  8  101   8 2p3(2DO)10d      2.76464E-01  7.53236E+00  1.0
    307 11  8  331  12 2p3(2DO)10d      2.76499E-01  7.53240E+00 21.0
    308 11  8  141   8 2p3(2DO)10d      2.77184E-01  7.53308E+00  9.0
    309 11  8  111  18 2p3(2PO) 7s:     2.78269E-01  7.53417E+00  3.0
    310 11  8  311  19 2p3(2DO)10d      2.78758E-01  7.53466E+00  9.0
    311 11  8  121  20 2p3(2DO)10d      2.79051E-01  7.53495E+00  5.0
    312 11  8  131  12 2p3(2DO)10d      2.79112E-01  7.53501E+00  7.0
    313 11  8  110  19 2p3(2DO)10f      2.79989E-01  7.53589E+00  3.0
    314 11  8  340  10 2p3(2DO)10f      2.79990E-01  7.53589E+00 27.0
    315 11  8  320  24 2p3(2DO)10f      2.80022E-01  7.53592E+00 15.0
    316 11  8  120  24 2p3(2DO)10f      2.80078E-01  7.53598E+00  5.0
    317 11  8  150   7 2p3(2DO)10f      2.80187E-01  7.53609E+00 11.0
    318 11  8  130  18 2p3(2DO)10f      2.80202E-01  7.53610E+00  7.0
    319 11  8  140  10 2p3(2DO)10f      2.80240E-01  7.53614E+00  9.0
    320 11  8  300   5 2p4(2SE) 3s      2.89766E-01  7.54567E+00  3.0
    321 11  8  100   7 2p3(2PO) 7p      3.14574E-01  7.57047E+00  1.0
    322 11  8  300   6 2p3(2PO) 7p      3.44832E-01  7.60073E+00  3.0
    323 11  8  300   7 2p3(2PO) 8p      3.94331E-01  7.65023E+00  3.0
    324 11  8  100   8 2p3(2PO) 8p      3.97090E-01  7.65299E+00  1.0
    325 11  8  100   9 2p4(2SE) 3s      4.39357E-01  7.69526E+00  1.0
    326 11  8  300   8 2p3(2PO) 9p      4.51819E-01  7.70772E+00  3.0
    327 11  8  100  10 2p3(2PO) 9p      4.64546E-01  7.72045E+00  1.0
    328 11  8  300   9 2p3(2PO)10p      4.93949E-01  7.74985E+00  3.0
    329 11  8  100  11 2p3(2PO)10p      5.00902E-01  7.75680E+00  1.0
    330 11  8  511   2 2p4(4PE) 4p      7.20834E-01  7.97673E+00 15.0
    331 11  8  520   2 2p4(4PE) 4d      9.05704E-01  8.16160E+00 25.0
    332 11  8  531   1 2p4(4PE) 4f      9.66917E-01  8.22282E+00 35.0
    333 11  8  511   3 2p4(4PE) 5p      1.20898E+00  8.46488E+00 15.0
    334 11  8  520   3 2p4(4PE) 5d      1.29735E+00  8.55325E+00 25.0
    335 11  8  531   2 2p4(4PE) 5f      1.32873E+00  8.58463E+00 35.0
    336 11  8  511   4 2p4(4PE) 6p      1.45814E+00  8.71404E+00 15.0
    337 11  8  520   4 2p4(4PE) 6d      1.50725E+00  8.76315E+00 25.0
    338 11  8  531   3 2p4(4PE) 6f      1.52543E+00  8.78133E+00 35.0
    339 11  8  511   5 2p4(4PE) 7p      1.60246E+00  8.85836E+00 15.0
    340 11  8  520   5 2p4(4PE) 7d      1.63256E+00  8.88846E+00 25.0
    341 11  8  531   4 2p4(4PE) 7f      1.64402E+00  8.89992E+00 35.0
    342 11  8  511   6 2p4(4PE) 8p      1.69352E+00  8.94942E+00 15.0
    343 11  8  520   6 2p4(4PE) 8d      1.71328E+00  8.96918E+00 25.0
    344 11  8  531   5 2p4(4PE) 8f      1.72096E+00  8.97686E+00 35.0
    345 11  8  511   7 2p4(4PE) 9p      1.75462E+00  9.01052E+00 15.0
    346 11  8  520   7 2p4(4PE) 9d      1.76829E+00  9.02419E+00 25.0
    347 11  8  531   6 2p4(4PE) 9f      1.77368E+00  9.02958E+00 35.0
    348 11  8  511   8 2p4(4PE)10p      1.79760E+00  9.05350E+00 15.0
    349 11  8  520   8 2p4(4PE)10d      1.80744E+00  9.06334E+00 25.0
    350 11  8  531   7 2p4(4PE)10f      1.81138E+00  9.06728E+00 35.0
 ====================================================================
