 ====================================================================
      i NZ NE iSLP iLV iCONF                 E(RYD)      TE(RYD)   gi
 ====================================================================
      1 11  7  401   1 2s2 2p3         -1.02169E+01  0.00000E+00  4.0
      2 11  7  221   1 2s2 2p3         -9.76348E+00  4.53420E-01 10.0
      3 11  7  211   1 2s2 2p3         -9.53103E+00  6.85870E-01  6.0
      4 11  7  410   1 2s 2p4          -8.25986E+00  1.95704E+00 12.0
      5 11  7  220   1 2s 2p4          -7.49634E+00  2.72056E+00 10.0
      6 11  7  200   1 2s 2p4          -6.99908E+00  3.21782E+00  2.0
      7 11  7  210   1 2s 2p4          -6.78999E+00  3.42691E+00  6.0
      8 11  7  211   2 2p5             -5.03342E+00  5.18348E+00  6.0
      9 11  7  410   2 2p2(3PE) 3s     -4.05725E+00  6.15965E+00 12.0
     10 11  7  210   2 2p2(3PE) 3s     -3.94523E+00  6.27167E+00  6.0
     11 11  7  220   2 2p2(1DE) 3s     -3.69791E+00  6.51899E+00 10.0
     12 11  7  201   1 2p2(3PE) 3p     -3.65243E+00  6.56447E+00  2.0
     13 11  7  421   1 2p2(3PE) 3p     -3.58119E+00  6.63571E+00 20.0
     14 11  7  411   1 2p2(3PE) 3p     -3.54358E+00  6.67332E+00 12.0
     15 11  7  221   2 2p2(3PE) 3p     -3.47189E+00  6.74501E+00 10.0
     16 11  7  401   2 2p2(3PE) 3p     -3.45006E+00  6.76684E+00  4.0
     17 11  7  211   3 2p2(3PE) 3p     -3.40281E+00  6.81409E+00  6.0
     18 11  7  200   2 2p2(1SE) 3s     -3.32037E+00  6.89653E+00  2.0
     19 11  7  231   1 2p2(1DE) 3p     -3.20885E+00  7.00805E+00 14.0
     20 11  7  601   1 2p3(5SO) 3s     -3.13398E+00  7.08292E+00  6.0
     21 11  7  221   3 2p2(1DE) 3p     -3.13018E+00  7.08672E+00 10.0
     22 11  7  211   4 2p2(1DE) 3p     -3.05600E+00  7.16090E+00  6.0
     23 11  7  430   1 2p2(3PE) 3d     -2.99273E+00  7.22417E+00 28.0
     24 11  7  210   3 2p2(3PE) 3d     -2.94958E+00  7.26732E+00  6.0
     25 11  7  420   1 2p2(3PE) 3d     -2.94335E+00  7.27355E+00 20.0
     26 11  7  410   3 2p2(3PE) 3d     -2.90578E+00  7.31112E+00 12.0
     27 11  7  230   1 2p2(3PE) 3d     -2.90201E+00  7.31489E+00 14.0
     28 11  7  401   3 2p3(5SO) 3s     -2.87337E+00  7.34353E+00  4.0
     29 11  7  211   5 2p2(1SE) 3p     -2.80326E+00  7.41364E+00  6.0
     30 11  7  220   3 2p2(3PE) 3d     -2.79843E+00  7.41847E+00 10.0
     31 11  7  610   1 2p3(5SO) 3p     -2.63019E+00  7.58671E+00 18.0
     32 11  7  230   2 2p2(1DE) 3d     -2.62132E+00  7.59558E+00 14.0
     33 11  7  240   1 2p2(1DE) 3d     -2.61676E+00  7.60014E+00 18.0
     34 11  7  220   4 2p2(1DE) 3d     -2.58531E+00  7.63159E+00 10.0
     35 11  7  210   4 2p2(1DE) 3d     -2.52974E+00  7.68716E+00  6.0
     36 11  7  200   3 2p2(1DE) 3d     -2.49092E+00  7.72598E+00  2.0
     37 11  7  410   4 2p3(5SO) 3p     -2.46217E+00  7.75473E+00 12.0
     38 11  7  220   5 2p2(1SE) 3d     -2.23292E+00  7.98398E+00 10.0
     39 11  7  421   2 2p3(3DO) 3s     -2.16835E+00  8.04855E+00 20.0
     40 11  7  621   1 2p3(5SO) 3d     -2.05827E+00  8.15863E+00 30.0
     41 11  7  410   5 2p2(3PE) 4s     -2.05131E+00  8.16559E+00 12.0
     42 11  7  221   4 2p3(3DO) 3s     -2.01324E+00  8.20366E+00 10.0
     43 11  7  210   5 2p2(3PE) 4s     -2.01161E+00  8.20529E+00  6.0
     44 11  7  421   3 2p3(5SO) 3d     -1.89828E+00  8.31862E+00 20.0
     45 11  7  201   2 2p2(3PE) 4p     -1.89594E+00  8.32096E+00  2.0
     46 11  7  411   2 2p2(3PE) 4p     -1.88664E+00  8.33026E+00 12.0
     47 11  7  421   4 2p2(3PE) 4p     -1.85646E+00  8.36044E+00 20.0
     48 11  7  221   5 2p2(3PE) 4p     -1.81338E+00  8.40352E+00 10.0
     49 11  7  401   4 2p2(3PE) 4p     -1.80349E+00  8.41341E+00  4.0
     50 11  7  211   6 2p2(3PE) 4p     -1.78563E+00  8.43127E+00  6.0
     51 11  7  411   3 2p3(3PO) 3s     -1.77127E+00  8.44563E+00 12.0
     52 11  7  220   6 2p2(1DE) 4s     -1.72391E+00  8.49299E+00 10.0
     53 11  7  420   2 2p3(3DO) 3p     -1.69821E+00  8.51869E+00 20.0
     54 11  7  430   2 2p3(3DO) 3p     -1.68491E+00  8.53199E+00 28.0
     55 11  7  210   6 2p3(3DO) 3p     -1.67937E+00  8.53753E+00  6.0
     56 11  7  211   7 2p3(3PO) 3s     -1.67164E+00  8.54526E+00  6.0
     57 11  7  430   3 2p2(3PE) 4d     -1.64854E+00  8.56836E+00 28.0
     58 11  7  420   3 2p2(3PE) 4d     -1.64010E+00  8.57680E+00 20.0
     59 11  7  230   3 2p3(3DO) 3p     -1.63704E+00  8.57986E+00 14.0
     60 11  7  210   7 2p2(3PE) 4d     -1.62731E+00  8.58959E+00  6.0
     61 11  7  410   6 2p2(3PE) 4d     -1.62053E+00  8.59637E+00 12.0
     62 11  7  230   4 2p2(3PE) 4d     -1.59284E+00  8.62406E+00 14.0
     63 11  7  421   5 2p2(3PE) 4f     -1.57868E+00  8.63822E+00 20.0
     64 11  7  221   6 2p2(3PE) 4f     -1.57858E+00  8.63832E+00 10.0
     65 11  7  441   1 2p2(3PE) 4f     -1.57729E+00  8.63961E+00 36.0
     66 11  7  220   7 2p2(3PE) 4d     -1.57701E+00  8.63989E+00 10.0
     67 11  7  241   1 2p2(3PE) 4f     -1.57269E+00  8.64421E+00 18.0
     68 11  7  431   1 2p2(3PE) 4f     -1.56500E+00  8.65190E+00 28.0
     69 11  7  231   2 2p2(3PE) 4f     -1.56079E+00  8.65611E+00 14.0
     70 11  7  231   3 2p2(1DE) 4p     -1.53354E+00  8.68336E+00 14.0
     71 11  7  410   7 2p3(3DO) 3p     -1.52712E+00  8.68978E+00 12.0
     72 11  7  221   7 2p2(1DE) 4p     -1.51106E+00  8.70584E+00 10.0
     73 11  7  211   8 2p2(1DE) 4p     -1.48141E+00  8.73549E+00  6.0
     74 11  7  220   8 2p3(3DO) 3p     -1.45116E+00  8.76574E+00 10.0
     75 11  7  200   4 2p2(1SE) 4s     -1.37151E+00  8.84539E+00  2.0
     76 11  7  400   1 2p3(3PO) 3p     -1.34680E+00  8.87010E+00  4.0
     77 11  7  230   5 2p2(1DE) 4d     -1.32640E+00  8.89050E+00 14.0
     78 11  7  420   4 2p3(3PO) 3p     -1.32499E+00  8.89191E+00 20.0
     79 11  7  240   2 2p2(1DE) 4d     -1.32169E+00  8.89521E+00 18.0
     80 11  7  220   9 2p2(1DE) 4d     -1.30384E+00  8.91306E+00 10.0
     81 11  7  210   8 2p2(1DE) 4d     -1.28857E+00  8.92833E+00  6.0
     82 11  7  200   5 2p2(1DE) 4d     -1.26897E+00  8.94793E+00  2.0
     83 11  7  241   2 2p2(1DE) 4f     -1.26778E+00  8.94912E+00 18.0
     84 11  7  231   4 2p2(1DE) 4f     -1.26661E+00  8.95029E+00 14.0
     85 11  7  410   8 2p3(3PO) 3p     -1.26638E+00  8.95052E+00 12.0
     86 11  7  210   9 2p3(3PO) 3p     -1.26162E+00  8.95528E+00  6.0
     87 11  7  221   8 2p2(1DE) 4f     -1.25572E+00  8.96118E+00 10.0
     88 11  7  211   9 2p2(1DE) 4f     -1.24511E+00  8.97179E+00  6.0
     89 11  7  210  10 2p2(3PE) 5s     -1.21298E+00  9.00392E+00  6.0
     90 11  7  220  10 2p3(3PO) 3p     -1.20836E+00  9.00854E+00 10.0
     91 11  7  410   9 2p2(3PE) 5s     -1.20502E+00  9.01188E+00 12.0
     92 11  7  201   3 2p2(3PE) 5p     -1.17750E+00  9.03940E+00  2.0
     93 11  7  211  10 2p2(1SE) 4p     -1.16604E+00  9.05086E+00  6.0
     94 11  7  421   6 2p2(3PE) 5p     -1.14925E+00  9.06765E+00 20.0
     95 11  7  401   5 2p2(3PE) 5p     -1.14889E+00  9.06801E+00  4.0
     96 11  7  221   9 2p3(1DO) 3s     -1.14655E+00  9.07035E+00 10.0
     97 11  7  411   4 2p2(3PE) 5p     -1.14276E+00  9.07414E+00 12.0
     98 11  7  431   2 2p3(3DO) 3d     -1.13948E+00  9.07742E+00 28.0
     99 11  7  441   2 2p3(3DO) 3d     -1.12627E+00  9.09063E+00 36.0
    100 11  7  601   2 2p3(5SO) 4s     -1.11338E+00  9.10352E+00  6.0
    101 11  7  211  11 2p2(3PE) 5p     -1.10261E+00  9.11429E+00  6.0
    102 11  7  221  10 2p2(3PE) 5p     -1.09519E+00  9.12171E+00 10.0
    103 11  7  421   7 2p3(3DO) 3d     -1.08839E+00  9.12851E+00 20.0
    104 11  7  401   6 2p3(3SO) 3s     -1.08379E+00  9.13311E+00  4.0
    105 11  7  241   3 2p3(3DO) 3d     -1.06953E+00  9.14737E+00 18.0
    106 11  7  201   4 2p3(3DO) 3d     -1.05457E+00  9.16233E+00  2.0
    107 11  7  430   4 2p2(3PE) 5d     -1.04819E+00  9.16871E+00 28.0
    108 11  7  200   6 2p3(3PO) 3p     -1.04585E+00  9.17105E+00  2.0
    109 11  7  420   5 2p2(3PE) 5d     -1.04072E+00  9.17618E+00 20.0
    110 11  7  210  11 2p2(3PE) 5d     -1.03580E+00  9.18110E+00  6.0
    111 11  7  410  10 2p2(3PE) 5d     -1.02973E+00  9.18717E+00 12.0
    112 11  7  401   7 2p3(5SO) 4s     -1.02783E+00  9.18907E+00  4.0
    113 11  7  230   6 2p2(3PE) 5d     -1.02155E+00  9.19535E+00 14.0
    114 11  7  411   5 2p3(3DO) 3d     -1.02004E+00  9.19686E+00 12.0
    115 11  7  221  11 2p2(3PE) 5f     -1.01783E+00  9.19907E+00 10.0
    116 11  7  220  11 2p2(3PE) 5d     -1.01036E+00  9.20654E+00 10.0
    117 11  7  421   8 2p2(3PE) 5f     -1.01031E+00  9.20659E+00 20.0
    118 11  7  231   5 2p2(3PE) 5f     -1.00623E+00  9.21067E+00 14.0
    119 11  7  431   3 2p2(3PE) 5f     -1.00577E+00  9.21113E+00 28.0
    120 11  7  430   5 2p2(3PE) 5g     -1.00223E+00  9.21467E+00 28.0
    121 11  7  230   7 2p2(3PE) 5g     -1.00223E+00  9.21467E+00 14.0
    122 11  7  440   1 2p2(3PE) 5g     -9.98758E-01  9.21814E+00 36.0
    123 11  7  240   3 2p2(3PE) 5g     -9.98721E-01  9.21818E+00 18.0
    124 11  7  441   3 2p2(3PE) 5f     -9.90824E-01  9.22608E+00 36.0
    125 11  7  241   4 2p2(3PE) 5f     -9.88614E-01  9.22829E+00 18.0
    126 11  7  211  12 2p3(3DO) 3d     -9.85299E-01  9.23160E+00  6.0
    127 11  7  201   5 2p3(3SO) 3s     -9.84823E-01  9.23208E+00  2.0
    128 11  7  401   8 2p3(3DO) 3d     -9.79723E-01  9.23718E+00  4.0
    129 11  7  221  12 2p3(3DO) 3d     -9.61298E-01  9.25560E+00 10.0
    130 11  7  220  12 2p2(1SE) 4d     -9.54069E-01  9.26283E+00 10.0
    131 11  7  231   6 2p3(3DO) 3d     -9.45793E-01  9.27111E+00 14.0
    132 11  7  610   2 2p3(5SO) 4p     -9.27023E-01  9.28988E+00 18.0
    133 11  7  220  13 2p2(1DE) 5s     -9.18003E-01  9.29890E+00 10.0
    134 11  7  231   7 2p2(1SE) 4f     -9.01933E-01  9.31497E+00 14.0
    135 11  7  410  11 2p3(5SO) 4p     -8.54758E-01  9.36214E+00 12.0
    136 11  7  231   8 2p2(1DE) 5p     -8.27096E-01  9.38980E+00 14.0
    137 11  7  211  13 2p2(1DE) 5p     -8.23783E-01  9.39312E+00  6.0
    138 11  7  410  12 2p2(3PE) 6s     -8.23763E-01  9.39314E+00 12.0
    139 11  7  221  13 2p2(1DE) 5p     -8.21840E-01  9.39506E+00 10.0
    140 11  7  210  12 2p2(3PE) 6s     -8.18243E-01  9.39866E+00  6.0
    141 11  7  421   9 2p2(3PE) 6p     -7.79707E-01  9.43719E+00 20.0
    142 11  7  411   6 2p2(3PE) 6p     -7.75811E-01  9.44109E+00 12.0
    143 11  7  201   6 2p2(3PE) 6p     -7.74855E-01  9.44205E+00  2.0
    144 11  7  431   4 2p3(3PO) 3d     -7.73840E-01  9.44306E+00 28.0
    145 11  7  221  14 2p2(3PE) 6p     -7.59700E-01  9.45720E+00 10.0
    146 11  7  401   9 2p2(3PE) 6p     -7.58667E-01  9.45823E+00  4.0
    147 11  7  211  14 2p2(3PE) 6p     -7.57482E-01  9.45942E+00  6.0
    148 11  7  211  15 2p3(1PO) 3s     -7.38965E-01  9.47793E+00  6.0
    149 11  7  421  10 2p3(3PO) 3d     -7.38051E-01  9.47885E+00 20.0
    150 11  7  411   7 2p3(3PO) 3d     -7.36330E-01  9.48057E+00 12.0
    151 11  7  230   8 2p2(1DE) 5d     -7.34864E-01  9.48204E+00 14.0
    152 11  7  621   2 2p3(5SO) 4d     -7.26255E-01  9.49064E+00 30.0
    153 11  7  240   4 2p2(1DE) 5d     -7.25680E-01  9.49122E+00 18.0
    154 11  7  210  13 2p2(3PE) 6d     -7.22780E-01  9.49412E+00  6.0
    155 11  7  430   6 2p2(3PE) 6d     -7.22398E-01  9.49450E+00 28.0
    156 11  7  420   6 2p2(3PE) 6d     -7.18195E-01  9.49870E+00 20.0
    157 11  7  220  14 2p2(1DE) 5d     -7.16442E-01  9.50046E+00 10.0
    158 11  7  221  15 2p2(3PE) 6f     -7.12463E-01  9.50444E+00 10.0
    159 11  7  410  13 2p2(3PE) 6d     -7.12161E-01  9.50474E+00 12.0
    160 11  7  231   9 2p2(3PE) 6f     -7.05153E-01  9.51175E+00 14.0
    161 11  7  200   7 2p2(1DE) 5d     -7.04160E-01  9.51274E+00  2.0
    162 11  7  230   9 2p2(3PE) 6d     -7.03084E-01  9.51382E+00 14.0
    163 11  7  210  14 2p2(1DE) 5d     -7.02539E-01  9.51436E+00  6.0
    164 11  7  241   5 2p2(3PE) 6f     -6.99032E-01  9.51787E+00 18.0
    165 11  7  231  10 2p2(1DE) 5f     -6.98937E-01  9.51796E+00 14.0
    166 11  7  220  15 2p2(3PE) 6d     -6.98391E-01  9.51851E+00 10.0
    167 11  7  430   7 2p2(3PE) 6g     -6.95724E-01  9.52118E+00 28.0
    168 11  7  230  10 2p2(3PE) 6g     -6.95717E-01  9.52118E+00 14.0
    169 11  7  441   5 2p2(3PE) 6h     -6.94890E-01  9.52201E+00 36.0
    170 11  7  441   4 2p2(3PE) 6f     -6.94890E-01  9.52201E+00 36.0
    171 11  7  440   2 2p2(3PE) 6g     -6.93930E-01  9.52297E+00 36.0
    172 11  7  240   5 2p2(3PE) 6g     -6.93888E-01  9.52301E+00 18.0
    173 11  7  221  16 2p2(1DE) 5f     -6.93135E-01  9.52376E+00 10.0
    174 11  7  421  11 2p2(3PE) 6f     -6.91083E-01  9.52582E+00 20.0
    175 11  7  240   6 2p2(1DE) 5g     -6.90577E-01  9.52632E+00 18.0
    176 11  7  230  11 2p2(1DE) 5g     -6.88506E-01  9.52839E+00 14.0
    177 11  7  211  16 2p2(1DE) 5f     -6.87325E-01  9.52958E+00  6.0
    178 11  7  220  16 2p2(1DE) 5g     -6.85808E-01  9.53109E+00 10.0
    179 11  7  431   5 2p2(3PE) 6f     -6.80694E-01  9.53621E+00 28.0
    180 11  7  210  15 2p3(1DO) 3p     -6.76403E-01  9.54050E+00  6.0
    181 11  7  221  17 2p3(3PO) 3d     -6.66723E-01  9.55018E+00 10.0
    182 11  7  230  12 2p3(1DO) 3p     -6.65158E-01  9.55174E+00 14.0
    183 11  7  231  11 2p3(3PO) 3d     -6.44356E-01  9.57254E+00 14.0
    184 11  7  421  12 2p3(5SO) 4d     -6.36947E-01  9.57995E+00 20.0
    185 11  7  630   1 2p3(5SO) 4f     -6.35368E-01  9.58153E+00 42.0
    186 11  7  430   8 2p3(5SO) 4f     -6.32682E-01  9.58422E+00 28.0
    187 11  7  410  14 2p3(3SO) 3p     -6.27394E-01  9.58951E+00 12.0
    188 11  7  220  17 2p3(1DO) 3p     -6.23672E-01  9.59323E+00 10.0
    189 11  7  210  16 2p2(3PE) 7s     -5.87421E-01  9.62948E+00  6.0
    190 11  7  410  15 2p2(3PE) 7s     -5.86610E-01  9.63029E+00 12.0
    191 11  7  211  17 2p3(3PO) 3d     -5.70869E-01  9.64603E+00  6.0
    192 11  7  201   7 2p2(3PE) 7p     -5.62478E-01  9.65442E+00  2.0
    193 11  7  421  13 2p2(3PE) 7p     -5.61076E-01  9.65582E+00 20.0
    194 11  7  200   8 2p2(1SE) 5s     -5.60904E-01  9.65600E+00  2.0
    195 11  7  411   8 2p2(3PE) 7p     -5.58652E-01  9.65825E+00 12.0
    196 11  7  221  18 2p2(3PE) 7p     -5.51933E-01  9.66497E+00 10.0
    197 11  7  401  10 2p2(3PE) 7p     -5.51692E-01  9.66521E+00  4.0
    198 11  7  211  18 2p2(3PE) 7p     -5.45482E-01  9.67142E+00  6.0
    199 11  7  430   9 2p2(3PE) 7d     -5.27771E-01  9.68913E+00 28.0
    200 11  7  420   7 2p2(3PE) 7d     -5.25206E-01  9.69169E+00 20.0
    201 11  7  210  17 2p2(3PE) 7d     -5.23842E-01  9.69306E+00  6.0
    202 11  7  410  16 2p2(3PE) 7d     -5.20863E-01  9.69604E+00 12.0
    203 11  7  230  13 2p2(3PE) 7d     -5.18565E-01  9.69833E+00 14.0
    204 11  7  220  18 2p2(3PE) 7d     -5.13564E-01  9.70334E+00 10.0
    205 11  7  221  19 2p2(3PE) 7f     -5.12443E-01  9.70446E+00 10.0
    206 11  7  421  14 2p2(3PE) 7f     -5.12326E-01  9.70457E+00 20.0
    207 11  7  441   6 2p2(3PE) 7f     -5.11232E-01  9.70567E+00 36.0
    208 11  7  241   6 2p2(3PE) 7f     -5.11032E-01  9.70587E+00 18.0
    209 11  7  430  10 2p2(3PE) 7g     -5.11032E-01  9.70587E+00 28.0
    210 11  7  230  14 2p2(3PE) 7g     -5.11028E-01  9.70587E+00 14.0
    211 11  7  241   7 2p2(3PE) 7h     -5.10554E-01  9.70635E+00 18.0
    212 11  7  441   7 2p2(3PE) 7h     -5.10554E-01  9.70635E+00 36.0
    213 11  7  440   3 2p2(3PE) 7g     -5.09950E-01  9.70695E+00 36.0
    214 11  7  240   7 2p2(3PE) 7g     -5.09917E-01  9.70698E+00 18.0
    215 11  7  431   6 2p2(3PE) 7f     -5.07410E-01  9.70949E+00 28.0
    216 11  7  231  12 2p2(3PE) 7f     -5.06666E-01  9.71023E+00 14.0
    217 11  7  220  19 2p2(1DE) 6s     -5.06047E-01  9.71085E+00 10.0
    218 11  7  211  19 2p2(1SE) 5p     -4.64872E-01  9.75203E+00  6.0
    219 11  7  231  13 2p2(1DE) 6p     -4.61346E-01  9.75555E+00 14.0
    220 11  7  221  20 2p2(1DE) 6p     -4.59457E-01  9.75744E+00 10.0
    221 11  7  211  20 2p2(1DE) 6p     -4.51089E-01  9.76581E+00  6.0
    222 11  7  210  18 2p2(3PE) 8s     -4.45433E-01  9.77147E+00  6.0
    223 11  7  410  17 2p2(3PE) 8s     -4.43020E-01  9.77388E+00 12.0
    224 11  7  201   8 2p2(3PE) 8p     -4.25620E-01  9.79128E+00  2.0
    225 11  7  421  15 2p2(3PE) 8p     -4.24675E-01  9.79222E+00 20.0
    226 11  7  411   9 2p2(3PE) 8p     -4.22913E-01  9.79399E+00 12.0
    227 11  7  401  11 2p2(3PE) 8p     -4.18908E-01  9.79799E+00  4.0
    228 11  7  221  21 2p2(3PE) 8p     -4.17255E-01  9.79964E+00 10.0
    229 11  7  211  21 2p2(3PE) 8p     -4.13264E-01  9.80364E+00  6.0
    230 11  7  230  15 2p2(1DE) 6d     -4.08791E-01  9.80811E+00 14.0
    231 11  7  210  19 2p2(3PE) 8d     -4.04586E-01  9.81231E+00  6.0
    232 11  7  240   8 2p2(1DE) 6d     -4.04440E-01  9.81246E+00 18.0
    233 11  7  430  11 2p2(3PE) 8d     -4.02387E-01  9.81451E+00 28.0
    234 11  7  420   8 2p2(3PE) 8d     -4.00695E-01  9.81621E+00 20.0
    235 11  7  220  20 2p2(1DE) 6d     -4.00050E-01  9.81685E+00 10.0
    236 11  7  410  18 2p2(3PE) 8d     -3.97914E-01  9.81899E+00 12.0
    237 11  7  210  20 2p2(1DE) 6d     -3.95287E-01  9.82161E+00  6.0
    238 11  7  231  14 2p2(1DE) 6f     -3.93232E-01  9.82367E+00 14.0
    239 11  7  421  16 2p2(3PE) 8f     -3.93169E-01  9.82373E+00 20.0
    240 11  7  221  22 2p2(3PE) 8f     -3.93084E-01  9.82382E+00 10.0
    241 11  7  220  21 2p2(3PE) 8d     -3.93058E-01  9.82384E+00 10.0
    242 11  7  230  16 2p2(3PE) 8d     -3.92605E-01  9.82430E+00 14.0
    243 11  7  241   8 2p2(3PE) 8f     -3.92328E-01  9.82457E+00 18.0
    244 11  7  441   8 2p2(3PE) 8f     -3.91502E-01  9.82540E+00 36.0
    245 11  7  200   9 2p2(1DE) 6d     -3.91386E-01  9.82551E+00  2.0
    246 11  7  430  12 2p2(3PE) 8g     -3.91204E-01  9.82570E+00 28.0
    247 11  7  230  17 2p2(3PE) 8g     -3.91197E-01  9.82570E+00 14.0
    248 11  7  441   9 2p2(3PE) 8h     -3.90876E-01  9.82602E+00 36.0
    249 11  7  241  10 2p2(1DE) 6f     -3.90807E-01  9.82609E+00 18.0
    250 11  7  241   9 2p2(3PE) 8h     -3.90807E-01  9.82609E+00 18.0
    251 11  7  440   4 2p2(3PE) 8g     -3.90476E-01  9.82642E+00 36.0
    252 11  7  240   9 2p2(3PE) 8g     -3.90448E-01  9.82645E+00 18.0
    253 11  7  431   7 2p2(3PE) 8f     -3.89444E-01  9.82746E+00 28.0
    254 11  7  231  15 2p2(3PE) 8f     -3.89113E-01  9.82779E+00 14.0
    255 11  7  221  23 2p2(1DE) 6f     -3.87377E-01  9.82952E+00 10.0
    256 11  7  210  21 2p3(3SO) 3p     -3.84915E-01  9.83198E+00  6.0
    257 11  7  240  10 2p2(1DE) 6g     -3.83993E-01  9.83291E+00 18.0
    258 11  7  211  22 2p2(1DE) 6f     -3.83154E-01  9.83375E+00  6.0
    259 11  7  230  18 2p2(1DE) 6g     -3.82848E-01  9.83405E+00 14.0
    260 11  7  241  11 2p2(1DE) 6h     -3.82596E-01  9.83430E+00 18.0
    261 11  7  231  16 2p2(1DE) 6h     -3.81913E-01  9.83499E+00 14.0
    262 11  7  220  22 2p2(1DE) 6g     -3.81495E-01  9.83541E+00 10.0
    263 11  7  220  23 2p2(1SE) 5d     -3.64845E-01  9.85205E+00 10.0
    264 11  7  410  19 2p2(3PE) 9s     -3.45213E-01  9.87169E+00 12.0
    265 11  7  210  22 2p2(3PE) 9s     -3.39348E-01  9.87755E+00  6.0
    266 11  7  231  17 2p2(1SE) 5f     -3.37580E-01  9.87932E+00 14.0
    267 11  7  240  11 2p2(1SE) 5g     -3.33822E-01  9.88308E+00 18.0
    268 11  7  201   9 2p2(3PE) 9p     -3.33119E-01  9.88378E+00  2.0
    269 11  7  421  17 2p2(3PE) 9p     -3.32607E-01  9.88429E+00 20.0
    270 11  7  411  10 2p2(3PE) 9p     -3.31196E-01  9.88570E+00 12.0
    271 11  7  401  12 2p2(3PE) 9p     -3.29473E-01  9.88743E+00  4.0
    272 11  7  221  24 2p2(3PE) 9p     -3.28126E-01  9.88877E+00 10.0
    273 11  7  211  23 2p2(3PE) 9p     -3.25660E-01  9.89124E+00  6.0
    274 11  7  430  13 2p2(3PE) 9d     -3.16896E-01  9.90000E+00 28.0
    275 11  7  420   9 2p2(3PE) 9d     -3.15724E-01  9.90118E+00 20.0
    276 11  7  210  23 2p2(3PE) 9d     -3.15123E-01  9.90178E+00  6.0
    277 11  7  410  20 2p2(3PE) 9d     -3.13796E-01  9.90310E+00 12.0
    278 11  7  230  19 2p2(3PE) 9d     -3.12451E-01  9.90445E+00 14.0
    279 11  7  421  18 2p2(3PE) 9f     -3.10989E-01  9.90591E+00 20.0
    280 11  7  221  25 2p2(3PE) 9f     -3.10776E-01  9.90612E+00 10.0
    281 11  7  220  24 2p2(3PE) 9d     -3.10284E-01  9.90662E+00 10.0
    282 11  7  441  10 2p2(3PE) 9f     -3.09340E-01  9.90756E+00 36.0
    283 11  7  241  12 2p2(3PE) 9f     -3.09169E-01  9.90773E+00 18.0
    284 11  7  430  14 2p2(3PE) 9g     -3.09065E-01  9.90784E+00 28.0
    285 11  7  230  20 2p2(3PE) 9g     -3.09062E-01  9.90784E+00 14.0
    286 11  7  241  13 2p2(3PE) 9h     -3.08822E-01  9.90808E+00 18.0
    287 11  7  441  11 2p2(3PE) 9h     -3.08821E-01  9.90808E+00 36.0
    288 11  7  440   5 2p2(3PE) 9g     -3.08546E-01  9.90835E+00 36.0
    289 11  7  240  12 2p2(3PE) 9g     -3.08526E-01  9.90837E+00 18.0
    290 11  7  431   8 2p2(3PE) 9f     -3.08026E-01  9.90887E+00 28.0
    291 11  7  231  18 2p2(3PE) 9f     -3.07784E-01  9.90912E+00 14.0
    292 11  7  601   3 2p3(5SO) 5s     -3.02449E-01  9.91445E+00  6.0
    293 11  7  220  25 2p3(1PO) 3p     -3.00591E-01  9.91631E+00 10.0
    294 11  7  410  21 2p2(3PE)10s     -2.76501E-01  9.94040E+00 12.0
    295 11  7  401  13 2p3(5SO) 5s     -2.75633E-01  9.94127E+00  4.0
    296 11  7  210  24 2p2(3PE)10s     -2.73797E-01  9.94310E+00  6.0
    297 11  7  201  10 2p2(3PE)10p     -2.67768E-01  9.94913E+00  2.0
    298 11  7  421  19 2p2(3PE)10p     -2.67659E-01  9.94924E+00 20.0
    299 11  7  220  26 2p2(1DE) 7s     -2.66687E-01  9.95021E+00 10.0
    300 11  7  411  11 2p2(3PE)10p     -2.66370E-01  9.95053E+00 12.0
    301 11  7  221  26 2p2(3PE)10p     -2.64968E-01  9.95193E+00 10.0
    302 11  7  211  24 2p2(3PE)10p     -2.63120E-01  9.95378E+00  6.0
    303 11  7  401  14 2p2(3PE)10p     -2.58431E-01  9.95847E+00  4.0
    304 11  7  430  15 2p2(3PE)10d     -2.56013E-01  9.96089E+00 28.0
    305 11  7  200  10 2p3(1PO) 3p     -2.55880E-01  9.96102E+00  2.0
    306 11  7  210  25 2p2(3PE)10d     -2.55287E-01  9.96161E+00  6.0
    307 11  7  420  10 2p2(3PE)10d     -2.55168E-01  9.96173E+00 20.0
    308 11  7  410  22 2p2(3PE)10d     -2.53774E-01  9.96313E+00 12.0
    309 11  7  230  21 2p2(3PE)10d     -2.53160E-01  9.96374E+00 14.0
    310 11  7  421  20 2p2(3PE)10f     -2.52128E-01  9.96477E+00 20.0
    311 11  7  221  27 2p2(3PE)10f     -2.51886E-01  9.96501E+00 10.0
    312 11  7  220  27 2p2(3PE)10d     -2.50962E-01  9.96594E+00 10.0
    313 11  7  441  12 2p2(3PE)10f     -2.50552E-01  9.96635E+00 36.0
    314 11  7  241  14 2p2(3PE)10f     -2.50428E-01  9.96647E+00 18.0
    315 11  7  430  16 2p2(3PE)10g     -2.50318E-01  9.96658E+00 28.0
    316 11  7  230  22 2p2(3PE)10g     -2.50316E-01  9.96658E+00 14.0
    317 11  7  441  13 2p2(3PE)10h     -2.50132E-01  9.96677E+00 36.0
    318 11  7  610   3 2p3(5SO) 5p     -2.13211E-01  1.00037E+01 18.0
    319 11  7  200  11 2p2(1DE) 7d     -2.04339E-01  1.00126E+01  2.0
    320 11  7  200  12 2p2(1SE) 6s     -1.46279E-01  1.00706E+01  2.0
    321 11  7  621   3 2p3(5SO) 5d     -1.18178E-01  1.00987E+01 30.0
    322 11  7  200  13 2p2(1DE) 8d     -8.25410E-02  1.01344E+01  2.0
    323 11  7  630   2 2p3(5SO) 5f     -7.20837E-02  1.01448E+01 42.0
    324 11  7  641   1 2p3(5SO) 5g     -6.96863E-02  1.01472E+01 54.0
    325 11  7  200  14 2p2(1DE) 9d      3.42525E-04  1.02172E+01  2.0
    326 11  7  200  15 2p2(1DE)10d      5.95016E-02  1.02764E+01  2.0
    327 11  7  601   4 2p3(5SO) 6s      1.05721E-01  1.03226E+01  6.0
    328 11  7  610   4 2p3(5SO) 6p      1.55208E-01  1.03721E+01 18.0
    329 11  7  621   4 2p3(5SO) 6d      2.07851E-01  1.04248E+01 30.0
    330 11  7  630   3 2p3(5SO) 6f      2.34255E-01  1.04512E+01 42.0
    331 11  7  641   2 2p3(5SO) 6g      2.35870E-01  1.04528E+01 54.0
    332 11  7  400   2 2p3(3PO) 4p      3.38223E-01  1.05551E+01  4.0
    333 11  7  601   5 2p3(5SO) 7s      3.40018E-01  1.05569E+01  6.0
    334 11  7  610   5 2p3(5SO) 7p      3.70269E-01  1.05872E+01 18.0
    335 11  7  621   5 2p3(5SO) 7d      4.02512E-01  1.06194E+01 30.0
    336 11  7  630   4 2p3(5SO) 7f      4.19018E-01  1.06359E+01 42.0
    337 11  7  641   3 2p3(5SO) 7g      4.20119E-01  1.06370E+01 54.0
    338 11  7  601   6 2p3(5SO) 8s      4.86920E-01  1.07038E+01  6.0
    339 11  7  610   6 2p3(5SO) 8p      5.06743E-01  1.07236E+01 18.0
    340 11  7  621   6 2p3(5SO) 8d      5.27933E-01  1.07448E+01 30.0
    341 11  7  630   5 2p3(5SO) 8f      5.38933E-01  1.07558E+01 42.0
    342 11  7  641   4 2p3(5SO) 8g      5.39706E-01  1.07566E+01 54.0
    343 11  7  601   7 2p3(5SO) 9s      5.85079E-01  1.08020E+01  6.0
    344 11  7  610   7 2p3(5SO) 9p      5.98765E-01  1.08157E+01 18.0
    345 11  7  621   7 2p3(5SO) 9d      6.13440E-01  1.08303E+01 30.0
    346 11  7  630   6 2p3(5SO) 9f      6.21135E-01  1.08380E+01 42.0
    347 11  7  641   5 2p3(5SO) 9g      6.21696E-01  1.08386E+01 54.0
    348 11  7  601   8 2p3(5SO)10s      6.53906E-01  1.08708E+01  6.0
    349 11  7  610   8 2p3(5SO)10p      6.63748E-01  1.08806E+01 18.0
    350 11  7  621   8 2p3(5SO)10d      6.74332E-01  1.08912E+01 30.0
    351 11  7  630   7 2p3(5SO)10f      6.79925E-01  1.08968E+01 42.0
    352 11  7  641   6 2p3(5SO)10g      6.80342E-01  1.08972E+01 54.0
    353 11  7  400   3 2p3(3PO) 5p      1.04739E+00  1.12643E+01  4.0
    354 11  7  400   4 2p3(3PO) 6p      1.41423E+00  1.16311E+01  4.0
    355 11  7  400   5 2p3(3PO) 7p      1.62859E+00  1.18455E+01  4.0
    356 11  7  400   6 2p3(3PO) 8p      1.76471E+00  1.19816E+01  4.0
    357 11  7  400   7 2p3(3PO) 9p      1.85653E+00  1.20734E+01  4.0
    358 11  7  400   8 2p3(3PO)10p      1.92140E+00  1.21383E+01  4.0
 ====================================================================
