 ====================================================================
      i NZ NE iSLP iLV iCONF                 E(RYD)      TE(RYD)   gi
 ====================================================================
      1 11  6  310   1 2s2 2p2         -1.26509E+01  0.00000E+00  9.0
      2 11  6  120   1 2s2 2p2         -1.23312E+01  3.19700E-01  5.0
      3 11  6  100   1 2s2 2p2         -1.19646E+01  6.86300E-01  1.0
      4 11  6  501   1 2s 2p3          -1.17591E+01  8.91800E-01  5.0
      5 11  6  321   1 2s 2p3          -1.08137E+01  1.83720E+00 15.0
      6 11  6  311   1 2s 2p3          -1.04649E+01  2.18600E+00  9.0
      7 11  6  121   1 2s 2p3          -9.80208E+00  2.84882E+00  5.0
      8 11  6  301   1 2s 2p3          -9.72188E+00  2.92902E+00  3.0
      9 11  6  111   1 2s 2p3          -9.44432E+00  3.20658E+00  3.0
     10 11  6  310   2 2p4             -8.32134E+00  4.32956E+00  9.0
     11 11  6  120   2 2p4             -8.05944E+00  4.59146E+00  5.0
     12 11  6  100   2 2p4             -7.37269E+00  5.27821E+00  1.0
     13 11  6  311   2 2s2 2p 3s       -5.29987E+00  7.35103E+00  9.0
     14 11  6  111   2 2s2 2p 3s       -5.20747E+00  7.44343E+00  3.0
     15 11  6  110   1 2s2 2p 3p       -4.88232E+00  7.76858E+00  3.0
     16 11  6  320   1 2s2 2p 3p       -4.82383E+00  7.82707E+00 15.0
     17 11  6  300   1 2s2 2p 3p       -4.75838E+00  7.89252E+00  3.0
     18 11  6  310   3 2s2 2p 3p       -4.71430E+00  7.93660E+00  9.0
     19 11  6  120   3 2s2 2p 3p       -4.57087E+00  8.08003E+00  5.0
     20 11  6  100   3 2s2 2p 3p       -4.40119E+00  8.24971E+00  1.0
     21 11  6  510   1 2s2p2(4PE) 3s   -4.28227E+00  8.36863E+00 15.0
     22 11  6  121   2 2s2 2p 3d       -4.27696E+00  8.37394E+00  5.0
     23 11  6  331   1 2s2 2p 3d       -4.27197E+00  8.37893E+00 21.0
     24 11  6  321   2 2s2 2p 3d       -4.18305E+00  8.46785E+00 15.0
     25 11  6  311   3 2s2 2p 3d       -4.14743E+00  8.50347E+00  9.0
     26 11  6  131   1 2s2 2p 3d       -4.03961E+00  8.61129E+00  7.0
     27 11  6  310   4 2s2p2(4PE) 3s   -4.02445E+00  8.62645E+00  9.0
     28 11  6  111   3 2s2 2p 3d       -4.02242E+00  8.62848E+00  3.0
     29 11  6  301   2 2s2p2(4PE) 3p   -3.85624E+00  8.79466E+00  3.0
     30 11  6  521   1 2s2p2(4PE) 3p   -3.79756E+00  8.85334E+00 25.0
     31 11  6  511   1 2s2p2(4PE) 3p   -3.74359E+00  8.90731E+00 15.0
     32 11  6  321   3 2s2p2(4PE) 3p   -3.61706E+00  9.03384E+00 15.0
     33 11  6  501   2 2s2p2(4PE) 3p   -3.58693E+00  9.06397E+00  5.0
     34 11  6  311   4 2s2p2(4PE) 3p   -3.52703E+00  9.12387E+00  9.0
     35 11  6  320   2 2s2p2(2DE) 3s   -3.40209E+00  9.24881E+00 15.0
     36 11  6  530   1 2s2p2(4PE) 3d   -3.29215E+00  9.35875E+00 35.0
     37 11  6  120   4 2s2p2(2DE) 3s   -3.24607E+00  9.40483E+00  5.0
     38 11  6  520   1 2s2p2(4PE) 3d   -3.22012E+00  9.43078E+00 25.0
     39 11  6  510   2 2s2p2(4PE) 3d   -3.16236E+00  9.48854E+00 15.0
     40 11  6  310   5 2s2p2(4PE) 3d   -3.14284E+00  9.50806E+00  9.0
     41 11  6  330   1 2s2p2(4PE) 3d   -3.07871E+00  9.57219E+00 21.0
     42 11  6  320   3 2s2p2(4PE) 3d   -2.94684E+00  9.70406E+00 15.0
     43 11  6  331   2 2s2p2(2DE) 3p   -2.90406E+00  9.74684E+00 21.0
     44 11  6  121   3 2s2p2(2DE) 3p   -2.89789E+00  9.75301E+00  5.0
     45 11  6  300   2 2s2p2(2SE) 3s   -2.85879E+00  9.79211E+00  3.0
     46 11  6  131   2 2s2p2(2DE) 3p   -2.84002E+00  9.81088E+00  7.0
     47 11  6  321   4 2s2p2(2DE) 3p   -2.83721E+00  9.81369E+00 15.0
     48 11  6  311   5 2s2p2(2DE) 3p   -2.82165E+00  9.82925E+00  9.0
     49 11  6  111   4 2s2p2(2DE) 3p   -2.80141E+00  9.84949E+00  3.0
     50 11  6  111   5 2s2 2p 4s       -2.72035E+00  9.93055E+00  3.0
     51 11  6  100   4 2s2p2(2SE) 3s   -2.70891E+00  9.94199E+00  1.0
     52 11  6  311   6 2s2 2p 4s       -2.68691E+00  9.96399E+00  9.0
     53 11  6  110   2 2s2p2(2PE) 3s   -2.67880E+00  9.97210E+00  3.0
     54 11  6  310   6 2s2p2(2PE) 3s   -2.67272E+00  9.97818E+00  9.0
     55 11  6  320   4 2s2 2p 4p       -2.56316E+00  1.00877E+01 15.0
     56 11  6  300   3 2s2 2p 4p       -2.53396E+00  1.01169E+01  3.0
     57 11  6  310   7 2s2 2p 4p       -2.50805E+00  1.01428E+01  9.0
     58 11  6  110   3 2s2 2p 4p       -2.49797E+00  1.01529E+01  3.0
     59 11  6  120   5 2s2 2p 4p       -2.47599E+00  1.01749E+01  5.0
     60 11  6  340   1 2s2p2(2DE) 3d   -2.41838E+00  1.02325E+01 27.0
     61 11  6  100   5 2s2 2p 4p       -2.41392E+00  1.02370E+01  1.0
     62 11  6  330   2 2s2p2(2DE) 3d   -2.41062E+00  1.02403E+01 21.0
     63 11  6  130   1 2s2p2(2DE) 3d   -2.36356E+00  1.02873E+01  7.0
     64 11  6  331   3 2s2 2p 4d       -2.36180E+00  1.02891E+01 21.0
     65 11  6  121   4 2s2 2p 4d       -2.36020E+00  1.02907E+01  5.0
     66 11  6  321   5 2s2 2p 4d       -2.32957E+00  1.03213E+01 15.0
     67 11  6  311   7 2s2 2p 4d       -2.32254E+00  1.03284E+01  9.0
     68 11  6  320   5 2s2p2(2DE) 3d   -2.32212E+00  1.03288E+01 15.0
     69 11  6  140   1 2s2p2(2DE) 3d   -2.31668E+00  1.03342E+01  9.0
     70 11  6  111   6 2s2p2(2SE) 3p   -2.30209E+00  1.03488E+01  3.0
     71 11  6  311   8 2s2p2(2SE) 3p   -2.29844E+00  1.03525E+01  9.0
     72 11  6  101   1 2s2p2(2PE) 3p   -2.29837E+00  1.03525E+01  1.0
     73 11  6  330   3 2s2 2p 4f       -2.27412E+00  1.03768E+01 21.0
     74 11  6  131   3 2s2 2p 4d       -2.27095E+00  1.03799E+01  7.0
     75 11  6  320   6 2s2 2p 4f       -2.26592E+00  1.03850E+01 15.0
     76 11  6  120   6 2s2 2p 4f       -2.26321E+00  1.03877E+01  5.0
     77 11  6  130   2 2s2 2p 4f       -2.24649E+00  1.04044E+01  7.0
     78 11  6  111   7 2s2 2p 4d       -2.24470E+00  1.04062E+01  3.0
     79 11  6  310   8 2s2p2(2DE) 3d   -2.23060E+00  1.04203E+01  9.0
     80 11  6  340   2 2s2 2p 4f       -2.21737E+00  1.04335E+01 27.0
     81 11  6  140   2 2s2 2p 4f       -2.20997E+00  1.04409E+01  9.0
     82 11  6  321   6 2s2p2(2PE) 3p   -2.20427E+00  1.04466E+01 15.0
     83 11  6  120   7 2s2p2(2DE) 3d   -2.19348E+00  1.04574E+01  5.0
     84 11  6  300   4 2s2p2(2DE) 3d   -2.17532E+00  1.04756E+01  3.0
     85 11  6  110   4 2s2p2(2DE) 3d   -2.15556E+00  1.04953E+01  3.0
     86 11  6  311   9 2s2p2(2PE) 3p   -2.14729E+00  1.05036E+01  9.0
     87 11  6  301   3 2s2p2(2PE) 3p   -2.10075E+00  1.05501E+01  3.0
     88 11  6  100   6 2s2p2(2DE) 3d   -2.06569E+00  1.05852E+01  1.0
     89 11  6  121   5 2s2p2(2PE) 3p   -2.00499E+00  1.06459E+01  5.0
     90 11  6  111   8 2s2p2(2PE) 3p   -1.89719E+00  1.07537E+01  3.0
     91 11  6  501   3 2p3(4SO) 3s     -1.89255E+00  1.07584E+01  5.0
     92 11  6  320   7 2s2p2(2SE) 3d   -1.78537E+00  1.08655E+01 15.0
     93 11  6  510   3 2s2p2(4PE) 4s   -1.74248E+00  1.09084E+01 15.0
     94 11  6  301   4 2p3(4SO) 3s     -1.73320E+00  1.09177E+01  3.0
     95 11  6  120   8 2s2p2(2SE) 3d   -1.70770E+00  1.09432E+01  5.0
     96 11  6  330   4 2s2p2(2PE) 3d   -1.70721E+00  1.09437E+01 21.0
     97 11  6  310   9 2s2p2(4PE) 4s   -1.68582E+00  1.09651E+01  9.0
     98 11  6  311  10 2s2 2p 5s       -1.67949E+00  1.09714E+01  9.0
     99 11  6  111   9 2s2 2p 5s       -1.65470E+00  1.09962E+01  3.0
    100 11  6  320   8 2s2p2(2PE) 3d   -1.65087E+00  1.10000E+01 15.0
    101 11  6  110   5 2s2p2(2PE) 3d   -1.64848E+00  1.10024E+01  3.0
    102 11  6  110   6 2s2 2p 5p       -1.58564E+00  1.10653E+01  3.0
    103 11  6  300   5 2s2 2p 5p       -1.58128E+00  1.10696E+01  3.0
    104 11  6  310  10 2s2 2p 5p       -1.58125E+00  1.10696E+01  9.0
    105 11  6  130   3 2s2p2(2PE) 3d   -1.58072E+00  1.10702E+01  7.0
    106 11  6  320   9 2s2 2p 5p       -1.57167E+00  1.10792E+01 15.0
    107 11  6  120   9 2s2 2p 5p       -1.56372E+00  1.10872E+01  5.0
    108 11  6  521   2 2s2p2(4PE) 4p   -1.55225E+00  1.10986E+01 25.0
    109 11  6  310  11 2s2p2(2PE) 3d   -1.53888E+00  1.11120E+01  9.0
    110 11  6  511   2 2s2p2(4PE) 4p   -1.53150E+00  1.11194E+01 15.0
    111 11  6  100   7 2s2 2p 5p       -1.52332E+00  1.11276E+01  1.0
    112 11  6  321   7 2s2p2(4PE) 4p   -1.50867E+00  1.11422E+01 15.0
    113 11  6  501   4 2s2p2(4PE) 4p   -1.47779E+00  1.11731E+01  5.0
    114 11  6  331   4 2s2 2p 5d       -1.47310E+00  1.11778E+01 21.0
    115 11  6  121   6 2s2 2p 5d       -1.47182E+00  1.11791E+01  5.0
    116 11  6  120  10 2s2 2p 5f       -1.46132E+00  1.11896E+01  5.0
    117 11  6  301   5 2s2p2(4PE) 4p   -1.45671E+00  1.11942E+01  3.0
    118 11  6  321   8 2s2 2p 5d       -1.45602E+00  1.11949E+01 15.0
    119 11  6  311  11 2s2 2p 5d       -1.45516E+00  1.11957E+01  9.0
    120 11  6  141   1 2s2 2p 5g       -1.44348E+00  1.12074E+01  9.0
    121 11  6  341   1 2s2 2p 5g       -1.44346E+00  1.12074E+01 27.0
    122 11  6  340   3 2s2 2p 5f       -1.44077E+00  1.12101E+01 27.0
    123 11  6  311  12 2s2p2(4PE) 4p   -1.44049E+00  1.12104E+01  9.0
    124 11  6  351   1 2s2 2p 5g       -1.44040E+00  1.12105E+01 33.0
    125 11  6  151   1 2s2 2p 5g       -1.44028E+00  1.12106E+01 11.0
    126 11  6  131   4 2s2 2p 5g       -1.43978E+00  1.12111E+01  7.0
    127 11  6  331   5 2s2 2p 5g       -1.43976E+00  1.12111E+01 21.0
    128 11  6  140   3 2s2 2p 5f       -1.43964E+00  1.12113E+01  9.0
    129 11  6  131   5 2s2 2p 5d       -1.43191E+00  1.12190E+01  7.0
    130 11  6  510   4 2p3(4SO) 3p     -1.43040E+00  1.12205E+01 15.0
    131 11  6  111  10 2s2 2p 5d       -1.42967E+00  1.12212E+01  3.0
    132 11  6  330   5 2s2 2p 5f       -1.42818E+00  1.12227E+01 21.0
    133 11  6  320  10 2s2 2p 5f       -1.41462E+00  1.12363E+01 15.0
    134 11  6  130   4 2s2 2p 5f       -1.40659E+00  1.12443E+01  7.0
    135 11  6  321   9 2p3(2DO) 3s     -1.37073E+00  1.12802E+01 15.0
    136 11  6  120  11 2s2p2(2PE) 3d   -1.37060E+00  1.12803E+01  5.0
    137 11  6  530   2 2s2p2(4PE) 4d   -1.36451E+00  1.12864E+01 35.0
    138 11  6  520   2 2s2p2(4PE) 4d   -1.34238E+00  1.13085E+01 25.0
    139 11  6  121   7 2p3(2DO) 3s     -1.32511E+00  1.13258E+01  5.0
    140 11  6  510   5 2s2p2(4PE) 4d   -1.30880E+00  1.13421E+01 15.0
    141 11  6  310  12 2p3(4SO) 3p     -1.29972E+00  1.13512E+01  9.0
    142 11  6  310  13 2s2p2(4PE) 4d   -1.28344E+00  1.13675E+01  9.0
    143 11  6  521   3 2s2p2(4PE) 4f   -1.28248E+00  1.13684E+01 25.0
    144 11  6  321  10 2s2p2(4PE) 4f   -1.27714E+00  1.13738E+01 15.0
    145 11  6  330   6 2s2p2(4PE) 4d   -1.27329E+00  1.13776E+01 21.0
    146 11  6  541   1 2s2p2(4PE) 4f   -1.25508E+00  1.13958E+01 45.0
    147 11  6  341   2 2s2p2(4PE) 4f   -1.25022E+00  1.14007E+01 27.0
    148 11  6  531   1 2s2p2(4PE) 4f   -1.23653E+00  1.14144E+01 35.0
    149 11  6  331   6 2s2p2(4PE) 4f   -1.23056E+00  1.14203E+01 21.0
    150 11  6  320  11 2s2p2(4PE) 4d   -1.23003E+00  1.14209E+01 15.0
    151 11  6  311  13 2s2 2p 6s       -1.13732E+00  1.15136E+01  9.0
    152 11  6  111  11 2s2 2p 6s       -1.12899E+00  1.15219E+01  3.0
    153 11  6  110   7 2s2 2p 6p       -1.09040E+00  1.15605E+01  3.0
    154 11  6  320  12 2s2 2p 6p       -1.08722E+00  1.15637E+01 15.0
    155 11  6  300   6 2s2 2p 6p       -1.08147E+00  1.15694E+01  3.0
    156 11  6  310  14 2s2 2p 6p       -1.07376E+00  1.15771E+01  9.0
    157 11  6  120  12 2s2 2p 6p       -1.06436E+00  1.15865E+01  5.0
    158 11  6  100   8 2s2 2p 6p       -1.04884E+00  1.16021E+01  1.0
    159 11  6  331   7 2s2 2p 6d       -1.01634E+00  1.16346E+01 21.0
    160 11  6  121   8 2s2 2p 6d       -1.01557E+00  1.16353E+01  5.0
    161 11  6  320  13 2p3(2DO) 3p     -1.01072E+00  1.16402E+01 15.0
    162 11  6  321  11 2s2 2p 6d       -1.00571E+00  1.16452E+01 15.0
    163 11  6  311  14 2s2 2p 6d       -1.00450E+00  1.16464E+01  9.0
    164 11  6  110   8 2p3(2DO) 3p     -1.00344E+00  1.16475E+01  3.0
    165 11  6  141   2 2s2 2p 6g       -1.00289E+00  1.16480E+01  9.0
    166 11  6  341   3 2s2 2p 6g       -1.00287E+00  1.16480E+01 27.0
    167 11  6  330   7 2s2 2p 6f       -1.00203E+00  1.16489E+01 21.0
    168 11  6  340   4 2s2 2p 6f       -1.00183E+00  1.16491E+01 27.0
    169 11  6  351   2 2s2 2p 6g       -1.00069E+00  1.16502E+01 33.0
    170 11  6  130   5 2s2 2p 6f       -1.00061E+00  1.16503E+01  7.0
    171 11  6  151   2 2s2 2p 6g       -1.00056E+00  1.16503E+01 11.0
    172 11  6  140   4 2s2 2p 6f       -1.00044E+00  1.16505E+01  9.0
    173 11  6  350   1 2s2 2p 6h       -1.00028E+00  1.16506E+01 33.0
    174 11  6  150   1 2s2 2p 6h       -1.00028E+00  1.16506E+01 11.0
    175 11  6  331   8 2s2 2p 6g       -1.00022E+00  1.16507E+01 21.0
    176 11  6  131   6 2s2 2p 6g       -1.00019E+00  1.16507E+01  7.0
    177 11  6  360   1 2s2 2p 6h       -9.99978E-01  1.16509E+01 39.0
    178 11  6  160   1 2s2 2p 6h       -9.99977E-01  1.16509E+01 13.0
    179 11  6  340   5 2s2 2p 6h       -9.99895E-01  1.16510E+01 27.0
    180 11  6  140   5 2s2 2p 6h       -9.99769E-01  1.16511E+01  9.0
    181 11  6  320  14 2s2 2p 6f       -9.94351E-01  1.16565E+01 15.0
    182 11  6  120  13 2s2 2p 6f       -9.92987E-01  1.16579E+01  5.0
    183 11  6  131   7 2s2 2p 6d       -9.90991E-01  1.16599E+01  7.0
    184 11  6  111  12 2s2 2p 6d       -9.89624E-01  1.16613E+01  3.0
    185 11  6  330   8 2p3(2DO) 3p     -9.57866E-01  1.16930E+01 21.0
    186 11  6  130   6 2p3(2DO) 3p     -9.33954E-01  1.17169E+01  7.0
    187 11  6  521   4 2p3(4SO) 3d     -9.13089E-01  1.17378E+01 25.0
    188 11  6  311  15 2p3(2PO) 3s     -9.05201E-01  1.17457E+01  9.0
    189 11  6  120  14 2s2p2(2DE) 4s   -8.70047E-01  1.17809E+01  5.0
    190 11  6  320  15 2s2p2(2DE) 4s   -8.69210E-01  1.17817E+01 15.0
    191 11  6  111  13 2p3(2PO) 3s     -8.54918E-01  1.17960E+01  3.0
    192 11  6  311  16 2s2 2p 7s       -8.21544E-01  1.18294E+01  9.0
    193 11  6  111  14 2s2 2p 7s       -8.14865E-01  1.18360E+01  3.0
    194 11  6  110   9 2s2 2p 7p       -7.91362E-01  1.18595E+01  3.0
    195 11  6  300   7 2s2 2p 7p       -7.85908E-01  1.18650E+01  3.0
    196 11  6  320  16 2s2 2p 7p       -7.84865E-01  1.18660E+01 15.0
    197 11  6  310  15 2s2 2p 7p       -7.82695E-01  1.18682E+01  9.0
    198 11  6  321  12 2p3(4SO) 3d     -7.75233E-01  1.18757E+01 15.0
    199 11  6  120  15 2s2 2p 7p       -7.74023E-01  1.18769E+01  5.0
    200 11  6  100   9 2s2 2p 7p       -7.65653E-01  1.18852E+01  1.0
    201 11  6  310  16 2p3(2DO) 3p     -7.56797E-01  1.18941E+01  9.0
    202 11  6  331   9 2s2 2p 7d       -7.46688E-01  1.19042E+01 21.0
    203 11  6  121   9 2s2 2p 7d       -7.45849E-01  1.19051E+01  5.0
    204 11  6  321  13 2s2 2p 7d       -7.38866E-01  1.19120E+01 15.0
    205 11  6  311  17 2s2 2p 7d       -7.38210E-01  1.19127E+01  9.0
    206 11  6  141   3 2s2 2p 7g       -7.37166E-01  1.19137E+01  9.0
    207 11  6  341   4 2s2 2p 7g       -7.37130E-01  1.19138E+01 27.0
    208 11  6  340   6 2s2 2p 7f       -7.36571E-01  1.19143E+01 27.0
    209 11  6  330   9 2s2 2p 7f       -7.36354E-01  1.19145E+01 21.0
    210 11  6  130   7 2s2 2p 7f       -7.35968E-01  1.19149E+01  7.0
    211 11  6  351   3 2s2 2p 7g       -7.35594E-01  1.19153E+01 33.0
    212 11  6  151   3 2s2 2p 7g       -7.35467E-01  1.19154E+01 11.0
    213 11  6  331  10 2s2 2p 7g       -7.35189E-01  1.19157E+01 21.0
    214 11  6  131   8 2s2 2p 7g       -7.35116E-01  1.19158E+01  7.0
    215 11  6  140   6 2s2 2p 7f       -7.35110E-01  1.19158E+01  9.0
    216 11  6  350   2 2s2 2p 7h       -7.35000E-01  1.19159E+01 33.0
    217 11  6  150   2 2s2 2p 7h       -7.35000E-01  1.19159E+01 11.0
    218 11  6  361   1 2s2 2p 7i       -7.34717E-01  1.19162E+01 39.0
    219 11  6  161   1 2s2 2p 7i       -7.34717E-01  1.19162E+01 13.0
    220 11  6  351   4 2s2 2p 7i       -7.34687E-01  1.19162E+01 33.0
    221 11  6  151   4 2s2 2p 7i       -7.34684E-01  1.19162E+01 11.0
    222 11  6  360   2 2s2 2p 7h       -7.34682E-01  1.19162E+01 39.0
    223 11  6  160   2 2s2 2p 7h       -7.34680E-01  1.19162E+01 13.0
    224 11  6  340   7 2s2 2p 7h       -7.34619E-01  1.19163E+01 27.0
    225 11  6  140   7 2s2 2p 7h       -7.34558E-01  1.19163E+01  9.0
    226 11  6  320  17 2s2 2p 7f       -7.32932E-01  1.19180E+01 15.0
    227 11  6  120  16 2s2 2p 7f       -7.31786E-01  1.19191E+01  5.0
    228 11  6  131   9 2s2 2p 7d       -7.29918E-01  1.19210E+01  7.0
    229 11  6  111  15 2s2 2p 7d       -7.28159E-01  1.19227E+01  3.0
    230 11  6  331  11 2s2p2(2DE) 4p   -6.94902E-01  1.19560E+01 21.0
    231 11  6  321  14 2s2p2(2DE) 4p   -6.76891E-01  1.19740E+01 15.0
    232 11  6  510   6 2s2p2(4PE) 5s   -6.74365E-01  1.19765E+01 15.0
    233 11  6  131  10 2s2p2(2DE) 4p   -6.70064E-01  1.19808E+01  7.0
    234 11  6  311  18 2s2p2(2DE) 4p   -6.52572E-01  1.19983E+01  9.0
    235 11  6  121  10 2s2p2(2DE) 4p   -6.38026E-01  1.20129E+01  5.0
    236 11  6  310  17 2s2p2(4PE) 5s   -6.36488E-01  1.20144E+01  9.0
    237 11  6  111  16 2s2 2p 8s       -6.17045E-01  1.20339E+01  3.0
    238 11  6  311  19 2s2 2p 8s       -6.13466E-01  1.20374E+01  9.0
    239 11  6  110  10 2s2 2p 8p       -6.00756E-01  1.20501E+01  3.0
    240 11  6  320  18 2s2 2p 8p       -5.97494E-01  1.20534E+01 15.0
    241 11  6  300   8 2s2 2p 8p       -5.97115E-01  1.20538E+01  3.0
    242 11  6  120  17 2p3(2DO) 3p     -5.94844E-01  1.20561E+01  5.0
    243 11  6  310  18 2s2 2p 8p       -5.90519E-01  1.20604E+01  9.0
    244 11  6  111  17 2s2p2(2DE) 4p   -5.89586E-01  1.20613E+01  3.0
    245 11  6  120  18 2s2 2p 8p       -5.89227E-01  1.20617E+01  5.0
    246 11  6  301   6 2s2p2(4PE) 5p   -5.86508E-01  1.20644E+01  3.0
    247 11  6  100  10 2s2 2p 8p       -5.83506E-01  1.20674E+01  1.0
    248 11  6  521   5 2s2p2(4PE) 5p   -5.81724E-01  1.20692E+01 25.0
    249 11  6  511   3 2s2p2(4PE) 5p   -5.75742E-01  1.20752E+01 15.0
    250 11  6  331  12 2s2 2p 8d       -5.70755E-01  1.20801E+01 21.0
    251 11  6  121  11 2s2 2p 8d       -5.70078E-01  1.20808E+01  5.0
    252 11  6  141   4 2s2 2p 8g       -5.67666E-01  1.20832E+01  9.0
    253 11  6  341   5 2s2 2p 8g       -5.66685E-01  1.20842E+01 27.0
    254 11  6  321  15 2s2 2p 8d       -5.66180E-01  1.20847E+01 15.0
    255 11  6  311  20 2s2 2p 8d       -5.65681E-01  1.20852E+01  9.0
    256 11  6  340   8 2s2 2p 8f       -5.65219E-01  1.20857E+01 27.0
    257 11  6  330  10 2s2 2p 8f       -5.64512E-01  1.20864E+01 21.0
    258 11  6  130   8 2s2 2p 8f       -5.63943E-01  1.20870E+01  7.0
    259 11  6  351   5 2s2 2p 8g       -5.63680E-01  1.20872E+01 33.0
    260 11  6  151   5 2s2 2p 8g       -5.63535E-01  1.20874E+01 11.0
    261 11  6  331  13 2s2 2p 8g       -5.63464E-01  1.20874E+01 21.0
    262 11  6  131  11 2s2 2p 8g       -5.62983E-01  1.20879E+01  7.0
    263 11  6  140   8 2s2 2p 8f       -5.62917E-01  1.20880E+01  9.0
    264 11  6  350   3 2s2 2p 8h       -5.62764E-01  1.20881E+01 33.0
    265 11  6  150   3 2s2 2p 8h       -5.62764E-01  1.20881E+01 11.0
    266 11  6  361   2 2s2 2p 8i       -5.62530E-01  1.20884E+01 39.0
    267 11  6  161   2 2s2 2p 8i       -5.62530E-01  1.20884E+01 13.0
    268 11  6  351   6 2s2 2p 8i       -5.62497E-01  1.20884E+01 33.0
    269 11  6  360   3 2s2 2p 8h       -5.62496E-01  1.20884E+01 39.0
    270 11  6  151   6 2s2 2p 8i       -5.62496E-01  1.20884E+01 11.0
    271 11  6  160   3 2s2 2p 8h       -5.62495E-01  1.20884E+01 13.0
    272 11  6  340   9 2s2 2p 8h       -5.62452E-01  1.20884E+01 27.0
    273 11  6  140   9 2s2 2p 8h       -5.62422E-01  1.20885E+01  9.0
    274 11  6  320  19 2s2 2p 8f       -5.61911E-01  1.20890E+01 15.0
    275 11  6  120  19 2s2 2p 8f       -5.60879E-01  1.20900E+01  5.0
    276 11  6  131  12 2s2 2p 8d       -5.58650E-01  1.20922E+01  7.0
    277 11  6  111  18 2s2 2p 8d       -5.58596E-01  1.20923E+01  3.0
    278 11  6  501   5 2s2p2(4PE) 5p   -5.51845E-01  1.20991E+01  5.0
    279 11  6  331  14 2p3(2DO) 3d     -5.47448E-01  1.21035E+01 21.0
    280 11  6  141   5 2p3(2DO) 3d     -5.43085E-01  1.21078E+01  9.0
    281 11  6  321  16 2s2p2(4PE) 5p   -5.40162E-01  1.21107E+01 15.0
    282 11  6  341   6 2p3(2DO) 3d     -5.36733E-01  1.21142E+01 27.0
    283 11  6  311  21 2s2p2(4PE) 5p   -5.22337E-01  1.21286E+01  9.0
    284 11  6  300   9 2s2p2(2SE) 4s   -5.12256E-01  1.21386E+01  3.0
    285 11  6  330  11 2s2p2(2DE) 4d   -5.10389E-01  1.21405E+01 21.0
    286 11  6  101   2 2p3(2DO) 3d     -4.97981E-01  1.21529E+01  1.0
    287 11  6  340  10 2s2p2(2DE) 4d   -4.95460E-01  1.21554E+01 27.0
    288 11  6  111  19 2s2 2p 9s       -4.81788E-01  1.21691E+01  3.0
    289 11  6  311  22 2s2 2p 9s       -4.81352E-01  1.21695E+01  9.0
    290 11  6  320  20 2s2p2(2DE) 4d   -4.77851E-01  1.21730E+01 15.0
    291 11  6  110  11 2s2 2p 9p       -4.73399E-01  1.21775E+01  3.0
    292 11  6  310  19 2s2p2(2DE) 4d   -4.71041E-01  1.21799E+01  9.0
    293 11  6  300  10 2s2 2p 9p       -4.69844E-01  1.21811E+01  3.0
    294 11  6  530   3 2s2p2(4PE) 5d   -4.69826E-01  1.21811E+01 35.0
    295 11  6  320  21 2s2 2p 9p       -4.66050E-01  1.21848E+01 15.0
    296 11  6  120  20 2s2 2p 9p       -4.63810E-01  1.21871E+01  5.0
    297 11  6  520   3 2s2p2(4PE) 5d   -4.60386E-01  1.21905E+01 25.0
    298 11  6  100  11 2s2 2p 9p       -4.60044E-01  1.21909E+01  1.0
    299 11  6  310  20 2s2 2p 9p       -4.59275E-01  1.21916E+01  9.0
    300 11  6  140  10 2s2p2(2DE) 4d   -4.56153E-01  1.21947E+01  9.0
    301 11  6  130   9 2s2p2(2DE) 4d   -4.55486E-01  1.21954E+01  7.0
    302 11  6  321  17 2s2p2(2DE) 4f   -4.54978E-01  1.21959E+01 15.0
    303 11  6  331  15 2s2 2p 9d       -4.50917E-01  1.22000E+01 21.0
    304 11  6  121  12 2s2 2p 9d       -4.50647E-01  1.22003E+01  5.0
    305 11  6  131  13 2p3(2DO) 3d     -4.49335E-01  1.22016E+01  7.0
    306 11  6  320  22 2p3(2PO) 3p     -4.47970E-01  1.22029E+01 15.0
    307 11  6  321  18 2s2 2p 9d       -4.47419E-01  1.22035E+01 15.0
    308 11  6  510   7 2s2p2(4PE) 5d   -4.47162E-01  1.22037E+01 15.0
    309 11  6  311  23 2s2 2p 9d       -4.47110E-01  1.22038E+01  9.0
    310 11  6  351   7 2s2 2p 9g       -4.46908E-01  1.22040E+01 33.0
    311 11  6  151   7 2s2 2p 9g       -4.46590E-01  1.22043E+01 11.0
    312 11  6  330  12 2s2 2p 9f       -4.46018E-01  1.22049E+01 21.0
    313 11  6  130  10 2s2 2p 9f       -4.45366E-01  1.22055E+01  7.0
    314 11  6  341   7 2s2 2p 9g       -4.45211E-01  1.22057E+01 27.0
    315 11  6  141   6 2s2 2p 9g       -4.44974E-01  1.22059E+01  9.0
    316 11  6  331  16 2s2 2p 9g       -4.44800E-01  1.22061E+01 21.0
    317 11  6  350   4 2s2 2p 9h       -4.44658E-01  1.22062E+01 33.0
    318 11  6  150   4 2s2 2p 9h       -4.44658E-01  1.22062E+01 11.0
    319 11  6  361   3 2s2 2p 9i       -4.44474E-01  1.22064E+01 39.0
    320 11  6  161   3 2s2 2p 9i       -4.44474E-01  1.22064E+01 13.0
    321 11  6  360   4 2s2 2p 9h       -4.44446E-01  1.22065E+01 39.0
    322 11  6  351   8 2s2 2p 9i       -4.44446E-01  1.22065E+01 33.0
    323 11  6  151   8 2s2 2p 9i       -4.44446E-01  1.22065E+01 11.0
    324 11  6  160   4 2s2 2p 9h       -4.44444E-01  1.22065E+01 13.0
    325 11  6  140  11 2s2 2p 9h       -4.44419E-01  1.22065E+01  9.0
    326 11  6  340  11 2s2 2p 9h       -4.44418E-01  1.22065E+01 27.0
    327 11  6  320  23 2s2 2p 9f       -4.43853E-01  1.22070E+01 15.0
    328 11  6  120  21 2s2 2p 9f       -4.43593E-01  1.22073E+01  5.0
    329 11  6  140  12 2s2 2p 9f       -4.43424E-01  1.22075E+01  9.0
    330 11  6  340  12 2s2 2p 9f       -4.43295E-01  1.22076E+01 27.0
    331 11  6  131  14 2s2 2p 9g       -4.43222E-01  1.22077E+01  7.0
    332 11  6  110  12 2p3(2PO) 3p     -4.42821E-01  1.22081E+01  3.0
    333 11  6  111  20 2s2 2p 9d       -4.42309E-01  1.22086E+01  3.0
    334 11  6  131  15 2s2 2p 9d       -4.41757E-01  1.22091E+01  7.0
    335 11  6  541   2 2s2p2(4PE) 5f   -4.40178E-01  1.22107E+01 45.0
    336 11  6  341   8 2s2p2(4PE) 5f   -4.35251E-01  1.22156E+01 27.0
    337 11  6  330  13 2s2p2(4PE) 5g   -4.35210E-01  1.22157E+01 21.0
    338 11  6  530   4 2s2p2(4PE) 5g   -4.35156E-01  1.22157E+01 35.0
    339 11  6  550   1 2s2p2(4PE) 5g   -4.33965E-01  1.22169E+01 55.0
    340 11  6  350   5 2s2p2(4PE) 5g   -4.33873E-01  1.22170E+01 33.0
    341 11  6  531   2 2s2p2(4PE) 5f   -4.31853E-01  1.22190E+01 35.0
    342 11  6  521   6 2s2p2(4PE) 5f   -4.30998E-01  1.22199E+01 25.0
    343 11  6  540   1 2s2p2(4PE) 5g   -4.30713E-01  1.22202E+01 45.0
    344 11  6  340  13 2s2p2(4PE) 5g   -4.30590E-01  1.22203E+01 27.0
    345 11  6  331  17 2s2p2(4PE) 5f   -4.27628E-01  1.22233E+01 21.0
    346 11  6  310  21 2s2p2(4PE) 5d   -4.25265E-01  1.22256E+01  9.0
    347 11  6  120  22 2s2p2(2DE) 4d   -4.22220E-01  1.22287E+01  5.0
    348 11  6  121  13 2s2p2(2DE) 4f   -4.21541E-01  1.22294E+01  5.0
    349 11  6  300  11 2s2p2(2DE) 4d   -4.20493E-01  1.22304E+01  3.0
    350 11  6  321  19 2s2p2(4PE) 5f   -4.19043E-01  1.22319E+01 15.0
    351 11  6  330  14 2s2p2(4PE) 5d   -4.15583E-01  1.22353E+01 21.0
    352 11  6  320  24 2s2p2(4PE) 5d   -4.09154E-01  1.22417E+01 15.0
    353 11  6  111  21 2s2p2(2DE) 4f   -4.06123E-01  1.22448E+01  3.0
    354 11  6  100  12 2s2p2(2DE) 4d   -4.01731E-01  1.22492E+01  1.0
    355 11  6  311  24 2s2p2(2DE) 4f   -3.99336E-01  1.22516E+01  9.0
    356 11  6  110  13 2s2p2(2DE) 4d   -3.98054E-01  1.22528E+01  3.0
    357 11  6  351   9 2s2p2(2DE) 4f   -3.95401E-01  1.22555E+01 33.0
    358 11  6  151   9 2s2p2(2DE) 4f   -3.92813E-01  1.22581E+01 11.0
    359 11  6  311  25 2s2 2p10s       -3.87855E-01  1.22630E+01  9.0
    360 11  6  111  22 2s2 2p10s       -3.87122E-01  1.22638E+01  3.0
    361 11  6  300  12 2s2 2p10p       -3.78098E-01  1.22728E+01  3.0
    362 11  6  110  14 2s2 2p10p       -3.77880E-01  1.22730E+01  3.0
    363 11  6  320  25 2s2 2p10p       -3.77412E-01  1.22735E+01 15.0
    364 11  6  310  22 2s2 2p10p       -3.74750E-01  1.22761E+01  9.0
    365 11  6  120  23 2s2 2p10p       -3.73335E-01  1.22776E+01  5.0
    366 11  6  341   9 2s2p2(2DE) 4f   -3.71389E-01  1.22795E+01 27.0
    367 11  6  100  13 2s2 2p10p       -3.68723E-01  1.22822E+01  1.0
    368 11  6  331  18 2s2p2(2DE) 4f   -3.66075E-01  1.22848E+01 21.0
    369 11  6  331  19 2s2 2p10d       -3.64802E-01  1.22861E+01 21.0
    370 11  6  121  14 2s2 2p10d       -3.64782E-01  1.22861E+01  5.0
    371 11  6  321  20 2s2 2p10d       -3.62539E-01  1.22884E+01 15.0
    372 11  6  311  26 2s2 2p10d       -3.62304E-01  1.22886E+01  9.0
    373 11  6  130  11 2s2 2p10f       -3.60985E-01  1.22899E+01  7.0
    374 11  6  141   7 2s2 2p10g       -3.60809E-01  1.22901E+01  9.0
    375 11  6  330  15 2s2 2p10f       -3.60546E-01  1.22904E+01 21.0
    376 11  6  131  16 2s2 2p10g       -3.60272E-01  1.22906E+01  7.0
    377 11  6  331  20 2s2 2p10g       -3.60197E-01  1.22907E+01 21.0
    378 11  6  350   6 2s2 2p10h       -3.60171E-01  1.22907E+01 33.0
    379 11  6  150   5 2s2 2p10h       -3.60171E-01  1.22907E+01 11.0
    380 11  6  140  13 2s2 2p10f       -3.60066E-01  1.22908E+01  9.0
    381 11  6  340  14 2s2 2p10f       -3.60034E-01  1.22909E+01 27.0
    382 11  6  361   4 2s2 2p10i       -3.60026E-01  1.22909E+01 39.0
    383 11  6  161   4 2s2 2p10i       -3.60026E-01  1.22909E+01 13.0
    384 11  6  351  10 2s2 2p10i       -3.60005E-01  1.22909E+01 33.0
    385 11  6  151  10 2s2 2p10i       -3.60005E-01  1.22909E+01 11.0
    386 11  6  360   5 2s2 2p10h       -3.60004E-01  1.22909E+01 39.0
    387 11  6  160   5 2s2 2p10h       -3.60003E-01  1.22909E+01 13.0
    388 11  6  301   7 2p3(2DO) 3d     -2.61314E-01  1.23896E+01  3.0
    389 11  6  510   8 2s2p2(4PE) 6s   -1.29107E-01  1.25218E+01 15.0
    390 11  6  301   8 2s2p2(4PE) 6p   -8.31366E-02  1.25678E+01  3.0
    391 11  6  521   7 2s2p2(4PE) 6p   -7.76886E-02  1.25732E+01 25.0
    392 11  6  511   4 2s2p2(4PE) 6p   -7.36755E-02  1.25772E+01 15.0
    393 11  6  501   6 2s2p2(4PE) 6p   -6.09719E-02  1.25899E+01  5.0
    394 11  6  530   5 2s2p2(4PE) 6d   -1.14350E-02  1.26395E+01 35.0
    395 11  6  520   4 2s2p2(4PE) 6d   -5.71767E-03  1.26452E+01 25.0
    396 11  6  510   9 2s2p2(4PE) 6d    2.50742E-03  1.26534E+01 15.0
    397 11  6  541   3 2s2p2(4PE) 6f    2.53565E-03  1.26534E+01 45.0
    398 11  6  521   8 2s2p2(4PE) 6f    5.24363E-03  1.26561E+01 25.0
    399 11  6  530   6 2s2p2(4PE) 6g    5.28060E-03  1.26562E+01 35.0
    400 11  6  550   2 2s2p2(4PE) 6g    6.31499E-03  1.26572E+01 55.0
    401 11  6  541   4 2s2p2(4PE) 6h    7.02675E-03  1.26579E+01 45.0
    402 11  6  531   3 2s2p2(4PE) 6f    7.28588E-03  1.26582E+01 35.0
    403 11  6  540   2 2s2p2(4PE) 6g    8.56977E-03  1.26595E+01 45.0
    404 11  6  101   3 2s2p2(2PE) 4p    1.90602E-02  1.26700E+01  1.0
    405 11  6  301   9 2s2p2(2PE) 4p    1.08704E-01  1.27596E+01  3.0
    406 11  6  510  10 2s2p2(4PE) 7s    1.88121E-01  1.28390E+01 15.0
    407 11  6  301  10 2s2p2(4PE) 7p    2.16597E-01  1.28675E+01  3.0
    408 11  6  521   9 2s2p2(4PE) 7p    2.19808E-01  1.28707E+01 25.0
    409 11  6  511   5 2s2p2(4PE) 7p    2.22388E-01  1.28733E+01 15.0
    410 11  6  501   7 2s2p2(4PE) 7p    2.29843E-01  1.28807E+01  5.0
    411 11  6  530   7 2s2p2(4PE) 7d    2.59708E-01  1.29106E+01 35.0
    412 11  6  520   5 2s2p2(4PE) 7d    2.63473E-01  1.29144E+01 25.0
    413 11  6  510  11 2s2p2(4PE) 7d    2.68944E-01  1.29198E+01 15.0
    414 11  6  541   5 2s2p2(4PE) 7f    2.69424E-01  1.29203E+01 45.0
    415 11  6  521  10 2s2p2(4PE) 7f    2.70631E-01  1.29215E+01 25.0
    416 11  6  530   8 2s2p2(4PE) 7g    2.71005E-01  1.29219E+01 35.0
    417 11  6  541   6 2s2p2(4PE) 7h    2.72307E-01  1.29232E+01 45.0
    418 11  6  531   4 2s2p2(4PE) 7f    2.72411E-01  1.29233E+01 35.0
    419 11  6  550   4 2s2p2(4PE) 7g    2.72503E-01  1.29234E+01 55.0
    420 11  6  550   3 2s2p2(4PE) 7i    2.72503E-01  1.29234E+01 55.0
    421 11  6  540   3 2s2p2(4PE) 7g    2.73332E-01  1.29242E+01 45.0
    422 11  6  510  12 2s2p2(4PE) 8s    3.88817E-01  1.30397E+01 15.0
    423 11  6  301  11 2s2p2(4PE) 8p    4.05846E-01  1.30567E+01  3.0
    424 11  6  521  11 2s2p2(4PE) 8p    4.09750E-01  1.30606E+01 25.0
    425 11  6  511   6 2s2p2(4PE) 8p    4.11511E-01  1.30624E+01 15.0
    426 11  6  501   8 2s2p2(4PE) 8p    4.16098E-01  1.30670E+01  5.0
    427 11  6  530   9 2s2p2(4PE) 8d    4.35181E-01  1.30861E+01 35.0
    428 11  6  520   6 2s2p2(4PE) 8d    4.37756E-01  1.30887E+01 25.0
    429 11  6  510  13 2s2p2(4PE) 8d    4.41496E-01  1.30924E+01 15.0
    430 11  6  541   7 2s2p2(4PE) 8f    4.42571E-01  1.30935E+01 45.0
    431 11  6  521  12 2s2p2(4PE) 8f    4.43175E-01  1.30941E+01 25.0
    432 11  6  530  10 2s2p2(4PE) 8g    4.43523E-01  1.30944E+01 35.0
    433 11  6  541   8 2s2p2(4PE) 8h    4.44524E-01  1.30954E+01 45.0
    434 11  6  531   5 2s2p2(4PE) 8f    4.44573E-01  1.30955E+01 35.0
    435 11  6  550   6 2s2p2(4PE) 8g    4.44696E-01  1.30956E+01 55.0
    436 11  6  550   5 2s2p2(4PE) 8i    4.44696E-01  1.30956E+01 55.0
    437 11  6  540   4 2s2p2(4PE) 8g    4.45224E-01  1.30961E+01 45.0
    438 11  6  510  14 2s2p2(4PE) 9s    5.23800E-01  1.31747E+01 15.0
    439 11  6  301  12 2s2p2(4PE) 9p    5.33645E-01  1.31845E+01  3.0
    440 11  6  521  13 2s2p2(4PE) 9p    5.38378E-01  1.31893E+01 25.0
    441 11  6  511   7 2s2p2(4PE) 9p    5.39644E-01  1.31905E+01 15.0
    442 11  6  501   9 2s2p2(4PE) 9p    5.42096E-01  1.31930E+01  5.0
    443 11  6  530  11 2s2p2(4PE) 9d    5.55511E-01  1.32064E+01 35.0
    444 11  6  520   7 2s2p2(4PE) 9d    5.57332E-01  1.32082E+01 25.0
    445 11  6  510  15 2s2p2(4PE) 9d    5.59944E-01  1.32108E+01 15.0
    446 11  6  541   9 2s2p2(4PE) 9f    5.61229E-01  1.32121E+01 45.0
    447 11  6  521  14 2s2p2(4PE) 9f    5.61534E-01  1.32124E+01 25.0
    448 11  6  530  12 2s2p2(4PE) 9g    5.61819E-01  1.32127E+01 35.0
    449 11  6  541  10 2s2p2(4PE) 9h    5.62610E-01  1.32135E+01 45.0
    450 11  6  531   6 2s2p2(4PE) 9f    5.62635E-01  1.32135E+01 35.0
    451 11  6  550   8 2s2p2(4PE) 9g    5.62750E-01  1.32136E+01 55.0
    452 11  6  550   7 2s2p2(4PE) 9i    5.62750E-01  1.32136E+01 55.0
    453 11  6  540   5 2s2p2(4PE) 9g    5.63106E-01  1.32140E+01 45.0
    454 11  6  501  10 2p3(4SO) 4s      6.01133E-01  1.32520E+01  5.0
    455 11  6  510  16 2s2p2(4PE)10s    6.18908E-01  1.32698E+01 15.0
    456 11  6  301  13 2s2p2(4PE)10p    6.21087E-01  1.32720E+01  3.0
    457 11  6  521  15 2s2p2(4PE)10p    6.29510E-01  1.32804E+01 25.0
    458 11  6  511   8 2s2p2(4PE)10p    6.30460E-01  1.32814E+01 15.0
    459 11  6  501  11 2s2p2(4PE)10p    6.34272E-01  1.32852E+01  5.0
    460 11  6  530  13 2s2p2(4PE)10d    6.41608E-01  1.32925E+01 35.0
    461 11  6  520   8 2s2p2(4PE)10d    6.42934E-01  1.32938E+01 25.0
    462 11  6  510  17 2s2p2(4PE)10d    6.44782E-01  1.32957E+01 15.0
    463 11  6  541  11 2s2p2(4PE)10f    6.46070E-01  1.32970E+01 45.0
    464 11  6  521  16 2s2p2(4PE)10f    6.46209E-01  1.32971E+01 25.0
    465 11  6  530  14 2s2p2(4PE)10g    6.46440E-01  1.32973E+01 35.0
    466 11  6  541  12 2s2p2(4PE)10h    6.47081E-01  1.32980E+01 45.0
    467 11  6  531   7 2s2p2(4PE)10f    6.47095E-01  1.32980E+01 35.0
    468 11  6  550   9 2s2p2(4PE)10i    6.47194E-01  1.32981E+01 55.0
    469 11  6  101   4 2s2p2(2PE) 5p    9.88924E-01  1.36398E+01  1.0
    470 11  6  101   5 2p3(2DO) 4d      1.39518E+00  1.40461E+01  1.0
    471 11  6  101   6 2s2p2(2PE) 6p    1.51007E+00  1.41610E+01  1.0
    472 11  6  101   7 2s2p2(2PE) 7p    1.80366E+00  1.44546E+01  1.0
    473 11  6  101   8 2s2p2(2PE) 8p    1.99412E+00  1.46450E+01  1.0
    474 11  6  101   9 2s2p2(2PE) 9p    2.12313E+00  1.47740E+01  1.0
    475 11  6  101  10 2s2p2(2PE)10p    2.21431E+00  1.48652E+01  1.0
 ====================================================================
