 ====================================================================
      i NZ NE iSLP iLV iCONF                 E(RYD)      TE(RYD)   gi
 ====================================================================
      1 11  5  211   1 2s2 2p          -1.52850E+01  0.00000E+00  6.0
      2 11  5  410   1 2s 2p2          -1.42635E+01  1.02150E+00 12.0
      3 11  5  220   1 2s 2p2          -1.34334E+01  1.85160E+00 10.0
      4 11  5  200   1 2s 2p2          -1.28798E+01  2.40520E+00  2.0
      5 11  5  210   1 2s 2p2          -1.26996E+01  2.58540E+00  6.0
      6 11  5  401   1 2p3             -1.19784E+01  3.30660E+00  4.0
      7 11  5  221   1 2p3             -1.15607E+01  3.72430E+00 10.0
      8 11  5  211   2 2p3             -1.10661E+01  4.21890E+00  6.0
      9 11  5  200   2 2s2 3s          -6.63840E+00  8.64660E+00  2.0
     10 11  5  211   3 2s2 3p          -6.12591E+00  9.15909E+00  6.0
     11 11  5  220   2 2s2 3d          -5.64986E+00  9.63514E+00 10.0
     12 11  5  411   1 2s2p(3PO) 3s    -5.49549E+00  9.78951E+00 12.0
     13 11  5  211   4 2s2p(3PO) 3s    -5.25430E+00  1.00307E+01  6.0
     14 11  5  210   2 2s2p(3PO) 3p    -5.05721E+00  1.02278E+01  6.0
     15 11  5  420   1 2s2p(3PO) 3p    -5.03211E+00  1.02529E+01 20.0
     16 11  5  400   1 2s2p(3PO) 3p    -4.93507E+00  1.03499E+01  4.0
     17 11  5  410   2 2s2p(3PO) 3p    -4.85913E+00  1.04259E+01 12.0
     18 11  5  220   3 2s2p(3PO) 3p    -4.79308E+00  1.04919E+01 10.0
     19 11  5  200   3 2s2p(3PO) 3p    -4.62945E+00  1.06556E+01  2.0
     20 11  5  431   1 2s2p(3PO) 3d    -4.62545E+00  1.06595E+01 28.0
     21 11  5  421   1 2s2p(3PO) 3d    -4.52532E+00  1.07597E+01 20.0
     22 11  5  221   2 2s2p(3PO) 3d    -4.50757E+00  1.07774E+01 10.0
     23 11  5  411   2 2s2p(3PO) 3d    -4.46346E+00  1.08215E+01 12.0
     24 11  5  211   5 2s2p(1PO) 3s    -4.38442E+00  1.09006E+01  6.0
     25 11  5  231   1 2s2p(3PO) 3d    -4.29141E+00  1.09936E+01 14.0
     26 11  5  211   6 2s2p(3PO) 3d    -4.22440E+00  1.10606E+01  6.0
     27 11  5  220   4 2s2p(1PO) 3p    -3.90161E+00  1.13834E+01 10.0
     28 11  5  210   3 2s2p(1PO) 3p    -3.88632E+00  1.13987E+01  6.0
     29 11  5  200   4 2s2p(1PO) 3p    -3.84290E+00  1.14421E+01  2.0
     30 11  5  410   3 2p2(3PE) 3s     -3.55350E+00  1.17315E+01 12.0
     31 11  5  231   2 2s2p(1PO) 3d    -3.53719E+00  1.17478E+01 14.0
     32 11  5  200   5 2s2 4s          -3.46527E+00  1.18197E+01  2.0
     33 11  5  221   3 2s2p(1PO) 3d    -3.43403E+00  1.18510E+01 10.0
     34 11  5  211   7 2s2 4p          -3.40748E+00  1.18775E+01  6.0
     35 11  5  210   4 2p2(3PE) 3s     -3.32119E+00  1.19638E+01  6.0
     36 11  5  211   8 2s2p(1PO) 3d    -3.25300E+00  1.20320E+01  6.0
     37 11  5  201   1 2p2(3PE) 3p     -3.23973E+00  1.20453E+01  2.0
     38 11  5  220   5 2p2(1DE) 3s     -3.18324E+00  1.21018E+01 10.0
     39 11  5  421   2 2p2(3PE) 3p     -3.15042E+00  1.21346E+01 20.0
     40 11  5  220   6 2s2 4d          -3.14794E+00  1.21371E+01 10.0
     41 11  5  411   3 2p2(3PE) 3p     -3.09398E+00  1.21910E+01 12.0
     42 11  5  221   4 2p2(3PE) 3p     -3.03827E+00  1.22467E+01 10.0
     43 11  5  231   3 2s2 4f          -3.03690E+00  1.22481E+01 14.0
     44 11  5  211   9 2p2(3PE) 3p:    -2.93143E+00  1.23536E+01  6.0
     45 11  5  401   2 2p2(3PE) 3p     -2.91250E+00  1.23725E+01  4.0
     46 11  5  430   1 2p2(3PE) 3d     -2.79629E+00  1.24887E+01 28.0
     47 11  5  231   4 2p2(1DE) 3p     -2.77282E+00  1.25122E+01 14.0
     48 11  5  420   2 2p2(3PE) 3d     -2.70380E+00  1.25812E+01 20.0
     49 11  5  210   5 2p2(3PE) 3d     -2.69117E+00  1.25938E+01  6.0
     50 11  5  230   1 2p2(3PE) 3d     -2.67667E+00  1.26083E+01 14.0
     51 11  5  221   5 2p2(1DE) 3p     -2.63546E+00  1.26495E+01 10.0
     52 11  5  410   4 2p2(3PE) 3d     -2.58998E+00  1.26950E+01 12.0
     53 11  5  211  10 2p2(1DE) 3p:    -2.54328E+00  1.27417E+01  6.0
     54 11  5  220   7 2p2(3PE) 3d     -2.43290E+00  1.28521E+01 10.0
     55 11  5  200   6 2p2(1SE) 3s     -2.43209E+00  1.28529E+01  2.0
     56 11  5  240   1 2p2(1DE) 3d     -2.40557E+00  1.28794E+01 18.0
     57 11  5  411   4 2s2p(3PO) 4s    -2.37337E+00  1.29116E+01 12.0
     58 11  5  230   2 2p2(1DE) 3d     -2.31774E+00  1.29673E+01 14.0
     59 11  5  220   8 2p2(1DE) 3d     -2.28026E+00  1.30047E+01 10.0
     60 11  5  211  11 2s2p(3PO) 4s    -2.27306E+00  1.30119E+01  6.0
     61 11  5  200   7 2s2 5s          -2.19091E+00  1.30941E+01  2.0
     62 11  5  420   3 2s2p(3PO) 4p    -2.18698E+00  1.30980E+01 20.0
     63 11  5  210   6 2s2p(3PO) 4p:   -2.18257E+00  1.31024E+01  6.0
     64 11  5  210   7 2p2(1DE) 3d:    -2.16118E+00  1.31238E+01  6.0
     65 11  5  400   2 2s2p(3PO) 4p    -2.16052E+00  1.31245E+01  4.0
     66 11  5  410   5 2s2p(3PO) 4p    -2.13789E+00  1.31471E+01 12.0
     67 11  5  220   9 2s2p(3PO) 4p    -2.09151E+00  1.31935E+01 10.0
     68 11  5  200   8 2p2(1DE) 3d     -2.09146E+00  1.31935E+01  2.0
     69 11  5  211  12 2s2 5p          -2.08016E+00  1.32048E+01  6.0
     70 11  5  431   2 2s2p(3PO) 4d    -2.04501E+00  1.32400E+01 28.0
     71 11  5  200   9 2s2p(3PO) 4p    -2.02228E+00  1.32627E+01  2.0
     72 11  5  421   3 2s2p(3PO) 4d    -2.00632E+00  1.32787E+01 20.0
     73 11  5  220  10 2s2 5d          -2.00406E+00  1.32809E+01 10.0
     74 11  5  221   6 2s2p(3PO) 4d    -1.99645E+00  1.32885E+01 10.0
     75 11  5  411   5 2s2p(3PO) 4d    -1.98932E+00  1.32957E+01 12.0
     76 11  5  231   5 2s2 5f          -1.96501E+00  1.33200E+01 14.0
     77 11  5  240   2 2s2 5g          -1.96380E+00  1.33212E+01 18.0
     78 11  5  211  13 2p2(1SE) 3p     -1.94045E+00  1.33446E+01  6.0
     79 11  5  430   2 2s2p(3PO) 4f    -1.92681E+00  1.33582E+01 28.0
     80 11  5  440   1 2s2p(3PO) 4f    -1.92350E+00  1.33615E+01 36.0
     81 11  5  231   6 2s2p(3PO) 4d    -1.91724E+00  1.33678E+01 14.0
     82 11  5  240   3 2s2p(3PO) 4f    -1.91231E+00  1.33727E+01 18.0
     83 11  5  230   3 2s2p(3PO) 4f    -1.90170E+00  1.33833E+01 14.0
     84 11  5  211  14 2s2p(3PO) 4d    -1.89890E+00  1.33861E+01  6.0
     85 11  5  420   4 2s2p(3PO) 4f    -1.89650E+00  1.33885E+01 20.0
     86 11  5  220  11 2s2p(3PO) 4f    -1.87534E+00  1.34097E+01 10.0
     87 11  5  220  12 2p2(1SE) 3d     -1.57524E+00  1.37098E+01 10.0
     88 11  5  200  10 2s2 6s          -1.49386E+00  1.37911E+01  2.0
     89 11  5  211  15 2s2 6p          -1.43500E+00  1.38500E+01  6.0
     90 11  5  220  13 2s2 6d          -1.38603E+00  1.38990E+01 10.0
     91 11  5  240   4 2s2 6g          -1.36501E+00  1.39200E+01 18.0
     92 11  5  231   7 2s2 6f          -1.36472E+00  1.39203E+01 14.0
     93 11  5  211  16 2s2p(1PO) 4s    -1.27905E+00  1.40059E+01  6.0
     94 11  5  200  11 2s2 7s:         -1.10548E+00  1.41795E+01  2.0
     95 11  5  220  14 2s2p(1PO) 4p    -1.09940E+00  1.41856E+01 10.0
     96 11  5  210   8 2s2p(1PO) 4p    -1.08438E+00  1.42006E+01  6.0
     97 11  5  211  17 2s2 7p          -1.05083E+00  1.42342E+01  6.0
     98 11  5  411   6 2s2p(3PO) 5s    -1.04335E+00  1.42416E+01 12.0
     99 11  5  200  12 2s2p(1PO) 4p:   -1.03547E+00  1.42495E+01  2.0
    100 11  5  220  15 2s2 7d          -1.01579E+00  1.42692E+01 10.0
    101 11  5  231   8 2s2 7f          -1.01060E+00  1.42744E+01 14.0
    102 11  5  211  18 2s2p(3PO) 5s    -1.00612E+00  1.42789E+01  6.0
    103 11  5  240   5 2s2 7g          -1.00600E+00  1.42790E+01 18.0
    104 11  5  210   9 2s2p(3PO) 5p    -9.52711E-01  1.43323E+01  6.0
    105 11  5  420   5 2s2p(3PO) 5p    -9.50493E-01  1.43345E+01 20.0
    106 11  5  221   7 2s2p(1PO) 4d    -9.41682E-01  1.43433E+01 10.0
    107 11  5  231   9 2s2p(1PO) 4d    -9.41535E-01  1.43435E+01 14.0
    108 11  5  400   3 2s2p(3PO) 5p    -9.34566E-01  1.43504E+01  4.0
    109 11  5  410   6 2s2p(3PO) 5p    -9.27570E-01  1.43574E+01 12.0
    110 11  5  220  16 2s2p(3PO) 5p    -9.07501E-01  1.43775E+01 10.0
    111 11  5  211  19 2s2p(1PO) 4d    -8.96818E-01  1.43882E+01  6.0
    112 11  5  431   3 2s2p(3PO) 5d    -8.77830E-01  1.44072E+01 28.0
    113 11  5  200  13 2s2p(3PO) 5p    -8.72615E-01  1.44124E+01  2.0
    114 11  5  230   4 2s2p(1PO) 4f    -8.64609E-01  1.44204E+01 14.0
    115 11  5  421   4 2s2p(3PO) 5d    -8.59696E-01  1.44253E+01 20.0
    116 11  5  411   7 2s2p(3PO) 5d    -8.51938E-01  1.44331E+01 12.0
    117 11  5  221   8 2s2p(3PO) 5d    -8.45171E-01  1.44398E+01 10.0
    118 11  5  240   6 2s2p(1PO) 4f    -8.39690E-01  1.44453E+01 18.0
    119 11  5  430   3 2s2p(3PO) 5f    -8.26000E-01  1.44590E+01 28.0
    120 11  5  241   1 2s2p(3PO) 5g    -8.23882E-01  1.44611E+01 18.0
    121 11  5  441   1 2s2p(3PO) 5g    -8.23868E-01  1.44611E+01 36.0
    122 11  5  230   5 2s2p(3PO) 5f    -8.22733E-01  1.44623E+01 14.0
    123 11  5  440   2 2s2p(3PO) 5f    -8.19581E-01  1.44654E+01 36.0
    124 11  5  231  10 2s2p(3PO) 5d    -8.16660E-01  1.44683E+01 14.0
    125 11  5  431   4 2s2p(3PO) 5g    -8.13570E-01  1.44714E+01 28.0
    126 11  5  231  11 2s2p(3PO) 5g    -8.13454E-01  1.44715E+01 14.0
    127 11  5  200  14 2s2 8s          -8.13196E-01  1.44718E+01  2.0
    128 11  5  240   7 2s2p(3PO) 5f    -8.12522E-01  1.44725E+01 18.0
    129 11  5  420   6 2s2p(3PO) 5f    -8.09955E-01  1.44750E+01 20.0
    130 11  5  220  17 2s2p(1PO) 4f    -8.09200E-01  1.44758E+01 10.0
    131 11  5  211  20 2s2p(3PO) 5d    -8.08815E-01  1.44762E+01  6.0
    132 11  5  220  18 2s2p(3PO) 5f    -8.03262E-01  1.44817E+01 10.0
    133 11  5  211  21 2s2 8p          -7.91902E-01  1.44931E+01  6.0
    134 11  5  220  19 2s2 8d          -7.75807E-01  1.45092E+01 10.0
    135 11  5  231  12 2s2 8f          -7.63777E-01  1.45212E+01 14.0
    136 11  5  240   8 2s2 8g          -7.58988E-01  1.45260E+01 18.0
    137 11  5  200  15 2s2 9s          -6.40682E-01  1.46443E+01  2.0
    138 11  5  211  22 2s2 9p          -6.24759E-01  1.46602E+01  6.0
    139 11  5  220  20 2s2 9d          -6.12329E-01  1.46727E+01 10.0
    140 11  5  231  13 2s2 9f          -6.04915E-01  1.46801E+01 14.0
    141 11  5  240   9 2s2 9g          -6.03815E-01  1.46812E+01 18.0
    142 11  5  410   7 2p2(3PE) 4s     -5.18303E-01  1.47667E+01 12.0
    143 11  5  200  16 2s210s          -5.16370E-01  1.47686E+01  2.0
    144 11  5  211  23 2s210p          -5.04726E-01  1.47803E+01  6.0
    145 11  5  220  21 2s210d          -4.95400E-01  1.47896E+01 10.0
    146 11  5  231  14 2s210f          -4.90226E-01  1.47948E+01 14.0
    147 11  5  210  10 2p2(3PE) 4s     -4.65793E-01  1.48192E+01  6.0
    148 11  5  201   2 2p2(3PE) 4p     -3.83865E-01  1.49011E+01  2.0
    149 11  5  411   8 2p2(3PE) 4p:    -3.65249E-01  1.49198E+01 12.0
    150 11  5  421   5 2p2(3PE) 4p     -3.54306E-01  1.49307E+01 20.0
    151 11  5  411   9 2s2p(3PO) 6s:   -3.10286E-01  1.49747E+01 12.0
    152 11  5  420   7 2s2p(3PO) 6p    -2.96374E-01  1.49886E+01 20.0
    153 11  5  221   9 2p2(3PE) 4p     -2.89614E-01  1.49954E+01 10.0
    154 11  5  400   4 2s2p(3PO) 6p    -2.83603E-01  1.50014E+01  4.0
    155 11  5  210  11 2s2p(3PO) 6p    -2.81931E-01  1.50031E+01  6.0
    156 11  5  410   8 2s2p(3PO) 6p    -2.81069E-01  1.50039E+01 12.0
    157 11  5  401   3 2p2(3PE) 4p     -2.76850E-01  1.50082E+01  4.0
    158 11  5  431   5 2s2p(3PO) 6d    -2.51581E-01  1.50334E+01 28.0
    159 11  5  430   4 2s2p(3PO) 6f:   -2.41020E-01  1.50440E+01 28.0
    160 11  5  421   6 2s2p(3PO) 6d    -2.40641E-01  1.50444E+01 20.0
    161 11  5  221  10 2s2p(3PO) 6d    -2.38769E-01  1.50462E+01 10.0
    162 11  5  411  10 2s2p(3PO) 6d    -2.36979E-01  1.50480E+01 12.0
    163 11  5  230   6 2s2p(3PO) 6f    -2.34000E-01  1.50510E+01 14.0
    164 11  5  441   2 2s2p(3PO) 6g    -2.30532E-01  1.50545E+01 36.0
    165 11  5  241   2 2s2p(3PO) 6g    -2.30260E-01  1.50547E+01 18.0
    166 11  5  420   8 2s2p(3PO) 6f    -2.21005E-01  1.50640E+01 20.0
    167 11  5  431   6 2s2p(3PO) 6g    -2.20877E-01  1.50641E+01 28.0
    168 11  5  440   3 2s2p(3PO) 6f    -2.18956E-01  1.50660E+01 36.0
    169 11  5  440   4 2s2p(3PO) 6h    -2.14547E-01  1.50705E+01 36.0
    170 11  5  430   5 2p2(3PE) 4d:    -1.94247E-01  1.50908E+01 28.0
    171 11  5  210  12 2p2(3PE) 4d     -1.72678E-01  1.51123E+01  6.0
    172 11  5  420   9 2p2(3PE) 4d     -1.71601E-01  1.51134E+01 20.0
    173 11  5  410   9 2p2(3PE) 4d     -1.43553E-01  1.51414E+01 12.0
    174 11  5  230   7 2p2(3PE) 4d     -1.28254E-01  1.51567E+01 14.0
    175 11  5  421   7 2p2(3PE) 4f     -1.06317E-01  1.51787E+01 20.0
    176 11  5  221  11 2p2(3PE) 4f     -1.04676E-01  1.51803E+01 10.0
    177 11  5  441   3 2p2(3PE) 4f     -9.88051E-02  1.51862E+01 36.0
    178 11  5  241   3 2p2(3PE) 4f     -9.25156E-02  1.51925E+01 18.0
    179 11  5  431   7 2p2(3PE) 4f     -7.44161E-02  1.52106E+01 28.0
    180 11  5  221  12 2p2(1DE) 4p     -9.22759E-03  1.52758E+01 10.0
    181 11  5  411  11 2s2p(3PO) 7s     6.65653E-02  1.53516E+01 12.0
    182 11  5  210  13 2s2p(3PO) 7p     9.69114E-02  1.53819E+01  6.0
    183 11  5  420  10 2s2p(3PO) 7p     9.90631E-02  1.53841E+01 20.0
    184 11  5  400   5 2s2p(3PO) 7p     1.03152E-01  1.53882E+01  4.0
    185 11  5  410  10 2s2p(3PO) 7p     1.06281E-01  1.53913E+01 12.0
    186 11  5  230   8 2p2(1DE) 4d      1.19109E-01  1.54041E+01 14.0
    187 11  5  431   8 2s2p(3PO) 7d     1.23387E-01  1.54084E+01 28.0
    188 11  5  210  14 2s2p(1PO) 5p     1.24011E-01  1.54090E+01  6.0
    189 11  5  221  13 2s2p(3PO) 7d     1.29384E-01  1.54144E+01 10.0
    190 11  5  421   8 2s2p(3PO) 7d     1.29782E-01  1.54148E+01 20.0
    191 11  5  411  12 2s2p(3PO) 7d     1.31940E-01  1.54169E+01 12.0
    192 11  5  430   6 2s2p(3PO) 7f     1.42333E-01  1.54273E+01 28.0
    193 11  5  440   5 2s2p(3PO) 7f     1.43264E-01  1.54283E+01 36.0
    194 11  5  440   6 2s2p(3PO) 7h     1.46204E-01  1.54312E+01 36.0
    195 11  5  441   4 2s2p(3PO) 7g     1.46655E-01  1.54317E+01 36.0
    196 11  5  241   4 2s2p(3PO) 7g     1.46844E-01  1.54318E+01 18.0
    197 11  5  420  11 2s2p(3PO) 7f     1.47375E-01  1.54324E+01 20.0
    198 11  5  431   9 2s2p(3PO) 7g     1.49327E-01  1.54343E+01 28.0
    199 11  5  230   9 2s2p(3PO) 7f     1.49781E-01  1.54348E+01 14.0
    200 11  5  241   5 2p2(1DE) 4f      1.61049E-01  1.54460E+01 18.0
    201 11  5  210  15 2p2(1DE) 4d      2.09493E-01  1.54945E+01  6.0
    202 11  5  221  14 2s2p(1PO) 5d:    2.12053E-01  1.54971E+01 10.0
    203 11  5  221  15 2p2(1DE) 4f:     2.20102E-01  1.55051E+01 10.0
    204 11  5  230  10 2s2p(1PO) 5f     2.50440E-01  1.55354E+01 14.0
    205 11  5  241   6 2s2p(1PO) 5g     2.70871E-01  1.55559E+01 18.0
    206 11  5  411  13 2s2p(3PO) 8s     3.27222E-01  1.56122E+01 12.0
    207 11  5  420  12 2s2p(3PO) 8p     3.48784E-01  1.56338E+01 20.0
    208 11  5  210  16 2s2p(3PO) 8p     3.49295E-01  1.56343E+01  6.0
    209 11  5  400   6 2s2p(3PO) 8p     3.51853E-01  1.56369E+01  4.0
    210 11  5  410  11 2s2p(3PO) 8p     3.53591E-01  1.56386E+01 12.0
    211 11  5  431  10 2s2p(3PO) 8d     3.65267E-01  1.56503E+01 28.0
    212 11  5  421   9 2s2p(3PO) 8d     3.69468E-01  1.56545E+01 20.0
    213 11  5  221  16 2s2p(3PO) 8d     3.70851E-01  1.56559E+01 10.0
    214 11  5  411  14 2s2p(3PO) 8d     3.70898E-01  1.56559E+01 12.0
    215 11  5  430   7 2s2p(3PO) 8f     3.77474E-01  1.56625E+01 28.0
    216 11  5  440   7 2s2p(3PO) 8f     3.78434E-01  1.56634E+01 36.0
    217 11  5  230  11 2s2p(3PO) 8f     3.79126E-01  1.56641E+01 14.0
    218 11  5  441   5 2s2p(3PO) 8g     3.79470E-01  1.56645E+01 36.0
    219 11  5  241   7 2s2p(3PO) 8g     3.79528E-01  1.56645E+01 18.0
    220 11  5  440   8 2s2p(3PO) 8h     3.80412E-01  1.56654E+01 36.0
    221 11  5  420  13 2s2p(3PO) 8f     3.80942E-01  1.56659E+01 20.0
    222 11  5  431  11 2s2p(3PO) 8g     3.81535E-01  1.56665E+01 28.0
    223 11  5  411  15 2s2p(3PO) 9s     5.03804E-01  1.57888E+01 12.0
    224 11  5  210  17 2s2p(3PO) 9p     5.18510E-01  1.58035E+01  6.0
    225 11  5  420  14 2s2p(3PO) 9p     5.18869E-01  1.58039E+01 20.0
    226 11  5  400   7 2s2p(3PO) 9p     5.21136E-01  1.58061E+01  4.0
    227 11  5  410  12 2s2p(3PO) 9p     5.22187E-01  1.58072E+01 12.0
    228 11  5  431  12 2s2p(3PO) 9d     5.30468E-01  1.58155E+01 28.0
    229 11  5  421  10 2s2p(3PO) 9d     5.33360E-01  1.58184E+01 20.0
    230 11  5  221  17 2s2p(3PO) 9d     5.34029E-01  1.58190E+01 10.0
    231 11  5  411  16 2s2p(3PO) 9d     5.34386E-01  1.58194E+01 12.0
    232 11  5  430   8 2s2p(3PO) 9f     5.38839E-01  1.58238E+01 28.0
    233 11  5  440   9 2s2p(3PO) 9f     5.39637E-01  1.58246E+01 36.0
    234 11  5  230  12 2s2p(3PO) 9f     5.39651E-01  1.58247E+01 14.0
    235 11  5  441   6 2s2p(3PO) 9g     5.40057E-01  1.58251E+01 36.0
    236 11  5  241   8 2s2p(3PO) 9g     5.40081E-01  1.58251E+01 18.0
    237 11  5  440  10 2s2p(3PO) 9h     5.40989E-01  1.58260E+01 36.0
    238 11  5  420  15 2s2p(3PO) 9f     5.41321E-01  1.58263E+01 20.0
    239 11  5  431  13 2s2p(3PO) 9g     5.41584E-01  1.58266E+01 28.0
    240 11  5  411  17 2s2p(3PO)10s     6.28835E-01  1.59138E+01 12.0
    241 11  5  210  18 2s2p(3PO)10p     6.38958E-01  1.59240E+01  6.0
    242 11  5  420  16 2s2p(3PO)10p     6.39798E-01  1.59248E+01 20.0
    243 11  5  400   8 2s2p(3PO)10p     6.41518E-01  1.59265E+01  4.0
    244 11  5  410  13 2s2p(3PO)10p     6.42173E-01  1.59272E+01 12.0
    245 11  5  431  14 2s2p(3PO)10d     6.48270E-01  1.59333E+01 28.0
    246 11  5  421  11 2s2p(3PO)10d     6.50347E-01  1.59353E+01 20.0
    247 11  5  221  18 2s2p(3PO)10d     6.50721E-01  1.59357E+01 10.0
    248 11  5  411  18 2s2p(3PO)10d     6.51109E-01  1.59361E+01 12.0
    249 11  5  430   9 2s2p(3PO)10f     6.54264E-01  1.59393E+01 28.0
    250 11  5  230  13 2s2p(3PO)10f     6.54703E-01  1.59397E+01 14.0
    251 11  5  441   7 2s2p(3PO)10g     6.55069E-01  1.59401E+01 36.0
    252 11  5  241   9 2s2p(3PO)10g     6.55078E-01  1.59401E+01 18.0
    253 11  5  201   3 2p2(3PE) 5p      8.67661E-01  1.61527E+01  2.0
    254 11  5  401   4 2p2(3PE) 5p      9.16586E-01  1.62016E+01  4.0
    255 11  5  201   4 2p2(3PE) 6p      1.52888E+00  1.68139E+01  2.0
    256 11  5  401   5 2p2(3PE) 6p      1.55543E+00  1.68404E+01  4.0
    257 11  5  201   5 2p2(3PE) 7p      1.92086E+00  1.72059E+01  2.0
    258 11  5  401   6 2p2(3PE) 7p      1.93684E+00  1.72218E+01  4.0
    259 11  5  201   6 2p2(3PE) 8p      2.17206E+00  1.74571E+01  2.0
    260 11  5  401   7 2p2(3PE) 8p      2.18250E+00  1.74675E+01  4.0
    261 11  5  201   7 2p2(3PE) 9p      2.34275E+00  1.76278E+01  2.0
    262 11  5  401   8 2p2(3PE) 9p      2.34997E+00  1.76350E+01  4.0
    263 11  5  201   8 2p2(3PE)10p      2.46404E+00  1.77490E+01  2.0
    264 11  5  401   9 2p2(3PE)10p      2.46924E+00  1.77542E+01  4.0
 ====================================================================
