 ====================================================================
      i NZ NE iSLP iLV iCONF                 E(RYD)      TE(RYD)   gi
 ====================================================================
      1 11  4  100   1 2s2             -1.93828E+01  0.00000E+00  1.0
      2 11  4  311   1 2s 2p           -1.82366E+01  1.14620E+00  9.0
      3 11  4  111   1 2s 2p           -1.71588E+01  2.22400E+00  3.0
      4 11  4  310   1 2p2             -1.64014E+01  2.98140E+00  9.0
      5 11  4  120   1 2p2             -1.61044E+01  3.27840E+00  5.0
      6 11  4  100   2 2p2             -1.52878E+01  4.09500E+00  1.0
      7 11  4  300   1 2s 3s           -8.10803E+00  1.12748E+01  3.0
      8 11  4  100   3 2s 3s           -7.90039E+00  1.14824E+01  1.0
      9 11  4  111   2 2s 3p           -7.61848E+00  1.17643E+01  3.0
     10 11  4  311   2 2s 3p           -7.58697E+00  1.17958E+01  9.0
     11 11  4  320   1 2s 3d           -7.32173E+00  1.20611E+01 15.0
     12 11  4  120   2 2s 3d           -7.12953E+00  1.22533E+01  5.0
     13 11  4  311   3 2p 3s           -6.65201E+00  1.27308E+01  9.0
     14 11  4  111   3 2p 3s           -6.45704E+00  1.29258E+01  3.0
     15 11  4  110   1 2p 3p           -6.36663E+00  1.30162E+01  3.0
     16 11  4  320   2 2p 3p           -6.29591E+00  1.30869E+01 15.0
     17 11  4  300   2 2p 3p           -6.18941E+00  1.31934E+01  3.0
     18 11  4  310   2 2p 3p           -6.11472E+00  1.32681E+01  9.0
     19 11  4  331   1 2p 3d           -6.05757E+00  1.33252E+01 21.0
     20 11  4  121   1 2p 3d           -6.04615E+00  1.33366E+01  5.0
     21 11  4  120   3 2p 3p           -5.98322E+00  1.33996E+01  5.0
     22 11  4  321   1 2p 3d           -5.89100E+00  1.34918E+01 15.0
     23 11  4  311   4 2p 3d           -5.82889E+00  1.35539E+01  9.0
     24 11  4  100   4 2p 3p           -5.73986E+00  1.36429E+01  1.0
     25 11  4  131   1 2p 3d           -5.68840E+00  1.36944E+01  7.0
     26 11  4  111   4 2p 3d           -5.62573E+00  1.37571E+01  3.0
     27 11  4  300   3 2s 4s           -4.38307E+00  1.49997E+01  3.0
     28 11  4  100   5 2s 4s           -4.30169E+00  1.50811E+01  1.0
     29 11  4  311   5 2s 4p           -4.18324E+00  1.51996E+01  9.0
     30 11  4  111   5 2s 4p           -4.16745E+00  1.52153E+01  3.0
     31 11  4  320   3 2s 4d           -4.07909E+00  1.53037E+01 15.0
     32 11  4  120   4 2s 4d           -4.01590E+00  1.53669E+01  5.0
     33 11  4  331   2 2s 4f           -4.00630E+00  1.53765E+01 21.0
     34 11  4  131   2 2s 4f           -3.98904E+00  1.53938E+01  7.0
     35 11  4  311   6 2p 4s           -3.02909E+00  1.63537E+01  9.0
     36 11  4  111   6 2p 4s           -2.99685E+00  1.63859E+01  3.0
     37 11  4  110   2 2p 4p           -2.90324E+00  1.64796E+01  3.0
     38 11  4  320   4 2p 4p           -2.88077E+00  1.65020E+01 15.0
     39 11  4  300   4 2p 4p           -2.87205E+00  1.65107E+01  3.0
     40 11  4  310   3 2p 4p           -2.82337E+00  1.65594E+01  9.0
     41 11  4  100   6 2s 5s           -2.79418E+00  1.65886E+01  1.0
     42 11  4  331   3 2p 4d           -2.78403E+00  1.65988E+01 21.0
     43 11  4  121   2 2p 4d           -2.78107E+00  1.66017E+01  5.0
     44 11  4  120   5 2p 4p           -2.77593E+00  1.66069E+01  5.0
     45 11  4  311   7 2p 4d           -2.73119E+00  1.66516E+01  9.0
     46 11  4  321   2 2p 4d           -2.72801E+00  1.66548E+01 15.0
     47 11  4  300   5 2s 5s           -2.71882E+00  1.66640E+01  3.0
     48 11  4  131   3 2p 4d           -2.67392E+00  1.67089E+01  7.0
     49 11  4  320   5 2p 4f           -2.66926E+00  1.67135E+01 15.0
     50 11  4  111   7 2s 5p           -2.66749E+00  1.67153E+01  3.0
     51 11  4  120   6 2p 4f           -2.65838E+00  1.67244E+01  5.0
     52 11  4  311   8 2s 5p           -2.62998E+00  1.67528E+01  9.0
     53 11  4  100   7 2p 4p           -2.60925E+00  1.67735E+01  1.0
     54 11  4  320   6 2s 5d           -2.59662E+00  1.67862E+01 15.0
     55 11  4  111   8 2p 4d           -2.59184E+00  1.67910E+01  3.0
     56 11  4  120   7 2s 5d           -2.56884E+00  1.68140E+01  5.0
     57 11  4  331   4 2s 5f           -2.56323E+00  1.68196E+01 21.0
     58 11  4  131   4 2s 5f           -2.53553E+00  1.68473E+01  7.0
     59 11  4  300   6 2s 6s           -1.88655E+00  1.74963E+01  3.0
     60 11  4  100   8 2s 6s           -1.86760E+00  1.75152E+01  1.0
     61 11  4  311   9 2s 6p           -1.83014E+00  1.75527E+01  9.0
     62 11  4  111   9 2s 6p           -1.82696E+00  1.75558E+01  3.0
     63 11  4  320   7 2s 6d           -1.79993E+00  1.75829E+01 15.0
     64 11  4  120   8 2s 6d           -1.78407E+00  1.75987E+01  5.0
     65 11  4  331   5 2s 6f           -1.78111E+00  1.76017E+01 21.0
     66 11  4  131   5 2s 6f           -1.77563E+00  1.76072E+01  7.0
     67 11  4  311  10 2p 5s           -1.41852E+00  1.79643E+01  9.0
     68 11  4  111  10 2p 5s           -1.41151E+00  1.79713E+01  3.0
     69 11  4  300   7 2s 7s           -1.38773E+00  1.79951E+01  3.0
     70 11  4  100   9 2s 7s           -1.37620E+00  1.80066E+01  1.0
     71 11  4  110   3 2p 5p           -1.35244E+00  1.80304E+01  3.0
     72 11  4  320   8 2p 5p           -1.34519E+00  1.80376E+01 15.0
     73 11  4  311  11 2s 7p           -1.34241E+00  1.80404E+01  9.0
     74 11  4  111  11 2s 7p           -1.32519E+00  1.80576E+01  3.0
     75 11  4  320   9 2s 7d           -1.31764E+00  1.80652E+01 15.0
     76 11  4  310   4 2p 5p           -1.31635E+00  1.80664E+01  9.0
     77 11  4  120   9 2s 7d           -1.31313E+00  1.80697E+01  5.0
     78 11  4  300   8 2p 5p           -1.31180E+00  1.80710E+01  3.0
     79 11  4  331   6 2p 5d           -1.30982E+00  1.80730E+01 21.0
     80 11  4  131   6 2s 7f           -1.30894E+00  1.80739E+01  7.0
     81 11  4  121   3 2p 5d           -1.29253E+00  1.80903E+01  5.0
     82 11  4  331   7 2s 7f           -1.29201E+00  1.80908E+01 21.0
     83 11  4  120  10 2p 5p           -1.29168E+00  1.80911E+01  5.0
     84 11  4  321   3 2p 5d           -1.26784E+00  1.81150E+01 15.0
     85 11  4  311  12 2p 5d           -1.25750E+00  1.81253E+01  9.0
     86 11  4  100  10 2p 5p           -1.24301E+00  1.81398E+01  1.0
     87 11  4  331   8 2p 5g           -1.24092E+00  1.81419E+01 21.0
     88 11  4  131   7 2p 5g           -1.24086E+00  1.81419E+01  7.0
     89 11  4  320  10 2p 5f           -1.23885E+00  1.81439E+01 15.0
     90 11  4  120  11 2p 5f           -1.23238E+00  1.81504E+01  5.0
     91 11  4  131   8 2p 5d           -1.22856E+00  1.81542E+01  7.0
     92 11  4  111  12 2p 5d           -1.22017E+00  1.81626E+01  3.0
     93 11  4  300   9 2s 8s           -1.04298E+00  1.83398E+01  3.0
     94 11  4  100  11 2s 8s           -1.03300E+00  1.83498E+01  1.0
     95 11  4  311  13 2s 8p           -1.02056E+00  1.83622E+01  9.0
     96 11  4  111  13 2s 8p           -1.01748E+00  1.83653E+01  3.0
     97 11  4  320  11 2s 8d           -1.00887E+00  1.83739E+01 15.0
     98 11  4  120  12 2s 8d           -1.00274E+00  1.83801E+01  5.0
     99 11  4  331   9 2s 8f           -1.00157E+00  1.83812E+01 21.0
    100 11  4  131   9 2s 8f           -9.98591E-01  1.83842E+01  7.0
    101 11  4  300  10 2s 9s           -8.21224E-01  1.85616E+01  3.0
    102 11  4  100  12 2s 9s           -8.15887E-01  1.85669E+01  1.0
    103 11  4  311  14 2s 9p           -8.05085E-01  1.85777E+01  9.0
    104 11  4  111  14 2s 9p           -8.03931E-01  1.85789E+01  3.0
    105 11  4  320  12 2s 9d           -7.96433E-01  1.85864E+01 15.0
    106 11  4  120  13 2s 9d           -7.92151E-01  1.85906E+01  5.0
    107 11  4  331  10 2s 9f           -7.91293E-01  1.85915E+01 21.0
    108 11  4  131  10 2s 9f           -7.89633E-01  1.85932E+01  7.0
    109 11  4  300  11 2s10s           -6.63311E-01  1.87195E+01  3.0
    110 11  4  100  13 2s10s           -6.60019E-01  1.87228E+01  1.0
    111 11  4  111  15 2s10p           -6.51519E-01  1.87313E+01  3.0
    112 11  4  311  15 2s10p           -6.51228E-01  1.87316E+01  9.0
    113 11  4  320  13 2s10d           -6.44651E-01  1.87381E+01 15.0
    114 11  4  120  14 2s10d           -6.41536E-01  1.87413E+01  5.0
    115 11  4  331  11 2s10f           -6.40898E-01  1.87419E+01 21.0
    116 11  4  131  11 2s10f           -6.39922E-01  1.87429E+01  7.0
    117 11  4  110   4 2p 6p           -5.24194E-01  1.88586E+01  3.0
    118 11  4  310   5 2p 6p           -5.04734E-01  1.88781E+01  9.0
    119 11  4  121   4 2p 6d           -4.90327E-01  1.88925E+01  5.0
    120 11  4  321   4 2p 6d           -4.76802E-01  1.89060E+01 15.0
    121 11  4  110   5 2p 7p           -2.98798E-02  1.93529E+01  3.0
    122 11  4  310   6 2p 7p           -1.81273E-02  1.93647E+01  9.0
    123 11  4  121   5 2p 7d           -8.85442E-03  1.93739E+01  5.0
    124 11  4  321   5 2p 7d           -6.04680E-04  1.93822E+01 15.0
    125 11  4  110   6 2p 8p            2.88706E-01  1.96715E+01  3.0
    126 11  4  310   7 2p 8p            2.96370E-01  1.96792E+01  9.0
    127 11  4  121   6 2p 8d            3.02658E-01  1.96855E+01  5.0
    128 11  4  321   6 2p 8d            3.08074E-01  1.96909E+01 15.0
    129 11  4  110   7 2p 9p            5.06014E-01  1.98888E+01  3.0
    130 11  4  310   8 2p 9p            5.11298E-01  1.98941E+01  9.0
    131 11  4  121   7 2p 9d            5.15747E-01  1.98985E+01  5.0
    132 11  4  321   7 2p 9d            5.19499E-01  1.99023E+01 15.0
    133 11  4  110   8 2p10p            6.60848E-01  2.00436E+01  3.0
    134 11  4  310   9 2p10p            6.64648E-01  2.00474E+01  9.0
    135 11  4  121   8 2p10d            6.67908E-01  2.00507E+01  5.0
    136 11  4  321   8 2p10d            6.70616E-01  2.00534E+01 15.0
 ====================================================================
