 ====================================================================
      i NZ NE iSLP iLV iCONF                 E(RYD)      TE(RYD)   gi
 ====================================================================
      1 12 12  100   1 3s2             -5.64727E-01  0.00000E+00  1.0
      2 12 12  311   1 3s 3p           -3.67119E-01  1.97608E-01  9.0
      3 12 12  111   1 3s 3p           -2.40890E-01  3.23837E-01  3.0
      4 12 12  300   1 3s 4s           -1.86879E-01  3.77848E-01  3.0
      5 12 12  100   2 3s 4s           -1.65892E-01  3.98835E-01  1.0
      6 12 12  120   1 3s 3d           -1.41281E-01  4.23446E-01  5.0
      7 12 12  320   1 3s 3d           -1.25302E-01  4.39425E-01 15.0
      8 12 12  311   2 3s 4p           -1.25115E-01  4.39612E-01  9.0
      9 12 12  111   2 3s 4p           -1.09796E-01  4.54931E-01  3.0
     10 12 12  300   2 3s 5s           -8.84263E-02  4.76301E-01  3.0
     11 12 12  100   3 3s 5s           -8.19693E-02  4.82758E-01  1.0
     12 12 12  120   2 3s 4d           -7.81529E-02  4.86574E-01  5.0
     13 12 12  311   3 3s 5p           -6.77891E-02  4.96938E-01  9.0
     14 12 12  320   2 3s 4d           -6.77260E-02  4.97001E-01 15.0
     15 12 12  331   1 3s 4f           -6.37088E-02  5.01018E-01 21.0
     16 12 12  131   1 3s 4f           -6.37087E-02  5.01018E-01  7.0
     17 12 12  111   3 3s 5p           -6.30162E-02  5.01711E-01  3.0
     18 12 12  300   3 3s 6s           -5.28287E-02  5.11898E-01  3.0
     19 12 12  100   4 3s 6s           -4.99492E-02  5.14778E-01  1.0
     20 12 12  120   3 3s 5d           -4.93083E-02  5.15419E-01  5.0
     21 12 12  320   3 3s 5d           -4.28135E-02  5.21914E-01 15.0
     22 12 12  311   4 3s 6p           -4.24764E-02  5.22251E-01  9.0
     23 12 12  331   2 3s 5f           -4.07925E-02  5.23934E-01 21.0
     24 12 12  131   2 3s 5f           -4.07912E-02  5.23936E-01  7.0
     25 12 12  111   4 3s 6p           -4.04502E-02  5.24277E-01  3.0
     26 12 12  340   1 3s 5g           -4.00868E-02  5.24640E-01 27.0
     27 12 12  140   1 3s 5g           -4.00867E-02  5.24640E-01  9.0
     28 12 12  310   1 3p2             -3.49501E-02  5.29777E-01  9.0
     29 12 12  300   4 3s 7s           -3.47724E-02  5.29955E-01  3.0
     30 12 12  120   4 3s 6d           -3.33727E-02  5.31354E-01  5.0
     31 12 12  100   5 3s 7s           -3.33159E-02  5.31411E-01  1.0
     32 12 12  320   4 3s 6d           -2.93913E-02  5.35336E-01 15.0
     33 12 12  311   5 3s 7p           -2.91459E-02  5.35581E-01  9.0
     34 12 12  331   3 3s 6f           -2.82337E-02  5.36493E-01 21.0
     35 12 12  131   3 3s 6f           -2.82321E-02  5.36495E-01  7.0
     36 12 12  111   5 3s 7p           -2.80966E-02  5.36630E-01  3.0
     37 12 12  340   2 3s 6g           -2.78354E-02  5.36892E-01 27.0
     38 12 12  140   2 3s 6g           -2.78353E-02  5.36892E-01  9.0
     39 12 12  300   5 3s 8s           -2.46569E-02  5.40070E-01  3.0
     40 12 12  120   5 3s 7d           -2.40073E-02  5.40720E-01  5.0
     41 12 12  100   6 3s 8s           -2.38060E-02  5.40921E-01  1.0
     42 12 12  320   5 3s 7d           -2.14132E-02  5.43314E-01 15.0
     43 12 12  311   6 3s 8p           -2.12455E-02  5.43482E-01  9.0
     44 12 12  331   4 3s 7f           -2.06942E-02  5.44033E-01 21.0
     45 12 12  131   4 3s 7f           -2.06927E-02  5.44034E-01  7.0
     46 12 12  111   6 3s 8p           -2.06304E-02  5.44097E-01  3.0
     47 12 12  340   3 3s 7g           -2.04471E-02  5.44280E-01 27.0
     48 12 12  140   3 3s 7g           -2.04471E-02  5.44280E-01  9.0
     49 12 12  300   6 3s 9s           -1.84039E-02  5.46323E-01  3.0
     50 12 12  120   6 3s 8d           -1.80656E-02  5.46661E-01  5.0
     51 12 12  100   7 3s 9s           -1.78610E-02  5.46866E-01  1.0
     52 12 12  320   6 3s 8d           -1.62929E-02  5.48434E-01 15.0
     53 12 12  311   7 3s 9p           -1.61754E-02  5.48552E-01  9.0
     54 12 12  331   5 3s 8f           -1.58170E-02  5.48910E-01 21.0
     55 12 12  131   5 3s 8f           -1.58158E-02  5.48911E-01  7.0
     56 12 12  111   7 3s 9p           -1.57829E-02  5.48944E-01  3.0
     57 12 12  340   4 3s 8g           -1.56524E-02  5.49075E-01 27.0
     58 12 12  140   4 3s 8g           -1.56523E-02  5.49075E-01  9.0
     59 12 12  300   7 3s10s           -1.42639E-02  5.50463E-01  3.0
     60 12 12  120   7 3s 9d           -1.40713E-02  5.50656E-01  5.0
     61 12 12  100   8 3s10s           -1.38959E-02  5.50831E-01  1.0
     62 12 12  320   7 3s 9d           -1.28122E-02  5.51915E-01 15.0
     63 12 12  311   8 3s10p           -1.27271E-02  5.52000E-01  9.0
     64 12 12  331   6 3s 9f           -1.24811E-02  5.52246E-01 21.0
     65 12 12  131   6 3s 9f           -1.24801E-02  5.52247E-01  7.0
     66 12 12  111   8 3s10p           -1.24608E-02  5.52266E-01  3.0
     67 12 12  140   5 3s 9g           -1.23655E-02  5.52361E-01  9.0
     68 12 12  340   5 3s 9g           -1.23655E-02  5.52361E-01 27.0
     69 12 12  300   8 3s11s           -1.13801E-02  5.53347E-01  3.0
     70 12 12  120   8 3s10d           -1.12623E-02  5.53465E-01  5.0
     71 12 12  100   9 3s11s           -1.11189E-02  5.53608E-01  1.0
     72 12 12  320   8 3s10d           -1.03387E-02  5.54388E-01 15.0
     73 12 12  311   9 3s11p           -1.02754E-02  5.54452E-01  9.0
     74 12 12  331   7 3s10f           -1.00992E-02  5.54628E-01 21.0
     75 12 12  131   7 3s10f           -1.00984E-02  5.54629E-01  7.0
     76 12 12  111   9 3s11p           -1.00861E-02  5.54641E-01  3.0
     77 12 12  140   6 3s10g           -1.00148E-02  5.54712E-01  9.0
     78 12 12  340   6 3s10g           -1.00148E-02  5.54712E-01 27.0
     79 12 12  121   1 3p 3d            1.72913E-01  7.37640E-01  5.0
     80 12 12  110   1 3p 4p            1.84924E-01  7.49651E-01  3.0
     81 12 12  321   1 3p 3d            1.99423E-01  7.64150E-01 15.0
     82 12 12  310   2 3p 4p            2.03508E-01  7.68235E-01  9.0
     83 12 12  121   2 3p 4d            2.49944E-01  8.14671E-01  5.0
     84 12 12  110   2 3p 5p            2.52812E-01  8.17539E-01  3.0
     85 12 12  321   2 3p 4d            2.57598E-01  8.22325E-01 15.0
     86 12 12  310   3 3p 5p            2.58756E-01  8.23483E-01  9.0
     87 12 12  330   1 3p 4f            2.59843E-01  8.24570E-01 21.0
     88 12 12  130   1 3p 4f            2.59906E-01  8.24633E-01  7.0
     89 12 12  121   3 3p 5d            2.79183E-01  8.43910E-01  5.0
     90 12 12  110   3 3p 6p            2.80947E-01  8.45674E-01  3.0
     91 12 12  321   3 3p 5d            2.82702E-01  8.47429E-01 15.0
     92 12 12  310   4 3p 6p            2.83603E-01  8.48330E-01  9.0
     93 12 12  330   2 3p 5f            2.83872E-01  8.48599E-01 21.0
     94 12 12  130   2 3p 5f            2.83934E-01  8.48661E-01  7.0
     95 12 12  141   1 3p 5g            2.85076E-01  8.49803E-01  9.0
     96 12 12  341   1 3p 5g            2.85076E-01  8.49803E-01 27.0
     97 12 12  121   4 3p 6d            2.94307E-01  8.59034E-01  5.0
     98 12 12  110   4 3p 7p            2.95272E-01  8.59999E-01  3.0
     99 12 12  321   4 3p 6d            2.96141E-01  8.60868E-01 15.0
    100 12 12  310   5 3p 7p            2.96709E-01  8.61436E-01  9.0
    101 12 12  330   3 3p 6f            2.96843E-01  8.61570E-01 21.0
    102 12 12  130   3 3p 6f            2.96889E-01  8.61616E-01  7.0
    103 12 12  341   2 3p 6g            2.97537E-01  8.62264E-01 27.0
    104 12 12  141   2 3p 6g            2.97537E-01  8.62264E-01  9.0
    105 12 12  121   5 3p 7d            3.03053E-01  8.67780E-01  5.0
    106 12 12  110   5 3p 8p            3.03640E-01  8.68367E-01  3.0
    107 12 12  321   5 3p 7d            3.04139E-01  8.68866E-01 15.0
    108 12 12  310   6 3p 8p            3.04507E-01  8.69234E-01  9.0
    109 12 12  330   4 3p 7f            3.04585E-01  8.69312E-01 21.0
    110 12 12  130   4 3p 7f            3.04619E-01  8.69346E-01  7.0
    111 12 12  341   3 3p 7g            3.05014E-01  8.69741E-01 27.0
    112 12 12  141   3 3p 7g            3.05014E-01  8.69741E-01  9.0
    113 12 12  121   6 3p 8d            3.08574E-01  8.73301E-01  5.0
    114 12 12  110   6 3p 9p            3.08960E-01  8.73687E-01  3.0
    115 12 12  321   6 3p 8d            3.09274E-01  8.74001E-01 15.0
    116 12 12  310   7 3p 9p            3.09525E-01  8.74252E-01  9.0
    117 12 12  330   5 3p 8f            3.09573E-01  8.74300E-01 21.0
    118 12 12  130   5 3p 8f            3.09597E-01  8.74324E-01  7.0
    119 12 12  341   4 3p 8g            3.09856E-01  8.74583E-01 27.0
    120 12 12  141   4 3p 8g            3.09856E-01  8.74583E-01  9.0
    121 12 12  121   7 3p 9d            3.12286E-01  8.77013E-01  5.0
    122 12 12  110   7 3p10p            3.12554E-01  8.77281E-01  3.0
    123 12 12  321   7 3p 9d            3.12765E-01  8.77492E-01 15.0
    124 12 12  310   8 3p10p            3.12943E-01  8.77670E-01  9.0
    125 12 12  330   6 3p 9f            3.12974E-01  8.77701E-01 21.0
    126 12 12  130   6 3p 9f            3.12993E-01  8.77720E-01  7.0
    127 12 12  341   5 3p 9g            3.13172E-01  8.77899E-01 27.0
    128 12 12  141   5 3p 9g            3.13172E-01  8.77899E-01  9.0
    129 12 12  121   8 3p10d            3.14903E-01  8.79630E-01  5.0
    130 12 12  110   8 3p11p            3.15097E-01  8.79824E-01  3.0
    131 12 12  321   8 3p10d            3.15246E-01  8.79973E-01 15.0
    132 12 12  310   9 3p11p            3.15377E-01  8.80104E-01  9.0
    133 12 12  330   7 3p10f            3.15397E-01  8.80124E-01 21.0
    134 12 12  130   7 3p10f            3.15411E-01  8.80138E-01  7.0
    135 12 12  341   6 3p10g            3.15541E-01  8.80268E-01 27.0
    136 12 12  141   6 3p10g            3.15541E-01  8.80268E-01  9.0
 ====================================================================
