 ====================================================================
      i NZ NE iSLP iLV iCONF                 E(RYD)      TE(RYD)   gi
 ====================================================================
      1 12 11  200   1 2p6 3s          -1.09234E+00  0.00000E+00  2.0
      2 12 11  211   1 2p6 3p          -7.71021E-01  3.21319E-01  6.0
      3 12 11  200   2 2p6 4s          -4.65601E-01  6.26739E-01  2.0
      4 12 11  220   1 2p6 3d          -4.54462E-01  6.37878E-01 10.0
      5 12 11  211   2 2p6 4p          -3.67362E-01  7.24978E-01  6.0
      6 12 11  200   3 2p6 5s          -2.58233E-01  8.34107E-01  2.0
      7 12 11  220   2 2p6 4d          -2.55426E-01  8.36914E-01 10.0
      8 12 11  231   1 2p6 4f          -2.50193E-01  8.42147E-01 14.0
      9 12 11  211   3 2p6 5p          -2.15715E-01  8.76625E-01  6.0
     10 12 11  200   4 2p6 6s          -1.64039E-01  9.28301E-01  2.0
     11 12 11  220   3 2p6 5d          -1.62931E-01  9.29409E-01 10.0
     12 12 11  231   2 2p6 5f          -1.60126E-01  9.32214E-01 14.0
     13 12 11  211   4 2p6 6p          -1.41904E-01  9.50436E-01  6.0
     14 12 11  200   5 2p6 7s          -1.13391E-01  9.78949E-01  2.0
     15 12 11  220   4 2p6 6d          -1.12842E-01  9.79498E-01 10.0
     16 12 11  231   3 2p6 6f          -1.11191E-01  9.81149E-01 14.0
     17 12 11  211   5 2p6 7p          -1.00431E-01  9.91909E-01  6.0
     18 12 11  200   6 2p6 8s          -8.30461E-02  1.00929E+00  2.0
     19 12 11  220   5 2p6 7d          -8.27337E-02  1.00961E+00 10.0
     20 12 11  231   4 2p6 7f          -8.16854E-02  1.01065E+00 14.0
     21 12 11  211   6 2p6 8p          -7.48136E-02  1.01753E+00  6.0
     22 12 11  200   7 2p6 9s          -6.34370E-02  1.02890E+00  2.0
     23 12 11  220   6 2p6 8d          -6.32418E-02  1.02910E+00 10.0
     24 12 11  231   5 2p6 8f          -6.25364E-02  1.02980E+00 14.0
     25 12 11  211   7 2p6 9p          -5.78853E-02  1.03445E+00  6.0
     26 12 11  200   8 2p610s          -5.00360E-02  1.04230E+00  2.0
     27 12 11  220   7 2p6 9d          -4.99056E-02  1.04243E+00 10.0
     28 12 11  231   6 2p6 9f          -4.94088E-02  1.04293E+00 14.0
     29 12 11  211   8 2p610p          -4.61164E-02  1.04622E+00  6.0
     30 12 11  200   9 2p611s          -4.04736E-02  1.05187E+00  2.0
     31 12 11  220   8 2p610d          -4.03821E-02  1.05196E+00 10.0
     32 12 11  231   7 2p610f          -4.00192E-02  1.05232E+00 14.0
 ====================================================================
