 ====================================================================
      i NZ NE iSLP iLV iCONF                 E(RYD)      TE(RYD)   gi
 ====================================================================
      1 12 10  100   1 2s2 2p6         -5.97537E+00  0.00000E+00  1.0
      2 12 10  311   1 2p5 3s          -1.98378E+00  3.99159E+00  9.0
      3 12 10  111   1 2p5 3s          -1.93888E+00  4.03649E+00  3.0
      4 12 10  300   1 2p5 3p          -1.61640E+00  4.35897E+00  3.0
      5 12 10  320   1 2p5 3p          -1.55302E+00  4.42235E+00 15.0
      6 12 10  120   1 2p5 3p          -1.52766E+00  4.44771E+00  5.0
      7 12 10  110   1 2p5 3p          -1.51946E+00  4.45591E+00  3.0
      8 12 10  310   1 2p5 3p          -1.51810E+00  4.45727E+00  9.0
      9 12 10  100   2 2p5 3p          -1.34890E+00  4.62647E+00  1.0
     10 12 10  311   2 2p5 3d          -1.04811E+00  4.92726E+00  9.0
     11 12 10  331   1 2p5 3d          -1.03544E+00  4.93993E+00 21.0
     12 12 10  131   1 2p5 3d          -1.02824E+00  4.94713E+00  7.0
     13 12 10  121   1 2p5 3d          -1.01662E+00  4.95875E+00  5.0
     14 12 10  321   1 2p5 3d          -1.01641E+00  4.95896E+00 15.0
     15 12 10  111   2 2p5 3d          -1.00782E+00  4.96755E+00  3.0
     16 12 10  311   3 2p5 4s          -9.08189E-01  5.06718E+00  9.0
     17 12 10  111   3 2p5 4s          -8.95240E-01  5.08013E+00  3.0
     18 12 10  300   2 2p5 4p          -7.83596E-01  5.19177E+00  3.0
     19 12 10  320   2 2p5 4p          -7.65066E-01  5.21030E+00 15.0
     20 12 10  120   2 2p5 4p          -7.56383E-01  5.21899E+00  5.0
     21 12 10  110   2 2p5 4p          -7.55362E-01  5.22001E+00  3.0
     22 12 10  310   2 2p5 4p          -7.54878E-01  5.22049E+00  9.0
     23 12 10  100   3 2p5 4p          -6.91607E-01  5.28376E+00  1.0
     24 12 10  311   4 2p5 4d          -5.86285E-01  5.38908E+00  9.0
     25 12 10  331   2 2p5 4d          -5.81076E-01  5.39429E+00 21.0
     26 12 10  131   2 2p5 4d          -5.77292E-01  5.39808E+00  7.0
     27 12 10  121   2 2p5 4d          -5.73263E-01  5.40211E+00  5.0
     28 12 10  321   2 2p5 4d          -5.73141E-01  5.40223E+00 15.0
     29 12 10  111   4 2p5 4d          -5.65596E-01  5.40977E+00  3.0
     30 12 10  320   3 2p5 4f          -5.63482E-01  5.41189E+00 15.0
     31 12 10  120   3 2p5 4f          -5.63249E-01  5.41212E+00  5.0
     32 12 10  340   1 2p5 4f          -5.63038E-01  5.41233E+00 27.0
     33 12 10  140   1 2p5 4f          -5.62977E-01  5.41239E+00  9.0
     34 12 10  130   1 2p5 4f          -5.61896E-01  5.41347E+00  7.0
     35 12 10  330   1 2p5 4f          -5.61892E-01  5.41348E+00 21.0
     36 12 10  311   5 2p5 5s          -5.21695E-01  5.45367E+00  9.0
     37 12 10  111   5 2p5 5s          -5.16134E-01  5.45924E+00  3.0
     38 12 10  300   3 2p5 5p          -4.65441E-01  5.50993E+00  3.0
     39 12 10  320   4 2p5 5p          -4.57033E-01  5.51834E+00 15.0
     40 12 10  120   4 2p5 5p          -4.53043E-01  5.52233E+00  5.0
     41 12 10  110   3 2p5 5p          -4.52720E-01  5.52265E+00  3.0
     42 12 10  310   3 2p5 5p          -4.52496E-01  5.52287E+00  9.0
     43 12 10  100   4 2p5 5p          -4.22559E-01  5.55281E+00  1.0
     44 12 10  311   6 2p5 5d          -3.72870E-01  5.60250E+00  9.0
     45 12 10  331   3 2p5 5d          -3.70256E-01  5.60511E+00 21.0
     46 12 10  131   3 2p5 5d          -3.68181E-01  5.60719E+00  7.0
     47 12 10  121   3 2p5 5d          -3.66319E-01  5.60905E+00  5.0
     48 12 10  321   3 2p5 5d          -3.66250E-01  5.60912E+00 15.0
     49 12 10  111   6 2p5 5d          -3.61581E-01  5.61379E+00  3.0
     50 12 10  320   5 2p5 5f          -3.60720E-01  5.61465E+00 15.0
     51 12 10  120   5 2p5 5f          -3.60532E-01  5.61484E+00  5.0
     52 12 10  340   2 2p5 5f          -3.60401E-01  5.61497E+00 27.0
     53 12 10  140   2 2p5 5f          -3.60352E-01  5.61502E+00  9.0
     54 12 10  331   4 2p5 5g          -3.60019E-01  5.61535E+00 21.0
     55 12 10  131   4 2p5 5g          -3.60018E-01  5.61535E+00  7.0
     56 12 10  141   1 2p5 5g          -3.59974E-01  5.61540E+00  9.0
     57 12 10  341   1 2p5 5g          -3.59974E-01  5.61540E+00 27.0
     58 12 10  130   2 2p5 5f          -3.59602E-01  5.61577E+00  7.0
     59 12 10  330   2 2p5 5f          -3.59599E-01  5.61577E+00 21.0
     60 12 10  311   7 2p5 6s          -3.38544E-01  5.63683E+00  9.0
     61 12 10  111   7 2p5 6s          -3.35652E-01  5.63972E+00  3.0
     62 12 10  300   4 2p5 6p          -3.08534E-01  5.66684E+00  3.0
     63 12 10  320   6 2p5 6p          -3.03979E-01  5.67139E+00 15.0
     64 12 10  120   6 2p5 6p          -3.01820E-01  5.67355E+00  5.0
     65 12 10  110   4 2p5 6p          -3.01671E-01  5.67370E+00  3.0
     66 12 10  310   4 2p5 6p          -3.01549E-01  5.67382E+00  9.0
     67 12 10  100   5 2p5 6p          -2.85103E-01  5.69027E+00  1.0
     68 12 10  311   8 2p5 6d          -2.57642E-01  5.71773E+00  9.0
     69 12 10  331   5 2p5 6d          -2.56148E-01  5.71922E+00 21.0
     70 12 10  131   5 2p5 6d          -2.54911E-01  5.72046E+00  7.0
     71 12 10  121   4 2p5 6d          -2.53892E-01  5.72148E+00  5.0
     72 12 10  321   4 2p5 6d          -2.53851E-01  5.72152E+00 15.0
     73 12 10  111   8 2p5 6d          -2.50921E-01  5.72445E+00  3.0
     74 12 10  320   7 2p5 6f          -2.50481E-01  5.72489E+00 15.0
     75 12 10  120   7 2p5 6f          -2.50350E-01  5.72502E+00  5.0
     76 12 10  340   3 2p5 6f          -2.50271E-01  5.72510E+00 27.0
     77 12 10  140   3 2p5 6f          -2.50237E-01  5.72513E+00  9.0
     78 12 10  331   6 2p5 6g          -2.50020E-01  5.72535E+00 21.0
     79 12 10  131   6 2p5 6g          -2.50019E-01  5.72535E+00  7.0
     80 12 10  340   4 2p5 6h          -2.49999E-01  5.72537E+00 27.0
     81 12 10  140   4 2p5 6h          -2.49999E-01  5.72537E+00  9.0
     82 12 10  141   2 2p5 6g          -2.49974E-01  5.72540E+00  9.0
     83 12 10  341   2 2p5 6g          -2.49974E-01  5.72540E+00 27.0
     84 12 10  130   3 2p5 6f          -2.49750E-01  5.72562E+00  7.0
     85 12 10  330   3 2p5 6f          -2.49748E-01  5.72562E+00 21.0
     86 12 10  311   9 2p5 7s          -2.37383E-01  5.73799E+00  9.0
     87 12 10  111   9 2p5 7s          -2.35689E-01  5.73968E+00  3.0
     88 12 10  300   5 2p5 7p          -2.19530E-01  5.75584E+00  3.0
     89 12 10  320   8 2p5 7p          -2.16784E-01  5.75859E+00 15.0
     90 12 10  120   8 2p5 7p          -2.15485E-01  5.75988E+00  5.0
     91 12 10  110   5 2p5 7p          -2.15402E-01  5.75997E+00  3.0
     92 12 10  310   5 2p5 7p          -2.15329E-01  5.76004E+00  9.0
     93 12 10  100   6 2p5 7p          -2.05344E-01  5.77003E+00  1.0
     94 12 10  311  10 2p5 7d          -1.88554E-01  5.78682E+00  9.0
     95 12 10  331   7 2p5 7d          -1.87620E-01  5.78775E+00 21.0
     96 12 10  131   7 2p5 7d          -1.86829E-01  5.78854E+00  7.0
     97 12 10  121   5 2p5 7d          -1.86210E-01  5.78916E+00  5.0
     98 12 10  321   5 2p5 7d          -1.86183E-01  5.78919E+00 15.0
     99 12 10  111  10 2p5 7d          -1.84258E-01  5.79111E+00  3.0
    100 12 10  320   9 2p5 7f          -1.84001E-01  5.79137E+00 15.0
    101 12 10  120   9 2p5 7f          -1.83909E-01  5.79146E+00  5.0
    102 12 10  340   5 2p5 7f          -1.83859E-01  5.79151E+00 27.0
    103 12 10  140   5 2p5 7f          -1.83836E-01  5.79153E+00  9.0
    104 12 10  331   8 2p5 7g          -1.83690E-01  5.79168E+00 21.0
    105 12 10  131   8 2p5 7g          -1.83690E-01  5.79168E+00  7.0
    106 12 10  340   6 2p5 7h          -1.83673E-01  5.79170E+00 27.0
    107 12 10  140   6 2p5 7h          -1.83672E-01  5.79170E+00  9.0
    108 12 10  141   3 2p5 7g          -1.83652E-01  5.79172E+00  9.0
    109 12 10  341   3 2p5 7g          -1.83652E-01  5.79172E+00 27.0
    110 12 10  130   4 2p5 7f          -1.83511E-01  5.79186E+00  7.0
    111 12 10  330   4 2p5 7f          -1.83509E-01  5.79186E+00 21.0
    112 12 10  311  11 2p5 8s          -1.75644E-01  5.79973E+00  9.0
    113 12 10  111  11 2p5 8s          -1.74567E-01  5.80080E+00  3.0
    114 12 10  300   6 2p5 8p          -1.64176E-01  5.81119E+00  3.0
    115 12 10  320  10 2p5 8p          -1.62393E-01  5.81298E+00 15.0
    116 12 10  120  10 2p5 8p          -1.61551E-01  5.81382E+00  5.0
    117 12 10  110   6 2p5 8p          -1.61500E-01  5.81387E+00  3.0
    118 12 10  310   6 2p5 8p          -1.61452E-01  5.81392E+00  9.0
    119 12 10  100   7 2p5 8p          -1.54941E-01  5.82043E+00  1.0
    120 12 10  311  12 2p5 8d          -1.43922E-01  5.83145E+00  9.0
    121 12 10  331   9 2p5 8d          -1.43300E-01  5.83207E+00 21.0
    122 12 10  131   9 2p5 8d          -1.42766E-01  5.83260E+00  7.0
    123 12 10  121   6 2p5 8d          -1.42360E-01  5.83301E+00  5.0
    124 12 10  321   6 2p5 8d          -1.42342E-01  5.83303E+00 15.0
    125 12 10  111  12 2p5 8d          -1.41019E-01  5.83435E+00  3.0
    126 12 10  320  11 2p5 8f          -1.40854E-01  5.83452E+00 15.0
    127 12 10  120  11 2p5 8f          -1.40789E-01  5.83458E+00  5.0
    128 12 10  340   7 2p5 8f          -1.40756E-01  5.83461E+00 27.0
    129 12 10  140   7 2p5 8f          -1.40739E-01  5.83463E+00  9.0
    130 12 10  331  10 2p5 8g          -1.40638E-01  5.83473E+00 21.0
    131 12 10  131  10 2p5 8g          -1.40638E-01  5.83473E+00  7.0
    132 12 10  340   8 2p5 8h          -1.40624E-01  5.83475E+00 27.0
    133 12 10  140   8 2p5 8h          -1.40624E-01  5.83475E+00  9.0
    134 12 10  141   4 2p5 8g          -1.40608E-01  5.83476E+00  9.0
    135 12 10  341   4 2p5 8g          -1.40608E-01  5.83476E+00 27.0
    136 12 10  130   5 2p5 8f          -1.40514E-01  5.83486E+00  7.0
    137 12 10  330   5 2p5 8f          -1.40513E-01  5.83486E+00 21.0
    138 12 10  311  13 2p5 9s          -1.35206E-01  5.84016E+00  9.0
    139 12 10  111  13 2p5 9s          -1.34479E-01  5.84089E+00  3.0
    140 12 10  300   7 2p5 9p          -1.27407E-01  5.84796E+00  3.0
    141 12 10  320  12 2p5 9p          -1.26184E-01  5.84919E+00 15.0
    142 12 10  120  12 2p5 9p          -1.25608E-01  5.84976E+00  5.0
    143 12 10  110   7 2p5 9p          -1.25574E-01  5.84980E+00  3.0
    144 12 10  310   7 2p5 9p          -1.25541E-01  5.84983E+00  9.0
    145 12 10  100   8 2p5 9p          -1.21062E-01  5.85431E+00  1.0
    146 12 10  311  14 2p5 9d          -1.13439E-01  5.86193E+00  9.0
    147 12 10  331  11 2p5 9d          -1.13004E-01  5.86237E+00 21.0
    148 12 10  131  11 2p5 9d          -1.12627E-01  5.86274E+00  7.0
    149 12 10  121   7 2p5 9d          -1.12346E-01  5.86302E+00  5.0
    150 12 10  321   7 2p5 9d          -1.12333E-01  5.86304E+00 15.0
    151 12 10  111  14 2p5 9d          -1.11389E-01  5.86398E+00  3.0
    152 12 10  320  13 2p5 9f          -1.11277E-01  5.86409E+00 15.0
    153 12 10  120  13 2p5 9f          -1.11229E-01  5.86414E+00  5.0
    154 12 10  340   9 2p5 9f          -1.11206E-01  5.86416E+00 27.0
    155 12 10  140   9 2p5 9f          -1.11194E-01  5.86418E+00  9.0
    156 12 10  331  12 2p5 9g          -1.11121E-01  5.86425E+00 21.0
    157 12 10  131  12 2p5 9g          -1.11121E-01  5.86425E+00  7.0
    158 12 10  340  10 2p5 9h          -1.11110E-01  5.86426E+00 27.0
    159 12 10  140  10 2p5 9h          -1.11110E-01  5.86426E+00  9.0
    160 12 10  141   5 2p5 9g          -1.11098E-01  5.86427E+00  9.0
    161 12 10  341   5 2p5 9g          -1.11098E-01  5.86427E+00 27.0
    162 12 10  130   6 2p5 9f          -1.11032E-01  5.86434E+00  7.0
    163 12 10  330   6 2p5 9f          -1.11031E-01  5.86434E+00 21.0
    164 12 10  311  15 2p510s          -1.07284E-01  5.86809E+00  9.0
    165 12 10  111  15 2p510s          -1.06771E-01  5.86860E+00  3.0
    166 12 10  300   8 2p510p          -1.01743E-01  5.87363E+00  3.0
    167 12 10  320  14 2p510p          -1.00868E-01  5.87450E+00 15.0
    168 12 10  120  14 2p510p          -1.00456E-01  5.87491E+00  5.0
    169 12 10  110   8 2p510p          -1.00432E-01  5.87494E+00  3.0
    170 12 10  310   8 2p510p          -1.00409E-01  5.87496E+00  9.0
    171 12 10  100   9 2p510p          -9.71968E-02  5.87817E+00  1.0
    172 12 10  311  16 2p510d          -9.17027E-02  5.88367E+00  9.0
    173 12 10  331  13 2p510d          -9.13870E-02  5.88398E+00 21.0
    174 12 10  131  13 2p510d          -9.11110E-02  5.88426E+00  7.0
    175 12 10  121   8 2p510d          -9.09087E-02  5.88446E+00  5.0
    176 12 10  321   8 2p510d          -9.08993E-02  5.88447E+00 15.0
    177 12 10  111  16 2p510d          -9.02031E-02  5.88517E+00  3.0
    178 12 10  320  15 2p510f          -9.01235E-02  5.88525E+00 15.0
    179 12 10  120  15 2p510f          -9.00874E-02  5.88528E+00  5.0
    180 12 10  340  11 2p510f          -9.00710E-02  5.88530E+00 27.0
    181 12 10  140  11 2p510f          -9.00618E-02  5.88531E+00  9.0
    182 12 10  331  14 2p510g          -9.00078E-02  5.88536E+00 21.0
    183 12 10  131  14 2p510g          -9.00076E-02  5.88536E+00  7.0
    184 12 10  340  12 2p510h          -8.99994E-02  5.88537E+00 27.0
    185 12 10  140  12 2p510h          -8.99993E-02  5.88537E+00  9.0
    186 12 10  141   6 2p510g          -8.99901E-02  5.88538E+00  9.0
    187 12 10  341   6 2p510g          -8.99901E-02  5.88538E+00 27.0
    188 12 10  130   7 2p510f          -8.99422E-02  5.88543E+00  7.0
    189 12 10  330   7 2p510f          -8.99415E-02  5.88543E+00 21.0
 ====================================================================
