 ====================================================================
      i NZ NE iSLP iLV iCONF                 E(RYD)      TE(RYD)   gi
 ====================================================================
      1 12  9  211   1 2s2 2p5         -8.02069E+00  0.00000E+00  6.0
      2 12  9  200   1 2s 2p6          -5.19537E+00  2.82532E+00  2.0
      3 12  9  410   1 2p4(3PE) 3s     -3.04859E+00  4.97210E+00 12.0
      4 12  9  210   1 2p4(3PE) 3s     -2.95895E+00  5.06174E+00  6.0
      5 12  9  220   1 2p4(1DE) 3s     -2.69900E+00  5.32169E+00 10.0
      6 12  9  411   1 2p4(3PE) 3p     -2.57647E+00  5.44422E+00 12.0
      7 12  9  421   1 2p4(3PE) 3p     -2.51405E+00  5.50664E+00 20.0
      8 12  9  221   1 2p4(3PE) 3p     -2.47168E+00  5.54901E+00 10.0
      9 12  9  201   1 2p4(3PE) 3p     -2.44296E+00  5.57773E+00  2.0
     10 12  9  401   1 2p4(3PE) 3p     -2.43902E+00  5.58167E+00  4.0
     11 12  9  211   2 2p4(3PE) 3p     -2.43202E+00  5.58867E+00  6.0
     12 12  9  200   2 2p4(1SE) 3s     -2.31802E+00  5.70267E+00  2.0
     13 12  9  231   1 2p4(1DE) 3p     -2.20036E+00  5.82033E+00 14.0
     14 12  9  221   2 2p4(1DE) 3p     -2.13964E+00  5.88105E+00 10.0
     15 12  9  211   3 2p4(1DE) 3p     -2.07940E+00  5.94129E+00  6.0
     16 12  9  420   1 2p4(3PE) 3d     -1.91358E+00  6.10711E+00 20.0
     17 12  9  430   1 2p4(3PE) 3d     -1.86600E+00  6.15469E+00 28.0
     18 12  9  230   1 2p4(3PE) 3d     -1.84611E+00  6.17458E+00 14.0
     19 12  9  410   2 2p4(3PE) 3d     -1.84337E+00  6.17732E+00 12.0
     20 12  9  220   2 2p4(3PE) 3d     -1.82629E+00  6.19440E+00 10.0
     21 12  9  210   2 2p4(3PE) 3d     -1.81325E+00  6.20744E+00  6.0
     22 12  9  211   4 2p4(1SE) 3p     -1.78905E+00  6.23164E+00  6.0
     23 12  9  240   1 2p4(1DE) 3d     -1.56455E+00  6.45614E+00 18.0
     24 12  9  210   3 2p4(1DE) 3d     -1.54083E+00  6.47986E+00  6.0
     25 12  9  200   3 2p4(1DE) 3d     -1.53808E+00  6.48261E+00  2.0
     26 12  9  220   3 2p4(1DE) 3d     -1.52388E+00  6.49681E+00 10.0
     27 12  9  230   2 2p4(1DE) 3d     -1.51542E+00  6.50527E+00 14.0
     28 12  9  410   3 2p4(3PE) 4s     -1.46189E+00  6.55880E+00 12.0
     29 12  9  210   4 2p4(3PE) 4s     -1.43390E+00  6.58679E+00  6.0
     30 12  9  411   2 2p4(3PE) 4p     -1.29498E+00  6.72571E+00 12.0
     31 12  9  421   2 2p4(3PE) 4p     -1.27383E+00  6.74686E+00 20.0
     32 12  9  221   3 2p4(3PE) 4p     -1.25910E+00  6.76159E+00 10.0
     33 12  9  201   2 2p4(3PE) 4p     -1.25273E+00  6.76796E+00  2.0
     34 12  9  401   2 2p4(3PE) 4p     -1.25132E+00  6.76937E+00  4.0
     35 12  9  211   5 2p4(3PE) 4p     -1.21459E+00  6.80610E+00  6.0
     36 12  9  220   4 2p4(1SE) 3d     -1.16293E+00  6.85776E+00 10.0
     37 12  9  220   5 2p4(1DE) 4s     -1.12947E+00  6.89122E+00 10.0
     38 12  9  420   2 2p4(3PE) 4d     -1.06259E+00  6.95810E+00 20.0
     39 12  9  430   2 2p4(3PE) 4d     -1.04551E+00  6.97518E+00 28.0
     40 12  9  410   4 2p4(3PE) 4d     -1.03738E+00  6.98331E+00 12.0
     41 12  9  230   3 2p4(3PE) 4d     -1.03591E+00  6.98478E+00 14.0
     42 12  9  210   5 2p4(3PE) 4d     -1.01952E+00  7.00117E+00  6.0
     43 12  9  220   6 2p4(3PE) 4d     -1.01883E+00  7.00186E+00 10.0
     44 12  9  431   1 2p4(3PE) 4f     -1.00504E+00  7.01565E+00 28.0
     45 12  9  231   2 2p4(3PE) 4f     -1.00393E+00  7.01676E+00 14.0
     46 12  9  441   1 2p4(3PE) 4f     -1.00030E+00  7.02039E+00 36.0
     47 12  9  241   1 2p4(3PE) 4f     -1.00005E+00  7.02064E+00 18.0
     48 12  9  421   3 2p4(3PE) 4f     -9.99116E-01  7.02157E+00 20.0
     49 12  9  221   4 2p4(3PE) 4f     -9.98606E-01  7.02208E+00 10.0
     50 12  9  231   3 2p4(1DE) 4p     -9.55170E-01  7.06552E+00 14.0
     51 12  9  211   6 2p4(1DE) 4p     -9.41487E-01  7.07920E+00  6.0
     52 12  9  221   5 2p4(1DE) 4p     -9.38007E-01  7.08268E+00 10.0
     53 12  9  410   5 2p4(3PE) 5s     -8.60512E-01  7.16018E+00 12.0
     54 12  9  210   6 2p4(3PE) 5s     -8.47923E-01  7.17277E+00  6.0
     55 12  9  411   3 2p4(3PE) 5p     -7.85145E-01  7.23555E+00 12.0
     56 12  9  421   4 2p4(3PE) 5p     -7.72747E-01  7.24794E+00 20.0
     57 12  9  221   6 2p4(3PE) 5p     -7.65810E-01  7.25488E+00 10.0
     58 12  9  201   3 2p4(3PE) 5p     -7.62955E-01  7.25773E+00  2.0
     59 12  9  200   4 2p4(1SE) 4s     -7.62677E-01  7.25801E+00  2.0
     60 12  9  401   3 2p4(3PE) 5p     -7.62290E-01  7.25840E+00  4.0
     61 12  9  211   7 2p4(3PE) 5p     -7.39218E-01  7.28147E+00  6.0
     62 12  9  240   2 2p4(1DE) 4d     -7.31363E-01  7.28933E+00 18.0
     63 12  9  210   7 2p4(1DE) 4d     -7.23340E-01  7.29735E+00  6.0
     64 12  9  220   7 2p4(1DE) 4d     -7.17316E-01  7.30337E+00 10.0
     65 12  9  230   4 2p4(1DE) 4d     -7.14469E-01  7.30622E+00 14.0
     66 12  9  200   5 2p4(1DE) 4d     -7.09577E-01  7.31111E+00  2.0
     67 12  9  211   8 2p4(1DE) 4f     -6.87126E-01  7.33356E+00  6.0
     68 12  9  251   1 2p4(1DE) 4f     -6.83845E-01  7.33684E+00 22.0
     69 12  9  221   7 2p4(1DE) 4f     -6.83158E-01  7.33753E+00 10.0
     70 12  9  231   4 2p4(1DE) 4f     -6.79704E-01  7.34099E+00 14.0
     71 12  9  241   2 2p4(1DE) 4f     -6.78770E-01  7.34192E+00 18.0
     72 12  9  420   3 2p4(3PE) 5d     -6.72922E-01  7.34777E+00 20.0
     73 12  9  430   3 2p4(3PE) 5d     -6.64531E-01  7.35616E+00 28.0
     74 12  9  410   6 2p4(3PE) 5d     -6.60542E-01  7.36015E+00 12.0
     75 12  9  230   5 2p4(3PE) 5d     -6.59349E-01  7.36134E+00 14.0
     76 12  9  220   8 2p4(3PE) 5d     -6.48891E-01  7.37180E+00 10.0
     77 12  9  210   8 2p4(3PE) 5d     -6.48243E-01  7.37245E+00  6.0
     78 12  9  431   2 2p4(3PE) 5f     -6.43407E-01  7.37728E+00 28.0
     79 12  9  231   5 2p4(3PE) 5f     -6.42499E-01  7.37819E+00 14.0
     80 12  9  441   2 2p4(3PE) 5f     -6.40381E-01  7.38031E+00 36.0
     81 12  9  241   3 2p4(3PE) 5f     -6.40184E-01  7.38051E+00 18.0
     82 12  9  421   5 2p4(3PE) 5f     -6.39764E-01  7.38093E+00 20.0
     83 12  9  221   8 2p4(3PE) 5f     -6.39342E-01  7.38135E+00 10.0
     84 12  9  211   9 2p4(1SE) 4p     -5.72066E-01  7.44862E+00  6.0
     85 12  9  410   7 2p4(3PE) 6s     -5.66748E-01  7.45394E+00 12.0
     86 12  9  210   9 2p4(3PE) 6s     -5.59948E-01  7.46074E+00  6.0
     87 12  9  220   9 2p4(1DE) 5s     -5.36789E-01  7.48390E+00 10.0
     88 12  9  411   4 2p4(3PE) 6p     -5.31551E-01  7.48914E+00 12.0
     89 12  9  421   6 2p4(3PE) 6p     -5.18856E-01  7.50183E+00 20.0
     90 12  9  221   9 2p4(3PE) 6p     -5.15133E-01  7.50556E+00 10.0
     91 12  9  201   4 2p4(3PE) 6p     -5.13492E-01  7.50720E+00  2.0
     92 12  9  401   4 2p4(3PE) 6p     -5.13126E-01  7.50756E+00  4.0
     93 12  9  211  10 2p4(3PE) 6p     -5.06248E-01  7.51444E+00  6.0
     94 12  9  420   4 2p4(3PE) 6d     -4.63723E-01  7.55697E+00 20.0
     95 12  9  430   4 2p4(3PE) 6d     -4.58955E-01  7.56174E+00 28.0
     96 12  9  410   8 2p4(3PE) 6d     -4.56699E-01  7.56399E+00 12.0
     97 12  9  230   6 2p4(3PE) 6d     -4.56040E-01  7.56465E+00 14.0
     98 12  9  231   6 2p4(1DE) 5p     -4.53705E-01  7.56699E+00 14.0
     99 12  9  211  11 2p4(1DE) 5p     -4.52241E-01  7.56845E+00  6.0
    100 12  9  210  10 2p4(3PE) 6d     -4.51452E-01  7.56924E+00  6.0
    101 12  9  220  10 2p4(3PE) 6d     -4.51326E-01  7.56936E+00 10.0
    102 12  9  431   3 2p4(3PE) 6f     -4.46683E-01  7.57401E+00 28.0
    103 12  9  231   7 2p4(3PE) 6f     -4.46011E-01  7.57468E+00 14.0
    104 12  9  221  10 2p4(1DE) 5p     -4.45691E-01  7.57500E+00 10.0
    105 12  9  441   3 2p4(3PE) 6f     -4.44790E-01  7.57590E+00 36.0
    106 12  9  241   4 2p4(3PE) 6f     -4.44667E-01  7.57602E+00 18.0
    107 12  9  421   7 2p4(3PE) 6f     -4.44441E-01  7.57625E+00 20.0
    108 12  9  221  11 2p4(3PE) 6f     -4.44127E-01  7.57656E+00 10.0
    109 12  9  411   5 2p5(3PO) 3s     -4.33744E-01  7.58695E+00 12.0
    110 12  9  410   9 2p4(3PE) 7s     -4.01381E-01  7.61931E+00 12.0
    111 12  9  210  11 2p4(3PE) 7s     -3.97268E-01  7.62342E+00  6.0
    112 12  9  421   8 2p4(3PE) 7p     -3.72411E-01  7.64828E+00 20.0
    113 12  9  221  12 2p4(3PE) 7p     -3.70109E-01  7.65058E+00 10.0
    114 12  9  201   5 2p4(3PE) 7p     -3.69155E-01  7.65154E+00  2.0
    115 12  9  401   5 2p4(3PE) 7p     -3.68932E-01  7.65176E+00  4.0
    116 12  9  411   6 2p4(3PE) 7p     -3.67697E-01  7.65299E+00 12.0
    117 12  9  211  12 2p4(3PE) 7p     -3.63312E-01  7.65738E+00  6.0
    118 12  9  220  11 2p4(1SE) 4d     -3.50722E-01  7.66997E+00 10.0
    119 12  9  240   3 2p4(1DE) 5d     -3.47565E-01  7.67312E+00 18.0
    120 12  9  210  12 2p4(1DE) 5d     -3.44799E-01  7.67589E+00  6.0
    121 12  9  200   6 2p4(1DE) 5d     -3.40903E-01  7.67979E+00  2.0
    122 12  9  230   7 2p4(1DE) 5d     -3.39557E-01  7.68113E+00 14.0
    123 12  9  420   5 2p4(3PE) 7d     -3.38748E-01  7.68194E+00 20.0
    124 12  9  430   5 2p4(3PE) 7d     -3.35775E-01  7.68492E+00 28.0
    125 12  9  220  12 2p4(1DE) 5d     -3.35201E-01  7.68549E+00 10.0
    126 12  9  410  10 2p4(3PE) 7d     -3.34378E-01  7.68631E+00 12.0
    127 12  9  230   8 2p4(3PE) 7d     -3.33620E-01  7.68707E+00 14.0
    128 12  9  220  13 2p4(3PE) 7d     -3.28268E-01  7.69242E+00 10.0
    129 12  9  431   4 2p4(3PE) 7f     -3.28048E-01  7.69264E+00 28.0
    130 12  9  210  13 2p4(3PE) 7d     -3.27878E-01  7.69281E+00  6.0
    131 12  9  231   8 2p4(3PE) 7f     -3.27601E-01  7.69309E+00 14.0
    132 12  9  441   4 2p4(3PE) 7f     -3.26799E-01  7.69389E+00 36.0
    133 12  9  241   5 2p4(3PE) 7f     -3.26715E-01  7.69397E+00 18.0
    134 12  9  421   9 2p4(3PE) 7f     -3.26591E-01  7.69410E+00 20.0
    135 12  9  221  13 2p4(3PE) 7f     -3.26395E-01  7.69429E+00 10.0
    136 12  9  211  13 2p4(1DE) 5f     -3.24660E-01  7.69603E+00  6.0
    137 12  9  251   2 2p4(1DE) 5f     -3.22719E-01  7.69797E+00 22.0
    138 12  9  221  14 2p4(1DE) 5f     -3.22360E-01  7.69833E+00 10.0
    139 12  9  231   9 2p4(1DE) 5f     -3.20936E-01  7.69975E+00 14.0
    140 12  9  220  14 2p4(1DE) 5g     -3.20879E-01  7.69981E+00 10.0
    141 12  9  240   4 2p4(1DE) 5g     -3.20436E-01  7.70025E+00 18.0
    142 12  9  241   6 2p4(1DE) 5f     -3.19667E-01  7.70102E+00 18.0
    143 12  9  211  14 2p5(3PO) 3s     -3.08498E-01  7.71219E+00  6.0
    144 12  9  231  10 2p4(1SE) 4f     -3.04208E-01  7.71648E+00 14.0
    145 12  9  410  11 2p4(3PE) 8s     -2.99128E-01  7.72156E+00 12.0
    146 12  9  210  14 2p4(3PE) 8s     -2.96432E-01  7.72426E+00  6.0
    147 12  9  421  10 2p4(3PE) 8p     -2.80276E-01  7.74041E+00 20.0
    148 12  9  411   7 2p4(3PE) 8p     -2.79967E-01  7.74072E+00 12.0
    149 12  9  221  15 2p4(3PE) 8p     -2.78790E-01  7.74190E+00 10.0
    150 12  9  201   6 2p4(3PE) 8p     -2.78151E-01  7.74254E+00  2.0
    151 12  9  401   6 2p4(3PE) 8p     -2.78005E-01  7.74268E+00  4.0
    152 12  9  211  15 2p4(3PE) 8p     -2.73253E-01  7.74744E+00  6.0
    153 12  9  420   6 2p4(3PE) 8d     -2.58216E-01  7.76247E+00 20.0
    154 12  9  430   6 2p4(3PE) 8d     -2.56236E-01  7.76445E+00 28.0
    155 12  9  410  12 2p4(3PE) 8d     -2.55312E-01  7.76538E+00 12.0
    156 12  9  230   9 2p4(3PE) 8d     -2.54993E-01  7.76570E+00 14.0
    157 12  9  210  15 2p4(3PE) 8d     -2.52793E-01  7.76790E+00  6.0
    158 12  9  220  15 2p4(3PE) 8d     -2.52618E-01  7.76807E+00 10.0
    159 12  9  431   5 2p4(3PE) 8f     -2.51066E-01  7.76962E+00 28.0
    160 12  9  231  11 2p4(3PE) 8f     -2.50740E-01  7.76995E+00 14.0
    161 12  9  441   5 2p4(3PE) 8f     -2.50203E-01  7.77049E+00 36.0
    162 12  9  241   7 2p4(3PE) 8f     -2.50143E-01  7.77055E+00 18.0
    163 12  9  421  11 2p4(3PE) 8f     -2.50071E-01  7.77062E+00 20.0
    164 12  9  221  16 2p4(3PE) 8f     -2.49917E-01  7.77077E+00 10.0
    165 12  9  220  16 2p4(1DE) 6s     -2.44863E-01  7.77583E+00 10.0
    166 12  9  410  13 2p4(3PE) 9s     -2.31510E-01  7.78918E+00 12.0
    167 12  9  210  16 2p4(3PE) 9s     -2.29643E-01  7.79105E+00  6.0
    168 12  9  411   8 2p4(3PE) 9p     -2.18755E-01  7.80194E+00 12.0
    169 12  9  421  12 2p4(3PE) 9p     -2.18555E-01  7.80213E+00 20.0
    170 12  9  221  17 2p4(3PE) 9p     -2.17553E-01  7.80314E+00 10.0
    171 12  9  201   7 2p4(3PE) 9p     -2.17092E-01  7.80360E+00  2.0
    172 12  9  401   7 2p4(3PE) 9p     -2.16992E-01  7.80370E+00  4.0
    173 12  9  211  16 2p4(3PE) 9p     -2.16577E-01  7.80411E+00  6.0
    174 12  9  420   7 2p4(3PE) 9d     -2.03316E-01  7.81737E+00 20.0
    175 12  9  430   7 2p4(3PE) 9d     -2.01929E-01  7.81876E+00 28.0
    176 12  9  410  14 2p4(3PE) 9d     -2.01288E-01  7.81940E+00 12.0
    177 12  9  230  10 2p4(3PE) 9d     -2.01066E-01  7.81962E+00 14.0
    178 12  9  210  17 2p4(3PE) 9d     -1.99729E-01  7.82096E+00  6.0
    179 12  9  231  12 2p4(1DE) 6p     -1.99639E-01  7.82105E+00 14.0
    180 12  9  220  17 2p4(3PE) 9d     -1.99561E-01  7.82113E+00 10.0
    181 12  9  431   6 2p4(3PE) 9f     -1.98304E-01  7.82239E+00 28.0
    182 12  9  231  13 2p4(3PE) 9f     -1.98033E-01  7.82266E+00 14.0
    183 12  9  441   6 2p4(3PE) 9f     -1.97684E-01  7.82301E+00 36.0
    184 12  9  241   8 2p4(3PE) 9f     -1.97640E-01  7.82305E+00 18.0
    185 12  9  421  13 2p4(3PE) 9f     -1.97597E-01  7.82309E+00 20.0
    186 12  9  221  18 2p4(3PE) 9f     -1.97486E-01  7.82320E+00 10.0
    187 12  9  221  19 2p4(1DE) 6p     -1.95248E-01  7.82544E+00 10.0
    188 12  9  211  17 2p4(1DE) 6p     -1.89458E-01  7.83123E+00  6.0
    189 12  9  410  15 2p4(3PE)10s     -1.84477E-01  7.83621E+00 12.0
    190 12  9  210  18 2p4(3PE)10s     -1.83128E-01  7.83756E+00  6.0
    191 12  9  411   9 2p4(3PE)10p     -1.75460E-01  7.84523E+00 12.0
    192 12  9  421  14 2p4(3PE)10p     -1.75191E-01  7.84550E+00 20.0
    193 12  9  221  20 2p4(3PE)10p     -1.74441E-01  7.84625E+00 10.0
    194 12  9  201   8 2p4(3PE)10p     -1.74142E-01  7.84655E+00  2.0
    195 12  9  401   8 2p4(3PE)10p     -1.74070E-01  7.84662E+00  4.0
    196 12  9  211  18 2p4(3PE)10p     -1.69418E-01  7.85127E+00  6.0
    197 12  9  420   8 2p4(3PE)10d     -1.64225E-01  7.85646E+00 20.0
    198 12  9  430   8 2p4(3PE)10d     -1.63216E-01  7.85747E+00 28.0
    199 12  9  410  16 2p4(3PE)10d     -1.62753E-01  7.85794E+00 12.0
    200 12  9  230  11 2p4(3PE)10d     -1.62597E-01  7.85809E+00 14.0
    201 12  9  210  19 2p4(3PE)10d     -1.61876E-01  7.85881E+00  6.0
    202 12  9  220  18 2p4(3PE)10d     -1.61661E-01  7.85903E+00 10.0
    203 12  9  200   7 2p4(1SE) 5s     -1.60839E-01  7.85985E+00  2.0
    204 12  9  431   7 2p4(3PE)10f     -1.60577E-01  7.86011E+00 28.0
    205 12  9  231  14 2p4(3PE)10f     -1.60395E-01  7.86029E+00 14.0
    206 12  9  441   7 2p4(3PE)10f     -1.60117E-01  7.86057E+00 36.0
    207 12  9  241   9 2p4(3PE)10f     -1.60085E-01  7.86060E+00 18.0
    208 12  9  421  15 2p4(3PE)10f     -1.60057E-01  7.86063E+00 20.0
    209 12  9  200   8 2p4(1DE) 6d     -1.35438E-01  7.88525E+00  2.0
    210 12  9  200   9 2p4(1DE) 7d     -1.49405E-02  8.00575E+00  2.0
    211 12  9  400   1 2p5(3PO) 3p     -5.58012E-03  8.01511E+00  4.0
    212 12  9  200  10 2p4(1DE) 8d      6.38802E-02  8.08457E+00  2.0
    213 12  9  200  11 2p4(1DE) 9d      1.17591E-01  8.13828E+00  2.0
    214 12  9  200  12 2p4(1SE) 6s      1.32172E-01  8.15286E+00  2.0
    215 12  9  200  13 2p4(1DE)10d      1.56536E-01  8.17723E+00  2.0
    216 12  9  400   2 2p5(3PO) 4p      1.28678E+00  9.30747E+00  4.0
    217 12  9  400   3 2p5(3PO) 5p      1.79861E+00  9.81930E+00  4.0
    218 12  9  400   4 2p5(3PO) 6p      2.05664E+00  1.00773E+01  4.0
    219 12  9  400   5 2p5(3PO) 7p      2.20502E+00  1.02257E+01  4.0
    220 12  9  400   6 2p5(3PO) 8p      2.29818E+00  1.03189E+01  4.0
    221 12  9  400   7 2p5(3PO) 9p      2.36049E+00  1.03812E+01  4.0
    222 12  9  400   8 2p5(3PO)10p      2.40423E+00  1.04249E+01  4.0
 ====================================================================
