 ====================================================================
      i NZ NE iSLP iLV iCONF                 E(RYD)      TE(RYD)   gi
 ====================================================================
      1 12  8  310   1 2s2 2p4         -1.03641E+01  0.00000E+00  9.0
      2 12  8  120   1 2s2 2p4         -1.00341E+01  3.30001E-01  5.0
      3 12  8  100   1 2s2 2p4         -9.64835E+00  7.15751E-01  1.0
      4 12  8  311   1 2s 2p5          -7.78280E+00  2.58130E+00  9.0
      5 12  8  111   1 2s 2p5          -6.72765E+00  3.63645E+00  3.0
      6 12  8  100   2 2p6             -4.32105E+00  6.04305E+00  1.0
      7 12  8  501   1 2p3(4SO) 3s     -4.24463E+00  6.11947E+00  5.0
      8 12  8  301   1 2p3(4SO) 3s     -4.09530E+00  6.26880E+00  3.0
      9 12  8  321   1 2p3(2DO) 3s     -3.70230E+00  6.66180E+00 15.0
     10 12  8  510   1 2p3(4SO) 3p     -3.67025E+00  6.69385E+00 15.0
     11 12  8  121   1 2p3(2DO) 3s     -3.62760E+00  6.73650E+00  5.0
     12 12  8  310   2 2p3(4SO) 3p     -3.53590E+00  6.82820E+00  9.0
     13 12  8  311   2 2p3(2PO) 3s     -3.43762E+00  6.92648E+00  9.0
     14 12  8  111   2 2p3(2PO) 3s     -3.36065E+00  7.00345E+00  3.0
     15 12  8  110   1 2p3(2DO) 3p     -3.19175E+00  7.17235E+00  3.0
     16 12  8  320   1 2p3(2DO) 3p     -3.17080E+00  7.19330E+00 15.0
     17 12  8  330   1 2p3(2DO) 3p     -3.13062E+00  7.23348E+00 21.0
     18 12  8  130   1 2p3(2DO) 3p     -3.10590E+00  7.25820E+00  7.0
     19 12  8  310   3 2p3(2DO) 3p     -2.97525E+00  7.38885E+00  9.0
     20 12  8  521   1 2p3(4SO) 3d     -2.97437E+00  7.38973E+00 25.0
     21 12  8  300   1 2p3(2PO) 3p     -2.91150E+00  7.45260E+00  3.0
     22 12  8  120   2 2p3(2DO) 3p     -2.88335E+00  7.48075E+00  5.0
     23 12  8  320   2 2p3(2PO) 3p     -2.86940E+00  7.49470E+00 15.0
     24 12  8  321   2 2p3(4SO) 3d     -2.86757E+00  7.49653E+00 15.0
     25 12  8  110   2 2p3(2PO) 3p     -2.83477E+00  7.52933E+00  3.0
     26 12  8  310   4 2p3(2PO) 3p     -2.78752E+00  7.57658E+00  9.0
     27 12  8  120   3 2p3(2PO) 3p     -2.70537E+00  7.65873E+00  5.0
     28 12  8  100   3 2p3(2PO) 3p     -2.48915E+00  7.87495E+00  1.0
     29 12  8  101   1 2p3(2DO) 3d     -2.47477E+00  7.88933E+00  1.0
     30 12  8  331   1 2p3(2DO) 3d     -2.47463E+00  7.88947E+00 21.0
     31 12  8  341   1 2p3(2DO) 3d     -2.44411E+00  7.91999E+00 27.0
     32 12  8  141   1 2p3(2DO) 3d     -2.43215E+00  7.93195E+00  9.0
     33 12  8  321   3 2p3(2DO) 3d     -2.42264E+00  7.94146E+00 15.0
     34 12  8  111   3 2p3(2DO) 3d     -2.40087E+00  7.96323E+00  3.0
     35 12  8  311   3 2p3(2DO) 3d     -2.36974E+00  7.99436E+00  9.0
     36 12  8  121   2 2p3(2DO) 3d     -2.36014E+00  8.00396E+00  5.0
     37 12  8  301   2 2p3(2DO) 3d     -2.34621E+00  8.01789E+00  3.0
     38 12  8  131   1 2p3(2DO) 3d     -2.30931E+00  8.05479E+00  7.0
     39 12  8  331   2 2p3(2PO) 3d     -2.17889E+00  8.18521E+00 21.0
     40 12  8  311   4 2p3(2PO) 3d     -2.16617E+00  8.19793E+00  9.0
     41 12  8  121   3 2p3(2PO) 3d     -2.13874E+00  8.22536E+00  5.0
     42 12  8  321   4 2p3(2PO) 3d     -2.13823E+00  8.22587E+00 15.0
     43 12  8  501   2 2p3(4SO) 4s     -2.11195E+00  8.25215E+00  5.0
     44 12  8  131   2 2p3(2PO) 3d     -2.10231E+00  8.26179E+00  7.0
     45 12  8  301   3 2p3(4SO) 4s     -2.05972E+00  8.30438E+00  3.0
     46 12  8  111   4 2p3(2PO) 3d     -2.02124E+00  8.34286E+00  3.0
     47 12  8  510   2 2p4(4PE) 3s     -1.97210E+00  8.39200E+00 15.0
     48 12  8  510   3 2p3(4SO) 4p     -1.85365E+00  8.51045E+00 15.0
     49 12  8  310   5 2p3(4SO) 4p     -1.83156E+00  8.53254E+00  9.0
     50 12  8  310   6 2p4(4PE) 3s     -1.74828E+00  8.61582E+00  9.0
     51 12  8  521   2 2p3(4SO) 4d     -1.65424E+00  8.70986E+00 25.0
     52 12  8  321   5 2p3(4SO) 4d     -1.60190E+00  8.76220E+00 15.0
     53 12  8  321   6 2p3(2DO) 4s     -1.60190E+00  8.76220E+00 15.0
     54 12  8  530   1 2p3(4SO) 4f     -1.56903E+00  8.79507E+00 35.0
     55 12  8  330   2 2p3(4SO) 4f     -1.56619E+00  8.79791E+00 21.0
     56 12  8  121   4 2p3(2DO) 4s     -1.56603E+00  8.79807E+00  5.0
     57 12  8  511   1 2p4(4PE) 3p     -1.41431E+00  8.94979E+00 15.0
     58 12  8  320   3 2p3(2DO) 4p     -1.40041E+00  8.96369E+00 15.0
     59 12  8  110   3 2p3(2DO) 4p     -1.39284E+00  8.97126E+00  3.0
     60 12  8  330   3 2p3(2DO) 4p     -1.37803E+00  8.98607E+00 21.0
     61 12  8  130   2 2p3(2DO) 4p     -1.36938E+00  8.99472E+00  7.0
     62 12  8  521   3 2p4(4PE) 3p     -1.34818E+00  9.01592E+00 25.0
     63 12  8  311   5 2p3(2PO) 4s     -1.33236E+00  9.03174E+00  9.0
     64 12  8  310   7 2p3(2DO) 4p     -1.32531E+00  9.03879E+00  9.0
     65 12  8  111   5 2p3(2PO) 4s     -1.30495E+00  9.05915E+00  3.0
     66 12  8  501   3 2p3(4SO) 5s     -1.30357E+00  9.06053E+00  5.0
     67 12  8  120   4 2p3(2DO) 4p     -1.28042E+00  9.08368E+00  5.0
     68 12  8  321   7 2p4(4PE) 3p     -1.26671E+00  9.09739E+00 15.0
     69 12  8  301   4 2p4(4PE) 3p:    -1.25978E+00  9.10432E+00  3.0
     70 12  8  301   5 2p3(4SO) 5s:    -1.21069E+00  9.15341E+00  3.0
     71 12  8  501   4 2p4(4PE) 3p     -1.20796E+00  9.15614E+00  5.0
     72 12  8  311   6 2p4(4PE) 3p     -1.17895E+00  9.18515E+00  9.0
     73 12  8  510   4 2p3(4SO) 5p     -1.16214E+00  9.20196E+00 15.0
     74 12  8  101   2 2p3(2DO) 4d     -1.15031E+00  9.21379E+00  1.0
     75 12  8  331   3 2p3(2DO) 4d     -1.14673E+00  9.21737E+00 21.0
     76 12  8  341   2 2p3(2DO) 4d     -1.13814E+00  9.22596E+00 27.0
     77 12  8  300   2 2p3(2PO) 4p     -1.13797E+00  9.22613E+00  3.0
     78 12  8  310   8 2p3(4SO) 5p     -1.13714E+00  9.22696E+00  9.0
     79 12  8  321   8 2p3(2DO) 4d     -1.13417E+00  9.22993E+00 15.0
     80 12  8  141   2 2p3(2DO) 4d     -1.13298E+00  9.23112E+00  9.0
     81 12  8  320   4 2p3(2PO) 4p     -1.13016E+00  9.23394E+00 15.0
     82 12  8  111   6 2p3(2DO) 4d     -1.11748E+00  9.24662E+00  3.0
     83 12  8  110   4 2p3(2PO) 4p     -1.11628E+00  9.24782E+00  3.0
     84 12  8  311   7 2p3(2DO) 4d     -1.09563E+00  9.26847E+00  9.0
     85 12  8  301   6 2p3(2DO) 4d     -1.09534E+00  9.26876E+00  3.0
     86 12  8  121   5 2p3(2DO) 4d     -1.08976E+00  9.27434E+00  5.0
     87 12  8  120   5 2p3(2PO) 4p     -1.08461E+00  9.27949E+00  5.0
     88 12  8  131   3 2p3(2DO) 4d     -1.07931E+00  9.28479E+00  7.0
     89 12  8  310   9 2p3(2PO) 4p     -1.07693E+00  9.28717E+00  9.0
     90 12  8  340   1 2p3(2DO) 4f     -1.06385E+00  9.30025E+00 27.0
     91 12  8  330   4 2p3(2DO) 4f     -1.06374E+00  9.30036E+00 21.0
     92 12  8  320   5 2p3(2DO) 4f     -1.06292E+00  9.30118E+00 15.0
     93 12  8  110   5 2p3(2DO) 4f     -1.06286E+00  9.30124E+00  3.0
     94 12  8  350   1 2p3(2DO) 4f     -1.06158E+00  9.30252E+00 33.0
     95 12  8  150   1 2p3(2DO) 4f     -1.06145E+00  9.30265E+00 11.0
     96 12  8  130   3 2p3(2DO) 4f     -1.06119E+00  9.30291E+00  7.0
     97 12  8  120   6 2p3(2DO) 4f     -1.06118E+00  9.30292E+00  5.0
     98 12  8  140   1 2p3(2DO) 4f     -1.06075E+00  9.30335E+00  9.0
     99 12  8  310  10 2p3(2DO) 4f     -1.05968E+00  9.30442E+00  9.0
    100 12  8  521   4 2p3(4SO) 5d     -1.04647E+00  9.31763E+00 25.0
    101 12  8  320   6 2p4(2DE) 3s     -1.03228E+00  9.33182E+00 15.0
    102 12  8  321   9 2p3(4SO) 5d     -1.01680E+00  9.34730E+00 15.0
    103 12  8  530   2 2p3(4SO) 5f     -1.00769E+00  9.35641E+00 35.0
    104 12  8  330   5 2p3(4SO) 5f     -1.00404E+00  9.36006E+00 21.0
    105 12  8  100   4 2p3(2PO) 4p     -9.80807E-01  9.38329E+00  1.0
    106 12  8  120   7 2p4(2DE) 3s     -9.07532E-01  9.45657E+00  5.0
    107 12  8  331   4 2p3(2PO) 4d     -8.79180E-01  9.48492E+00 21.0
    108 12  8  311   8 2p3(2PO) 4d     -8.71487E-01  9.49261E+00  9.0
    109 12  8  121   6 2p3(2PO) 4d     -8.69727E-01  9.49437E+00  5.0
    110 12  8  321  10 2p3(2PO) 4d     -8.59612E-01  9.50449E+00 15.0
    111 12  8  131   4 2p3(2PO) 4d     -8.42927E-01  9.52117E+00  7.0
    112 12  8  501   5 2p3(4SO) 6s     -8.40198E-01  9.52390E+00  5.0
    113 12  8  301   7 2p3(4SO) 6s     -8.30865E-01  9.53324E+00  3.0
    114 12  8  111   7 2p3(2PO) 4d     -8.09873E-01  9.55423E+00  3.0
    115 12  8  320   7 2p3(2PO) 4f     -8.02380E-01  9.56172E+00 15.0
    116 12  8  340   2 2p3(2PO) 4f     -8.01415E-01  9.56269E+00 27.0
    117 12  8  130   4 2p3(2PO) 4f     -8.00682E-01  9.56342E+00  7.0
    118 12  8  330   6 2p3(2PO) 4f     -8.00528E-01  9.56357E+00 21.0
    119 12  8  120   8 2p3(2PO) 4f     -7.99938E-01  9.56416E+00  5.0
    120 12  8  140   2 2p3(2PO) 4f     -7.99557E-01  9.56454E+00  9.0
    121 12  8  510   5 2p3(4SO) 6p     -7.88022E-01  9.57608E+00 15.0
    122 12  8  310  11 2p3(4SO) 6p     -7.73100E-01  9.59100E+00  9.0
    123 12  8  321  11 2p3(2DO) 5s     -7.57210E-01  9.60689E+00 15.0
    124 12  8  121   7 2p3(2DO) 5s     -7.44247E-01  9.61985E+00  5.0
    125 12  8  520   1 2p4(4PE) 3d     -7.43610E-01  9.62049E+00 25.0
    126 12  8  521   5 2p3(4SO) 6d     -7.21857E-01  9.64224E+00 25.0
    127 12  8  530   3 2p3(4SO) 6f     -7.18710E-01  9.64539E+00 35.0
    128 12  8  321  12 2p3(4SO) 6d     -7.05967E-01  9.65813E+00 15.0
    129 12  8  330   7 2p3(4SO) 6f     -7.02055E-01  9.66205E+00 21.0
    130 12  8  110   6 2p3(2DO) 5p     -6.62358E-01  9.70174E+00  3.0
    131 12  8  530   4 2p4(4PE) 3d     -6.54140E-01  9.70996E+00 35.0
    132 12  8  330   8 2p3(2DO) 5p     -6.53742E-01  9.71036E+00 21.0
    133 12  8  320   8 2p3(2DO) 5p     -6.53522E-01  9.71058E+00 15.0
    134 12  8  130   5 2p3(2DO) 5p     -6.49597E-01  9.71450E+00  7.0
    135 12  8  310  12 2p3(2DO) 5p     -6.32828E-01  9.73127E+00  9.0
    136 12  8  510   6 2p4(4PE) 3d     -6.30160E-01  9.73394E+00 15.0
    137 12  8  330   9 2p4(4PE) 3d     -6.03412E-01  9.76069E+00 21.0
    138 12  8  501   6 2p3(4SO) 7s     -6.00770E-01  9.76333E+00  5.0
    139 12  8  120   9 2p3(2DO) 5p     -5.98480E-01  9.76562E+00  5.0
    140 12  8  301   8 2p3(4SO) 7s     -5.94725E-01  9.76938E+00  3.0
    141 12  8  510   7 2p3(4SO) 7p     -5.64697E-01  9.79940E+00 15.0
    142 12  8  310  13 2p3(4SO) 7p     -5.60070E-01  9.80403E+00  9.0
    143 12  8  320   9 2p4(4PE) 3d     -5.54592E-01  9.80951E+00 15.0
    144 12  8  331   5 2p3(2DO) 5d     -5.43487E-01  9.82061E+00 21.0
    145 12  8  101   3 2p3(2DO) 5d     -5.43402E-01  9.82070E+00  1.0
    146 12  8  321  13 2p3(2DO) 5d     -5.38118E-01  9.82598E+00 15.0
    147 12  8  341   3 2p3(2DO) 5d     -5.37477E-01  9.82662E+00 27.0
    148 12  8  111   8 2p3(2DO) 5d     -5.36817E-01  9.82728E+00  3.0
    149 12  8  141   3 2p3(2DO) 5d     -5.34877E-01  9.82922E+00  9.0
    150 12  8  310  14 2p4(4PE) 3d     -5.33080E-01  9.83102E+00  9.0
    151 12  8  521   6 2p3(4SO) 7d     -5.27632E-01  9.83647E+00 25.0
    152 12  8  311   9 2p3(2DO) 5d     -5.25092E-01  9.83901E+00  9.0
    153 12  8  300   3 2p4(2SE) 3s     -5.20410E-01  9.84369E+00  3.0
    154 12  8  301   9 2p3(2DO) 5d     -5.15837E-01  9.84826E+00  3.0
    155 12  8  321  14 2p3(4SO) 7d     -5.14397E-01  9.84970E+00 15.0
    156 12  8  131   5 2p3(2DO) 5d     -5.13855E-01  9.85025E+00  7.0
    157 12  8  121   8 2p3(2DO) 5d     -5.12990E-01  9.85111E+00  5.0
    158 12  8  530   5 2p3(4SO) 7f     -5.07712E-01  9.85639E+00 35.0
    159 12  8  330  10 2p3(4SO) 7f     -5.06822E-01  9.85728E+00 21.0
    160 12  8  110   7 2p3(2DO) 5f     -5.00472E-01  9.86363E+00  3.0
    161 12  8  340   3 2p3(2DO) 5f     -5.00462E-01  9.86364E+00 27.0
    162 12  8  330  11 2p3(2DO) 5f     -5.00207E-01  9.86389E+00 21.0
    163 12  8  320  10 2p3(2DO) 5f     -5.00135E-01  9.86397E+00 15.0
    164 12  8  120  10 2p3(2DO) 5f     -4.99528E-01  9.86457E+00  5.0
    165 12  8  310  15 2p3(2DO) 5f     -4.99083E-01  9.86502E+00  9.0
    166 12  8  350   2 2p3(2DO) 5f     -4.98140E-01  9.86596E+00 33.0
    167 12  8  130   6 2p3(2DO) 5f     -4.98137E-01  9.86596E+00  7.0
    168 12  8  150   2 2p3(2DO) 5f     -4.98043E-01  9.86606E+00 11.0
    169 12  8  140   3 2p3(2DO) 5f     -4.97655E-01  9.86645E+00  9.0
    170 12  8  311  10 2p3(2PO) 5s     -4.96080E-01  9.86802E+00  9.0
    171 12  8  121   9 2p3(2DO) 5g     -4.95632E-01  9.86847E+00  5.0
    172 12  8  321  15 2p3(2DO) 5g     -4.95628E-01  9.86847E+00 15.0
    173 12  8  111  10 2p4(2DE) 3p     -4.80995E-01  9.88311E+00  3.0
    174 12  8  111   9 2p3(2PO) 5s     -4.80995E-01  9.88311E+00  3.0
    175 12  8  131   6 2p4(2DE) 3p     -4.51587E-01  9.91251E+00  7.0
    176 12  8  501   7 2p3(4SO) 8s     -4.50507E-01  9.91359E+00  5.0
    177 12  8  301  10 2p3(4SO) 8s     -4.46447E-01  9.91765E+00  3.0
    178 12  8  321  16 2p4(2DE) 3p     -4.30885E-01  9.93322E+00 15.0
    179 12  8  510   8 2p3(4SO) 8p     -4.28020E-01  9.93608E+00 15.0
    180 12  8  310  16 2p3(4SO) 8p     -4.23518E-01  9.94058E+00  9.0
    181 12  8  311  11 2p4(2DE) 3p     -4.03507E-01  9.96059E+00  9.0
    182 12  8  521   7 2p3(4SO) 8d     -4.02370E-01  9.96173E+00 25.0
    183 12  8  110   8 2p3(2PO) 5p     -3.99690E-01  9.96441E+00  3.0
    184 12  8  321  17 2p3(4SO) 8d     -3.95770E-01  9.96833E+00 15.0
    185 12  8  100   5 2p4(2SE) 3s     -3.94020E-01  9.97008E+00  1.0
    186 12  8  320  11 2p3(2PO) 5p     -3.93057E-01  9.97104E+00 15.0
    187 12  8  530   6 2p3(4SO) 8f     -3.90062E-01  9.97404E+00 35.0
    188 12  8  330  12 2p3(4SO) 8f     -3.89857E-01  9.97424E+00 21.0
    189 12  8  121  10 2p4(2DE) 3p     -3.85000E-01  9.97910E+00  5.0
    190 12  8  300   4 2p3(2PO) 5p     -3.79840E-01  9.98426E+00  3.0
    191 12  8  310  17 2p3(2PO) 5p     -3.79457E-01  9.98464E+00  9.0
    192 12  8  120  11 2p3(2PO) 5p     -3.72090E-01  9.99201E+00  5.0
    193 12  8  501   8 2p3(4SO) 9s     -3.50250E-01  1.00139E+01  5.0
    194 12  8  301  11 2p3(4SO) 9s     -3.47452E-01  1.00166E+01  3.0
    195 12  8  510   9 2p3(4SO) 9p     -3.34857E-01  1.00292E+01 15.0
    196 12  8  310  18 2p3(4SO) 9p     -3.32330E-01  1.00318E+01  9.0
    197 12  8  121  11 2p3(2DO) 6s     -3.30380E-01  1.00337E+01  5.0
    198 12  8  321  18 2p3(2DO) 6s     -3.30262E-01  1.00338E+01 15.0
    199 12  8  521   8 2p3(4SO) 9d     -3.16922E-01  1.00472E+01 25.0
    200 12  8  321  19 2p3(4SO) 9d     -3.12882E-01  1.00512E+01 15.0
    201 12  8  530   7 2p3(4SO) 9f     -3.08510E-01  1.00556E+01 35.0
    202 12  8  330  13 2p3(4SO) 9f     -3.08365E-01  1.00557E+01 21.0
    203 12  8  100   6 2p3(2PO) 5p     -3.07160E-01  1.00569E+01  1.0
    204 12  8  110   9 2p3(2DO) 6p     -2.92195E-01  1.00719E+01  3.0
    205 12  8  310  19 2p3(2DO) 6p     -2.87845E-01  1.00763E+01  9.0
    206 12  8  320  12 2p3(2DO) 6p     -2.80937E-01  1.00832E+01 15.0
    207 12  8  501   9 2p3(4SO)10s     -2.80068E-01  1.00840E+01  5.0
    208 12  8  330  14 2p3(2DO) 6p     -2.79975E-01  1.00841E+01 21.0
    209 12  8  331   6 2p3(2PO) 5d     -2.78175E-01  1.00859E+01 21.0
    210 12  8  301  12 2p3(4SO)10s     -2.78062E-01  1.00860E+01  3.0
    211 12  8  130   7 2p3(2DO) 6p     -2.77675E-01  1.00864E+01  7.0
    212 12  8  121  12 2p3(2PO) 5d     -2.73925E-01  1.00902E+01  5.0
    213 12  8  311  12 2p3(2PO) 5d     -2.73647E-01  1.00905E+01  9.0
    214 12  8  510  10 2p3(4SO)10p     -2.69047E-01  1.00951E+01 15.0
    215 12  8  321  20 2p3(2PO) 5d     -2.67690E-01  1.00964E+01 15.0
    216 12  8  310  20 2p3(4SO)10p     -2.61037E-01  1.01031E+01  9.0
    217 12  8  131   7 2p3(2PO) 5d     -2.58285E-01  1.01058E+01  7.0
    218 12  8  521   9 2p3(4SO)10d     -2.56050E-01  1.01081E+01 25.0
    219 12  8  310  21 2p4(2PE) 3s     -2.54050E-01  1.01101E+01  9.0
    220 12  8  321  21 2p3(4SO)10d     -2.52207E-01  1.01119E+01 15.0
    221 12  8  530   8 2p3(4SO)10f     -2.50002E-01  1.01141E+01 35.0
    222 12  8  120  12 2p3(2DO) 6p     -2.49446E-01  1.01147E+01  5.0
    223 12  8  111  11 2p3(2PO) 5d     -2.44459E-01  1.01196E+01  3.0
    224 12  8  320  13 2p3(2PO) 5f     -2.39574E-01  1.01245E+01 15.0
    225 12  8  340   4 2p3(2PO) 5f     -2.39183E-01  1.01249E+01 27.0
    226 12  8  130   8 2p3(2PO) 5f     -2.37620E-01  1.01265E+01  7.0
    227 12  8  120  13 2p3(2PO) 5f     -2.37572E-01  1.01265E+01  5.0
    228 12  8  140   4 2p3(2PO) 5f     -2.36900E-01  1.01272E+01  9.0
    229 12  8  101   4 2p3(2DO) 6d     -2.17941E-01  1.01462E+01  1.0
    230 12  8  331   7 2p3(2DO) 6d     -2.15882E-01  1.01482E+01 21.0
    231 12  8  141   4 2p3(2DO) 6d     -2.13121E-01  1.01510E+01  9.0
    232 12  8  111  12 2p3(2DO) 6d     -2.05851E-01  1.01582E+01  3.0
    233 12  8  311  13 2p3(2DO) 6d     -2.05445E-01  1.01587E+01  9.0
    234 12  8  110  10 2p4(2PE) 3s     -2.01450E-01  1.01627E+01  3.0
    235 12  8  121  13 2p3(2DO) 6d     -1.96759E-01  1.01673E+01  5.0
    236 12  8  131   8 2p3(2DO) 6d     -1.95439E-01  1.01687E+01  7.0
    237 12  8  340   5 2p3(2DO) 6f     -1.93857E-01  1.01702E+01 27.0
    238 12  8  110  11 2p3(2DO) 6f     -1.93268E-01  1.01708E+01  3.0
    239 12  8  320  14 2p3(2DO) 6f     -1.93236E-01  1.01709E+01 15.0
    240 12  8  120  14 2p3(2DO) 6f     -1.92562E-01  1.01715E+01  5.0
    241 12  8  130   9 2p3(2DO) 6f     -1.91990E-01  1.01721E+01  7.0
    242 12  8  150   3 2p3(2DO) 6f     -1.91684E-01  1.01724E+01 11.0
    243 12  8  140   5 2p3(2DO) 6f     -1.91578E-01  1.01725E+01  9.0
    244 12  8  121  14 2p3(2DO) 6g     -1.90082E-01  1.01740E+01  5.0
    245 12  8  121  15 2p3(2DO) 7s     -9.26592E-02  1.02714E+01  5.0
    246 12  8  311  14 2p3(2PO) 6s     -7.61287E-02  1.02880E+01  9.0
    247 12  8  111  13 2p3(2PO) 6s     -6.90809E-02  1.02950E+01  3.0
    248 12  8  320  15 2p3(2DO) 7p     -6.27432E-02  1.03014E+01 15.0
    249 12  8  130  10 2p3(2DO) 7p     -6.02035E-02  1.03039E+01  7.0
    250 12  8  110  12 2p3(2DO) 7p     -5.78157E-02  1.03063E+01  3.0
    251 12  8  120  15 2p3(2DO) 7p     -4.48992E-02  1.03192E+01  5.0
    252 12  8  101   5 2p3(2DO) 7d     -2.34480E-02  1.03407E+01  1.0
    253 12  8  331   8 2p3(2DO) 7d     -2.27654E-02  1.03413E+01 21.0
    254 12  8  141   5 2p3(2DO) 7d     -2.04655E-02  1.03436E+01  9.0
    255 12  8  300   5 2p3(2PO) 6p     -2.00026E-02  1.03441E+01  3.0
    256 12  8  320  16 2p3(2PO) 6p     -1.96033E-02  1.03445E+01 15.0
    257 12  8  111  14 2p3(2DO) 7d     -1.72248E-02  1.03469E+01  3.0
    258 12  8  110  13 2p3(2PO) 6p     -1.56898E-02  1.03484E+01  3.0
    259 12  8  311  15 2p3(2DO) 7d     -1.54103E-02  1.03487E+01  9.0
    260 12  8  121  16 2p3(2DO) 7d     -1.20706E-02  1.03520E+01  5.0
    261 12  8  340   6 2p3(2DO) 7f     -1.08107E-02  1.03533E+01 27.0
    262 12  8  131   9 2p3(2DO) 7d     -9.96647E-03  1.03541E+01  7.0
    263 12  8  120  16 2p3(2DO) 7f:    -9.88002E-03  1.03542E+01  5.0
    264 12  8  320  17 2p3(2DO) 7f     -8.54583E-03  1.03556E+01 15.0
    265 12  8  110  14 2p3(2DO) 7f     -8.17447E-03  1.03559E+01  3.0
    266 12  8  140   6 2p3(2DO) 7f     -7.60165E-03  1.03565E+01  9.0
    267 12  8  130  11 2p3(2DO) 7f     -7.57175E-03  1.03565E+01  7.0
    268 12  8  150   4 2p3(2DO) 7f     -6.89342E-03  1.03572E+01 11.0
    269 12  8  121  17 2p3(2DO) 7g     -5.81397E-03  1.03583E+01  5.0
    270 12  8  120  17 2p3(2PO) 6p:    -5.20235E-03  1.03589E+01  5.0
    271 12  8  100   7 2p3(2PO) 6p      2.03453E-02  1.03844E+01  1.0
    272 12  8  331   9 2p3(2PO) 6d      4.56895E-02  1.04098E+01 21.0
    273 12  8  311  16 2p3(2PO) 6d      4.70630E-02  1.04112E+01  9.0
    274 12  8  121  18 2p3(2PO) 6d      4.78330E-02  1.04119E+01  5.0
    275 12  8  131  10 2p3(2PO) 6d      5.67285E-02  1.04208E+01  7.0
    276 12  8  121  19 2p3(2DO) 8s      5.67677E-02  1.04209E+01  5.0
    277 12  8  111  15 2p3(2PO) 6d      6.14622E-02  1.04256E+01  3.0
    278 12  8  340   7 2p3(2PO) 6f      6.48127E-02  1.04289E+01 27.0
    279 12  8  320  18 2p3(2PO) 6f      6.72992E-02  1.04314E+01 15.0
    280 12  8  130  12 2p3(2PO) 6f      6.83540E-02  1.04325E+01  7.0
    281 12  8  120  18 2p3(2PO) 6f      6.88702E-02  1.04330E+01  5.0
    282 12  8  140   7 2p3(2PO) 6f      6.89037E-02  1.04330E+01  9.0
    283 12  8  320  19 2p3(2DO) 8p      7.59497E-02  1.04401E+01 15.0
    284 12  8  130  13 2p3(2DO) 8p      7.78752E-02  1.04420E+01  7.0
    285 12  8  110  15 2p3(2DO) 8p      7.78820E-02  1.04420E+01  3.0
    286 12  8  311  17 2p4(2SE) 3p      8.03935E-02  1.04445E+01  9.0
    287 12  8  120  19 2p3(2DO) 8p      8.85350E-02  1.04526E+01  5.0
    288 12  8  101   6 2p3(2DO) 8d      1.01942E-01  1.04660E+01  1.0
    289 12  8  331  10 2p3(2DO) 8d      1.02631E-01  1.04667E+01 21.0
    290 12  8  141   6 2p3(2DO) 8d      1.03919E-01  1.04680E+01  9.0
    291 12  8  340   8 2p3(2DO) 8f      1.06089E-01  1.04702E+01 27.0
    292 12  8  111  17 2p4(2SE) 3p      1.06152E-01  1.04703E+01  3.0
    293 12  8  111  16 2p3(2DO) 8d      1.06152E-01  1.04703E+01  3.0
    294 12  8  311  18 2p3(2DO) 8d      1.06955E-01  1.04711E+01  9.0
    295 12  8  121  20 2p3(2DO) 8d      1.10232E-01  1.04743E+01  5.0
    296 12  8  320  20 2p3(2DO) 8f      1.10598E-01  1.04747E+01 15.0
    297 12  8  131  11 2p3(2DO) 8d      1.11043E-01  1.04751E+01  7.0
    298 12  8  110  16 2p3(2DO) 8f      1.11251E-01  1.04754E+01  3.0
    299 12  8  120  20 2p3(2DO) 8f      1.11568E-01  1.04757E+01  5.0
    300 12  8  140   8 2p3(2DO) 8f      1.11731E-01  1.04758E+01  9.0
    301 12  8  130  14 2p3(2DO) 8f      1.12168E-01  1.04763E+01  7.0
    302 12  8  150   5 2p3(2DO) 8f      1.13044E-01  1.04771E+01 11.0
    303 12  8  121  21 2p3(2DO) 8g      1.13794E-01  1.04779E+01  5.0
    304 12  8  340   9 2p4(2DE) 3d      1.53252E-01  1.05174E+01 27.0
    305 12  8  121  22 2p3(2DO) 9s      1.55492E-01  1.05196E+01  5.0
    306 12  8  311  19 2p3(2PO) 7s      1.67106E-01  1.05312E+01  9.0
    307 12  8  111  18 2p3(2PO) 7s      1.68474E-01  1.05326E+01  3.0
    308 12  8  320  21 2p3(2DO) 9p      1.68827E-01  1.05329E+01 15.0
    309 12  8  110  17 2p3(2DO) 9p      1.70142E-01  1.05342E+01  3.0
    310 12  8  130  15 2p3(2DO) 9p      1.70507E-01  1.05346E+01  7.0
    311 12  8  120  21 2p3(2DO) 9p      1.77437E-01  1.05415E+01  5.0
    312 12  8  101   7 2p3(2DO) 9d      1.87459E-01  1.05516E+01  1.0
    313 12  8  331  11 2p3(2DO) 9d      1.87789E-01  1.05519E+01 21.0
    314 12  8  141   7 2p3(2DO) 9d      1.88835E-01  1.05529E+01  9.0
    315 12  8  320  22 2p3(2DO) 9f      1.88960E-01  1.05531E+01 15.0
    316 12  8  140   9 2p3(2DO) 9f      1.89023E-01  1.05531E+01  9.0
    317 12  8  111  19 2p3(2DO) 9d      1.90331E-01  1.05544E+01  3.0
    318 12  8  311  20 2p3(2DO) 9d      1.90830E-01  1.05549E+01  9.0
    319 12  8  300   6 2p3(2PO) 7p      1.91138E-01  1.05552E+01  3.0
    320 12  8  110  18 2p3(2DO) 9f      1.92460E-01  1.05566E+01  3.0
    321 12  8  121  23 2p3(2DO) 9d      1.92782E-01  1.05569E+01  5.0
    322 12  8  120  22 2p3(2DO) 9f      1.92877E-01  1.05570E+01  5.0
    323 12  8  131  12 2p3(2DO) 9d      1.93714E-01  1.05578E+01  7.0
    324 12  8  130  16 2p3(2DO) 9f      1.93939E-01  1.05580E+01  7.0
    325 12  8  150   6 2p3(2DO) 9f      1.95261E-01  1.05594E+01 11.0
    326 12  8  121  24 2p3(2DO) 9g      1.95800E-01  1.05599E+01  5.0
    327 12  8  320  23 2p3(2PO) 7p      1.99446E-01  1.05635E+01 15.0
    328 12  8  340  10 2p3(2DO) 9f      2.00274E-01  1.05644E+01 27.0
    329 12  8  110  19 2p3(2PO) 7p      2.00582E-01  1.05647E+01  3.0
    330 12  8  120  23 2p3(2PO) 7p      2.06435E-01  1.05705E+01  5.0
    331 12  8  300   7 2p4(2DE) 3d      2.11110E-01  1.05752E+01  3.0
    332 12  8  140  10 2p4(2DE) 3d      2.13526E-01  1.05776E+01  9.0
    333 12  8  320  24 2p4(2DE) 3d      2.19571E-01  1.05837E+01 15.0
    334 12  8  100   8 2p3(2PO) 7p      2.22719E-01  1.05868E+01  1.0
    335 12  8  311  21 2p4(2PE) 3p      2.23595E-01  1.05877E+01  9.0
    336 12  8  121  25 2p3(2DO)10s      2.24792E-01  1.05889E+01  5.0
    337 12  8  110  20 2p3(2DO)10p      2.35717E-01  1.05998E+01  3.0
    338 12  8  130  17 2p3(2DO)10p      2.35792E-01  1.05999E+01  7.0
    339 12  8  320  25 2p3(2DO)10p      2.36663E-01  1.06008E+01 15.0
    340 12  8  331  12 2p3(2PO) 7d      2.38861E-01  1.06030E+01 21.0
    341 12  8  121  26 2p3(2PO) 7d      2.40156E-01  1.06043E+01  5.0
    342 12  8  120  24 2p3(2DO)10p      2.41165E-01  1.06053E+01  5.0
    343 12  8  311  22 2p3(2PO) 7d      2.41282E-01  1.06054E+01  9.0
    344 12  8  110  21 2p4(2DE) 3d      2.44269E-01  1.06084E+01  3.0
    345 12  8  131  13 2p3(2PO) 7d      2.45760E-01  1.06099E+01  7.0
    346 12  8  120  25 2p3(2DO)10f:     2.48165E-01  1.06123E+01  5.0
    347 12  8  101   8 2p3(2DO)10d      2.48370E-01  1.06125E+01  1.0
    348 12  8  331  13 2p3(2DO)10d      2.48955E-01  1.06131E+01 21.0
    349 12  8  111  20 2p3(2DO)10d      2.49146E-01  1.06132E+01  3.0
    350 12  8  141   8 2p3(2DO)10d      2.49366E-01  1.06135E+01  9.0
    351 12  8  130  18 2p3(2DO)10f      2.50955E-01  1.06151E+01  7.0
    352 12  8  311  23 2p3(2DO)10d      2.51592E-01  1.06157E+01  9.0
    353 12  8  320  26 2p3(2PO) 7f      2.51780E-01  1.06159E+01 15.0
    354 12  8  130  19 2p3(2PO) 7f      2.52947E-01  1.06170E+01  7.0
    355 12  8  121  27 2p3(2DO)10d      2.53072E-01  1.06172E+01  5.0
    356 12  8  131  14 2p3(2DO)10d      2.53200E-01  1.06173E+01  7.0
    357 12  8  120  26 2p3(2PO) 7f:     2.54545E-01  1.06186E+01  5.0
    358 12  8  100   9 2p3(2PO) 8p      2.94770E-01  1.06589E+01  1.0
    359 12  8  300   8 2p3(2PO) 8p      3.37608E-01  1.07017E+01  3.0
    360 12  8  100  10 2p4(2DE) 3d      3.53567E-01  1.07177E+01  1.0
    361 12  8  511   2 2p4(4PE) 4p      3.71325E-01  1.07354E+01 15.0
    362 12  8  300   9 2p3(2PO) 9p      4.30700E-01  1.07948E+01  3.0
    363 12  8  100  11 2p3(2PO) 9p      4.41740E-01  1.08058E+01  1.0
    364 12  8  300  10 2p3(2PO)10p      4.96490E-01  1.08606E+01  3.0
    365 12  8  100  12 2p3(2PO)10p      5.04455E-01  1.08686E+01  1.0
    366 12  8  520   2 2p4(4PE) 4d      6.01530E-01  1.09656E+01 25.0
    367 12  8  531   1 2p4(4PE) 4f      6.96065E-01  1.10602E+01 35.0
    368 12  8  511   3 2p4(4PE) 5p      1.10286E+00  1.14670E+01 15.0
    369 12  8  520   3 2p4(4PE) 5d      1.21379E+00  1.15779E+01 25.0
    370 12  8  531   2 2p4(4PE) 5f      1.26166E+00  1.16258E+01 35.0
    371 12  8  511   4 2p4(4PE) 6p      1.47966E+00  1.18438E+01 15.0
    372 12  8  520   4 2p4(4PE) 6d      1.54155E+00  1.19057E+01 25.0
    373 12  8  531   3 2p4(4PE) 6f      1.56917E+00  1.19333E+01 35.0
    374 12  8  511   5 2p4(4PE) 7p      1.69919E+00  1.20633E+01 15.0
    375 12  8  520   5 2p4(4PE) 7d      1.73718E+00  1.21013E+01 25.0
    376 12  8  531   4 2p4(4PE) 7f      1.75456E+00  1.21187E+01 35.0
    377 12  8  511   6 2p4(4PE) 8p      1.83822E+00  1.22023E+01 15.0
    378 12  8  520   6 2p4(4PE) 8d      1.86321E+00  1.22273E+01 25.0
    379 12  8  531   5 2p4(4PE) 8f      1.87484E+00  1.22389E+01 35.0
    380 12  8  511   7 2p4(4PE) 9p      1.93180E+00  1.22959E+01 15.0
    381 12  8  520   7 2p4(4PE) 9d      1.94910E+00  1.23132E+01 25.0
    382 12  8  531   6 2p4(4PE) 9f      1.95726E+00  1.23214E+01 35.0
    383 12  8  511   8 2p4(4PE)10p      1.99777E+00  1.23619E+01 15.0
    384 12  8  520   8 2p4(4PE)10d      2.01025E+00  1.23744E+01 25.0
    385 12  8  531   7 2p4(4PE)10f      2.01620E+00  1.23803E+01 35.0
 ====================================================================
