 ====================================================================
      i NZ NE iSLP iLV iCONF                 E(RYD)      TE(RYD)   gi
 ====================================================================
      1 12  7  401   1 2s2 2p3         -1.37633E+01  0.00000E+00  4.0
      2 12  7  221   1 2s2 2p3         -1.32450E+01  5.18300E-01 10.0
      3 12  7  211   1 2s2 2p3         -1.29803E+01  7.83000E-01  6.0
      4 12  7  410   1 2s 2p4          -1.15196E+01  2.24370E+00 12.0
      5 12  7  220   1 2s 2p4          -1.06513E+01  3.11200E+00 10.0
      6 12  7  200   1 2s 2p4          -1.00889E+01  3.67440E+00  2.0
      7 12  7  210   1 2s 2p4          -9.86439E+00  3.89891E+00  6.0
      8 12  7  211   2 2p5             -7.83332E+00  5.92998E+00  6.0
      9 12  7  410   2 2p2(3PE) 3s     -5.56636E+00  8.19694E+00 12.0
     10 12  7  210   2 2p2(3PE) 3s     -5.43372E+00  8.32958E+00  6.0
     11 12  7  220   2 2p2(1DE) 3s     -5.15709E+00  8.60621E+00 10.0
     12 12  7  201   1 2p2(3PE) 3p     -5.08340E+00  8.67990E+00  2.0
     13 12  7  421   1 2p2(3PE) 3p     -4.99829E+00  8.76501E+00 20.0
     14 12  7  411   1 2p2(3PE) 3p     -4.95339E+00  8.80991E+00 12.0
     15 12  7  221   2 2p2(3PE) 3p     -4.86963E+00  8.89367E+00 10.0
     16 12  7  401   2 2p2(3PE) 3p     -4.84372E+00  8.91958E+00  4.0
     17 12  7  211   3 2p2(3PE) 3p     -4.78691E+00  8.97639E+00  6.0
     18 12  7  200   2 2p2(1SE) 3s     -4.73057E+00  9.03273E+00  2.0
     19 12  7  231   1 2p2(1DE) 3p     -4.57068E+00  9.19262E+00 14.0
     20 12  7  601   1 2p3(5SO) 3s     -4.51529E+00  9.24801E+00  6.0
     21 12  7  221   3 2p2(1DE) 3p     -4.46868E+00  9.29462E+00 10.0
     22 12  7  211   4 2p2(1DE) 3p     -4.37704E+00  9.38626E+00  6.0
     23 12  7  430   1 2p2(3PE) 3d     -4.29772E+00  9.46558E+00 28.0
     24 12  7  210   3 2p2(3PE) 3d     -4.24244E+00  9.52086E+00  6.0
     25 12  7  420   1 2p2(3PE) 3d     -4.23645E+00  9.52685E+00 20.0
     26 12  7  401   3 2p3(5SO) 3s     -4.19222E+00  9.57108E+00  4.0
     27 12  7  230   1 2p2(3PE) 3d     -4.18125E+00  9.58205E+00 14.0
     28 12  7  410   3 2p2(3PE) 3d     -4.18022E+00  9.58308E+00 12.0
     29 12  7  211   5 2p2(1SE) 3p     -4.10585E+00  9.65745E+00  6.0
     30 12  7  220   3 2p2(3PE) 3d     -4.03822E+00  9.72508E+00 10.0
     31 12  7  610   1 2p3(5SO) 3p     -3.91450E+00  9.84880E+00 18.0
     32 12  7  240   1 2p2(1DE) 3d     -3.86078E+00  9.90252E+00 18.0
     33 12  7  230   2 2p2(1DE) 3d     -3.84940E+00  9.91390E+00 14.0
     34 12  7  220   4 2p2(1DE) 3d     -3.81665E+00  9.94665E+00 10.0
     35 12  7  210   4 2p2(1DE) 3d     -3.74203E+00  1.00213E+01  6.0
     36 12  7  410   4 2p3(5SO) 3p     -3.71209E+00  1.00512E+01 12.0
     37 12  7  200   3 2p2(1DE) 3d     -3.69858E+00  1.00647E+01  2.0
     38 12  7  220   5 2p2(1SE) 3d     -3.41582E+00  1.03475E+01 10.0
     39 12  7  421   2 2p3(3DO) 3s     -3.41129E+00  1.03520E+01 20.0
     40 12  7  621   1 2p3(5SO) 3d     -3.23639E+00  1.05269E+01 30.0
     41 12  7  221   4 2p3(3DO) 3s     -3.22007E+00  1.05432E+01 10.0
     42 12  7  421   3 2p3(5SO) 3d     -3.01906E+00  1.07442E+01 20.0
     43 12  7  411   2 2p3(3PO) 3s     -3.01734E+00  1.07460E+01 12.0
     44 12  7  410   5 2p2(3PE) 4s     -2.87153E+00  1.08918E+01 12.0
     45 12  7  420   2 2p3(3DO) 3p     -2.85437E+00  1.09089E+01 20.0
     46 12  7  210   5 2p3(3DO) 3p     -2.83874E+00  1.09246E+01  6.0
     47 12  7  211   6 2p3(3PO) 3s     -2.83130E+00  1.09320E+01  6.0
     48 12  7  430   2 2p3(3DO) 3p     -2.82833E+00  1.09350E+01 28.0
     49 12  7  210   6 2p2(3PE) 4s     -2.79673E+00  1.09666E+01  6.0
     50 12  7  230   3 2p3(3DO) 3p     -2.76070E+00  1.10026E+01 14.0
     51 12  7  201   2 2p2(3PE) 4p     -2.67597E+00  1.10873E+01  2.0
     52 12  7  421   4 2p2(3PE) 4p     -2.62418E+00  1.11391E+01 20.0
     53 12  7  410   6 2p3(3DO) 3p     -2.62051E+00  1.11428E+01 12.0
     54 12  7  411   3 2p2(3PE) 4p     -2.60330E+00  1.11600E+01 12.0
     55 12  7  221   5 2p2(3PE) 4p     -2.57380E+00  1.11895E+01 10.0
     56 12  7  220   6 2p3(3DO) 3p     -2.56646E+00  1.11968E+01 10.0
     57 12  7  401   4 2p2(3PE) 4p     -2.55995E+00  1.12034E+01  4.0
     58 12  7  211   7 2p2(3PE) 4p     -2.53412E+00  1.12292E+01  6.0
     59 12  7  220   7 2p2(1DE) 4s     -2.47450E+00  1.12888E+01 10.0
     60 12  7  400   1 2p3(3PO) 3p     -2.45823E+00  1.13051E+01  4.0
     61 12  7  420   3 2p3(3DO) 3f     -2.43463E+00  1.13287E+01 20.0
     62 12  7  430   3 2p2(3PE) 4d     -2.37691E+00  1.13864E+01 28.0
     63 12  7  210   7 2p2(3PE) 4d     -2.36261E+00  1.14007E+01  6.0
     64 12  7  420   4 2p2(3PE) 4d     -2.35315E+00  1.14102E+01 20.0
     65 12  7  410   7 2p2(3PE) 4d     -2.33552E+00  1.14278E+01 12.0
     66 12  7  210   8 2p3(3PO) 3p     -2.33218E+00  1.14311E+01  6.0
     67 12  7  410   8 2p3(3PO) 3p     -2.31554E+00  1.14478E+01 12.0
     68 12  7  230   4 2p2(3PE) 4d     -2.31435E+00  1.14489E+01 14.0
     69 12  7  220   8 2p3(3PO) 3p     -2.30747E+00  1.14558E+01 10.0
     70 12  7  441   1 2p2(3PE) 4f     -2.30106E+00  1.14622E+01 36.0
     71 12  7  421   5 2p2(3PE) 4f     -2.27934E+00  1.14840E+01 20.0
     72 12  7  221   6 2p2(3PE) 4f     -2.27923E+00  1.14841E+01 10.0
     73 12  7  241   1 2p2(3PE) 4f     -2.27591E+00  1.14874E+01 18.0
     74 12  7  431   1 2p2(3PE) 4f     -2.26873E+00  1.14946E+01 28.0
     75 12  7  221   7 2p3(1DO) 3s     -2.26792E+00  1.14954E+01 10.0
     76 12  7  231   2 2p2(3PE) 4f     -2.25451E+00  1.15088E+01 14.0
     77 12  7  220   9 2p2(3PE) 4d     -2.25214E+00  1.15112E+01 10.0
     78 12  7  231   3 2p2(1DE) 4p     -2.24803E+00  1.15153E+01 14.0
     79 12  7  401   5 2p3(3SO) 3s     -2.22131E+00  1.15420E+01  4.0
     80 12  7  211   8 2p2(1DE) 4p     -2.19737E+00  1.15659E+01  6.0
     81 12  7  221   8 2p2(1DE) 4p     -2.18871E+00  1.15746E+01 10.0
     82 12  7  431   2 2p3(3DO) 3d     -2.18124E+00  1.15821E+01 28.0
     83 12  7  441   2 2p3(3DO) 3d     -2.12343E+00  1.16399E+01 36.0
     84 12  7  200   4 2p3(3PO) 3p     -2.11801E+00  1.16453E+01  2.0
     85 12  7  421   6 2p3(3DO) 3d     -2.11420E+00  1.16491E+01 20.0
     86 12  7  201   3 2p3(3SO) 3s     -2.10275E+00  1.16606E+01  2.0
     87 12  7  201   4 2p3(3DO) 3d     -2.08160E+00  1.16817E+01  2.0
     88 12  7  200   5 2p2(1SE) 4s     -2.06828E+00  1.16950E+01  2.0
     89 12  7  241   2 2p3(3DO) 3d     -2.06366E+00  1.16996E+01 18.0
     90 12  7  411   4 2p3(3DO) 3d     -2.03526E+00  1.17280E+01 12.0
     91 12  7  230   5 2p2(1DE) 4d     -1.99690E+00  1.17664E+01 14.0
     92 12  7  240   2 2p2(1DE) 4d     -1.99399E+00  1.17693E+01 18.0
     93 12  7  211   9 2p3(3DO) 3d     -1.99310E+00  1.17702E+01  6.0
     94 12  7  401   6 2p3(3DO) 3d     -1.98376E+00  1.17795E+01  4.0
     95 12  7  220  10 2p2(1DE) 4d     -1.97041E+00  1.17929E+01 10.0
     96 12  7  221   9 2p3(3DO) 3d     -1.96033E+00  1.18030E+01 10.0
     97 12  7  210   9 2p2(1DE) 4d     -1.94933E+00  1.18140E+01  6.0
     98 12  7  231   4 2p3(3DO) 3d     -1.93062E+00  1.18327E+01 14.0
     99 12  7  231   5 2p2(1DE) 4f     -1.92194E+00  1.18414E+01 14.0
    100 12  7  241   3 2p2(1DE) 4f     -1.92016E+00  1.18431E+01 18.0
    101 12  7  200   6 2p2(1DE) 4d     -1.91818E+00  1.18451E+01  2.0
    102 12  7  221  10 2p2(1DE) 4f     -1.90600E+00  1.18573E+01 10.0
    103 12  7  211  10 2p2(1DE) 4f     -1.89263E+00  1.18707E+01  6.0
    104 12  7  211  11 2p2(1SE) 4p     -1.85062E+00  1.19127E+01  6.0
    105 12  7  211  12 2p3(1PO) 3s     -1.80269E+00  1.19606E+01  6.0
    106 12  7  601   2 2p3(5SO) 4s     -1.78643E+00  1.19769E+01  6.0
    107 12  7  431   3 2p3(3PO) 3d     -1.76330E+00  1.20000E+01 28.0
    108 12  7  410   9 2p2(3PE) 5s     -1.73589E+00  1.20274E+01 12.0
    109 12  7  411   5 2p3(3PO) 3d     -1.73228E+00  1.20310E+01 12.0
    110 12  7  210  10 2p2(3PE) 5s     -1.72704E+00  1.20363E+01  6.0
    111 12  7  401   7 2p3(5SO) 4s     -1.71266E+00  1.20506E+01  4.0
    112 12  7  421   7 2p3(3PO) 3d     -1.70887E+00  1.20544E+01 20.0
    113 12  7  210  11 2p3(1DO) 3p     -1.70182E+00  1.20615E+01  6.0
    114 12  7  230   6 2p3(1DO) 3p     -1.69212E+00  1.20712E+01 14.0
    115 12  7  410  10 2p3(3SO) 3p     -1.65880E+00  1.21045E+01 12.0
    116 12  7  221  11 2p3(3PO) 3d     -1.65244E+00  1.21109E+01 10.0
    117 12  7  220  11 2p3(1DO) 3p     -1.62992E+00  1.21334E+01 10.0
    118 12  7  201   5 2p2(3PE) 5p     -1.62593E+00  1.21374E+01  2.0
    119 12  7  231   6 2p3(3PO) 3d     -1.61938E+00  1.21439E+01 14.0
    120 12  7  421   8 2p2(3PE) 5p     -1.61894E+00  1.21444E+01 20.0
    121 12  7  411   6 2p2(3PE) 5p     -1.61136E+00  1.21519E+01 12.0
    122 12  7  221  12 2p2(3PE) 5p     -1.58311E+00  1.21802E+01 10.0
    123 12  7  220  12 2p2(1SE) 4d     -1.57950E+00  1.21838E+01 10.0
    124 12  7  211  13 2p2(3PE) 5p     -1.57338E+00  1.21899E+01  6.0
    125 12  7  401   8 2p2(3PE) 5p     -1.57302E+00  1.21903E+01  4.0
    126 12  7  610   2 2p3(5SO) 4p     -1.56012E+00  1.22032E+01 18.0
    127 12  7  430   4 2p2(3PE) 5d     -1.50510E+00  1.22582E+01 28.0
    128 12  7  231   7 2p2(1SE) 4f     -1.50174E+00  1.22616E+01 14.0
    129 12  7  420   5 2p2(3PE) 5d     -1.49582E+00  1.22675E+01 20.0
    130 12  7  210  12 2p2(3PE) 5d     -1.49048E+00  1.22728E+01  6.0
    131 12  7  211  14 2p3(3PO) 3d     -1.48851E+00  1.22748E+01  6.0
    132 12  7  410  11 2p2(3PE) 5d     -1.48122E+00  1.22821E+01 12.0
    133 12  7  410  12 2p3(5SO) 4p     -1.47160E+00  1.22917E+01 12.0
    134 12  7  230   7 2p2(3PE) 5d     -1.47076E+00  1.22925E+01 14.0
    135 12  7  421   9 2p2(3PE) 5f     -1.45032E+00  1.23130E+01 20.0
    136 12  7  220  13 2p2(3PE) 5d     -1.44967E+00  1.23136E+01 10.0
    137 12  7  221  13 2p2(3PE) 5f     -1.44841E+00  1.23149E+01 10.0
    138 12  7  230   8 2p2(3PE) 5g     -1.44323E+00  1.23201E+01 14.0
    139 12  7  430   5 2p2(3PE) 5g     -1.44323E+00  1.23201E+01 28.0
    140 12  7  441   3 2p2(3PE) 5f     -1.44288E+00  1.23204E+01 36.0
    141 12  7  241   4 2p2(3PE) 5f     -1.44249E+00  1.23208E+01 18.0
    142 12  7  440   1 2p2(3PE) 5g     -1.43841E+00  1.23249E+01 36.0
    143 12  7  240   3 2p2(3PE) 5g     -1.43834E+00  1.23250E+01 18.0
    144 12  7  431   4 2p2(3PE) 5f     -1.42914E+00  1.23342E+01 28.0
    145 12  7  231   8 2p2(3PE) 5f     -1.42618E+00  1.23371E+01 14.0
    146 12  7  220  14 2p2(1DE) 5s     -1.36970E+00  1.23936E+01 10.0
    147 12  7  210  13 2p3(3SO) 3p     -1.36263E+00  1.24007E+01  6.0
    148 12  7  621   2 2p3(5SO) 4d     -1.31972E+00  1.24436E+01 30.0
    149 12  7  231   9 2p2(1DE) 5p     -1.26277E+00  1.25005E+01 14.0
    150 12  7  220  15 2p3(1PO) 3p     -1.25736E+00  1.25059E+01 10.0
    151 12  7  221  14 2p2(1DE) 5p     -1.25670E+00  1.25066E+01 10.0
    152 12  7  211  15 2p2(1DE) 5p     -1.23895E+00  1.25244E+01  6.0
    153 12  7  421  10 2p3(5SO) 4d     -1.21943E+00  1.25439E+01 20.0
    154 12  7  200   7 2p3(1PO) 3p     -1.21080E+00  1.25525E+01  2.0
    155 12  7  630   1 2p3(5SO) 4f     -1.19720E+00  1.25661E+01 42.0
    156 12  7  430   6 2p3(5SO) 4f     -1.19286E+00  1.25704E+01 28.0
    157 12  7  210  14 2p3(1PO) 3p     -1.19109E+00  1.25722E+01  6.0
    158 12  7  410  13 2p2(3PE) 6s     -1.16141E+00  1.26019E+01 12.0
    159 12  7  210  15 2p2(3PE) 6s     -1.14797E+00  1.26153E+01  6.0
    160 12  7  230   9 2p2(1DE) 5d     -1.13999E+00  1.26233E+01 14.0
    161 12  7  240   4 2p2(1DE) 5d     -1.13677E+00  1.26265E+01 18.0
    162 12  7  231  10 2p2(1DE) 5f     -1.13526E+00  1.26280E+01 14.0
    163 12  7  241   5 2p2(1DE) 5f     -1.13274E+00  1.26306E+01 18.0
    164 12  7  220  16 2p2(1DE) 5d     -1.12493E+00  1.26384E+01 10.0
    165 12  7  210  16 2p2(1DE) 5d     -1.11415E+00  1.26491E+01  6.0
    166 12  7  221  15 2p2(1DE) 5f     -1.11107E+00  1.26522E+01 10.0
    167 12  7  200   8 2p2(1DE) 5d     -1.10893E+00  1.26544E+01  2.0
    168 12  7  201   6 2p2(3PE) 6p     -1.10850E+00  1.26548E+01  2.0
    169 12  7  421  11 2p2(3PE) 6p     -1.10725E+00  1.26560E+01 20.0
    170 12  7  411   7 2p2(3PE) 6p     -1.09913E+00  1.26642E+01 12.0
    171 12  7  211  16 2p2(1DE) 5f     -1.09240E+00  1.26709E+01  6.0
    172 12  7  240   5 2p2(1DE) 5g     -1.08861E+00  1.26747E+01 18.0
    173 12  7  230  10 2p2(1DE) 5g     -1.08575E+00  1.26776E+01 14.0
    174 12  7  221  16 2p2(3PE) 6p     -1.08541E+00  1.26779E+01 10.0
    175 12  7  401   9 2p2(3PE) 6p     -1.08462E+00  1.26787E+01  4.0
    176 12  7  220  17 2p2(1DE) 5g     -1.08206E+00  1.26812E+01 10.0
    177 12  7  211  17 2p2(3PE) 6p     -1.07394E+00  1.26894E+01  6.0
    178 12  7  421  12 2p2(3PE) 6f     -1.04054E+00  1.27228E+01 20.0
    179 12  7  430   7 2p2(3PE) 6d     -1.03757E+00  1.27257E+01 28.0
    180 12  7  221  17 2p3(1DO) 3d     -1.03287E+00  1.27304E+01 10.0
    181 12  7  420   6 2p2(3PE) 6d     -1.03239E+00  1.27309E+01 20.0
    182 12  7  210  17 2p2(3PE) 6d     -1.02712E+00  1.27362E+01  6.0
    183 12  7  410  14 2p2(3PE) 6d     -1.02404E+00  1.27393E+01 12.0
    184 12  7  230  11 2p2(3PE) 6d     -1.01603E+00  1.27473E+01 14.0
    185 12  7  220  18 2p2(3PE) 6d     -1.00728E+00  1.27560E+01 10.0
    186 12  7  241   6 2p2(3PE) 6f     -1.00347E+00  1.27598E+01 18.0
    187 12  7  441   4 2p2(3PE) 6f     -1.00314E+00  1.27602E+01 36.0
    188 12  7  430   8 2p2(3PE) 6g     -1.00187E+00  1.27614E+01 28.0
    189 12  7  230  12 2p2(3PE) 6g     -1.00186E+00  1.27614E+01 14.0
    190 12  7  241   7 2p2(3PE) 6h     -1.00069E+00  1.27626E+01 18.0
    191 12  7  441   5 2p2(3PE) 6h     -1.00069E+00  1.27626E+01 36.0
    192 12  7  440   2 2p2(3PE) 6g     -9.99481E-01  1.27638E+01 36.0
    193 12  7  240   6 2p2(3PE) 6g     -9.99405E-01  1.27639E+01 18.0
    194 12  7  431   5 2p2(3PE) 6f     -9.97712E-01  1.27656E+01 28.0
    195 12  7  231  11 2p2(3PE) 6f     -9.96731E-01  1.27666E+01 14.0
    196 12  7  241   8 2p3(1DO) 3d     -9.84603E-01  1.27787E+01 18.0
    197 12  7  221  18 2p2(3PE) 6f     -9.80966E-01  1.27823E+01 10.0
    198 12  7  231  12 2p3(1DO) 3d     -9.76485E-01  1.27868E+01 14.0
    199 12  7  200   9 2p2(1SE) 5s     -9.49672E-01  1.28136E+01  2.0
    200 12  7  421  13 2p3(3SO) 3d     -9.43632E-01  1.28197E+01 20.0
    201 12  7  211  18 2p3(1DO) 3d     -9.07132E-01  1.28562E+01  6.0
    202 12  7  201   7 2p3(1DO) 3d     -8.89769E-01  1.28735E+01  2.0
    203 12  7  211  19 2p2(1SE) 5p     -8.50706E-01  1.29126E+01  6.0
    204 12  7  410  15 2p2(3PE) 7s     -8.35309E-01  1.29280E+01 12.0
    205 12  7  210  18 2p2(3PE) 7s     -8.27913E-01  1.29354E+01  6.0
    206 12  7  221  19 2p3(3SO) 3d     -8.17861E-01  1.29454E+01 10.0
    207 12  7  201   8 2p2(3PE) 7p     -8.02299E-01  1.29610E+01  2.0
    208 12  7  220  19 2p2(1DE) 6s     -8.01862E-01  1.29614E+01 10.0
    209 12  7  421  14 2p2(3PE) 7p     -7.99966E-01  1.29633E+01 20.0
    210 12  7  411   8 2p2(3PE) 7p     -7.96640E-01  1.29667E+01 12.0
    211 12  7  401  10 2p2(3PE) 7p     -7.89442E-01  1.29739E+01  4.0
    212 12  7  221  20 2p2(3PE) 7p     -7.86379E-01  1.29769E+01 10.0
    213 12  7  211  20 2p2(3PE) 7p     -7.82923E-01  1.29804E+01  6.0
    214 12  7  430   9 2p2(3PE) 7d     -7.58340E-01  1.30050E+01 28.0
    215 12  7  420   7 2p2(3PE) 7d     -7.55165E-01  1.30081E+01 20.0
    216 12  7  210  19 2p2(3PE) 7d     -7.53538E-01  1.30098E+01  6.0
    217 12  7  410  16 2p2(3PE) 7d     -7.49953E-01  1.30133E+01 12.0
    218 12  7  230  13 2p2(3PE) 7d     -7.47727E-01  1.30156E+01 14.0
    219 12  7  231  13 2p2(1DE) 6p     -7.46837E-01  1.30165E+01 14.0
    220 12  7  221  21 2p2(1DE) 6p     -7.44074E-01  1.30192E+01 10.0
    221 12  7  220  20 2p2(3PE) 7d     -7.43514E-01  1.30198E+01 10.0
    222 12  7  441   6 2p2(3PE) 7f     -7.37157E-01  1.30261E+01 36.0
    223 12  7  241   9 2p2(3PE) 7f     -7.36260E-01  1.30270E+01 18.0
    224 12  7  430  10 2p2(3PE) 7g     -7.35994E-01  1.30273E+01 28.0
    225 12  7  230  14 2p2(3PE) 7g     -7.35988E-01  1.30273E+01 14.0
    226 12  7  241  10 2p2(3PE) 7h     -7.35210E-01  1.30281E+01 18.0
    227 12  7  441   7 2p2(3PE) 7h     -7.35208E-01  1.30281E+01 36.0
    228 12  7  440   3 2p2(3PE) 7g     -7.34472E-01  1.30288E+01 36.0
    229 12  7  240   7 2p2(3PE) 7g     -7.34409E-01  1.30289E+01 18.0
    230 12  7  431   6 2p2(3PE) 7f     -7.34045E-01  1.30293E+01 28.0
    231 12  7  231  14 2p2(3PE) 7f     -7.33056E-01  1.30302E+01 14.0
    232 12  7  421  15 2p2(3PE) 7f     -7.31305E-01  1.30320E+01 20.0
    233 12  7  211  21 2p2(1DE) 6p     -7.28935E-01  1.30344E+01  6.0
    234 12  7  421  16 2p3(3DO) 4s     -7.23468E-01  1.30398E+01 20.0
    235 12  7  220  21 2p2(1SE) 5d     -7.23060E-01  1.30402E+01 10.0
    236 12  7  221  22 2p2(3PE) 7f     -7.23020E-01  1.30403E+01 10.0
    237 12  7  231  15 2p2(1SE) 5f     -7.06830E-01  1.30565E+01 14.0
    238 12  7  240   8 2p2(1SE) 5g     -6.83011E-01  1.30803E+01 18.0
    239 12  7  230  15 2p2(1DE) 6d     -6.75122E-01  1.30882E+01 14.0
    240 12  7  240   9 2p2(1DE) 6d     -6.75083E-01  1.30882E+01 18.0
    241 12  7  601   3 2p3(5SO) 5s     -6.71107E-01  1.30922E+01  6.0
    242 12  7  220  22 2p2(1DE) 6d     -6.68257E-01  1.30950E+01 10.0
    243 12  7  211  22 2p2(1DE) 6f     -6.68064E-01  1.30952E+01  6.0
    244 12  7  210  20 2p2(1DE) 6d     -6.62437E-01  1.31009E+01  6.0
    245 12  7  221  23 2p3(3DO) 4s     -6.60867E-01  1.31024E+01 10.0
    246 12  7  200  10 2p2(1DE) 6d     -6.59112E-01  1.31042E+01  2.0
    247 12  7  221  24 2p2(1DE) 6f     -6.58152E-01  1.31051E+01 10.0
    248 12  7  240  10 2p2(1DE) 6g     -6.46814E-01  1.31165E+01 18.0
    249 12  7  230  16 2p2(1DE) 6g     -6.45617E-01  1.31177E+01 14.0
    250 12  7  241  11 2p2(1DE) 6h     -6.45178E-01  1.31181E+01 18.0
    251 12  7  241  12 2p2(1DE) 6f     -6.44386E-01  1.31189E+01 18.0
    252 12  7  231  16 2p2(1DE) 6f     -6.44341E-01  1.31190E+01 14.0
    253 12  7  231  17 2p2(1DE) 6h     -6.44013E-01  1.31193E+01 14.0
    254 12  7  220  23 2p2(1DE) 6g     -6.43789E-01  1.31195E+01 10.0
    255 12  7  401  11 2p3(5SO) 5s     -6.37097E-01  1.31262E+01  4.0
    256 12  7  410  17 2p2(3PE) 8s     -6.29704E-01  1.31336E+01 12.0
    257 12  7  210  21 2p2(3PE) 8s     -6.24482E-01  1.31388E+01  6.0
    258 12  7  201   9 2p2(3PE) 8p     -6.07479E-01  1.31558E+01  2.0
    259 12  7  411   9 2p2(3PE) 8p     -6.03922E-01  1.31594E+01 12.0
    260 12  7  421  17 2p2(3PE) 8p     -6.03380E-01  1.31599E+01 20.0
    261 12  7  221  25 2p2(3PE) 8p     -5.96428E-01  1.31669E+01 10.0
    262 12  7  211  23 2p2(3PE) 8p     -5.93720E-01  1.31696E+01  6.0
    263 12  7  401  12 2p2(3PE) 8p     -5.92648E-01  1.31707E+01  4.0
    264 12  7  430  11 2p2(3PE) 8d     -5.78402E-01  1.31849E+01 28.0
    265 12  7  231  18 2p3(1PO) 3d     -5.76457E-01  1.31868E+01 14.0
    266 12  7  420   8 2p2(3PE) 8d     -5.76265E-01  1.31870E+01 20.0
    267 12  7  210  22 2p2(3PE) 8d     -5.74778E-01  1.31885E+01  6.0
    268 12  7  410  18 2p2(3PE) 8d     -5.72784E-01  1.31905E+01 12.0
    269 12  7  230  17 2p2(3PE) 8d     -5.70032E-01  1.31933E+01 14.0
    270 12  7  220  24 2p2(3PE) 8d     -5.65673E-01  1.31976E+01 10.0
    271 12  7  441   8 2p2(3PE) 8f     -5.64460E-01  1.31988E+01 36.0
    272 12  7  241  13 2p2(3PE) 8f     -5.63696E-01  1.31996E+01 18.0
    273 12  7  430  12 2p2(3PE) 8g     -5.63459E-01  1.31998E+01 28.0
    274 12  7  230  18 2p2(3PE) 8g     -5.63453E-01  1.31998E+01 14.0
    275 12  7  241  14 2p2(3PE) 8h     -5.62851E-01  1.32004E+01 18.0
    276 12  7  441   9 2p2(3PE) 8h     -5.62850E-01  1.32004E+01 36.0
    277 12  7  440   4 2p2(3PE) 8g     -5.62406E-01  1.32009E+01 36.0
    278 12  7  431   7 2p2(3PE) 8f     -5.62396E-01  1.32009E+01 28.0
    279 12  7  240  11 2p2(3PE) 8g     -5.62353E-01  1.32009E+01 18.0
    280 12  7  221  26 2p2(3PE) 8f     -5.62038E-01  1.32013E+01 10.0
    281 12  7  421  18 2p2(3PE) 8f     -5.61913E-01  1.32014E+01 20.0
    282 12  7  610   3 2p3(5SO) 5p     -5.61610E-01  1.32017E+01 18.0
    283 12  7  231  19 2p2(3PE) 8f     -5.61062E-01  1.32022E+01 14.0
    284 12  7  410  19 2p3(5SO) 5p     -5.59892E-01  1.32034E+01 12.0
    285 12  7  210  23 2p3(3DO) 4p     -5.47210E-01  1.32161E+01  6.0
    286 12  7  221  27 2p3(1PO) 3d     -5.40353E-01  1.32229E+01 10.0
    287 12  7  211  24 2p3(1PO) 3d     -5.37224E-01  1.32261E+01  6.0
    288 12  7  420   9 2p3(3DO) 4p     -5.08433E-01  1.32549E+01 20.0
    289 12  7  430  13 2p3(3DO) 4p     -5.02696E-01  1.32606E+01 28.0
    290 12  7  410  20 2p2(3PE) 9s     -4.92497E-01  1.32708E+01 12.0
    291 12  7  210  24 2p2(3PE) 9s     -4.87476E-01  1.32758E+01  6.0
    292 12  7  230  19 2p3(3DO) 4p     -4.79455E-01  1.32838E+01 14.0
    293 12  7  220  25 2p2(1DE) 7s     -4.77971E-01  1.32853E+01 10.0
    294 12  7  201  10 2p2(3PE) 9p     -4.75889E-01  1.32874E+01  2.0
    295 12  7  411  10 2p2(3PE) 9p     -4.73758E-01  1.32895E+01 12.0
    296 12  7  421  19 2p2(3PE) 9p     -4.73449E-01  1.32899E+01 20.0
    297 12  7  221  28 2p2(3PE) 9p     -4.69744E-01  1.32936E+01 10.0
    298 12  7  401  13 2p2(3PE) 9p     -4.68408E-01  1.32949E+01  4.0
    299 12  7  211  25 2p2(3PE) 9p     -4.67541E-01  1.32958E+01  6.0
    300 12  7  430  14 2p2(3PE) 9d     -4.55372E-01  1.33079E+01 28.0
    301 12  7  420  10 2p2(3PE) 9d     -4.54090E-01  1.33092E+01 20.0
    302 12  7  210  25 2p2(3PE) 9d     -4.53216E-01  1.33101E+01  6.0
    303 12  7  410  21 2p2(3PE) 9d     -4.51851E-01  1.33114E+01 12.0
    304 12  7  230  20 2p2(3PE) 9d     -4.50082E-01  1.33132E+01 14.0
    305 12  7  410  22 2p4(3PE) 3s     -4.48932E-01  1.33144E+01 12.0
    306 12  7  621   3 2p3(5SO) 5d     -4.47223E-01  1.33161E+01 30.0
    307 12  7  220  26 2p2(3PE) 9d     -4.46986E-01  1.33163E+01 10.0
    308 12  7  441  10 2p2(3PE) 9f     -4.46117E-01  1.33172E+01 36.0
    309 12  7  241  15 2p2(3PE) 9f     -4.45392E-01  1.33179E+01 18.0
    310 12  7  430  15 2p2(3PE) 9g     -4.45170E-01  1.33181E+01 28.0
    311 12  7  230  21 2p2(3PE) 9g     -4.45163E-01  1.33181E+01 14.0
    312 12  7  241  16 2p2(3PE) 9h     -4.44689E-01  1.33186E+01 18.0
    313 12  7  441  11 2p2(3PE) 9h     -4.44689E-01  1.33186E+01 36.0
    314 12  7  421  20 2p2(3PE) 9f     -4.44593E-01  1.33187E+01 20.0
    315 12  7  431   8 2p2(3PE) 9f     -4.44574E-01  1.33187E+01 28.0
    316 12  7  440   5 2p2(3PE) 9g     -4.44422E-01  1.33189E+01 36.0
    317 12  7  240  12 2p2(3PE) 9g     -4.44380E-01  1.33189E+01 18.0
    318 12  7  231  20 2p2(3PE) 9f     -4.43850E-01  1.33195E+01 14.0
    319 12  7  221  29 2p2(3PE) 9f     -4.43456E-01  1.33198E+01 10.0
    320 12  7  231  21 2p2(1DE) 7p     -4.38401E-01  1.33249E+01 14.0
    321 12  7  221  30 2p2(1DE) 7p     -4.35392E-01  1.33279E+01 10.0
    322 12  7  211  26 2p2(1DE) 7p     -4.33907E-01  1.33294E+01  6.0
    323 12  7  410  23 2p3(3DO) 4p     -4.24707E-01  1.33386E+01 12.0
    324 12  7  220  27 2p3(3DO) 4p     -4.08176E-01  1.33551E+01 10.0
    325 12  7  421  21 2p3(5SO) 5d     -4.05473E-01  1.33578E+01 20.0
    326 12  7  200  11 2p2(1SE) 6s     -4.01562E-01  1.33617E+01  2.0
    327 12  7  230  22 2p2(1DE) 7d     -3.99275E-01  1.33640E+01 14.0
    328 12  7  240  13 2p2(1DE) 7d     -3.98721E-01  1.33646E+01 18.0
    329 12  7  220  28 2p2(1DE) 7d     -3.93275E-01  1.33700E+01 10.0
    330 12  7  210  26 2p2(3PE)10s     -3.92370E-01  1.33709E+01  6.0
    331 12  7  410  24 2p2(3PE)10s     -3.90483E-01  1.33728E+01 12.0
    332 12  7  210  27 2p2(1DE) 7d     -3.90110E-01  1.33732E+01  6.0
    333 12  7  630   2 2p3(5SO) 5f     -3.85857E-01  1.33774E+01 42.0
    334 12  7  200  12 2p2(1DE) 7d     -3.85454E-01  1.33778E+01  2.0
    335 12  7  201  11 2p2(3PE)10p     -3.82882E-01  1.33804E+01  2.0
    336 12  7  430  16 2p3(5SO) 5f     -3.82733E-01  1.33806E+01 28.0
    337 12  7  411  11 2p2(3PE)10p     -3.82529E-01  1.33808E+01 12.0
    338 12  7  641   1 2p3(5SO) 5g     -3.81974E-01  1.33813E+01 54.0
    339 12  7  441  12 2p3(5SO) 5g     -3.81908E-01  1.33814E+01 36.0
    340 12  7  241  17 2p2(1DE) 7f     -3.81213E-01  1.33821E+01 18.0
    341 12  7  421  22 2p2(3PE)10p     -3.81164E-01  1.33821E+01 20.0
    342 12  7  240  14 2p2(1DE) 7g     -3.81079E-01  1.33822E+01 18.0
    343 12  7  230  23 2p2(1DE) 7g     -3.80167E-01  1.33831E+01 14.0
    344 12  7  241  18 2p2(1DE) 7h     -3.79827E-01  1.33835E+01 18.0
    345 12  7  240  15 2p2(1DE) 7i     -3.79476E-01  1.33838E+01 18.0
    346 12  7  231  22 2p2(1DE) 7h     -3.79084E-01  1.33842E+01 14.0
    347 12  7  220  29 2p2(1DE) 7g     -3.79010E-01  1.33843E+01 10.0
    348 12  7  231  23 2p2(1DE) 7f     -3.78724E-01  1.33846E+01 14.0
    349 12  7  401  14 2p2(3PE)10p     -3.77771E-01  1.33855E+01  4.0
    350 12  7  221  31 2p2(3PE)10p     -3.77379E-01  1.33859E+01 10.0
    351 12  7  211  27 2p2(3PE)10p     -3.76083E-01  1.33872E+01  6.0
    352 12  7  221  32 2p2(1DE) 7f     -3.72007E-01  1.33913E+01 10.0
    353 12  7  430  17 2p2(3PE)10d     -3.67968E-01  1.33953E+01 28.0
    354 12  7  211  28 2p2(1DE) 7f     -3.67679E-01  1.33956E+01  6.0
    355 12  7  420  11 2p2(3PE)10d     -3.67048E-01  1.33963E+01 20.0
    356 12  7  210  28 2p2(3PE)10d     -3.65861E-01  1.33974E+01  6.0
    357 12  7  410  25 2p2(3PE)10d     -3.65224E-01  1.33981E+01 12.0
    358 12  7  230  24 2p2(3PE)10d     -3.63332E-01  1.34000E+01 14.0
    359 12  7  220  30 2p2(3PE)10d     -3.61789E-01  1.34015E+01 10.0
    360 12  7  441  13 2p2(3PE)10f     -3.61628E-01  1.34017E+01 36.0
    361 12  7  241  19 2p2(3PE)10f     -3.60798E-01  1.34025E+01 18.0
    362 12  7  430  18 2p2(3PE)10g     -3.60567E-01  1.34027E+01 28.0
    363 12  7  230  25 2p2(3PE)10g     -3.60563E-01  1.34027E+01 14.0
    364 12  7  431   9 2p2(3PE)10f     -3.60287E-01  1.34030E+01 28.0
    365 12  7  421  23 2p2(3PE)10f     -3.60229E-01  1.34031E+01 20.0
    366 12  7  241  20 2p2(3PE)10h     -3.60177E-01  1.34031E+01 18.0
    367 12  7  441  14 2p2(3PE)10h     -3.60177E-01  1.34031E+01 36.0
    368 12  7  440   6 2p2(3PE)10g     -3.60023E-01  1.34033E+01 36.0
    369 12  7  240  16 2p2(3PE)10g     -3.59987E-01  1.34033E+01 18.0
    370 12  7  200  13 2p2(1DE) 8d     -2.13869E-01  1.35494E+01  2.0
    371 12  7  400   2 2p3(3PO) 4p     -1.23008E-01  1.36403E+01  4.0
    372 12  7  601   4 2p3(5SO) 6s     -1.04206E-01  1.36591E+01  6.0
    373 12  7  200  14 2p2(1DE) 9d     -9.45333E-02  1.36688E+01  2.0
    374 12  7  200  15 2p2(1SE) 7s     -7.44113E-02  1.36889E+01  2.0
    375 12  7  610   4 2p3(5SO) 6p     -4.31072E-02  1.37202E+01 18.0
    376 12  7  200  16 2p2(1DE)10d     -8.61995E-03  1.37547E+01  2.0
    377 12  7  621   4 2p3(5SO) 6d      2.04614E-02  1.37838E+01 30.0
    378 12  7  630   3 2p3(5SO) 6f      5.54342E-02  1.38187E+01 42.0
    379 12  7  641   2 2p3(5SO) 6g      5.80260E-02  1.38213E+01 54.0
    380 12  7  601   5 2p3(5SO) 7s      2.23260E-01  1.39866E+01  6.0
    381 12  7  610   5 2p3(5SO) 7p      2.60758E-01  1.40241E+01 18.0
    382 12  7  621   5 2p3(5SO) 7d      2.99775E-01  1.40631E+01 30.0
    383 12  7  630   4 2p3(5SO) 7f      3.21589E-01  1.40849E+01 42.0
    384 12  7  641   3 2p3(5SO) 7g      3.23348E-01  1.40866E+01 54.0
    385 12  7  601   6 2p3(5SO) 8s      4.29484E-01  1.41928E+01  6.0
    386 12  7  610   6 2p3(5SO) 8p      4.54126E-01  1.42174E+01 18.0
    387 12  7  621   6 2p3(5SO) 8d      4.79807E-01  1.42431E+01 30.0
    388 12  7  630   5 2p3(5SO) 8f      4.94324E-01  1.42576E+01 42.0
    389 12  7  641   4 2p3(5SO) 8g      4.95556E-01  1.42589E+01 54.0
    390 12  7  601   7 2p3(5SO) 9s      5.67729E-01  1.43310E+01  6.0
    391 12  7  610   7 2p3(5SO) 9p      5.84780E-01  1.43481E+01 18.0
    392 12  7  621   7 2p3(5SO) 9d      6.02585E-01  1.43659E+01 30.0
    393 12  7  630   6 2p3(5SO) 9f      6.12733E-01  1.43760E+01 42.0
    394 12  7  641   5 2p3(5SO) 9g      6.13623E-01  1.43769E+01 54.0
    395 12  7  601   8 2p3(5SO)10s      6.64907E-01  1.44282E+01  6.0
    396 12  7  610   8 2p3(5SO)10p      6.77191E-01  1.44405E+01 18.0
    397 12  7  621   8 2p3(5SO)10d      6.90044E-01  1.44533E+01 30.0
    398 12  7  630   7 2p3(5SO)10f      6.97414E-01  1.44607E+01 42.0
    399 12  7  641   6 2p3(5SO)10g      6.98076E-01  1.44614E+01 54.0
    400 12  7  400   3 2p3(3PO) 5p      8.70649E-01  1.46339E+01  4.0
    401 12  7  400   4 2p3(3PO) 6p      1.38753E+00  1.51508E+01  4.0
    402 12  7  400   5 2p3(3PO) 7p      1.69070E+00  1.54540E+01  4.0
    403 12  7  400   6 2p3(3PO) 8p      1.88371E+00  1.56470E+01  4.0
    404 12  7  400   7 2p3(3PO) 9p      2.01417E+00  1.57775E+01  4.0
    405 12  7  400   8 2p3(3PO)10p      2.10646E+00  1.58698E+01  4.0
 ====================================================================
