 ====================================================================
      i NZ NE iSLP iLV iCONF                 E(RYD)      TE(RYD)   gi
 ====================================================================
      1 12  6  310   1 2s2 2p2         -1.65289E+01  0.00000E+00  9.0
      2 12  6  120   1 2s2 2p2         -1.61663E+01  3.62600E-01  5.0
      3 12  6  100   1 2s2 2p2         -1.57527E+01  7.76200E-01  1.0
      4 12  6  501   1 2s 2p3          -1.55159E+01  1.01300E+00  5.0
      5 12  6  321   1 2s 2p3          -1.44454E+01  2.08350E+00 15.0
      6 12  6  311   1 2s 2p3          -1.40529E+01  2.47600E+00  9.0
      7 12  6  121   1 2s 2p3          -1.33117E+01  3.21720E+00  5.0
      8 12  6  301   1 2s 2p3          -1.32365E+01  3.29240E+00  3.0
      9 12  6  111   1 2s 2p3          -1.29113E+01  3.61760E+00  3.0
     10 12  6  310   2 2p4             -1.16273E+01  4.90160E+00  9.0
     11 12  6  120   2 2p4             -1.13225E+01  5.20640E+00  5.0
     12 12  6  100   2 2p4             -1.05526E+01  5.97630E+00  1.0
     13 12  6  311   2 2s2 2p 3s       -6.98058E+00  9.54832E+00  9.0
     14 12  6  111   2 2s2 2p 3s       -6.87432E+00  9.65458E+00  3.0
     15 12  6  110   1 2s2 2p 3p       -6.49490E+00  1.00340E+01  3.0
     16 12  6  320   1 2s2 2p 3p       -6.42723E+00  1.01017E+01 15.0
     17 12  6  300   1 2s2 2p 3p       -6.35121E+00  1.01777E+01  3.0
     18 12  6  310   3 2s2 2p 3p       -6.30147E+00  1.02274E+01  9.0
     19 12  6  120   3 2s2 2p 3p       -6.12979E+00  1.03991E+01  5.0
     20 12  6  100   3 2s2 2p 3p       -5.92801E+00  1.06009E+01  1.0
     21 12  6  510   1 2s2p2(4PE) 3s   -5.83416E+00  1.06947E+01 15.0
     22 12  6  121   2 2s2 2p 3d       -5.79842E+00  1.07305E+01  5.0
     23 12  6  331   1 2s2 2p 3d       -5.79211E+00  1.07368E+01 21.0
     24 12  6  321   2 2s2 2p 3d       -5.68168E+00  1.08472E+01 15.0
     25 12  6  311   3 2s2 2p 3d       -5.64249E+00  1.08864E+01  9.0
     26 12  6  310   4 2s2p2(4PE) 3s   -5.52884E+00  1.10001E+01  9.0
     27 12  6  131   1 2s2 2p 3d       -5.50222E+00  1.10267E+01  7.0
     28 12  6  111   3 2s2 2p 3d       -5.48521E+00  1.10437E+01  3.0
     29 12  6  301   2 2s2p2(4PE) 3p   -5.33985E+00  1.11891E+01  3.0
     30 12  6  521   1 2s2p2(4PE) 3p   -5.27069E+00  1.12582E+01 25.0
     31 12  6  511   1 2s2p2(4PE) 3p   -5.20836E+00  1.13205E+01 15.0
     32 12  6  321   3 2s2p2(4PE) 3p   -5.06042E+00  1.14685E+01 15.0
     33 12  6  501   2 2s2p2(4PE) 3p   -5.02251E+00  1.15064E+01  5.0
     34 12  6  311   4 2s2p2(4PE) 3p   -4.95526E+00  1.15736E+01  9.0
     35 12  6  320   2 2s2p2(2DE) 3s   -4.84329E+00  1.16856E+01 15.0
     36 12  6  530   1 2s2p2(4PE) 3d   -4.69150E+00  1.18374E+01 35.0
     37 12  6  120   4 2s2p2(2DE) 3s   -4.66037E+00  1.18685E+01  5.0
     38 12  6  520   1 2s2p2(4PE) 3d   -4.60739E+00  1.19215E+01 25.0
     39 12  6  510   2 2s2p2(4PE) 3d   -4.53144E+00  1.19975E+01 15.0
     40 12  6  310   5 2s2p2(4PE) 3d   -4.51081E+00  1.20181E+01  9.0
     41 12  6  330   1 2s2p2(4PE) 3d   -4.42827E+00  1.21006E+01 21.0
     42 12  6  331   2 2s2p2(2DE) 3p   -4.26519E+00  1.22637E+01 21.0
     43 12  6  320   3 2s2p2(4PE) 3d   -4.26510E+00  1.22638E+01 15.0
     44 12  6  121   3 2s2p2(2DE) 3p   -4.26197E+00  1.22669E+01  5.0
     45 12  6  300   2 2s2p2(2SE) 3s   -4.22906E+00  1.22998E+01  3.0
     46 12  6  131   2 2s2p2(2DE) 3p   -4.19032E+00  1.23386E+01  7.0
     47 12  6  321   4 2s2p2(2DE) 3p   -4.18328E+00  1.23456E+01 15.0
     48 12  6  111   4 2s2p2(2DE) 3p   -4.13998E+00  1.23889E+01  3.0
     49 12  6  311   5 2s2p2(2DE) 3p   -4.09323E+00  1.24357E+01  9.0
     50 12  6  100   4 2s2p2(2SE) 3s   -4.06032E+00  1.24686E+01  1.0
     51 12  6  310   6 2s2p2(2PE) 3s   -4.03237E+00  1.24965E+01  9.0
     52 12  6  110   2 2s2p2(2PE) 3s   -3.96603E+00  1.25629E+01  3.0
     53 12  6  311   6 2s2 2p 4s       -3.70121E+00  1.28277E+01  9.0
     54 12  6  340   1 2s2p2(2DE) 3d   -3.67612E+00  1.28528E+01 27.0
     55 12  6  330   2 2s2p2(2DE) 3d   -3.67524E+00  1.28537E+01 21.0
     56 12  6  111   5 2s2 2p 4s       -3.64606E+00  1.28828E+01  3.0
     57 12  6  101   1 2s2p2(2PE) 3p   -3.60518E+00  1.29237E+01  1.0
     58 12  6  130   1 2s2p2(2DE) 3d   -3.60087E+00  1.29280E+01  7.0
     59 12  6  320   4 2s2p2(2DE) 3d   -3.59715E+00  1.29318E+01 15.0
     60 12  6  111   6 2s2p2(2SE) 3p   -3.56658E+00  1.29623E+01  3.0
     61 12  6  311   7 2s2p2(2SE) 3p   -3.56345E+00  1.29655E+01  9.0
     62 12  6  140   1 2s2p2(2DE) 3d   -3.53743E+00  1.29915E+01  9.0
     63 12  6  321   5 2s2p2(2PE) 3p   -3.49954E+00  1.30294E+01 15.0
     64 12  6  310   7 2s2p2(2DE) 3d   -3.49884E+00  1.30301E+01  9.0
     65 12  6  300   3 2s2p2(2DE) 3d   -3.47848E+00  1.30504E+01  3.0
     66 12  6  110   3 2s2 2p 4p       -3.47430E+00  1.30546E+01  3.0
     67 12  6  120   5 2s2p2(2DE) 3d   -3.44375E+00  1.30851E+01  5.0
     68 12  6  320   5 2s2 2p 4p       -3.43437E+00  1.30945E+01 15.0
     69 12  6  311   8 2s2p2(2PE) 3p   -3.40226E+00  1.31266E+01  9.0
     70 12  6  301   3 2s2p2(2PE) 3p   -3.37986E+00  1.31490E+01  3.0
     71 12  6  310   8 2s2 2p 4p       -3.36403E+00  1.31649E+01  9.0
     72 12  6  110   4 2s2p2(2DE) 3d   -3.35697E+00  1.31719E+01  3.0
     73 12  6  300   4 2s2 2p 4p       -3.34958E+00  1.31793E+01  3.0
     74 12  6  120   6 2s2 2p 4p       -3.33198E+00  1.31969E+01  5.0
     75 12  6  100   5 2s2p2(2DE) 3d   -3.31948E+00  1.32094E+01  1.0
     76 12  6  121   4 2s2p2(2PE) 3p   -3.25548E+00  1.32734E+01  5.0
     77 12  6  100   6 2s2 2p 4p       -3.22714E+00  1.33018E+01  1.0
     78 12  6  331   3 2s2 2p 4d       -3.20553E+00  1.33234E+01 21.0
     79 12  6  121   5 2s2 2p 4d       -3.20403E+00  1.33249E+01  5.0
     80 12  6  321   6 2s2 2p 4d       -3.16010E+00  1.33688E+01 15.0
     81 12  6  501   3 2p3(4SO) 3s     -3.15686E+00  1.33720E+01  5.0
     82 12  6  311   9 2s2 2p 4d       -3.15216E+00  1.33767E+01  9.0
     83 12  6  330   3 2s2 2p 4f       -3.15150E+00  1.33774E+01 21.0
     84 12  6  320   6 2s2 2p 4f       -3.14289E+00  1.33860E+01 15.0
     85 12  6  120   7 2s2 2p 4f       -3.11928E+00  1.34096E+01  5.0
     86 12  6  130   2 2s2 2p 4f       -3.11854E+00  1.34104E+01  7.0
     87 12  6  111   7 2s2p2(2PE) 3p   -3.10257E+00  1.34263E+01  3.0
     88 12  6  131   3 2s2 2p 4d       -3.09312E+00  1.34358E+01  7.0
     89 12  6  111   8 2s2 2p 4d       -3.08103E+00  1.34479E+01  3.0
     90 12  6  140   2 2s2 2p 4f       -3.05587E+00  1.34730E+01  9.0
     91 12  6  340   2 2s2 2p 4f       -3.05449E+00  1.34744E+01 27.0
     92 12  6  320   7 2s2p2(2SE) 3d   -2.95246E+00  1.35764E+01 15.0
     93 12  6  301   4 2p3(4SO) 3s     -2.87749E+00  1.36514E+01  3.0
     94 12  6  330   4 2s2p2(2PE) 3d   -2.85082E+00  1.36781E+01 21.0
     95 12  6  120   8 2s2p2(2SE) 3d   -2.84836E+00  1.36805E+01  5.0
     96 12  6  110   5 2s2p2(2PE) 3d   -2.83144E+00  1.36975E+01  3.0
     97 12  6  320   8 2s2p2(2PE) 3d   -2.77728E+00  1.37516E+01 15.0
     98 12  6  310   9 2s2p2(2PE) 3d   -2.73988E+00  1.37890E+01  9.0
     99 12  6  130   3 2s2p2(2PE) 3d   -2.68644E+00  1.38425E+01  7.0
    100 12  6  510   3 2p3(4SO) 3p     -2.63844E+00  1.38905E+01 15.0
    101 12  6  321   7 2p3(2DO) 3s     -2.60072E+00  1.39282E+01 15.0
    102 12  6  120   9 2s2p2(2PE) 3d   -2.55688E+00  1.39720E+01  5.0
    103 12  6  310  10 2p3(4SO) 3p     -2.51406E+00  1.40148E+01  9.0
    104 12  6  510   4 2s2p2(4PE) 4s   -2.49922E+00  1.40297E+01 15.0
    105 12  6  121   6 2p3(2DO) 3s     -2.48486E+00  1.40440E+01  5.0
    106 12  6  310  11 2s2p2(4PE) 4s   -2.38648E+00  1.41424E+01  9.0
    107 12  6  521   2 2s2p2(4PE) 4p   -2.30751E+00  1.42214E+01 25.0
    108 12  6  511   2 2s2p2(4PE) 4p   -2.27516E+00  1.42537E+01 15.0
    109 12  6  301   5 2s2p2(4PE) 4p   -2.26921E+00  1.42597E+01  3.0
    110 12  6  311  10 2s2 2p 5s       -2.25335E+00  1.42755E+01  9.0
    111 12  6  111   9 2s2 2p 5s       -2.23156E+00  1.42973E+01  3.0
    112 12  6  501   4 2s2p2(4PE) 4p   -2.21399E+00  1.43149E+01  5.0
    113 12  6  321   8 2s2p2(4PE) 4p   -2.20716E+00  1.43217E+01 15.0
    114 12  6  311  11 2s2p2(4PE) 4p   -2.18635E+00  1.43426E+01  9.0
    115 12  6  110   6 2s2 2p 5p       -2.14777E+00  1.43811E+01  3.0
    116 12  6  320   9 2s2 2p 5p       -2.13800E+00  1.43909E+01 15.0
    117 12  6  300   5 2s2 2p 5p       -2.12726E+00  1.44016E+01  3.0
    118 12  6  110   7 2p3(2DO) 3p     -2.12660E+00  1.44023E+01  3.0
    119 12  6  320  10 2p3(2DO) 3p     -2.12365E+00  1.44053E+01 15.0
    120 12  6  521   3 2p3(4SO) 3d     -2.11230E+00  1.44166E+01 25.0
    121 12  6  310  12 2s2 2p 5p       -2.10732E+00  1.44216E+01  9.0
    122 12  6  120  10 2s2 2p 5p       -2.09070E+00  1.44382E+01  5.0
    123 12  6  530   2 2s2p2(4PE) 4d   -2.08405E+00  1.44448E+01 35.0
    124 12  6  330   5 2p3(2DO) 3p     -2.07749E+00  1.44514E+01 21.0
    125 12  6  100   7 2s2 2p 5p       -2.05912E+00  1.44698E+01  1.0
    126 12  6  520   2 2s2p2(4PE) 4d   -2.05737E+00  1.44715E+01 25.0
    127 12  6  130   4 2p3(2DO) 3p     -2.04751E+00  1.44814E+01  7.0
    128 12  6  331   4 2s2 2p 5d       -2.03428E+00  1.44946E+01 21.0
    129 12  6  121   7 2s2 2p 5d       -2.03296E+00  1.44959E+01  5.0
    130 12  6  321   9 2s2p2(4PE) 4f   -2.03122E+00  1.44977E+01 15.0
    131 12  6  510   5 2s2p2(4PE) 4d   -2.02175E+00  1.45072E+01 15.0
    132 12  6  311  12 2p3(2PO) 3s     -2.01728E+00  1.45116E+01  9.0
    133 12  6  321  10 2s2 2p 5d       -2.01236E+00  1.45165E+01 15.0
    134 12  6  311  13 2s2 2p 5d       -2.00892E+00  1.45200E+01  9.0
    135 12  6  310  13 2s2p2(4PE) 4d   -2.00586E+00  1.45230E+01  9.0
    136 12  6  330   6 2s2 2p 5f       -1.97990E+00  1.45490E+01 21.0
    137 12  6  131   4 2s2 2p 5d       -1.97966E+00  1.45492E+01  7.0
    138 12  6  111  10 2s2 2p 5d       -1.97724E+00  1.45517E+01  3.0
    139 12  6  141   1 2s2 2p 5g       -1.96498E+00  1.45639E+01  9.0
    140 12  6  341   1 2s2 2p 5g       -1.96495E+00  1.45640E+01 27.0
    141 12  6  340   3 2s2 2p 5f       -1.96317E+00  1.45657E+01 27.0
    142 12  6  351   1 2s2 2p 5g       -1.96072E+00  1.45682E+01 33.0
    143 12  6  151   1 2s2 2p 5g       -1.96053E+00  1.45684E+01 11.0
    144 12  6  140   3 2s2 2p 5f       -1.96044E+00  1.45685E+01  9.0
    145 12  6  331   5 2s2 2p 5g       -1.95996E+00  1.45689E+01 21.0
    146 12  6  131   5 2s2 2p 5g       -1.95988E+00  1.45690E+01  7.0
    147 12  6  130   5 2s2 2p 5f       -1.95860E+00  1.45703E+01  7.0
    148 12  6  320  11 2s2 2p 5f       -1.95463E+00  1.45743E+01 15.0
    149 12  6  330   7 2s2p2(4PE) 4d   -1.95183E+00  1.45771E+01 21.0
    150 12  6  120  11 2s2 2p 5f       -1.94647E+00  1.45824E+01  5.0
    151 12  6  541   1 2s2p2(4PE) 4f   -1.94564E+00  1.45833E+01 45.0
    152 12  6  111  11 2p3(2PO) 3s     -1.93958E+00  1.45893E+01  3.0
    153 12  6  341   2 2s2p2(4PE) 4f   -1.93937E+00  1.45895E+01 27.0
    154 12  6  531   1 2s2p2(4PE) 4f   -1.92241E+00  1.46065E+01 35.0
    155 12  6  320  12 2s2p2(4PE) 4d   -1.91600E+00  1.46129E+01 15.0
    156 12  6  331   6 2s2p2(4PE) 4f   -1.91403E+00  1.46149E+01 21.0
    157 12  6  521   4 2s2p2(4PE) 4f   -1.87064E+00  1.46583E+01 25.0
    158 12  6  310  14 2p3(2DO) 3p     -1.81784E+00  1.47111E+01  9.0
    159 12  6  321  11 2p3(4SO) 3d     -1.77003E+00  1.47589E+01 15.0
    160 12  6  120  12 2p3(2DO) 3p     -1.74689E+00  1.47820E+01  5.0
    161 12  6  320  13 2s2p2(2DE) 4s   -1.58740E+00  1.49415E+01 15.0
    162 12  6  331   7 2p3(2DO) 3d     -1.58031E+00  1.49486E+01 21.0
    163 12  6  300   6 2p3(2PO) 3p     -1.56057E+00  1.49683E+01  3.0
    164 12  6  341   3 2p3(2DO) 3d     -1.54743E+00  1.49815E+01 27.0
    165 12  6  101   2 2p3(2DO) 3d     -1.54196E+00  1.49869E+01  1.0
    166 12  6  141   2 2p3(2DO) 3d     -1.53703E+00  1.49919E+01  9.0
    167 12  6  311  14 2s2 2p 6s       -1.52960E+00  1.49993E+01  9.0
    168 12  6  111  12 2s2 2p 6s       -1.51816E+00  1.50107E+01  3.0
    169 12  6  110   8 2p3(2PO) 3p     -1.49033E+00  1.50386E+01  3.0
    170 12  6  320  14 2p3(2PO) 3p     -1.48735E+00  1.50415E+01 15.0
    171 12  6  110   9 2s2 2p 6p       -1.46338E+00  1.50655E+01  3.0
    172 12  6  300   7 2s2 2p 6p       -1.45773E+00  1.50712E+01  3.0
    173 12  6  320  15 2s2 2p 6p       -1.45282E+00  1.50761E+01 15.0
    174 12  6  120  13 2s2p2(2DE) 4s   -1.45079E+00  1.50781E+01  5.0
    175 12  6  310  15 2s2 2p 6p       -1.44999E+00  1.50789E+01  9.0
    176 12  6  120  14 2s2 2p 6p       -1.42942E+00  1.50995E+01  5.0
    177 12  6  321  12 2p3(2DO) 3d     -1.42658E+00  1.51023E+01 15.0
    178 12  6  100   8 2s2 2p 6p       -1.41865E+00  1.51103E+01  1.0
    179 12  6  111  13 2p3(2DO) 3d     -1.40593E+00  1.51230E+01  3.0
    180 12  6  331   8 2s2 2p 6d       -1.40439E+00  1.51245E+01 21.0
    181 12  6  121   8 2s2 2p 6d       -1.40377E+00  1.51251E+01  5.0
    182 12  6  310  16 2p3(2PO) 3p     -1.39356E+00  1.51353E+01  9.0
    183 12  6  321  13 2s2 2p 6d       -1.39160E+00  1.51373E+01 15.0
    184 12  6  311  15 2s2 2p 6d       -1.39033E+00  1.51386E+01  9.0
    185 12  6  131   6 2s2 2p 6d       -1.37638E+00  1.51525E+01  7.0
    186 12  6  111  14 2s2 2p 6d       -1.37089E+00  1.51580E+01  3.0
    187 12  6  330   8 2s2 2p 6f       -1.36558E+00  1.51633E+01 21.0
    188 12  6  130   6 2s2 2p 6f       -1.36544E+00  1.51635E+01  7.0
    189 12  6  340   4 2s2 2p 6f       -1.36498E+00  1.51639E+01 27.0
    190 12  6  341   4 2s2 2p 6g       -1.36456E+00  1.51643E+01 27.0
    191 12  6  141   3 2s2 2p 6g       -1.36444E+00  1.51645E+01  9.0
    192 12  6  351   2 2s2 2p 6g       -1.36282E+00  1.51661E+01 33.0
    193 12  6  131   7 2s2 2p 6g       -1.36259E+00  1.51663E+01  7.0
    194 12  6  151   2 2s2 2p 6g       -1.36256E+00  1.51663E+01 11.0
    195 12  6  140   4 2s2 2p 6f       -1.36193E+00  1.51670E+01  9.0
    196 12  6  331   9 2s2 2p 6g       -1.36190E+00  1.51670E+01 21.0
    197 12  6  150   1 2s2 2p 6h       -1.36152E+00  1.51674E+01 11.0
    198 12  6  350   1 2s2 2p 6h       -1.36152E+00  1.51674E+01 33.0
    199 12  6  160   1 2s2 2p 6h       -1.36108E+00  1.51678E+01 13.0
    200 12  6  360   1 2s2 2p 6h       -1.36108E+00  1.51678E+01 39.0
    201 12  6  340   5 2s2 2p 6h       -1.36100E+00  1.51679E+01 27.0
    202 12  6  140   5 2s2 2p 6h       -1.36090E+00  1.51680E+01  9.0
    203 12  6  320  16 2s2 2p 6f       -1.35857E+00  1.51703E+01 15.0
    204 12  6  120  15 2s2 2p 6f       -1.35717E+00  1.51717E+01  5.0
    205 12  6  131   8 2s2p2(2DE) 4p   -1.33906E+00  1.51898E+01  7.0
    206 12  6  121   9 2p3(2DO) 3d     -1.33526E+00  1.51936E+01  5.0
    207 12  6  311  16 2p3(2DO) 3d     -1.33444E+00  1.51945E+01  9.0
    208 12  6  331  10 2s2p2(2DE) 4p   -1.32482E+00  1.52041E+01 21.0
    209 12  6  120  16 2p3(2PO) 3p     -1.31974E+00  1.52092E+01  5.0
    210 12  6  321  14 2s2p2(2DE) 4p   -1.29730E+00  1.52316E+01 15.0
    211 12  6  311  17 2s2p2(2DE) 4p   -1.25754E+00  1.52714E+01  9.0
    212 12  6  301   6 2p3(2DO) 3d     -1.25215E+00  1.52768E+01  3.0
    213 12  6  121  10 2s2p2(2DE) 4p   -1.24213E+00  1.52868E+01  5.0
    214 12  6  131   9 2p3(2DO) 3d     -1.22809E+00  1.53008E+01  7.0
    215 12  6  111  15 2s2p2(2DE) 4p   -1.22778E+00  1.53011E+01  3.0
    216 12  6  510   6 2s2p2(4PE) 5s   -1.11573E+00  1.54132E+01 15.0
    217 12  6  330   9 2s2p2(2DE) 4d   -1.11512E+00  1.54138E+01 21.0
    218 12  6  340   6 2s2p2(2DE) 4d   -1.10862E+00  1.54203E+01 27.0
    219 12  6  311  18 2s2 2p 7s       -1.09997E+00  1.54289E+01  9.0
    220 12  6  111  16 2s2 2p 7s       -1.09730E+00  1.54316E+01  3.0
    221 12  6  310  17 2s2p2(4PE) 5s   -1.09315E+00  1.54358E+01  9.0
    222 12  6  320  17 2s2p2(2DE) 4d   -1.08110E+00  1.54478E+01 15.0
    223 12  6  100   9 2p3(2PO) 3p     -1.07128E+00  1.54576E+01  1.0
    224 12  6  110  10 2s2 2p 7p       -1.06996E+00  1.54589E+01  3.0
    225 12  6  300   8 2s2 2p 7p       -1.06713E+00  1.54618E+01  3.0
    226 12  6  130   7 2s2p2(2DE) 4d   -1.05913E+00  1.54698E+01  7.0
    227 12  6  140   6 2s2p2(2DE) 4d   -1.05710E+00  1.54718E+01  9.0
    228 12  6  320  18 2s2 2p 7p       -1.05573E+00  1.54732E+01 15.0
    229 12  6  121  11 2s2p2(2DE) 4f   -1.05145E+00  1.54775E+01  5.0
    230 12  6  120  17 2s2 2p 7p       -1.05033E+00  1.54786E+01  5.0
    231 12  6  310  18 2s2 2p 7p       -1.04888E+00  1.54800E+01  9.0
    232 12  6  100  10 2s2 2p 7p       -1.03843E+00  1.54905E+01  1.0
    233 12  6  310  19 2s2p2(2DE) 4d   -1.03491E+00  1.54940E+01  9.0
    234 12  6  300   9 2s2p2(2DE) 4d   -1.03485E+00  1.54941E+01  3.0
    235 12  6  311  19 2s2p2(2DE) 4f   -1.02980E+00  1.54991E+01  9.0
    236 12  6  331  11 2s2 2p 7d       -1.02662E+00  1.55023E+01 21.0
    237 12  6  121  12 2s2 2p 7d       -1.02606E+00  1.55028E+01  5.0
    238 12  6  321  15 2s2 2p 7d       -1.01933E+00  1.55096E+01 15.0
    239 12  6  311  20 2s2 2p 7d       -1.01805E+00  1.55108E+01  9.0
    240 12  6  331  12 2s2p2(2DE) 4f   -1.01725E+00  1.55117E+01 21.0
    241 12  6  120  18 2s2p2(2DE) 4d   -1.01705E+00  1.55119E+01  5.0
    242 12  6  351   3 2s2 2p 7g       -1.01274E+00  1.55162E+01 33.0
    243 12  6  151   3 2s2 2p 7g       -1.01091E+00  1.55180E+01 11.0
    244 12  6  301   7 2s2p2(4PE) 5p   -1.01038E+00  1.55185E+01  3.0
    245 12  6  341   5 2s2 2p 7g       -1.00888E+00  1.55200E+01 27.0
    246 12  6  111  17 2s2 2p 7d       -1.00847E+00  1.55204E+01  3.0
    247 12  6  131  10 2s2 2p 7d       -1.00786E+00  1.55210E+01  7.0
    248 12  6  321  16 2s2p2(2DE) 4f   -1.00776E+00  1.55211E+01 15.0
    249 12  6  141   4 2s2 2p 7g       -1.00584E+00  1.55231E+01  9.0
    250 12  6  130   8 2s2 2p 7f       -1.00373E+00  1.55252E+01  7.0
    251 12  6  330  10 2s2 2p 7f       -1.00306E+00  1.55258E+01 21.0
    252 12  6  521   5 2s2p2(4PE) 5p   -1.00249E+00  1.55264E+01 25.0
    253 12  6  331  13 2s2 2p 7g       -1.00190E+00  1.55270E+01 21.0
    254 12  6  131  11 2s2 2p 7g       -1.00120E+00  1.55277E+01  7.0
    255 12  6  350   2 2s2 2p 7h       -1.00044E+00  1.55285E+01 33.0
    256 12  6  150   2 2s2 2p 7h       -1.00044E+00  1.55285E+01 11.0
    257 12  6  140   7 2s2 2p 7f       -1.00020E+00  1.55287E+01  9.0
    258 12  6  361   1 2s2 2p 7i       -1.00003E+00  1.55289E+01 39.0
    259 12  6  161   1 2s2 2p 7i       -1.00003E+00  1.55289E+01 13.0
    260 12  6  351   4 2s2 2p 7i       -1.00001E+00  1.55289E+01 33.0
    261 12  6  151   4 2s2 2p 7i       -1.00001E+00  1.55289E+01 11.0
    262 12  6  340   7 2s2 2p 7h       -9.99994E-01  1.55289E+01 27.0
    263 12  6  360   2 2s2 2p 7h       -9.99990E-01  1.55289E+01 39.0
    264 12  6  160   2 2s2 2p 7h       -9.99987E-01  1.55289E+01 13.0
    265 12  6  140   8 2s2 2p 7h       -9.99776E-01  1.55291E+01  9.0
    266 12  6  340   8 2s2 2p 7f       -9.99523E-01  1.55294E+01 27.0
    267 12  6  320  19 2s2 2p 7f       -9.99363E-01  1.55295E+01 15.0
    268 12  6  120  19 2s2 2p 7f       -9.97981E-01  1.55309E+01  5.0
    269 12  6  511   3 2s2p2(4PE) 5p   -9.94025E-01  1.55349E+01 15.0
    270 12  6  110  11 2s2p2(2DE) 4d   -9.92999E-01  1.55359E+01  3.0
    271 12  6  111  18 2s2p2(2DE) 4f   -9.84118E-01  1.55448E+01  3.0
    272 12  6  341   6 2s2p2(2DE) 4f   -9.83470E-01  1.55454E+01 27.0
    273 12  6  131  12 2s2p2(2DE) 4f   -9.82504E-01  1.55464E+01  7.0
    274 12  6  100  11 2s2p2(2DE) 4d   -9.80094E-01  1.55488E+01  1.0
    275 12  6  141   5 2s2p2(2DE) 4f   -9.70176E-01  1.55587E+01  9.0
    276 12  6  351   5 2s2p2(2DE) 4f   -9.68757E-01  1.55601E+01 33.0
    277 12  6  501   5 2s2p2(4PE) 5p   -9.66985E-01  1.55619E+01  5.0
    278 12  6  151   5 2s2p2(2DE) 4f   -9.66306E-01  1.55626E+01 11.0
    279 12  6  321  17 2s2p2(4PE) 5p   -9.58252E-01  1.55706E+01 15.0
    280 12  6  311  21 2s2p2(4PE) 5p   -9.41804E-01  1.55871E+01  9.0
    281 12  6  331  14 2p3(2PO) 3d     -9.30267E-01  1.55986E+01 21.0
    282 12  6  300  10 2s2p2(2SE) 4s   -9.16747E-01  1.56122E+01  3.0
    283 12  6  530   3 2s2p2(4PE) 5d   -9.05651E-01  1.56232E+01 35.0
    284 12  6  520   3 2s2p2(4PE) 5d   -8.93777E-01  1.56351E+01 25.0
    285 12  6  510   7 2s2p2(4PE) 5d   -8.76494E-01  1.56524E+01 15.0
    286 12  6  310  20 2s2p2(4PE) 5d   -8.65122E-01  1.56638E+01  9.0
    287 12  6  330  11 2s2p2(4PE) 5d   -8.45423E-01  1.56835E+01 21.0
    288 12  6  311  22 2s2 2p 8s       -8.37601E-01  1.56913E+01  9.0
    289 12  6  541   2 2s2p2(4PE) 5f   -8.36636E-01  1.56923E+01 45.0
    290 12  6  321  18 2s2p2(4PE) 5f   -8.35243E-01  1.56937E+01 15.0
    291 12  6  111  19 2s2 2p 8s       -8.31362E-01  1.56975E+01  3.0
    292 12  6  521   6 2s2p2(4PE) 5f   -8.31224E-01  1.56977E+01 25.0
    293 12  6  341   7 2s2p2(4PE) 5f   -8.31169E-01  1.56977E+01 27.0
    294 12  6  530   4 2s2p2(4PE) 5g   -8.30167E-01  1.56987E+01 35.0
    295 12  6  330  12 2s2p2(4PE) 5g   -8.30097E-01  1.56988E+01 21.0
    296 12  6  550   1 2s2p2(4PE) 5g   -8.28350E-01  1.57006E+01 55.0
    297 12  6  320  20 2s2p2(4PE) 5d   -8.28293E-01  1.57006E+01 15.0
    298 12  6  350   3 2s2p2(4PE) 5g   -8.28209E-01  1.57007E+01 33.0
    299 12  6  531   2 2s2p2(4PE) 5f   -8.26360E-01  1.57025E+01 35.0
    300 12  6  311  23 2p3(2PO) 3d     -8.24544E-01  1.57044E+01  9.0
    301 12  6  540   1 2s2p2(4PE) 5g   -8.24054E-01  1.57048E+01 45.0
    302 12  6  340   9 2s2p2(4PE) 5g   -8.23878E-01  1.57050E+01 27.0
    303 12  6  331  15 2s2p2(4PE) 5f   -8.19238E-01  1.57097E+01 21.0
    304 12  6  110  12 2s2 2p 8p       -8.14124E-01  1.57148E+01  3.0
    305 12  6  321  19 2p3(2PO) 3d     -8.11758E-01  1.57171E+01 15.0
    306 12  6  320  21 2s2 2p 8p       -8.07003E-01  1.57219E+01 15.0
    307 12  6  310  21 2s2 2p 8p       -8.02378E-01  1.57265E+01  9.0
    308 12  6  300  11 2s2 2p 8p       -7.99819E-01  1.57291E+01  3.0
    309 12  6  120  20 2s2 2p 8p       -7.97410E-01  1.57315E+01  5.0
    310 12  6  121  13 2p3(2PO) 3d     -7.96445E-01  1.57325E+01  5.0
    311 12  6  100  12 2s2 2p 8p       -7.90458E-01  1.57384E+01  1.0
    312 12  6  331  16 2s2 2p 8d       -7.82890E-01  1.57460E+01 21.0
    313 12  6  131  13 2p3(2PO) 3d     -7.80939E-01  1.57480E+01  7.0
    314 12  6  100  13 2s2p2(2SE) 4s   -7.80568E-01  1.57483E+01  1.0
    315 12  6  311  24 2s2 2p 8d       -7.77887E-01  1.57510E+01  9.0
    316 12  6  121  14 2s2 2p 8d       -7.77728E-01  1.57512E+01  5.0
    317 12  6  321  20 2s2 2p 8d       -7.77372E-01  1.57515E+01 15.0
    318 12  6  111  20 2s2 2p 8d       -7.70736E-01  1.57582E+01  3.0
    319 12  6  131  14 2s2 2p 8d       -7.70467E-01  1.57584E+01  7.0
    320 12  6  130   9 2s2 2p 8f       -7.68808E-01  1.57601E+01  7.0
    321 12  6  330  13 2s2 2p 8f       -7.67907E-01  1.57610E+01 21.0
    322 12  6  141   6 2s2 2p 8g       -7.67401E-01  1.57615E+01  9.0
    323 12  6  341   8 2s2 2p 8g       -7.67345E-01  1.57616E+01 27.0
    324 12  6  340  10 2s2 2p 8f       -7.66529E-01  1.57624E+01 27.0
    325 12  6  331  17 2s2 2p 8g       -7.66114E-01  1.57628E+01 21.0
    326 12  6  150   3 2s2 2p 8h       -7.66003E-01  1.57629E+01 11.0
    327 12  6  350   4 2s2 2p 8h       -7.66002E-01  1.57629E+01 33.0
    328 12  6  140   9 2s2 2p 8f       -7.65984E-01  1.57629E+01  9.0
    329 12  6  320  22 2s2 2p 8f       -7.65868E-01  1.57630E+01 15.0
    330 12  6  361   2 2s2 2p 8i       -7.65669E-01  1.57632E+01 39.0
    331 12  6  161   2 2s2 2p 8i       -7.65669E-01  1.57632E+01 13.0
    332 12  6  351   6 2s2 2p 8i       -7.65649E-01  1.57633E+01 33.0
    333 12  6  151   6 2s2 2p 8i       -7.65649E-01  1.57633E+01 11.0
    334 12  6  360   3 2s2 2p 8h       -7.65630E-01  1.57633E+01 39.0
    335 12  6  160   3 2s2 2p 8h       -7.65627E-01  1.57633E+01 13.0
    336 12  6  340  11 2s2 2p 8h       -7.65564E-01  1.57633E+01 27.0
    337 12  6  140  10 2s2 2p 8h       -7.65531E-01  1.57634E+01  9.0
    338 12  6  120  21 2s2 2p 8f       -7.64887E-01  1.57640E+01  5.0
    339 12  6  351   7 2s2 2p 8g       -7.64599E-01  1.57643E+01 33.0
    340 12  6  151   7 2s2 2p 8g       -7.64586E-01  1.57643E+01 11.0
    341 12  6  131  15 2s2 2p 8g       -7.60277E-01  1.57686E+01  7.0
    342 12  6  310  22 2s2p2(2PE) 4s   -7.19083E-01  1.58098E+01  9.0
    343 12  6  110  13 2s2p2(2PE) 4s   -6.99623E-01  1.58293E+01  3.0
    344 12  6  311  25 2s2p2(2SE) 4p   -6.82372E-01  1.58465E+01  9.0
    345 12  6  111  21 2s2p2(2SE) 4p   -6.82125E-01  1.58468E+01  3.0
    346 12  6  111  22 2s2 2p 9s       -6.50994E-01  1.58779E+01  3.0
    347 12  6  311  26 2s2 2p 9s       -6.50845E-01  1.58781E+01  9.0
    348 12  6  320  23 2s2 2p 9p       -6.34416E-01  1.58945E+01 15.0
    349 12  6  300  12 2s2 2p 9p       -6.30888E-01  1.58980E+01  3.0
    350 12  6  110  14 2s2 2p 9p       -6.29078E-01  1.58998E+01  3.0
    351 12  6  310  23 2s2 2p 9p       -6.28951E-01  1.58999E+01  9.0
    352 12  6  120  22 2s2 2p 9p       -6.27551E-01  1.59013E+01  5.0
    353 12  6  100  14 2s2 2p 9p       -6.21338E-01  1.59076E+01  1.0
    354 12  6  331  18 2s2 2p 9d       -6.17114E-01  1.59118E+01 21.0
    355 12  6  121  15 2s2 2p 9d       -6.16645E-01  1.59123E+01  5.0
    356 12  6  321  21 2s2 2p 9d       -6.13858E-01  1.59150E+01 15.0
    357 12  6  311  27 2s2 2p 9d       -6.13223E-01  1.59157E+01  9.0
    358 12  6  111  23 2s2 2p 9d       -6.08689E-01  1.59202E+01  3.0
    359 12  6  131  16 2s2 2p 9d       -6.08512E-01  1.59204E+01  7.0
    360 12  6  130  10 2s2 2p 9f       -6.07634E-01  1.59213E+01  7.0
    361 12  6  330  14 2s2 2p 9f       -6.07156E-01  1.59217E+01 21.0
    362 12  6  141   7 2s2 2p 9g       -6.06567E-01  1.59223E+01  9.0
    363 12  6  341   9 2s2 2p 9g       -6.06525E-01  1.59224E+01 27.0
    364 12  6  320  24 2s2 2p 9f       -6.06009E-01  1.59229E+01 15.0
    365 12  6  331  19 2s2 2p 9g       -6.05844E-01  1.59231E+01 21.0
    366 12  6  340  12 2s2 2p 9f       -6.05753E-01  1.59231E+01 27.0
    367 12  6  131  17 2s2 2p 9g       -6.05463E-01  1.59234E+01  7.0
    368 12  6  350   5 2s2 2p 9h       -6.05245E-01  1.59237E+01 33.0
    369 12  6  150   4 2s2 2p 9h       -6.05245E-01  1.59237E+01 11.0
    370 12  6  140  11 2s2 2p 9f       -6.05224E-01  1.59237E+01  9.0
    371 12  6  361   3 2s2 2p 9i       -6.04980E-01  1.59239E+01 39.0
    372 12  6  161   3 2s2 2p 9i       -6.04980E-01  1.59239E+01 13.0
    373 12  6  351   8 2s2 2p 9i       -6.04979E-01  1.59239E+01 33.0
    374 12  6  151   8 2s2 2p 9i       -6.04976E-01  1.59239E+01 11.0
    375 12  6  360   4 2s2 2p 9h       -6.04952E-01  1.59239E+01 39.0
    376 12  6  160   4 2s2 2p 9h       -6.04950E-01  1.59240E+01 13.0
    377 12  6  120  23 2s2 2p 9f       -6.04933E-01  1.59240E+01  5.0
    378 12  6  340  13 2s2 2p 9h       -6.04903E-01  1.59240E+01 27.0
    379 12  6  140  12 2s2 2p 9h       -6.04881E-01  1.59240E+01  9.0
    380 12  6  351   9 2s2 2p 9g       -6.04612E-01  1.59243E+01 33.0
    381 12  6  151   9 2s2 2p 9g       -6.04581E-01  1.59243E+01 11.0
    382 12  6  101   3 2s2p2(2PE) 4p   -5.55885E-01  1.59730E+01  1.0
    383 12  6  111  24 2p3(2PO) 3d     -5.44334E-01  1.59846E+01  3.0
    384 12  6  311  28 2s2 2p10s       -5.28196E-01  1.60007E+01  9.0
    385 12  6  111  25 2s2 2p10s       -5.22686E-01  1.60062E+01  3.0
    386 12  6  320  25 2s2 2p10p       -5.12310E-01  1.60166E+01 15.0
    387 12  6  321  22 2s2p2(2PE) 4p   -5.11094E-01  1.60178E+01 15.0
    388 12  6  110  15 2s2 2p10p       -5.10642E-01  1.60183E+01  3.0
    389 12  6  300  13 2s2 2p10p       -5.09189E-01  1.60197E+01  3.0
    390 12  6  310  24 2s2 2p10p       -5.08345E-01  1.60206E+01  9.0
    391 12  6  120  24 2s2 2p10p       -5.06761E-01  1.60221E+01  5.0
    392 12  6  100  15 2s2 2p10p       -5.02056E-01  1.60268E+01  1.0
    393 12  6  331  20 2s2 2p10d       -4.98863E-01  1.60300E+01 21.0
    394 12  6  121  16 2s2 2p10d       -4.98598E-01  1.60303E+01  5.0
    395 12  6  311  29 2s2 2p10d       -4.96389E-01  1.60325E+01  9.0
    396 12  6  321  23 2s2 2p10d       -4.95333E-01  1.60336E+01 15.0
    397 12  6  320  26 2s2 2p10f       -4.94642E-01  1.60343E+01 15.0
    398 12  6  131  18 2s2 2p10d       -4.92638E-01  1.60363E+01  7.0
    399 12  6  130  11 2s2 2p10f       -4.92395E-01  1.60365E+01  7.0
    400 12  6  330  15 2s2 2p10f       -4.92086E-01  1.60368E+01 21.0
    401 12  6  111  26 2s2 2p10d       -4.91590E-01  1.60373E+01  3.0
    402 12  6  141   8 2s2 2p10g       -4.91449E-01  1.60375E+01  9.0
    403 12  6  341  10 2s2 2p10g       -4.91416E-01  1.60375E+01 27.0
    404 12  6  331  21 2s2 2p10g       -4.91195E-01  1.60377E+01 21.0
    405 12  6  120  25 2s2 2p10f       -4.90965E-01  1.60379E+01  5.0
    406 12  6  131  19 2s2 2p10g       -4.90869E-01  1.60380E+01  7.0
    407 12  6  340  14 2s2 2p10f       -4.90667E-01  1.60382E+01 27.0
    408 12  6  350   6 2s2 2p10h       -4.90246E-01  1.60387E+01 33.0
    409 12  6  150   5 2s2 2p10h       -4.90246E-01  1.60387E+01 11.0
    410 12  6  140  13 2s2 2p10f       -4.90223E-01  1.60387E+01  9.0
    411 12  6  151  10 2s2 2p10i       -4.90045E-01  1.60389E+01 11.0
    412 12  6  361   4 2s2 2p10i       -4.90037E-01  1.60389E+01 39.0
    413 12  6  161   4 2s2 2p10i       -4.90037E-01  1.60389E+01 13.0
    414 12  6  360   5 2s2 2p10h       -4.90017E-01  1.60389E+01 39.0
    415 12  6  160   5 2s2 2p10h       -4.90015E-01  1.60389E+01 13.0
    416 12  6  301   8 2s2p2(2PE) 4p   -4.55635E-01  1.60733E+01  3.0
    417 12  6  510   8 2s2p2(4PE) 6s   -3.91309E-01  1.61376E+01 15.0
    418 12  6  301   9 2s2p2(4PE) 6p   -3.33966E-01  1.61949E+01  3.0
    419 12  6  521   7 2s2p2(4PE) 6p   -3.27293E-01  1.62016E+01 25.0
    420 12  6  511   4 2s2p2(4PE) 6p   -3.22160E-01  1.62067E+01 15.0
    421 12  6  501   6 2s2p2(4PE) 6p   -3.08020E-01  1.62209E+01  5.0
    422 12  6  530   5 2s2p2(4PE) 6d   -2.72928E-01  1.62560E+01 35.0
    423 12  6  520   4 2s2p2(4PE) 6d   -2.66512E-01  1.62624E+01 25.0
    424 12  6  510   9 2s2p2(4PE) 6d   -2.56977E-01  1.62719E+01 15.0
    425 12  6  541   3 2s2p2(4PE) 6f   -2.34127E-01  1.62948E+01 45.0
    426 12  6  521   8 2s2p2(4PE) 6f   -2.32219E-01  1.62967E+01 25.0
    427 12  6  530   6 2s2p2(4PE) 6g   -2.30882E-01  1.62980E+01 35.0
    428 12  6  550   2 2s2p2(4PE) 6g   -2.29099E-01  1.62998E+01 55.0
    429 12  6  531   3 2s2p2(4PE) 6f   -2.28264E-01  1.63006E+01 35.0
    430 12  6  541   4 2s2p2(4PE) 6h   -2.28178E-01  1.63007E+01 45.0
    431 12  6  540   2 2s2p2(4PE) 6g   -2.26199E-01  1.63027E+01 45.0
    432 12  6  510  10 2s2p2(4PE) 7s    3.14751E-02  1.65604E+01 15.0
    433 12  6  301  10 2s2p2(4PE) 7p    5.41303E-02  1.65830E+01  3.0
    434 12  6  521   9 2s2p2(4PE) 7p    7.10996E-02  1.66000E+01 25.0
    435 12  6  501   7 2s2p2(4PE) 7p    7.41333E-02  1.66030E+01  5.0
    436 12  6  511   5 2s2p2(4PE) 7p    7.45754E-02  1.66035E+01 15.0
    437 12  6  530   7 2s2p2(4PE) 7d    1.05185E-01  1.66341E+01 35.0
    438 12  6  501   8 2p3(4SO) 4s      1.06341E-01  1.66352E+01  5.0
    439 12  6  520   5 2s2p2(4PE) 7d    1.09104E-01  1.66380E+01 25.0
    440 12  6  510  11 2s2p2(4PE) 7d    1.14634E-01  1.66435E+01 15.0
    441 12  6  541   5 2s2p2(4PE) 7f    1.29090E-01  1.66580E+01 45.0
    442 12  6  521  10 2s2p2(4PE) 7f    1.29699E-01  1.66586E+01 25.0
    443 12  6  530   8 2s2p2(4PE) 7g    1.30564E-01  1.66595E+01 35.0
    444 12  6  531   4 2s2p2(4PE) 7f    1.32776E-01  1.66617E+01 35.0
    445 12  6  541   6 2s2p2(4PE) 7h    1.32901E-01  1.66618E+01 45.0
    446 12  6  550   4 2s2p2(4PE) 7g    1.33189E-01  1.66621E+01 55.0
    447 12  6  550   3 2s2p2(4PE) 7i    1.33189E-01  1.66621E+01 55.0
    448 12  6  540   3 2s2p2(4PE) 7g    1.34201E-01  1.66631E+01 45.0
    449 12  6  301  11 2p3(4SO) 4s      1.83458E-01  1.67124E+01  3.0
    450 12  6  510  12 2s2p2(4PE) 8s    2.92164E-01  1.68211E+01 15.0
    451 12  6  510  13 2p3(4SO) 4p      3.19294E-01  1.68482E+01 15.0
    452 12  6  521  11 2s2p2(4PE) 8p    3.25781E-01  1.68547E+01 25.0
    453 12  6  511   6 2s2p2(4PE) 8p    3.28586E-01  1.68575E+01 15.0
    454 12  6  301  12 2s2p2(4PE) 8p    3.32775E-01  1.68617E+01  3.0
    455 12  6  501   9 2s2p2(4PE) 8p    3.35072E-01  1.68640E+01  5.0
    456 12  6  530   9 2s2p2(4PE) 8d    3.48949E-01  1.68778E+01 35.0
    457 12  6  520   6 2s2p2(4PE) 8d    3.51548E-01  1.68804E+01 25.0
    458 12  6  510  14 2s2p2(4PE) 8d    3.57025E-01  1.68859E+01 15.0
    459 12  6  521  12 2s2p2(4PE) 8f    3.64283E-01  1.68932E+01 25.0
    460 12  6  541   7 2s2p2(4PE) 8f    3.64735E-01  1.68936E+01 45.0
    461 12  6  530  10 2s2p2(4PE) 8g    3.64975E-01  1.68939E+01 35.0
    462 12  6  531   5 2s2p2(4PE) 8f    3.67204E-01  1.68961E+01 35.0
    463 12  6  541   8 2s2p2(4PE) 8h    3.67312E-01  1.68962E+01 45.0
    464 12  6  550   6 2s2p2(4PE) 8g    3.67562E-01  1.68965E+01 55.0
    465 12  6  550   5 2s2p2(4PE) 8i    3.67562E-01  1.68965E+01 55.0
    466 12  6  540   4 2s2p2(4PE) 8g    3.68198E-01  1.68971E+01 45.0
    467 12  6  510  15 2s2p2(4PE) 9s    4.82481E-01  1.70114E+01 15.0
    468 12  6  521  13 2s2p2(4PE) 9p    4.94920E-01  1.70238E+01 25.0
    469 12  6  301  13 2s2p2(4PE) 9p    5.00872E-01  1.70298E+01  3.0
    470 12  6  511   7 2s2p2(4PE) 9p    5.01016E-01  1.70299E+01 15.0
    471 12  6  501  10 2s2p2(4PE) 9p    5.05294E-01  1.70342E+01  5.0
    472 12  6  530  11 2s2p2(4PE) 9d    5.15203E-01  1.70441E+01 35.0
    473 12  6  521  14 2p3(4SO) 4d      5.15985E-01  1.70449E+01 25.0
    474 12  6  520   7 2s2p2(4PE) 9d    5.17064E-01  1.70460E+01 25.0
    475 12  6  510  16 2s2p2(4PE) 9d    5.20026E-01  1.70489E+01 15.0
    476 12  6  530  12 2s2p2(4PE) 9g    5.24936E-01  1.70538E+01 35.0
    477 12  6  541   9 2s2p2(4PE) 9f    5.26223E-01  1.70551E+01 45.0
    478 12  6  531   6 2s2p2(4PE) 9f    5.27957E-01  1.70569E+01 35.0
    479 12  6  541  10 2s2p2(4PE) 9h    5.28044E-01  1.70569E+01 45.0
    480 12  6  550   8 2s2p2(4PE) 9g    5.28247E-01  1.70571E+01 55.0
    481 12  6  550   7 2s2p2(4PE) 9i    5.28247E-01  1.70571E+01 55.0
    482 12  6  540   5 2s2p2(4PE) 9g    5.28674E-01  1.70576E+01 45.0
    483 12  6  521  15 2s2p2(4PE) 9f    5.38257E-01  1.70672E+01 25.0
    484 12  6  510  17 2s2p2(4PE)10s    6.09841E-01  1.71387E+01 15.0
    485 12  6  301  14 2s2p2(4PE)10p    6.22590E-01  1.71515E+01  3.0
    486 12  6  521  16 2s2p2(4PE)10p    6.23211E-01  1.71521E+01 25.0
    487 12  6  511   8 2s2p2(4PE)10p    6.23412E-01  1.71523E+01 15.0
    488 12  6  501  11 2s2p2(4PE)10p    6.26434E-01  1.71553E+01  5.0
    489 12  6  530  13 2p3(4SO) 4f      6.30171E-01  1.71591E+01 35.0
    490 12  6  530  14 2s2p2(4PE)10d    6.34396E-01  1.71633E+01 35.0
    491 12  6  520   8 2s2p2(4PE)10d    6.35067E-01  1.71640E+01 25.0
    492 12  6  510  18 2s2p2(4PE)10d    6.37146E-01  1.71660E+01 15.0
    493 12  6  541  11 2s2p2(4PE)10f    6.41689E-01  1.71706E+01 45.0
    494 12  6  531   7 2s2p2(4PE)10f    6.42953E-01  1.71719E+01 35.0
    495 12  6  541  12 2s2p2(4PE)10h    6.43022E-01  1.71719E+01 45.0
    496 12  6  521  17 2s2p2(4PE)10f    6.43059E-01  1.71720E+01 25.0
    497 12  6  101   4 2s2p2(2PE) 5p    7.41737E-01  1.72706E+01  1.0
    498 12  6  101   5 2p3(2DO) 4d      1.02668E+00  1.75556E+01  1.0
    499 12  6  101   6 2s2p2(2PE) 6p    1.43362E+00  1.79625E+01  1.0
    500 12  6  101   7 2s2p2(2PE) 7p    1.83246E+00  1.83614E+01  1.0
    501 12  6  101   8 2s2p2(2PE) 8p    2.08743E+00  1.86163E+01  1.0
    502 12  6  101   9 2p3(2DO) 5d      2.18899E+00  1.87179E+01  1.0
    503 12  6  101  10 2s2p2(2PE) 9p    2.26437E+00  1.87933E+01  1.0
    504 12  6  101  11 2s2p2(2PE)10p    2.38642E+00  1.89153E+01  1.0
 ====================================================================
