 ====================================================================
      i NZ NE iSLP iLV iCONF                 E(RYD)      TE(RYD)   gi
 ====================================================================
      1 12  5  211   1 2s2 2p          -1.94929E+01  0.00000E+00  6.0
      2 12  5  410   1 2s 2p2          -1.83456E+01  1.14730E+00 12.0
      3 12  5  220   1 2s 2p2          -1.74129E+01  2.08000E+00 10.0
      4 12  5  200   1 2s 2p2          -1.67947E+01  2.69820E+00  2.0
      5 12  5  210   1 2s 2p2          -1.66025E+01  2.89040E+00  6.0
      6 12  5  401   1 2p3             -1.57903E+01  3.70260E+00  4.0
      7 12  5  221   1 2p3             -1.53078E+01  4.18510E+00 10.0
      8 12  5  211   2 2p3             -1.47563E+01  4.73660E+00  6.0
      9 12  5  200   2 2s2 3s          -8.48930E+00  1.10036E+01  2.0
     10 12  5  211   3 2s2 3p          -7.90519E+00  1.15877E+01  6.0
     11 12  5  220   2 2s2 3d          -7.35989E+00  1.21330E+01 10.0
     12 12  5  411   1 2s2p(3PO) 3s    -7.21368E+00  1.22792E+01 12.0
     13 12  5  211   4 2s2p(3PO) 3s    -6.93645E+00  1.25565E+01  6.0
     14 12  5  210   2 2s2p(3PO) 3p    -6.71362E+00  1.27793E+01  6.0
     15 12  5  420   1 2s2p(3PO) 3p    -6.68457E+00  1.28083E+01 20.0
     16 12  5  400   1 2s2p(3PO) 3p    -6.57498E+00  1.29179E+01  4.0
     17 12  5  410   2 2s2p(3PO) 3p    -6.48694E+00  1.30060E+01 12.0
     18 12  5  220   3 2s2p(3PO) 3p    -6.41126E+00  1.30816E+01 10.0
     19 12  5  200   3 2s2p(3PO) 3p    -6.22461E+00  1.32683E+01  2.0
     20 12  5  431   1 2s2p(3PO) 3d    -6.22355E+00  1.32694E+01 28.0
     21 12  5  421   1 2s2p(3PO) 3d    -6.10346E+00  1.33894E+01 20.0
     22 12  5  221   2 2s2p(3PO) 3d    -6.08554E+00  1.34074E+01 10.0
     23 12  5  411   2 2s2p(3PO) 3d    -6.03591E+00  1.34570E+01 12.0
     24 12  5  211   5 2s2p(1PO) 3s    -5.97631E+00  1.35166E+01  6.0
     25 12  5  231   1 2s2p(3PO) 3d    -5.82667E+00  1.36662E+01 14.0
     26 12  5  211   6 2s2p(3PO) 3d    -5.75292E+00  1.37400E+01  6.0
     27 12  5  220   4 2s2p(1PO) 3p    -5.42317E+00  1.40697E+01 10.0
     28 12  5  210   3 2s2p(1PO) 3p    -5.41162E+00  1.40813E+01  6.0
     29 12  5  200   4 2s2p(1PO) 3p    -5.31610E+00  1.41768E+01  2.0
     30 12  5  410   3 2p2(3PE) 3s     -5.04803E+00  1.44449E+01 12.0
     31 12  5  231   2 2s2p(1PO) 3d    -4.98423E+00  1.45087E+01 14.0
     32 12  5  221   3 2s2p(1PO) 3d    -4.88727E+00  1.46056E+01 10.0
     33 12  5  211   7 2s2p(1PO) 3d    -4.80166E+00  1.46912E+01  6.0
     34 12  5  210   4 2p2(3PE) 3s     -4.77167E+00  1.47212E+01  6.0
     35 12  5  201   1 2p2(3PE) 3p     -4.68867E+00  1.48042E+01  2.0
     36 12  5  220   5 2p2(1DE) 3s     -4.62064E+00  1.48723E+01 10.0
     37 12  5  421   2 2p2(3PE) 3p     -4.58651E+00  1.49064E+01 20.0
     38 12  5  411   3 2p2(3PE) 3p     -4.51993E+00  1.49730E+01 12.0
     39 12  5  200   5 2s2 4s          -4.50282E+00  1.49901E+01  2.0
     40 12  5  221   4 2p2(3PE) 3p     -4.45658E+00  1.50363E+01 10.0
     41 12  5  211   8 2p2(3PE) 3p     -4.33352E+00  1.51594E+01  6.0
     42 12  5  401   2 2p2(3PE) 3p     -4.31430E+00  1.51786E+01  4.0
     43 12  5  211   9 2s2 4p          -4.27646E+00  1.52164E+01  6.0
     44 12  5  430   1 2p2(3PE) 3d     -4.17542E+00  1.53175E+01 28.0
     45 12  5  231   3 2p2(1DE) 3p     -4.15850E+00  1.53344E+01 14.0
     46 12  5  220   6 2s2 4d          -4.10374E+00  1.53892E+01 10.0
     47 12  5  420   2 2p2(3PE) 3d     -4.06825E+00  1.54247E+01 20.0
     48 12  5  210   5 2p2(3PE) 3d     -4.05938E+00  1.54335E+01  6.0
     49 12  5  230   1 2p2(3PE) 3d     -4.03384E+00  1.54591E+01 14.0
     50 12  5  221   5 2p2(1DE) 3p     -3.99286E+00  1.55000E+01 10.0
     51 12  5  231   4 2s2 4f          -3.98405E+00  1.55089E+01 14.0
     52 12  5  410   4 2p2(3PE) 3d     -3.93925E+00  1.55537E+01 12.0
     53 12  5  211  10 2p2(1DE) 3p     -3.86570E+00  1.56272E+01  6.0
     54 12  5  200   6 2p2(1SE) 3s:    -3.78069E+00  1.57122E+01  2.0
     55 12  5  220   7 2p2(3PE) 3d     -3.73725E+00  1.57557E+01 10.0
     56 12  5  240   1 2p2(1DE) 3d     -3.72919E+00  1.57637E+01 18.0
     57 12  5  230   2 2p2(1DE) 3d     -3.60810E+00  1.58848E+01 14.0
     58 12  5  220   8 2p2(1DE) 3d     -3.58388E+00  1.59090E+01 10.0
     59 12  5  210   6 2p2(1DE) 3d     -3.45575E+00  1.60372E+01  6.0
     60 12  5  200   7 2p2(1DE) 3d:    -3.36531E+00  1.61276E+01  2.0
     61 12  5  411   4 2s2p(3PO) 4s    -3.25387E+00  1.62390E+01 12.0
     62 12  5  211  11 2p2(1SE) 3p     -3.22163E+00  1.62713E+01  6.0
     63 12  5  211  12 2s2p(3PO) 4s    -3.15589E+00  1.63370E+01  6.0
     64 12  5  420   3 2s2p(3PO) 4p    -3.04051E+00  1.64524E+01 20.0
     65 12  5  210   7 2s2p(3PO) 4p    -3.02995E+00  1.64630E+01  6.0
     66 12  5  400   2 2s2p(3PO) 4p    -3.00700E+00  1.64859E+01  4.0
     67 12  5  410   5 2s2p(3PO) 4p    -2.98375E+00  1.65092E+01 12.0
     68 12  5  220   9 2s2p(3PO) 4p    -2.93611E+00  1.65568E+01 10.0
     69 12  5  200   8 2s2p(3PO) 4p:   -2.87816E+00  1.66147E+01  2.0
     70 12  5  431   2 2s2p(3PO) 4d    -2.87449E+00  1.66184E+01 28.0
     71 12  5  421   3 2s2p(3PO) 4d    -2.82941E+00  1.66635E+01 20.0
     72 12  5  221   6 2s2p(3PO) 4d    -2.81952E+00  1.66734E+01 10.0
     73 12  5  200   9 2s2 5s:         -2.81338E+00  1.66795E+01  2.0
     74 12  5  411   5 2s2p(3PO) 4d    -2.81034E+00  1.66826E+01 12.0
     75 12  5  220  10 2p2(1SE) 3d     -2.79860E+00  1.66943E+01 10.0
     76 12  5  430   2 2s2p(3PO) 4f    -2.74160E+00  1.67513E+01 28.0
     77 12  5  440   1 2s2p(3PO) 4f    -2.73150E+00  1.67614E+01 36.0
     78 12  5  231   5 2s2p(3PO) 4d    -2.73050E+00  1.67624E+01 14.0
     79 12  5  230   3 2s2p(3PO) 4f    -2.72365E+00  1.67693E+01 14.0
     80 12  5  240   2 2s2p(3PO) 4f    -2.71785E+00  1.67751E+01 18.0
     81 12  5  211  13 2s2p(3PO) 4d:   -2.70878E+00  1.67841E+01  6.0
     82 12  5  420   4 2s2p(3PO) 4f    -2.70435E+00  1.67886E+01 20.0
     83 12  5  211  14 2s2 5p:         -2.70335E+00  1.67896E+01  6.0
     84 12  5  220  11 2s2p(3PO) 4f    -2.68025E+00  1.68127E+01 10.0
     85 12  5  220  12 2s2 5d          -2.61050E+00  1.68824E+01 10.0
     86 12  5  240   3 2s2 5g          -2.56559E+00  1.69273E+01 18.0
     87 12  5  231   6 2s2 5f          -2.56314E+00  1.69298E+01 14.0
     88 12  5  211  15 2s2p(1PO) 4s    -2.04126E+00  1.74516E+01  6.0
     89 12  5  200  10 2s2 6s          -1.94603E+00  1.75469E+01  2.0
     90 12  5  211  16 2s2 6p          -1.86307E+00  1.76298E+01  6.0
     91 12  5  220  13 2s2p(1PO) 4p    -1.82963E+00  1.76633E+01 10.0
     92 12  5  210   8 2s2p(1PO) 4p    -1.81066E+00  1.76822E+01  6.0
     93 12  5  220  14 2s2 6d          -1.80671E+00  1.76862E+01 10.0
     94 12  5  231   7 2s2 6f          -1.78866E+00  1.77042E+01 14.0
     95 12  5  240   4 2s2 6g          -1.78739E+00  1.77055E+01 18.0
     96 12  5  200  11 2s2p(1PO) 4p    -1.76644E+00  1.77265E+01  2.0
     97 12  5  231   8 2s2p(1PO) 4d    -1.64613E+00  1.78468E+01 14.0
     98 12  5  221   7 2s2p(1PO) 4d    -1.63812E+00  1.78548E+01 10.0
     99 12  5  211  17 2s2p(1PO) 4d    -1.59635E+00  1.78966E+01  6.0
    100 12  5  230   4 2s2p(1PO) 4f    -1.55667E+00  1.79362E+01 14.0
    101 12  5  411   6 2s2p(3PO) 5s    -1.55006E+00  1.79428E+01 12.0
    102 12  5  240   5 2s2p(1PO) 4f    -1.52451E+00  1.79684E+01 18.0
    103 12  5  211  18 2s2p(3PO) 5s    -1.51176E+00  1.79811E+01  6.0
    104 12  5  220  15 2s2p(1PO) 4f    -1.50081E+00  1.79921E+01 10.0
    105 12  5  210   9 2s2p(3PO) 5p    -1.45477E+00  1.80381E+01  6.0
    106 12  5  420   5 2s2p(3PO) 5p    -1.44219E+00  1.80507E+01 20.0
    107 12  5  400   3 2s2p(3PO) 5p    -1.42315E+00  1.80698E+01  4.0
    108 12  5  410   6 2s2p(3PO) 5p    -1.41663E+00  1.80763E+01 12.0
    109 12  5  200  12 2s2 7s          -1.39939E+00  1.80935E+01  2.0
    110 12  5  220  16 2s2p(3PO) 5p    -1.39529E+00  1.80976E+01 10.0
    111 12  5  431   3 2s2p(3PO) 5d    -1.35788E+00  1.81350E+01 28.0
    112 12  5  211  19 2s2 7p          -1.35417E+00  1.81387E+01  6.0
    113 12  5  200  13 2s2p(3PO) 5p    -1.35036E+00  1.81425E+01  2.0
    114 12  5  421   4 2s2p(3PO) 5d    -1.33710E+00  1.81558E+01 20.0
    115 12  5  221   8 2s2p(3PO) 5d    -1.32876E+00  1.81641E+01 10.0
    116 12  5  411   7 2s2p(3PO) 5d    -1.32809E+00  1.81648E+01 12.0
    117 12  5  220  17 2s2 7d          -1.32527E+00  1.81676E+01 10.0
    118 12  5  231   9 2s2 7f          -1.30915E+00  1.81838E+01 14.0
    119 12  5  240   6 2s2 7g          -1.30157E+00  1.81913E+01 18.0
    120 12  5  430   3 2s2p(3PO) 5f    -1.29852E+00  1.81944E+01 28.0
    121 12  5  230   5 2s2p(3PO) 5f    -1.29637E+00  1.81965E+01 14.0
    122 12  5  241   1 2s2p(3PO) 5g    -1.29627E+00  1.81966E+01 18.0
    123 12  5  441   1 2s2p(3PO) 5g    -1.29625E+00  1.81967E+01 36.0
    124 12  5  440   2 2s2p(3PO) 5f    -1.28959E+00  1.82033E+01 36.0
    125 12  5  231  10 2s2p(3PO) 5d    -1.28479E+00  1.82081E+01 14.0
    126 12  5  431   4 2s2p(3PO) 5g    -1.28339E+00  1.82095E+01 28.0
    127 12  5  231  11 2s2p(3PO) 5g    -1.28317E+00  1.82097E+01 14.0
    128 12  5  240   7 2s2p(3PO) 5f    -1.28082E+00  1.82121E+01 18.0
    129 12  5  420   6 2s2p(3PO) 5f    -1.27921E+00  1.82137E+01 20.0
    130 12  5  211  20 2s2p(3PO) 5d    -1.27841E+00  1.82145E+01  6.0
    131 12  5  220  18 2s2p(3PO) 5f    -1.27176E+00  1.82211E+01 10.0
    132 12  5  410   7 2p2(3PE) 4s     -1.18438E+00  1.83085E+01 12.0
    133 12  5  210  10 2p2(3PE) 4s     -1.10602E+00  1.83869E+01  6.0
    134 12  5  200  14 2s2 8s          -1.06052E+00  1.84324E+01  2.0
    135 12  5  211  21 2s2 8p          -1.03383E+00  1.84591E+01  6.0
    136 12  5  201   2 2p2(3PE) 4p     -1.03041E+00  1.84625E+01  2.0
    137 12  5  220  19 2s2 8d          -1.01271E+00  1.84802E+01 10.0
    138 12  5  231  12 2s2 8f          -1.00083E+00  1.84921E+01 14.0
    139 12  5  240   8 2s2 8g          -9.99355E-01  1.84935E+01 18.0
    140 12  5  421   5 2p2(3PE) 4p     -9.95490E-01  1.84974E+01 20.0
    141 12  5  411   8 2p2(3PE) 4p     -9.70618E-01  1.85223E+01 12.0
    142 12  5  221   9 2p2(3PE) 4p     -9.21384E-01  1.85715E+01 10.0
    143 12  5  401   3 2p2(3PE) 4p     -9.08698E-01  1.85842E+01  4.0
    144 12  5  211  22 2p2(3PE) 4p     -8.74138E-01  1.86188E+01  6.0
    145 12  5  430   4 2p2(3PE) 4d     -8.33745E-01  1.86592E+01 28.0
    146 12  5  200  15 2s2 9s          -8.33132E-01  1.86598E+01  2.0
    147 12  5  220  20 2p2(1DE) 4s     -8.28777E-01  1.86641E+01 10.0
    148 12  5  211  23 2s2 9p          -8.14113E-01  1.86788E+01  6.0
    149 12  5  420   7 2p2(3PE) 4d     -8.01457E-01  1.86914E+01 20.0
    150 12  5  220  21 2s2 9d          -7.99099E-01  1.86938E+01 10.0
    151 12  5  210  11 2p2(3PE) 4d     -7.91179E-01  1.87017E+01  6.0
    152 12  5  231  13 2s2 9f          -7.91033E-01  1.87019E+01 14.0
    153 12  5  240   9 2s2 9g          -7.90134E-01  1.87028E+01 18.0
    154 12  5  410   8 2p2(3PE) 4d     -7.56655E-01  1.87362E+01 12.0
    155 12  5  230   6 2p2(3PE) 4d     -7.51486E-01  1.87414E+01 14.0
    156 12  5  441   2 2p2(3PE) 4f     -7.17274E-01  1.87756E+01 36.0
    157 12  5  421   6 2p2(3PE) 4f     -7.09437E-01  1.87835E+01 20.0
    158 12  5  241   2 2p2(3PE) 4f     -7.09432E-01  1.87835E+01 18.0
    159 12  5  221  10 2p2(3PE) 4f     -7.07368E-01  1.87855E+01 10.0
    160 12  5  431   5 2p2(3PE) 4f     -6.83848E-01  1.88091E+01 28.0
    161 12  5  231  14 2p2(3PE) 4f     -6.72496E-01  1.88204E+01 14.0
    162 12  5  220  22 2p2(3PE) 4d     -6.71722E-01  1.88212E+01 10.0
    163 12  5  200  16 2s210s          -6.71653E-01  1.88212E+01  2.0
    164 12  5  211  24 2s210p          -6.58441E-01  1.88345E+01  6.0
    165 12  5  411   9 2s2p(3PO) 6s    -6.47408E-01  1.88455E+01 12.0
    166 12  5  220  23 2s210d          -6.46493E-01  1.88464E+01 10.0
    167 12  5  231  15 2s210f          -6.40839E-01  1.88521E+01 14.0
    168 12  5  240  10 2s210g          -6.40221E-01  1.88527E+01 18.0
    169 12  5  221  11 2p2(1DE) 4p     -6.00757E-01  1.88921E+01 10.0
    170 12  5  420   8 2s2p(3PO) 6p    -5.86945E-01  1.89060E+01 20.0
    171 12  5  210  12 2s2p(3PO) 6p    -5.83060E-01  1.89098E+01  6.0
    172 12  5  400   4 2s2p(3PO) 6p    -5.80428E-01  1.89125E+01  4.0
    173 12  5  410   9 2s2p(3PO) 6p    -5.73703E-01  1.89192E+01 12.0
    174 12  5  431   6 2s2p(3PO) 6d    -5.42873E-01  1.89500E+01 28.0
    175 12  5  421   7 2s2p(3PO) 6d    -5.30872E-01  1.89620E+01 20.0
    176 12  5  221  12 2s2p(3PO) 6d    -5.29165E-01  1.89637E+01 10.0
    177 12  5  411  10 2s2p(3PO) 6d    -5.26749E-01  1.89662E+01 12.0
    178 12  5  430   5 2s2p(3PO) 6f    -5.07089E-01  1.89858E+01 28.0
    179 12  5  440   3 2s2p(3PO) 6f    -5.05103E-01  1.89878E+01 36.0
    180 12  5  230   7 2s2p(3PO) 6f    -5.04858E-01  1.89880E+01 14.0
    181 12  5  440   4 2s2p(3PO) 6h    -4.99628E-01  1.89933E+01 36.0
    182 12  5  420   9 2s2p(3PO) 6f    -4.97298E-01  1.89956E+01 20.0
    183 12  5  441   3 2s2p(3PO) 6g    -4.95668E-01  1.89972E+01 36.0
    184 12  5  241   3 2s2p(3PO) 6g    -4.94956E-01  1.89979E+01 18.0
    185 12  5  431   7 2s2p(3PO) 6g    -4.90667E-01  1.90022E+01 28.0
    186 12  5  230   8 2p2(1DE) 4d     -4.38693E-01  1.90542E+01 14.0
    187 12  5  241   4 2p2(1DE) 4f     -3.89930E-01  1.91030E+01 18.0
    188 12  5  210  13 2p2(1DE) 4d     -3.85072E-01  1.91078E+01  6.0
    189 12  5  221  13 2p2(1DE) 4f     -3.39081E-01  1.91538E+01 10.0
    190 12  5  210  14 2s2p(1PO) 5p    -2.15879E-01  1.92770E+01  6.0
    191 12  5  221  14 2s2p(1PO) 5d    -1.44555E-01  1.93483E+01 10.0
    192 12  5  411  11 2s2p(3PO) 7s    -1.21572E-01  1.93713E+01 12.0
    193 12  5  230   9 2s2p(1PO) 5f    -1.03957E-01  1.93889E+01 14.0
    194 12  5  241   5 2s2p(1PO) 5g    -8.96329E-02  1.94033E+01 18.0
    195 12  5  420  10 2s2p(3PO) 7p    -8.40198E-02  1.94089E+01 20.0
    196 12  5  210  15 2s2p(3PO) 7p    -8.25461E-02  1.94104E+01  6.0
    197 12  5  400   5 2s2p(3PO) 7p    -7.84506E-02  1.94144E+01  4.0
    198 12  5  410  10 2s2p(3PO) 7p    -7.57303E-02  1.94172E+01 12.0
    199 12  5  431   8 2s2p(3PO) 7d    -5.52659E-02  1.94376E+01 28.0
    200 12  5  421   8 2s2p(3PO) 7d    -4.79637E-02  1.94449E+01 20.0
    201 12  5  411  12 2s2p(3PO) 7d    -4.52903E-02  1.94476E+01 12.0
    202 12  5  221  15 2s2p(3PO) 7d    -4.47519E-02  1.94481E+01 10.0
    203 12  5  430   6 2s2p(3PO) 7f    -3.39224E-02  1.94590E+01 28.0
    204 12  5  440   5 2s2p(3PO) 7f    -3.19710E-02  1.94609E+01 36.0
    205 12  5  230  10 2s2p(3PO) 7f    -3.12301E-02  1.94617E+01 14.0
    206 12  5  441   4 2s2p(3PO) 7g    -3.00468E-02  1.94629E+01 36.0
    207 12  5  241   6 2s2p(3PO) 7g    -2.99450E-02  1.94630E+01 18.0
    208 12  5  440   6 2s2p(3PO) 7h    -2.84749E-02  1.94644E+01 36.0
    209 12  5  420  11 2s2p(3PO) 7f    -2.77074E-02  1.94652E+01 20.0
    210 12  5  431   9 2s2p(3PO) 7g    -2.65790E-02  1.94663E+01 28.0
    211 12  5  411  13 2s2p(3PO) 8s     2.15331E-01  1.97082E+01 12.0
    212 12  5  210  16 2s2p(3PO) 8p     2.39392E-01  1.97323E+01  6.0
    213 12  5  420  12 2s2p(3PO) 8p     2.40389E-01  1.97333E+01 20.0
    214 12  5  400   6 2s2p(3PO) 8p     2.44263E-01  1.97372E+01  4.0
    215 12  5  410  11 2s2p(3PO) 8p     2.45842E-01  1.97387E+01 12.0
    216 12  5  431  10 2s2p(3PO) 8d     2.59703E-01  1.97526E+01 28.0
    217 12  5  421   9 2s2p(3PO) 8d     2.64539E-01  1.97574E+01 20.0
    218 12  5  221  16 2s2p(3PO) 8d     2.65563E-01  1.97585E+01 10.0
    219 12  5  411  14 2s2p(3PO) 8d     2.66231E-01  1.97591E+01 12.0
    220 12  5  430   7 2s2p(3PO) 8f     2.73668E-01  1.97666E+01 28.0
    221 12  5  230  11 2s2p(3PO) 8f     2.74789E-01  1.97677E+01 14.0
    222 12  5  440   7 2s2p(3PO) 8f     2.75094E-01  1.97680E+01 36.0
    223 12  5  441   5 2s2p(3PO) 8g     2.75780E-01  1.97687E+01 36.0
    224 12  5  241   7 2s2p(3PO) 8g     2.75811E-01  1.97687E+01 18.0
    225 12  5  440   8 2s2p(3PO) 8h     2.77461E-01  1.97704E+01 36.0
    226 12  5  420  13 2s2p(3PO) 8f     2.77770E-01  1.97707E+01 20.0
    227 12  5  431  11 2s2p(3PO) 8g     2.78282E-01  1.97712E+01 28.0
    228 12  5  411  15 2s2p(3PO) 9s     4.43386E-01  1.99363E+01 12.0
    229 12  5  210  17 2s2p(3PO) 9p     4.56505E-01  1.99494E+01  6.0
    230 12  5  420  14 2s2p(3PO) 9p     4.61193E-01  1.99541E+01 20.0
    231 12  5  400   7 2s2p(3PO) 9p     4.64090E-01  1.99570E+01  4.0
    232 12  5  410  12 2s2p(3PO) 9p     4.64532E-01  1.99574E+01 12.0
    233 12  5  431  12 2s2p(3PO) 9d     4.74887E-01  1.99678E+01 28.0
    234 12  5  421  10 2s2p(3PO) 9d     4.78209E-01  1.99711E+01 20.0
    235 12  5  221  17 2s2p(3PO) 9d     4.78710E-01  1.99716E+01 10.0
    236 12  5  411  16 2s2p(3PO) 9d     4.79391E-01  1.99723E+01 12.0
    237 12  5  430   8 2s2p(3PO) 9f     4.84408E-01  1.99773E+01 28.0
    238 12  5  230  12 2s2p(3PO) 9f     4.84798E-01  1.99777E+01 14.0
    239 12  5  241   8 2s2p(3PO) 9g     4.85567E-01  1.99785E+01 18.0
    240 12  5  441   6 2s2p(3PO) 9g     4.85567E-01  1.99785E+01 36.0
    241 12  5  440   9 2s2p(3PO) 9f     4.85609E-01  1.99785E+01 36.0
    242 12  5  440  10 2s2p(3PO) 9h     4.87143E-01  1.99800E+01 36.0
    243 12  5  420  15 2s2p(3PO) 9f     4.87345E-01  1.99802E+01 20.0
    244 12  5  431  13 2s2p(3PO) 9g     4.87525E-01  1.99804E+01 28.0
    245 12  5  410  13 2p2(3PE) 5s      5.03443E-01  1.99963E+01 12.0
    246 12  5  210  18 2p2(3PE) 5s      5.31125E-01  2.00240E+01  6.0
    247 12  5  201   3 2p2(3PE) 5p      5.82249E-01  2.00751E+01  2.0
    248 12  5  411  17 2s2p(3PO)10s     5.97754E-01  2.00907E+01 12.0
    249 12  5  421  11 2p2(3PE) 5p      5.98045E-01  2.00909E+01 20.0
    250 12  5  210  19 2s2p(1PO) 6p     6.10455E-01  2.01034E+01  6.0
    251 12  5  420  16 2s2p(3PO)10p     6.17854E-01  2.01108E+01 20.0
    252 12  5  411  18 2p2(3PE) 5p      6.18793E-01  2.01117E+01 12.0
    253 12  5  400   8 2s2p(3PO)10p     6.20556E-01  2.01135E+01  4.0
    254 12  5  410  14 2s2p(3PO)10p     6.21241E-01  2.01141E+01 12.0
    255 12  5  210  20 2s2p(3PO)10p     6.27861E-01  2.01208E+01  6.0
    256 12  5  431  14 2s2p(3PO)10d     6.28378E-01  2.01213E+01 28.0
    257 12  5  221  18 2s2p(3PO)10d     6.29953E-01  2.01229E+01 10.0
    258 12  5  421  12 2s2p(3PO)10d     6.31106E-01  2.01240E+01 20.0
    259 12  5  411  19 2s2p(3PO)10d     6.31772E-01  2.01247E+01 12.0
    260 12  5  230  13 2s2p(3PO)10f     6.34353E-01  2.01273E+01 14.0
    261 12  5  430   9 2s2p(3PO)10f     6.34392E-01  2.01273E+01 28.0
    262 12  5  441   7 2s2p(3PO)10g     6.35124E-01  2.01280E+01 36.0
    263 12  5  241   9 2s2p(3PO)10g     6.35128E-01  2.01280E+01 18.0
    264 12  5  440  11 2s2p(3PO)10f     6.36163E-01  2.01291E+01 36.0
    265 12  5  440  12 2s2p(3PO)10h     6.36945E-01  2.01298E+01 36.0
    266 12  5  431  15 2s2p(3PO)10g     6.36961E-01  2.01299E+01 28.0
    267 12  5  420  17 2s2p(3PO)10f     6.37042E-01  2.01299E+01 20.0
    268 12  5  401   4 2p2(3PE) 5p      6.37805E-01  2.01307E+01  4.0
    269 12  5  201   4 2p2(3PE) 6p      1.43696E+00  2.09299E+01  2.0
    270 12  5  401   5 2p2(3PE) 6p      1.46720E+00  2.09601E+01  4.0
    271 12  5  201   5 2p2(3PE) 7p      1.94418E+00  2.14371E+01  2.0
    272 12  5  401   6 2p2(3PE) 7p      1.96242E+00  2.14553E+01  4.0
    273 12  5  201   6 2p2(3PE) 8p      2.27000E+00  2.17629E+01  2.0
    274 12  5  401   7 2p2(3PE) 8p      2.28187E+00  2.17748E+01  4.0
    275 12  5  201   7 2p2(3PE) 9p      2.49159E+00  2.19845E+01  2.0
    276 12  5  401   8 2p2(3PE) 9p      2.49978E+00  2.19927E+01  4.0
    277 12  5  201   8 2p2(3PE)10p      2.64913E+00  2.21420E+01  2.0
    278 12  5  401   9 2p2(3PE)10p      2.65501E+00  2.21479E+01  4.0
 ====================================================================
