 ================================================
       I  NZ  NE  ISLP  ILV        E(RYD)      NP
 ================================================
       1  14  11   200    1  -3.29537E+00      72
  3.135367E+00 3.175E-01
  3.167367E+00 3.150E-01
  3.199367E+00 3.126E-01
  3.231367E+00 3.102E-01
  3.263367E+00 3.078E-01
  3.295367E+00 3.054E-01
  3.375367E+00 2.995E-01
  3.455367E+00 2.938E-01
  3.535367E+00 2.881E-01
  3.615367E+00 2.825E-01
  3.695367E+00 2.771E-01
  3.775367E+00 2.718E-01
  3.855367E+00 2.666E-01
  3.935367E+00 2.615E-01
  4.015367E+00 2.566E-01
  4.095367E+00 2.517E-01
  4.175367E+00 2.470E-01
  4.255367E+00 2.424E-01
  4.335367E+00 2.380E-01
  4.415367E+00 2.336E-01
  4.495367E+00 2.293E-01
  4.575367E+00 2.251E-01
  4.655367E+00 2.210E-01
  4.735367E+00 2.170E-01
  4.815367E+00 2.131E-01
  4.895367E+00 2.093E-01
  5.295367E+00 1.913E-01
  6.029084E+00 1.654E-01
  6.864459E+00 1.430E-01
  7.815587E+00 1.237E-01
  8.898500E+00 1.069E-01
  1.013146E+01 9.248E-02
  1.153525E+01 7.996E-02
  1.313355E+01 6.914E-02
  1.495331E+01 5.979E-02
  1.702521E+01 5.170E-02
  1.938419E+01 4.470E-02
  2.207002E+01 3.865E-02
  2.512801E+01 3.342E-02
  2.860970E+01 2.890E-02
  3.257379E+01 2.499E-02
  3.708716E+01 2.161E-02
  4.222589E+01 1.869E-02
  4.807658E+01 1.616E-02
  5.473799E+01 1.397E-02
  6.232239E+01 1.208E-02
  7.095766E+01 1.045E-02
  8.078941E+01 9.033E-03
  9.198349E+01 7.811E-03
  1.047285E+02 6.754E-03
  1.192395E+02 5.840E-03
  1.357611E+02 5.050E-03
  1.545719E+02 4.367E-03
  1.759891E+02 3.776E-03
  2.003738E+02 3.265E-03
  2.281372E+02 2.823E-03
  2.597473E+02 2.441E-03
  2.957375E+02 2.111E-03
  3.367144E+02 1.825E-03
  3.833684E+02 1.578E-03
  4.364873E+02 1.365E-03
  4.969661E+02 1.180E-03
  5.658250E+02 1.020E-03
  6.442246E+02 8.823E-04
  7.334871E+02 7.629E-04
  8.351177E+02 6.597E-04
  9.508301E+02 5.704E-04
  1.082575E+03 4.933E-04
  1.232575E+03 4.265E-04
  1.403357E+03 3.688E-04
  1.597804E+03 3.189E-04
  1.819194E+03 2.758E-04
       2  14  11   211    1  -2.64623E+00      71
  2.486228E+00 5.353E-01
  2.518228E+00 5.331E-01
  2.550228E+00 5.308E-01
  2.582228E+00 5.284E-01
  2.614228E+00 5.260E-01
  2.646228E+00 5.234E-01
  2.726228E+00 5.168E-01
  2.806228E+00 5.098E-01
  2.886228E+00 5.025E-01
  2.966228E+00 4.949E-01
  3.046228E+00 4.871E-01
  3.126228E+00 4.792E-01
  3.206228E+00 4.711E-01
  3.286228E+00 4.629E-01
  3.366228E+00 4.547E-01
  3.446228E+00 4.464E-01
  3.526228E+00 4.380E-01
  3.606228E+00 4.296E-01
  3.686228E+00 4.212E-01
  3.766228E+00 4.129E-01
  3.846228E+00 4.045E-01
  3.926228E+00 3.962E-01
  4.006228E+00 3.879E-01
  4.086228E+00 3.797E-01
  4.166228E+00 3.716E-01
  4.246228E+00 3.635E-01
  4.646228E+00 3.244E-01
  5.252245E+00 2.798E-01
  5.937311E+00 2.413E-01
  6.711728E+00 2.082E-01
  7.587158E+00 1.795E-01
  8.576771E+00 1.549E-01
  9.695462E+00 1.336E-01
  1.096007E+01 1.152E-01
  1.238961E+01 9.938E-02
  1.400562E+01 8.572E-02
  1.583241E+01 7.393E-02
  1.789746E+01 6.377E-02
  2.023187E+01 5.500E-02
  2.287077E+01 4.744E-02
  2.585387E+01 4.092E-02
  2.922606E+01 3.529E-02
  3.303810E+01 3.044E-02
  3.734732E+01 2.626E-02
  4.221863E+01 2.265E-02
  4.772533E+01 1.953E-02
  5.395027E+01 1.685E-02
  6.098717E+01 1.453E-02
  6.894182E+01 1.254E-02
  7.793413E+01 1.081E-02
  8.809924E+01 9.326E-03
  9.959032E+01 8.044E-03
  1.125801E+02 6.938E-03
  1.272641E+02 5.984E-03
  1.438635E+02 5.162E-03
  1.626281E+02 4.452E-03
  1.838401E+02 3.840E-03
  2.078189E+02 3.312E-03
  2.349253E+02 2.857E-03
  2.655669E+02 2.464E-03
  3.002056E+02 2.125E-03
  3.393623E+02 1.833E-03
  3.836262E+02 1.581E-03
  4.336636E+02 1.364E-03
  4.902273E+02 1.176E-03
  5.541689E+02 1.015E-03
  6.264507E+02 8.752E-04
  7.081604E+02 7.549E-04
  8.005278E+02 6.511E-04
  9.049419E+02 5.616E-04
  1.022976E+03 4.844E-04
       3  14  11   220    1  -1.86094E+00      54
  1.700938E+00 2.013E+00
  1.732938E+00 1.900E+00
  1.764938E+00 1.795E+00
  1.796938E+00 1.697E+00
  1.828938E+00 1.606E+00
  1.860938E+00 1.521E+00
  1.940938E+00 1.332E+00
  2.020938E+00 1.171E+00
  2.100938E+00 1.034E+00
  2.180938E+00 9.171E-01
  2.260938E+00 8.160E-01
  2.340938E+00 7.285E-01
  2.420938E+00 6.524E-01
  2.500938E+00 5.860E-01
  2.580938E+00 5.279E-01
  2.660938E+00 4.768E-01
  2.740938E+00 4.318E-01
  2.820938E+00 3.920E-01
  2.900938E+00 3.567E-01
  2.980938E+00 3.254E-01
  3.060938E+00 2.974E-01
  3.140938E+00 2.724E-01
  3.220938E+00 2.500E-01
  3.300938E+00 2.299E-01
  3.380938E+00 2.119E-01
  3.460938E+00 1.956E-01
  3.860938E+00 1.344E-01
  4.064505E+00 1.127E-01
  4.278802E+00 9.453E-02
  4.504399E+00 7.928E-02
  4.741893E+00 6.649E-02
  4.991906E+00 5.576E-02
  5.255101E+00 4.676E-02
  5.532174E+00 3.922E-02
  5.823856E+00 3.289E-02
  6.130917E+00 2.758E-02
  6.454165E+00 2.313E-02
  6.794459E+00 1.940E-02
  7.152693E+00 1.627E-02
  7.529815E+00 1.365E-02
  7.926820E+00 1.144E-02
  8.344758E+00 9.598E-03
  8.784729E+00 8.049E-03
  9.247902E+00 6.751E-03
  9.735494E+00 5.661E-03
  1.024879E+01 4.748E-03
  1.078915E+01 3.982E-03
  1.135800E+01 3.340E-03
  1.195685E+01 2.801E-03
  1.258726E+01 2.349E-03
  1.325092E+01 1.970E-03
  1.394956E+01 1.652E-03
  1.468506E+01 1.385E-03
  1.545931E+01 1.162E-03
       4  14  11   200    2  -1.54306E+00      66
  1.383060E+00 4.411E-01
  1.415059E+00 4.320E-01
  1.447059E+00 4.231E-01
  1.479059E+00 4.143E-01
  1.511059E+00 4.056E-01
  1.543059E+00 3.972E-01
  1.623059E+00 3.768E-01
  1.703059E+00 3.577E-01
  1.783059E+00 3.397E-01
  1.863059E+00 3.228E-01
  1.943059E+00 3.071E-01
  2.023059E+00 2.924E-01
  2.103059E+00 2.786E-01
  2.183059E+00 2.658E-01
  2.263059E+00 2.538E-01
  2.343059E+00 2.426E-01
  2.423059E+00 2.321E-01
  2.503059E+00 2.222E-01
  2.583059E+00 2.130E-01
  2.663059E+00 2.043E-01
  2.743059E+00 1.962E-01
  2.823059E+00 1.886E-01
  2.903059E+00 1.814E-01
  2.983059E+00 1.746E-01
  3.063059E+00 1.682E-01
  3.143059E+00 1.622E-01
  3.543059E+00 1.365E-01
  3.944955E+00 1.171E-01
  4.392436E+00 1.004E-01
  4.890676E+00 8.616E-02
  5.445434E+00 7.391E-02
  6.063118E+00 6.340E-02
  6.750868E+00 5.439E-02
  7.516627E+00 4.665E-02
  8.369251E+00 4.002E-02
  9.318587E+00 3.433E-02
  1.037560E+01 2.945E-02
  1.155252E+01 2.526E-02
  1.286294E+01 2.167E-02
  1.432201E+01 1.859E-02
  1.594657E+01 1.595E-02
  1.775542E+01 1.368E-02
  1.976945E+01 1.173E-02
  2.201193E+01 1.007E-02
  2.450877E+01 8.634E-03
  2.728885E+01 7.407E-03
  3.038426E+01 6.353E-03
  3.383080E+01 5.450E-03
  3.766827E+01 4.675E-03
  4.194104E+01 4.010E-03
  4.669847E+01 3.440E-03
  5.199554E+01 2.951E-03
  5.789346E+01 2.531E-03
  6.446042E+01 2.172E-03
  7.177225E+01 1.863E-03
  7.991351E+01 1.598E-03
  8.897821E+01 1.371E-03
  9.907115E+01 1.176E-03
  1.103090E+02 1.009E-03
  1.228216E+02 8.652E-04
  1.367534E+02 7.422E-04
  1.522655E+02 6.367E-04
  1.695372E+02 5.461E-04
  1.887681E+02 4.685E-04
  2.101804E+02 4.019E-04
  2.340214E+02 3.447E-04
       5  14  11   211    2  -1.32109E+00      67
  1.161094E+00 6.490E-01
  1.193094E+00 6.336E-01
  1.225094E+00 6.190E-01
  1.257094E+00 6.053E-01
  1.289094E+00 5.923E-01
  1.321094E+00 5.799E-01
  1.401094E+00 5.512E-01
  1.481094E+00 5.251E-01
  1.561094E+00 5.012E-01
  1.641094E+00 4.790E-01
  1.721094E+00 4.583E-01
  1.801094E+00 4.389E-01
  1.881094E+00 4.207E-01
  1.961094E+00 4.035E-01
  2.041094E+00 3.872E-01
  2.121094E+00 3.718E-01
  2.201094E+00 3.572E-01
  2.281094E+00 3.433E-01
  2.361094E+00 3.301E-01
  2.441094E+00 3.176E-01
  2.521094E+00 3.056E-01
  2.601094E+00 2.942E-01
  2.681094E+00 2.834E-01
  2.761094E+00 2.730E-01
  2.841094E+00 2.631E-01
  2.921094E+00 2.536E-01
  3.283910E+00 2.183E-01
  3.691792E+00 1.879E-01
  4.150335E+00 1.618E-01
  4.665833E+00 1.393E-01
  5.245358E+00 1.199E-01
  5.896864E+00 1.032E-01
  6.629288E+00 8.884E-02
  7.452687E+00 7.647E-02
  8.378349E+00 6.583E-02
  9.418991E+00 5.667E-02
  1.058889E+01 4.878E-02
  1.190409E+01 4.199E-02
  1.338265E+01 3.615E-02
  1.504486E+01 3.112E-02
  1.691351E+01 2.679E-02
  1.901428E+01 2.306E-02
  2.137598E+01 1.985E-02
  2.403099E+01 1.709E-02
  2.701578E+01 1.471E-02
  3.037131E+01 1.266E-02
  3.414360E+01 1.090E-02
  3.838448E+01 9.384E-03
  4.315205E+01 8.078E-03
  4.851178E+01 6.954E-03
  5.453726E+01 5.986E-03
  6.131110E+01 5.153E-03
  6.892633E+01 4.436E-03
  7.748738E+01 3.819E-03
  8.711180E+01 3.287E-03
  9.793156E+01 2.830E-03
  1.100953E+02 2.436E-03
  1.237699E+02 2.097E-03
  1.391428E+02 1.805E-03
  1.564252E+02 1.554E-03
  1.758541E+02 1.338E-03
  1.976962E+02 1.152E-03
  2.222512E+02 9.913E-04
  2.498563E+02 8.533E-04
  2.808899E+02 7.346E-04
  3.157781E+02 6.323E-04
  3.549995E+02 5.443E-04
       6  14  11   220    2  -1.04073E+00      51
  8.807319E-01 4.185E+00
  9.127317E-01 3.836E+00
  9.447317E-01 3.524E+00
  9.767317E-01 3.245E+00
  1.008732E+00 2.994E+00
  1.040732E+00 2.768E+00
  1.120732E+00 2.292E+00
  1.200732E+00 1.917E+00
  1.280732E+00 1.618E+00
  1.360732E+00 1.377E+00
  1.440732E+00 1.180E+00
  1.520732E+00 1.018E+00
  1.600732E+00 8.836E-01
  1.680732E+00 7.711E-01
  1.760732E+00 6.763E-01
  1.840732E+00 5.959E-01
  1.920732E+00 5.274E-01
  2.000732E+00 4.686E-01
  2.080732E+00 4.180E-01
  2.160732E+00 3.741E-01
  2.240732E+00 3.360E-01
  2.320732E+00 3.028E-01
  2.400732E+00 2.736E-01
  2.480732E+00 2.480E-01
  2.560732E+00 2.254E-01
  2.640732E+00 2.054E-01
  2.797471E+00 1.727E-01
  2.963511E+00 1.453E-01
  3.139409E+00 1.221E-01
  3.325748E+00 1.027E-01
  3.523146E+00 8.638E-02
  3.732258E+00 7.264E-02
  3.953784E+00 6.109E-02
  4.188460E+00 5.137E-02
  4.437062E+00 4.320E-02
  4.700420E+00 3.633E-02
  4.979411E+00 3.055E-02
  5.274963E+00 2.569E-02
  5.588056E+00 2.160E-02
  5.919731E+00 1.817E-02
  6.271092E+00 1.528E-02
  6.643310E+00 1.285E-02
  7.037618E+00 1.080E-02
  7.455329E+00 9.086E-03
  7.897832E+00 7.640E-03
  8.366610E+00 6.425E-03
  8.863199E+00 5.403E-03
  9.389273E+00 4.544E-03
  9.946562E+00 3.821E-03
  1.053694E+01 3.213E-03
  1.116235E+01 2.702E-03
       7  14  11   231    1  -1.00159E+00      46
  8.415893E-01 5.461E-02
  8.735891E-01 4.889E-02
  9.055891E-01 4.391E-02
  9.375891E-01 3.956E-02
  9.695891E-01 3.574E-02
  1.001589E+00 3.238E-02
  1.081589E+00 2.558E-02
  1.161589E+00 2.049E-02
  1.241589E+00 1.661E-02
  1.321589E+00 1.361E-02
  1.401589E+00 1.126E-02
  1.481589E+00 9.392E-03
  1.561589E+00 7.892E-03
  1.641589E+00 6.676E-03
  1.721589E+00 5.682E-03
  1.801589E+00 4.862E-03
  1.881589E+00 4.181E-03
  1.961589E+00 3.611E-03
  2.041589E+00 3.132E-03
  2.121589E+00 2.727E-03
  2.201589E+00 2.383E-03
  2.281589E+00 2.089E-03
  2.361589E+00 1.838E-03
  2.441589E+00 1.621E-03
  2.521589E+00 1.434E-03
  2.601589E+00 1.273E-03
  3.001589E+00 7.288E-04
  3.143527E+00 6.098E-04
  3.292179E+00 5.103E-04
  3.447861E+00 4.270E-04
  3.610906E+00 3.573E-04
  3.781658E+00 2.989E-04
  3.960487E+00 2.501E-04
  4.147772E+00 2.093E-04
  4.343913E+00 1.751E-04
  4.549329E+00 1.465E-04
  4.764457E+00 1.226E-04
  4.989761E+00 1.026E-04
  5.225718E+00 8.586E-05
  5.472832E+00 7.184E-05
  5.731634E+00 6.011E-05
  6.002673E+00 5.030E-05
  6.286529E+00 4.209E-05
  6.583809E+00 3.522E-05
  6.895144E+00 2.947E-05
  7.221205E+00 2.466E-05
       8  14  11   200    3  -8.96239E-01      62
  7.362393E-01 6.114E-01
  7.682391E-01 5.863E-01
  8.002391E-01 5.623E-01
  8.322391E-01 5.393E-01
  8.642391E-01 5.174E-01
  8.962391E-01 4.966E-01
  9.762391E-01 4.492E-01
  1.056239E+00 4.077E-01
  1.136239E+00 3.715E-01
  1.216239E+00 3.397E-01
  1.296239E+00 3.118E-01
  1.376239E+00 2.872E-01
  1.456239E+00 2.654E-01
  1.536239E+00 2.460E-01
  1.616239E+00 2.288E-01
  1.696239E+00 2.133E-01
  1.776239E+00 1.993E-01
  1.856239E+00 1.867E-01
  1.936239E+00 1.753E-01
  2.016239E+00 1.650E-01
  2.096239E+00 1.555E-01
  2.176239E+00 1.469E-01
  2.256239E+00 1.390E-01
  2.336239E+00 1.317E-01
  2.416239E+00 1.250E-01
  2.496239E+00 1.189E-01
  2.761525E+00 1.017E-01
  3.055008E+00 8.707E-02
  3.379679E+00 7.451E-02
  3.738853E+00 6.376E-02
  4.136202E+00 5.457E-02
  4.575777E+00 4.669E-02
  5.062067E+00 3.996E-02
  5.600039E+00 3.419E-02
  6.195184E+00 2.926E-02
  6.853572E+00 2.504E-02
  7.581938E+00 2.143E-02
  8.387711E+00 1.834E-02
  9.279112E+00 1.569E-02
  1.026525E+01 1.343E-02
  1.135620E+01 1.149E-02
  1.256308E+01 9.834E-03
  1.389821E+01 8.415E-03
  1.537525E+01 7.201E-03
  1.700925E+01 6.163E-03
  1.881691E+01 5.274E-03
  2.081668E+01 4.513E-03
  2.302898E+01 3.862E-03
  2.547636E+01 3.305E-03
  2.818388E+01 2.828E-03
  3.117914E+01 2.420E-03
  3.449268E+01 2.071E-03
  3.815840E+01 1.772E-03
  4.221371E+01 1.517E-03
  4.669995E+01 1.298E-03
  5.166298E+01 1.111E-03
  5.715349E+01 9.504E-04
  6.322751E+01 8.133E-04
  6.994698E+01 6.960E-04
  7.738062E+01 5.956E-04
  8.560426E+01 5.097E-04
  9.470181E+01 4.362E-04
       9  14  11   211    3  -7.94824E-01      63
  6.348240E-01 9.704E-01
  6.668238E-01 8.992E-01
  6.988238E-01 8.385E-01
  7.308238E-01 7.861E-01
  7.628238E-01 7.404E-01
  7.948238E-01 7.000E-01
  8.748238E-01 6.172E-01
  9.548238E-01 5.526E-01
  1.034824E+00 5.004E-01
  1.114824E+00 4.571E-01
  1.194824E+00 4.205E-01
  1.274824E+00 3.889E-01
  1.354824E+00 3.613E-01
  1.434824E+00 3.370E-01
  1.514824E+00 3.153E-01
  1.594824E+00 2.958E-01
  1.674824E+00 2.782E-01
  1.754824E+00 2.622E-01
  1.834824E+00 2.476E-01
  1.914824E+00 2.342E-01
  1.994824E+00 2.218E-01
  2.074824E+00 2.104E-01
  2.154824E+00 1.998E-01
  2.234824E+00 1.900E-01
  2.314824E+00 1.809E-01
  2.394824E+00 1.724E-01
  2.794824E+00 1.372E-01
  3.108543E+00 1.176E-01
  3.457478E+00 1.009E-01
  3.845582E+00 8.650E-02
  4.277249E+00 7.417E-02
  4.757372E+00 6.360E-02
  5.291389E+00 5.454E-02
  5.885349E+00 4.676E-02
  6.545980E+00 4.010E-02
  7.280769E+00 3.438E-02
  8.098033E+00 2.948E-02
  9.007041E+00 2.528E-02
  1.001808E+01 2.168E-02
  1.114262E+01 1.859E-02
  1.239338E+01 1.594E-02
  1.378454E+01 1.367E-02
  1.533187E+01 1.172E-02
  1.705287E+01 1.005E-02
  1.896706E+01 8.617E-03
  2.109612E+01 7.389E-03
  2.346416E+01 6.336E-03
  2.609802E+01 5.433E-03
  2.902753E+01 4.659E-03
  3.228587E+01 3.995E-03
  3.590997E+01 3.425E-03
  3.994089E+01 2.937E-03
  4.442427E+01 2.519E-03
  4.941092E+01 2.160E-03
  5.495728E+01 1.852E-03
  6.112627E+01 1.588E-03
  6.798770E+01 1.362E-03
  7.561934E+01 1.168E-03
  8.410770E+01 1.001E-03
  9.354884E+01 8.584E-04
  1.040497E+02 7.361E-04
  1.157293E+02 6.312E-04
  1.287200E+02 5.412E-04
      10  14  11   220    3  -6.61258E-01      46
  5.012582E-01 7.160E+00
  5.332580E-01 6.259E+00
  5.652580E-01 5.507E+00
  5.972580E-01 4.873E+00
  6.292580E-01 4.334E+00
  6.612580E-01 3.873E+00
  7.412580E-01 2.978E+00
  8.212580E-01 2.340E+00
  9.012580E-01 1.873E+00
  9.812580E-01 1.522E+00
  1.061258E+00 1.253E+00
  1.141258E+00 1.044E+00
  1.221258E+00 8.781E-01
  1.301258E+00 7.452E-01
  1.381258E+00 6.375E-01
  1.461258E+00 5.492E-01
  1.541258E+00 4.761E-01
  1.621258E+00 4.152E-01
  1.701258E+00 3.641E-01
  1.781258E+00 3.208E-01
  1.861258E+00 2.839E-01
  1.941258E+00 2.524E-01
  2.021258E+00 2.252E-01
  2.101258E+00 2.017E-01
  2.181258E+00 1.813E-01
  2.261258E+00 1.635E-01
  2.661258E+00 1.019E-01
  2.825195E+00 8.577E-02
  2.999234E+00 7.219E-02
  3.183990E+00 6.076E-02
  3.380131E+00 5.115E-02
  3.588353E+00 4.305E-02
  3.809403E+00 3.623E-02
  4.044069E+00 3.050E-02
  4.293192E+00 2.567E-02
  4.557661E+00 2.161E-02
  4.838422E+00 1.819E-02
  5.136479E+00 1.531E-02
  5.452896E+00 1.288E-02
  5.788804E+00 1.084E-02
  6.145405E+00 9.128E-03
  6.523973E+00 7.683E-03
  6.925864E+00 6.467E-03
  7.352503E+00 5.443E-03
  7.805432E+00 4.581E-03
  8.286263E+00 3.856E-03
      11  14  11   231    2  -6.40995E-01      44
  4.809949E-01 2.265E-01
  5.129948E-01 1.888E-01
  5.449948E-01 1.589E-01
  5.769948E-01 1.349E-01
  6.089948E-01 1.153E-01
  6.409948E-01 9.927E-02
  7.209948E-01 7.004E-02
  8.009948E-01 5.099E-02
  8.809948E-01 3.809E-02
  9.609948E-01 2.907E-02
  1.040995E+00 2.260E-02
  1.120995E+00 1.785E-02
  1.200995E+00 1.429E-02
  1.280995E+00 1.158E-02
  1.360995E+00 9.477E-03
  1.440995E+00 7.830E-03
  1.520995E+00 6.523E-03
  1.600995E+00 5.473E-03
  1.680995E+00 4.623E-03
  1.760995E+00 3.927E-03
  1.840995E+00 3.354E-03
  1.920995E+00 2.879E-03
  2.000995E+00 2.481E-03
  2.080995E+00 2.148E-03
  2.160995E+00 1.866E-03
  2.240995E+00 1.627E-03
  2.350989E+00 1.362E-03
  2.466382E+00 1.141E-03
  2.587439E+00 9.553E-04
  2.714437E+00 8.000E-04
  2.847670E+00 6.699E-04
  2.987441E+00 5.610E-04
  3.134073E+00 4.697E-04
  3.287903E+00 3.934E-04
  3.449282E+00 3.294E-04
  3.618583E+00 2.758E-04
  3.796190E+00 2.310E-04
  3.982518E+00 1.934E-04
  4.177992E+00 1.620E-04
  4.383060E+00 1.356E-04
  4.598193E+00 1.136E-04
  4.823883E+00 9.510E-05
  5.060653E+00 7.964E-05
  5.309045E+00 6.669E-05
      12  14  11   200    4  -5.85365E-01      59
  4.390237E-01 1.146E+01
  4.573649E-01 7.996E-01
  4.893649E-01 7.430E-01
  5.213649E-01 6.911E-01
  5.533649E-01 6.437E-01
  5.853649E-01 6.007E-01
  6.653649E-01 5.092E-01
  7.453649E-01 4.367E-01
  8.253649E-01 3.786E-01
  9.053649E-01 3.314E-01
  9.853649E-01 2.927E-01
  1.065365E+00 2.606E-01
  1.145365E+00 2.336E-01
  1.225365E+00 2.107E-01
  1.305365E+00 1.912E-01
  1.385365E+00 1.743E-01
  1.465365E+00 1.597E-01
  1.545365E+00 1.469E-01
  1.625365E+00 1.356E-01
  1.705365E+00 1.257E-01
  1.785365E+00 1.168E-01
  1.865365E+00 1.089E-01
  1.945365E+00 1.018E-01
  2.025365E+00 9.545E-02
  2.105365E+00 8.966E-02
  2.185365E+00 8.441E-02
  2.409469E+00 7.214E-02
  2.656556E+00 6.166E-02
  2.928981E+00 5.269E-02
  3.229342E+00 4.504E-02
  3.560504E+00 3.849E-02
  3.925629E+00 3.290E-02
  4.328194E+00 2.811E-02
  4.772042E+00 2.403E-02
  5.261405E+00 2.054E-02
  5.800952E+00 1.755E-02
  6.395826E+00 1.500E-02
  7.051705E+00 1.282E-02
  7.774843E+00 1.096E-02
  8.572138E+00 9.364E-03
  9.451193E+00 8.003E-03
  1.042040E+01 6.840E-03
  1.148900E+01 5.846E-03
  1.266717E+01 4.996E-03
  1.396616E+01 4.270E-03
  1.539836E+01 3.649E-03
  1.697742E+01 3.119E-03
  1.871843E+01 2.666E-03
  2.063797E+01 2.278E-03
  2.275436E+01 1.947E-03
  2.508778E+01 1.664E-03
  2.766048E+01 1.422E-03
  3.049701E+01 1.215E-03
  3.362442E+01 1.039E-03
  3.707253E+01 8.878E-04
  4.087424E+01 7.588E-04
  4.506581E+01 6.485E-04
  4.968726E+01 5.542E-04
  5.478259E+01 4.737E-04
      13  14  11   211    4  -5.30810E-01      58
  3.981075E-01 1.847E+01
  4.028101E-01 1.464E+00
  4.348101E-01 1.264E+00
  4.668101E-01 1.108E+00
  4.988101E-01 9.843E-01
  5.308101E-01 8.843E-01
  6.108101E-01 7.024E-01
  6.908101E-01 5.806E-01
  7.708101E-01 4.935E-01
  8.508101E-01 4.282E-01
  9.308101E-01 3.774E-01
  1.010810E+00 3.366E-01
  1.090810E+00 3.032E-01
  1.170810E+00 2.753E-01
  1.250810E+00 2.516E-01
  1.330810E+00 2.312E-01
  1.410810E+00 2.134E-01
  1.490810E+00 1.978E-01
  1.570810E+00 1.840E-01
  1.650810E+00 1.717E-01
  1.730810E+00 1.606E-01
  1.810810E+00 1.507E-01
  1.890810E+00 1.416E-01
  1.970810E+00 1.334E-01
  2.050810E+00 1.259E-01
  2.130810E+00 1.189E-01
  2.368628E+00 1.019E-01
  2.632992E+00 8.739E-02
  2.926860E+00 7.492E-02
  3.253526E+00 6.422E-02
  3.616652E+00 5.506E-02
  4.020304E+00 4.720E-02
  4.469009E+00 4.047E-02
  4.967795E+00 3.469E-02
  5.522250E+00 2.974E-02
  6.138583E+00 2.550E-02
  6.823709E+00 2.186E-02
  7.585303E+00 1.874E-02
  8.431898E+00 1.606E-02
  9.372979E+00 1.377E-02
  1.041910E+01 1.181E-02
  1.158198E+01 1.012E-02
  1.287464E+01 8.677E-03
  1.431158E+01 7.439E-03
  1.590889E+01 6.377E-03
  1.768446E+01 5.467E-03
  1.965823E+01 4.687E-03
  2.185228E+01 4.018E-03
  2.429121E+01 3.445E-03
  2.700235E+01 2.953E-03
  3.001608E+01 2.532E-03
  3.336617E+01 2.170E-03
  3.709015E+01 1.861E-03
  4.122978E+01 1.595E-03
  4.583142E+01 1.368E-03
  5.094666E+01 1.172E-03
  5.663283E+01 1.005E-03
  6.295366E+01 8.617E-04
      14  14  11   220    4  -4.56880E-01      44
  3.426600E-01 9.346E+01
  3.608797E-01 8.199E+00
  3.928797E-01 6.857E+00
  4.248797E-01 5.804E+00
  4.568797E-01 4.964E+00
  5.368797E-01 3.485E+00
  6.168797E-01 2.552E+00
  6.968797E-01 1.931E+00
  7.768797E-01 1.498E+00
  8.568797E-01 1.187E+00
  9.368797E-01 9.572E-01
  1.016880E+00 7.831E-01
  1.096880E+00 6.489E-01
  1.176880E+00 5.435E-01
  1.256880E+00 4.596E-01
  1.336880E+00 3.920E-01
  1.416880E+00 3.369E-01
  1.496880E+00 2.915E-01
  1.576880E+00 2.538E-01
  1.656880E+00 2.222E-01
  1.736880E+00 1.956E-01
  1.816880E+00 1.729E-01
  1.896880E+00 1.536E-01
  1.976880E+00 1.370E-01
  2.056880E+00 1.227E-01
  2.456880E+00 7.423E-02
  2.612138E+00 6.252E-02
  2.777208E+00 5.266E-02
  2.952709E+00 4.435E-02
  3.139301E+00 3.735E-02
  3.337684E+00 3.146E-02
  3.548604E+00 2.650E-02
  3.772854E+00 2.232E-02
  4.011271E+00 1.880E-02
  4.264758E+00 1.583E-02
  4.534263E+00 1.333E-02
  4.820800E+00 1.123E-02
  5.125443E+00 9.458E-03
  5.449336E+00 7.966E-03
  5.793698E+00 6.709E-03
  6.159823E+00 5.651E-03
  6.549083E+00 4.759E-03
  6.962941E+00 4.008E-03
  7.402949E+00 3.376E-03
      15  14  11   231    3  -4.45081E-01      37
  3.338107E-01 4.486E+00
  3.490808E-01 4.059E-01
  3.810808E-01 3.185E-01
  4.130808E-01 2.542E-01
  4.450808E-01 2.058E-01
  5.250808E-01 1.279E-01
  6.050808E-01 8.432E-02
  6.850808E-01 5.813E-02
  7.650808E-01 4.153E-02
  8.450808E-01 3.054E-02
  9.250808E-01 2.301E-02
  1.005081E+00 1.769E-02
  1.085081E+00 1.384E-02
  1.165081E+00 1.099E-02
  1.245081E+00 8.837E-03
  1.325081E+00 7.188E-03
  1.405081E+00 5.907E-03
  1.485081E+00 4.897E-03
  1.565081E+00 4.092E-03
  1.645081E+00 3.443E-03
  1.725081E+00 2.916E-03
  1.805081E+00 2.484E-03
  1.885081E+00 2.128E-03
  1.965081E+00 1.831E-03
  2.045081E+00 1.583E-03
  2.445081E+00 8.095E-04
  2.565365E+00 6.779E-04
  2.691566E+00 5.677E-04
  2.823977E+00 4.754E-04
  2.962901E+00 3.981E-04
  3.108660E+00 3.334E-04
  3.261589E+00 2.792E-04
  3.422041E+00 2.338E-04
  3.590386E+00 1.958E-04
  3.767015E+00 1.640E-04
  3.952332E+00 1.373E-04
  4.146766E+00 1.150E-04
      16  14  11   200    5  -4.12254E-01      54
  3.091905E-01 9.821E+00
  3.162544E-01 9.910E-01
  3.482544E-01 8.835E-01
  3.802544E-01 7.910E-01
  4.122544E-01 7.115E-01
  4.922544E-01 5.571E-01
  5.722544E-01 4.478E-01
  6.522544E-01 3.681E-01
  7.322544E-01 3.083E-01
  8.122544E-01 2.624E-01
  8.922544E-01 2.262E-01
  9.722544E-01 1.973E-01
  1.052254E+00 1.738E-01
  1.132254E+00 1.544E-01
  1.212254E+00 1.383E-01
  1.292254E+00 1.246E-01
  1.372254E+00 1.130E-01
  1.452254E+00 1.029E-01
  1.532254E+00 9.427E-02
  1.612254E+00 8.669E-02
  1.692254E+00 8.004E-02
  1.772254E+00 7.416E-02
  1.852254E+00 6.893E-02
  1.932254E+00 6.426E-02
  2.012254E+00 6.008E-02
  2.213558E+00 5.130E-02
  2.434999E+00 4.381E-02
  2.678596E+00 3.741E-02
  2.946560E+00 3.194E-02
  3.241332E+00 2.728E-02
  3.565593E+00 2.329E-02
  3.922292E+00 1.989E-02
  4.314674E+00 1.698E-02
  4.746311E+00 1.450E-02
  5.221130E+00 1.238E-02
  5.743448E+00 1.057E-02
  6.318014E+00 9.030E-03
  6.950062E+00 7.711E-03
  7.645346E+00 6.584E-03
  8.410177E+00 5.622E-03
  9.251530E+00 4.801E-03
  1.017704E+01 4.099E-03
  1.119514E+01 3.501E-03
  1.231510E+01 2.989E-03
  1.354709E+01 2.552E-03
  1.490233E+01 2.180E-03
  1.639314E+01 1.861E-03
  1.803310E+01 1.589E-03
  1.983713E+01 1.357E-03
  2.182161E+01 1.159E-03
  2.400462E+01 9.895E-04
  2.640605E+01 8.450E-04
  2.904768E+01 7.215E-04
  3.195357E+01 6.161E-04
      17  14  11   211    5  -3.79593E-01      51
  2.846947E-01 1.636E+01
  3.155934E-01 1.619E+00
  3.475934E-01 1.331E+00
  3.795934E-01 1.120E+00
  4.595934E-01 7.856E-01
  5.395934E-01 5.944E-01
  6.195934E-01 4.730E-01
  6.995934E-01 3.900E-01
  7.795934E-01 3.300E-01
  8.595934E-01 2.848E-01
  9.395934E-01 2.495E-01
  1.019593E+00 2.213E-01
  1.099593E+00 1.983E-01
  1.179593E+00 1.791E-01
  1.259593E+00 1.628E-01
  1.339593E+00 1.490E-01
  1.419593E+00 1.369E-01
  1.499593E+00 1.264E-01
  1.579593E+00 1.172E-01
  1.659593E+00 1.090E-01
  1.739593E+00 1.017E-01
  1.819593E+00 9.507E-02
  1.899593E+00 8.912E-02
  1.979593E+00 8.373E-02
  2.379593E+00 6.294E-02
  2.633981E+00 5.387E-02
  2.915563E+00 4.611E-02
  3.227249E+00 3.947E-02
  3.572253E+00 3.378E-02
  3.954143E+00 2.892E-02
  4.376856E+00 2.475E-02
  4.844758E+00 2.118E-02
  5.362682E+00 1.813E-02
  5.935974E+00 1.552E-02
  6.570547E+00 1.328E-02
  7.272967E+00 1.137E-02
  8.050474E+00 9.732E-03
  8.911105E+00 8.330E-03
  9.863730E+00 7.130E-03
  1.091821E+01 6.103E-03
  1.208541E+01 5.224E-03
  1.337738E+01 4.471E-03
  1.480748E+01 3.827E-03
  1.639044E+01 3.276E-03
  1.814265E+01 2.804E-03
  2.008217E+01 2.400E-03
  2.222903E+01 2.054E-03
  2.460539E+01 1.758E-03
  2.723582E+01 1.505E-03
  3.014745E+01 1.288E-03
  3.337032E+01 1.102E-03
      18  14  11   220    5  -3.34417E-01      43
  2.508127E-01 8.159E+01
  2.704166E-01 9.454E+00
  3.024166E-01 7.498E+00
  3.344166E-01 6.071E+00
  4.144166E-01 3.839E+00
  4.944166E-01 2.609E+00
  5.744166E-01 1.866E+00
  6.544166E-01 1.386E+00
  7.344166E-01 1.061E+00
  8.144166E-01 8.313E-01
  8.944166E-01 6.642E-01
  9.744166E-01 5.395E-01
  1.054417E+00 4.442E-01
  1.134417E+00 3.702E-01
  1.214417E+00 3.117E-01
  1.294417E+00 2.648E-01
  1.374417E+00 2.269E-01
  1.454417E+00 1.958E-01
  1.534417E+00 1.700E-01
  1.614417E+00 1.486E-01
  1.694417E+00 1.305E-01
  1.774417E+00 1.152E-01
  1.854417E+00 1.022E-01
  1.934417E+00 9.106E-02
  2.060433E+00 7.675E-02
  2.194661E+00 6.469E-02
  2.337631E+00 5.453E-02
  2.489916E+00 4.596E-02
  2.652121E+00 3.874E-02
  2.824894E+00 3.266E-02
  3.008921E+00 2.752E-02
  3.204936E+00 2.320E-02
  3.413722E+00 1.956E-02
  3.636109E+00 1.648E-02
  3.872982E+00 1.389E-02
  4.125287E+00 1.171E-02
  4.394029E+00 9.871E-03
  4.680277E+00 8.320E-03
  4.985173E+00 7.013E-03
  5.309933E+00 5.911E-03
  5.655845E+00 4.982E-03
  6.024296E+00 4.200E-03
  6.416745E+00 3.540E-03
      19  14  11   231    4  -3.26956E-01      33
  2.452170E-01 5.401E+00
  2.629558E-01 6.394E-01
  2.949558E-01 4.681E-01
  3.269558E-01 3.524E-01
  4.069558E-01 1.905E-01
  4.869558E-01 1.135E-01
  5.669558E-01 7.250E-02
  6.469558E-01 4.879E-02
  7.269558E-01 3.420E-02
  8.069558E-01 2.476E-02
  8.869558E-01 1.842E-02
  9.669558E-01 1.400E-02
  1.046956E+00 1.085E-02
  1.126956E+00 8.549E-03
  1.206956E+00 6.829E-03
  1.286956E+00 5.523E-03
  1.366956E+00 4.515E-03
  1.446956E+00 3.726E-03
  1.526956E+00 3.102E-03
  1.606956E+00 2.602E-03
  1.686956E+00 2.197E-03
  1.766956E+00 1.868E-03
  1.846956E+00 1.596E-03
  1.926956E+00 1.372E-03
  2.326956E+00 6.864E-04
  2.443669E+00 5.750E-04
  2.566238E+00 4.817E-04
  2.694956E+00 4.036E-04
  2.830127E+00 3.381E-04
  2.972080E+00 2.833E-04
  3.121154E+00 2.373E-04
  3.277705E+00 1.988E-04
  3.442106E+00 1.665E-04
      20  14  11   200    6  -3.06008E-01      49
  2.295060E-01 8.652E+00
  2.420083E-01 1.133E+00
  2.740083E-01 9.635E-01
  3.060083E-01 8.279E-01
  3.860083E-01 5.909E-01
  4.660083E-01 4.433E-01
  5.460083E-01 3.456E-01
  6.260083E-01 2.776E-01
  7.060083E-01 2.283E-01
  7.860083E-01 1.915E-01
  8.660083E-01 1.631E-01
  9.460083E-01 1.409E-01
  1.026008E+00 1.231E-01
  1.106008E+00 1.086E-01
  1.186008E+00 9.657E-02
  1.266008E+00 8.656E-02
  1.346008E+00 7.809E-02
  1.426008E+00 7.087E-02
  1.506008E+00 6.465E-02
  1.586008E+00 5.925E-02
  1.666008E+00 5.453E-02
  1.746008E+00 5.038E-02
  1.826008E+00 4.671E-02
  1.906008E+00 4.345E-02
  2.093675E+00 3.708E-02
  2.299822E+00 3.165E-02
  2.526265E+00 2.701E-02
  2.775003E+00 2.305E-02
  3.048233E+00 1.967E-02
  3.348366E+00 1.679E-02
  3.678050E+00 1.433E-02
  4.040195E+00 1.223E-02
  4.437998E+00 1.044E-02
  4.874969E+00 8.907E-03
  5.354960E+00 7.601E-03
  5.882215E+00 6.487E-03
  6.461385E+00 5.536E-03
  7.097580E+00 4.725E-03
  7.796415E+00 4.032E-03
  8.564067E+00 3.441E-03
  9.407295E+00 2.937E-03
  1.033355E+01 2.507E-03
  1.135100E+01 2.139E-03
  1.246863E+01 1.826E-03
  1.369631E+01 1.558E-03
  1.504486E+01 1.330E-03
  1.652618E+01 1.135E-03
  1.815338E+01 9.685E-04
  1.994078E+01 8.266E-04
      21  14  11   211    6  -2.84925E-01      49
  2.136937E-01 1.694E+01
  2.209255E-01 2.420E+00
  2.529255E-01 1.801E+00
  2.849255E-01 1.401E+00
  3.649255E-01 8.551E-01
  4.449255E-01 5.908E-01
  5.249255E-01 4.411E-01
  6.049255E-01 3.469E-01
  6.849255E-01 2.830E-01
  7.649255E-01 2.373E-01
  8.449255E-01 2.031E-01
  9.249255E-01 1.767E-01
  1.004925E+00 1.558E-01
  1.084925E+00 1.388E-01
  1.164925E+00 1.247E-01
  1.244925E+00 1.129E-01
  1.324925E+00 1.029E-01
  1.404925E+00 9.421E-02
  1.484925E+00 8.670E-02
  1.564925E+00 8.011E-02
  1.644925E+00 7.430E-02
  1.724925E+00 6.912E-02
  1.804925E+00 6.449E-02
  1.884925E+00 6.033E-02
  2.087255E+00 5.165E-02
  2.311305E+00 4.421E-02
  2.559405E+00 3.785E-02
  2.834137E+00 3.240E-02
  3.138358E+00 2.774E-02
  3.475235E+00 2.374E-02
  3.848273E+00 2.033E-02
  4.261353E+00 1.740E-02
  4.718776E+00 1.490E-02
  5.225298E+00 1.275E-02
  5.786188E+00 1.092E-02
  6.407286E+00 9.345E-03
  7.095061E+00 8.000E-03
  7.856654E+00 6.849E-03
  8.700001E+00 5.863E-03
  9.633882E+00 5.019E-03
  1.066800E+01 4.296E-03
  1.181312E+01 3.678E-03
  1.308115E+01 3.149E-03
  1.448532E+01 2.695E-03
  1.604019E+01 2.307E-03
  1.776196E+01 1.975E-03
  1.966858E+01 1.691E-03
  2.177983E+01 1.448E-03
  2.411772E+01 1.239E-03
      22  14  11   220    6  -2.55307E-01      40
  1.914809E-01 6.990E+01
  2.233076E-01 9.513E+00
  2.553076E-01 7.209E+00
  3.353076E-01 4.056E+00
  4.153076E-01 2.555E+00
  4.953076E-01 1.732E+00
  5.753076E-01 1.237E+00
  6.553076E-01 9.184E-01
  7.353076E-01 7.026E-01
  8.153076E-01 5.505E-01
  8.953076E-01 4.399E-01
  9.753076E-01 3.573E-01
  1.055308E+00 2.943E-01
  1.135308E+00 2.453E-01
  1.215308E+00 2.067E-01
  1.295308E+00 1.757E-01
  1.375308E+00 1.506E-01
  1.455308E+00 1.300E-01
  1.535308E+00 1.130E-01
  1.615308E+00 9.878E-02
  1.695308E+00 8.683E-02
  1.775308E+00 7.671E-02
  1.855308E+00 6.808E-02
  1.977453E+00 5.740E-02
  2.107642E+00 4.839E-02
  2.246403E+00 4.080E-02
  2.394297E+00 3.440E-02
  2.551929E+00 2.900E-02
  2.719940E+00 2.445E-02
  2.899010E+00 2.062E-02
  3.089870E+00 1.738E-02
  3.293297E+00 1.466E-02
  3.510117E+00 1.236E-02
  3.741209E+00 1.042E-02
  3.987517E+00 8.784E-03
  4.250041E+00 7.406E-03
  4.529849E+00 6.244E-03
  4.828078E+00 5.265E-03
  5.145940E+00 4.439E-03
  5.484732E+00 3.742E-03
      23  14  11   231    5  -2.50296E-01      29
  1.877220E-01 5.704E+00
  2.182958E-01 7.791E-01
  2.502958E-01 5.386E-01
  3.302958E-01 2.503E-01
  4.102958E-01 1.350E-01
  4.902958E-01 8.040E-02
  5.702958E-01 5.133E-02
  6.502958E-01 3.453E-02
  7.302958E-01 2.419E-02
  8.102958E-01 1.751E-02
  8.902958E-01 1.302E-02
  9.702958E-01 9.904E-03
  1.050296E+00 7.676E-03
  1.130296E+00 6.046E-03
  1.210296E+00 4.831E-03
  1.290296E+00 3.907E-03
  1.370296E+00 3.195E-03
  1.450296E+00 2.638E-03
  1.530296E+00 2.197E-03
  1.610296E+00 1.844E-03
  1.690296E+00 1.558E-03
  1.770296E+00 1.325E-03
  1.850296E+00 1.134E-03
  2.250296E+00 5.582E-04
  2.364501E+00 4.678E-04
  2.484502E+00 3.920E-04
  2.610596E+00 3.285E-04
  2.743086E+00 2.752E-04
  2.882302E+00 2.306E-04
      24  14  11   200    7  -2.36129E-01      47
  1.770967E-01 7.703E+00
  2.041286E-01 1.168E+00
  2.361286E-01 9.492E-01
  3.161286E-01 6.107E-01
  3.961286E-01 4.268E-01
  4.761286E-01 3.162E-01
  5.561286E-01 2.445E-01
  6.361286E-01 1.952E-01
  7.161286E-01 1.599E-01
  7.961286E-01 1.336E-01
  8.761286E-01 1.135E-01
  9.561286E-01 9.781E-02
  1.036129E+00 8.528E-02
  1.116129E+00 7.510E-02
  1.196129E+00 6.672E-02
  1.276129E+00 5.973E-02
  1.356129E+00 5.384E-02
  1.436129E+00 4.881E-02
  1.516129E+00 4.449E-02
  1.596129E+00 4.075E-02
  1.676129E+00 3.748E-02
  1.756129E+00 3.461E-02
  1.836129E+00 3.207E-02
  2.236129E+00 2.288E-02
  2.453632E+00 1.952E-02
  2.692291E+00 1.665E-02
  2.954165E+00 1.420E-02
  3.241509E+00 1.212E-02
  3.556806E+00 1.034E-02
  3.902767E+00 8.818E-03
  4.282382E+00 7.523E-03
  4.698920E+00 6.418E-03
  5.155974E+00 5.475E-03
  5.657484E+00 4.670E-03
  6.207772E+00 3.984E-03
  6.811588E+00 3.399E-03
  7.474142E+00 2.899E-03
  8.201133E+00 2.473E-03
  8.998837E+00 2.110E-03
  9.874142E+00 1.800E-03
  1.083458E+01 1.536E-03
  1.188843E+01 1.310E-03
  1.304479E+01 1.118E-03
  1.431363E+01 9.533E-04
  1.570588E+01 8.133E-04
  1.723355E+01 6.938E-04
  1.890984E+01 5.919E-04
      25  14  11   211    7  -2.21737E-01      47
  1.663027E-01 1.535E+01
  1.897368E-01 2.431E+00
  2.217368E-01 1.724E+00
  3.017368E-01 9.054E-01
  3.817368E-01 5.719E-01
  4.617368E-01 4.023E-01
  5.417368E-01 3.033E-01
  6.217368E-01 2.399E-01
  7.017368E-01 1.963E-01
  7.817368E-01 1.648E-01
  8.617368E-01 1.412E-01
  9.417368E-01 1.228E-01
  1.021737E+00 1.082E-01
  1.101737E+00 9.637E-02
  1.181737E+00 8.655E-02
  1.261737E+00 7.830E-02
  1.341737E+00 7.128E-02
  1.421737E+00 6.524E-02
  1.501737E+00 6.000E-02
  1.581737E+00 5.540E-02
  1.661737E+00 5.134E-02
  1.741737E+00 4.774E-02
  1.821737E+00 4.451E-02
  2.221737E+00 3.249E-02
  2.454257E+00 2.779E-02
  2.711115E+00 2.377E-02
  2.994853E+00 2.033E-02
  3.308288E+00 1.738E-02
  3.654525E+00 1.487E-02
  4.036998E+00 1.272E-02
  4.459500E+00 1.088E-02
  4.926220E+00 9.302E-03
  5.441786E+00 7.956E-03
  6.011311E+00 6.805E-03
  6.640437E+00 5.820E-03
  7.335408E+00 4.978E-03
  8.103109E+00 4.257E-03
  8.951166E+00 3.641E-03
  9.887970E+00 3.114E-03
  1.092283E+01 2.663E-03
  1.206598E+01 2.278E-03
  1.332877E+01 1.948E-03
  1.472373E+01 1.666E-03
  1.626466E+01 1.425E-03
  1.796689E+01 1.219E-03
  1.984726E+01 1.043E-03
  2.192442E+01 8.916E-04
      26  14  11   220    7  -2.01270E-01      34
  1.509525E-01 6.696E+01
  1.692703E-01 1.197E+01
  2.012703E-01 8.383E+00
  2.812703E-01 4.157E+00
  3.612703E-01 2.430E+00
  4.412703E-01 1.568E+00
  5.212703E-01 1.082E+00
  6.012703E-01 7.822E-01
  6.812703E-01 5.864E-01
  7.612703E-01 4.522E-01
  8.412703E-01 3.566E-01
  9.212703E-01 2.866E-01
  1.001270E+00 2.339E-01
  1.081270E+00 1.935E-01
  1.161270E+00 1.619E-01
  1.241270E+00 1.368E-01
  1.321270E+00 1.166E-01
  1.401270E+00 1.003E-01
  1.481270E+00 8.677E-02
  1.561270E+00 7.558E-02
  1.641270E+00 6.622E-02
  1.721270E+00 5.833E-02
  1.801270E+00 5.163E-02
  1.920738E+00 4.354E-02
  2.048133E+00 3.672E-02
  2.183976E+00 3.096E-02
  2.328830E+00 2.611E-02
  2.483290E+00 2.202E-02
  2.647995E+00 1.857E-02
  2.823626E+00 1.566E-02
  3.010902E+00 1.320E-02
  3.210603E+00 1.113E-02
  3.423548E+00 9.389E-03
  3.650616E+00 7.918E-03
      27  14  11   231    6  -1.97744E-01      25
  1.483080E-01 6.816E+00
  1.657440E-01 1.220E+00
  1.977440E-01 7.638E-01
  2.777440E-01 3.024E-01
  3.577440E-01 1.483E-01
  4.377440E-01 8.282E-02
  5.177440E-01 5.050E-02
  5.977440E-01 3.282E-02
  6.777440E-01 2.238E-02
  7.577440E-01 1.585E-02
  8.377440E-01 1.158E-02
  9.177440E-01 8.677E-03
  9.977440E-01 6.640E-03
  1.077744E+00 5.175E-03
  1.157744E+00 4.096E-03
  1.237744E+00 3.286E-03
  1.317744E+00 2.668E-03
  1.397744E+00 2.189E-03
  1.477744E+00 1.813E-03
  1.557744E+00 1.514E-03
  1.637744E+00 1.274E-03
  1.717744E+00 1.080E-03
  1.797744E+00 9.206E-04
  1.891722E+00 7.719E-04
  1.990610E+00 6.473E-04
      28  14  11   200    8  -1.87723E-01      47
  1.407922E-01 7.122E+00
  1.557228E-01 1.414E+00
  1.877228E-01 1.075E+00
  2.677228E-01 6.175E-01
  3.477228E-01 4.023E-01
  4.277228E-01 2.843E-01
  5.077228E-01 2.124E-01
  5.877228E-01 1.653E-01
  6.677228E-01 1.327E-01
  7.477228E-01 1.092E-01
  8.277228E-01 9.156E-02
  9.077228E-01 7.803E-02
  9.877228E-01 6.741E-02
  1.067723E+00 5.890E-02
  1.147723E+00 5.197E-02
  1.227723E+00 4.625E-02
  1.307723E+00 4.146E-02
  1.387723E+00 3.742E-02
  1.467723E+00 3.396E-02
  1.547723E+00 3.099E-02
  1.627723E+00 2.841E-02
  1.707723E+00 2.615E-02
  1.787723E+00 2.416E-02
  1.960367E+00 2.061E-02
  2.149686E+00 1.757E-02
  2.357286E+00 1.499E-02
  2.584937E+00 1.278E-02
  2.834571E+00 1.090E-02
  3.108315E+00 9.298E-03
  3.408492E+00 7.930E-03
  3.737659E+00 6.763E-03
  4.098617E+00 5.768E-03
  4.494431E+00 4.920E-03
  4.928468E+00 4.196E-03
  5.404425E+00 3.578E-03
  5.926345E+00 3.052E-03
  6.498670E+00 2.603E-03
  7.126266E+00 2.220E-03
  7.814469E+00 1.893E-03
  8.569129E+00 1.615E-03
  9.396674E+00 1.377E-03
  1.030414E+01 1.175E-03
  1.129924E+01 1.002E-03
  1.239044E+01 8.544E-04
  1.358702E+01 7.287E-04
  1.489916E+01 6.214E-04
  1.633801E+01 5.300E-04
      29  14  11   211    8  -1.77465E-01      46
  1.330987E-01 1.589E+01
  1.454647E-01 3.275E+00
  1.774647E-01 2.086E+00
  2.574647E-01 9.350E-01
  3.374647E-01 5.419E-01
  4.174647E-01 3.612E-01
  4.974647E-01 2.625E-01
  5.774647E-01 2.021E-01
  6.574647E-01 1.621E-01
  7.374647E-01 1.340E-01
  8.174647E-01 1.133E-01
  8.974647E-01 9.756E-02
  9.774647E-01 8.523E-02
  1.057465E+00 7.533E-02
  1.137465E+00 6.723E-02
  1.217465E+00 6.049E-02
  1.297465E+00 5.481E-02
  1.377465E+00 4.996E-02
  1.457465E+00 4.578E-02
  1.537465E+00 4.213E-02
  1.617465E+00 3.893E-02
  1.697465E+00 3.610E-02
  1.777465E+00 3.358E-02
  1.964437E+00 2.873E-02
  2.171077E+00 2.457E-02
  2.399452E+00 2.102E-02
  2.651853E+00 1.798E-02
  2.930802E+00 1.538E-02
  3.239094E+00 1.316E-02
  3.579815E+00 1.126E-02
  3.956378E+00 9.629E-03
  4.372551E+00 8.237E-03
  4.832498E+00 7.046E-03
  5.340829E+00 6.027E-03
  5.902634E+00 5.156E-03
  6.523533E+00 4.411E-03
  7.209745E+00 3.773E-03
  7.968142E+00 3.227E-03
  8.806321E+00 2.761E-03
  9.732661E+00 2.362E-03
  1.075644E+01 2.020E-03
  1.188792E+01 1.728E-03
  1.313841E+01 1.478E-03
  1.452044E+01 1.265E-03
  1.604785E+01 1.082E-03
  1.773593E+01 9.254E-04
      30  14  11   220    8  -1.62732E-01      32
  1.220490E-01 6.462E+01
  1.307320E-01 1.505E+01
  1.627320E-01 9.597E+00
  2.427320E-01 4.161E+00
  3.227320E-01 2.264E+00
  4.027320E-01 1.397E+00
  4.827320E-01 9.346E-01
  5.627320E-01 6.611E-01
  6.427320E-01 4.874E-01
  7.227320E-01 3.709E-01
  8.027320E-01 2.895E-01
  8.827320E-01 2.306E-01
  9.627320E-01 1.869E-01
  1.042732E+00 1.536E-01
  1.122732E+00 1.279E-01
  1.202732E+00 1.076E-01
  1.282732E+00 9.136E-02
  1.362732E+00 7.824E-02
  1.442732E+00 6.751E-02
  1.522732E+00 5.865E-02
  1.602732E+00 5.126E-02
  1.682732E+00 4.505E-02
  1.762732E+00 3.979E-02
  1.880248E+00 3.356E-02
  2.005599E+00 2.830E-02
  2.139306E+00 2.387E-02
  2.281928E+00 2.013E-02
  2.434059E+00 1.698E-02
  2.596333E+00 1.432E-02
  2.769423E+00 1.208E-02
  2.954053E+00 1.019E-02
  3.150992E+00 8.591E-03
      31  14  11   231    7  -1.60158E-01      24
  1.201184E-01 7.874E+00
  1.281582E-01 1.841E+00
  1.601582E-01 1.027E+00
  2.401582E-01 3.442E-01
  3.201582E-01 1.542E-01
  4.001582E-01 8.131E-02
  4.801582E-01 4.766E-02
  5.601582E-01 3.009E-02
  6.401582E-01 2.007E-02
  7.201582E-01 1.397E-02
  8.001582E-01 1.006E-02
  8.801582E-01 7.448E-03
  9.601582E-01 5.644E-03
  1.040158E+00 4.361E-03
  1.120158E+00 3.427E-03
  1.200158E+00 2.733E-03
  1.280158E+00 2.207E-03
  1.360158E+00 1.802E-03
  1.440158E+00 1.486E-03
  1.520158E+00 1.237E-03
  1.600158E+00 1.037E-03
  1.680158E+00 8.763E-04
  1.760158E+00 7.451E-04
  1.852567E+00 6.248E-04
 ================================================
