 ====================================================================
      i NZ NE iSLP iLV iCONF                 E(RYD)      TE(RYD)   gi
 ====================================================================
      1  5  5  211   1 2s2 2p          -6.02229E-01  0.00000E+00  6.0
      2  5  5  410   1 2s 2p2          -3.42687E-01  2.59542E-01 12.0
      3  5  5  200   1 2s2 3s          -2.44426E-01  3.57803E-01  2.0
      4  5  5  211   2 2s2 3p          -1.65932E-01  4.36297E-01  6.0
      5  5  5  220   1 2s 2p2          -1.65427E-01  4.36802E-01 10.0
      6  5  5  220   2 2s2 3d          -1.09523E-01  4.92706E-01 10.0
      7  5  5  200   2 2s2 4s          -1.08225E-01  4.94004E-01  2.0
      8  5  5  211   3 2s2 4p          -8.29332E-02  5.19296E-01  6.0
      9  5  5  220   3 2s2 4d          -6.28113E-02  5.39418E-01 10.0
     10  5  5  231   1 2s2 4f          -6.27946E-02  5.39434E-01 14.0
     11  5  5  200   3 2s2 5s          -6.14024E-02  5.40827E-01  2.0
     12  5  5  211   4 2s2 5p          -4.98949E-02  5.52334E-01  6.0
     13  5  5  220   4 2s2 5d          -4.03108E-02  5.61918E-01 10.0
     14  5  5  231   2 2s2 5f          -4.01790E-02  5.62050E-01 14.0
     15  5  5  240   1 2s2 5g          -4.00210E-02  5.62208E-01 18.0
     16  5  5  200   4 2s2 6s          -3.96803E-02  5.62549E-01  2.0
     17  5  5  211   5 2s2 6p          -3.33174E-02  5.68912E-01  6.0
     18  5  5  220   5 2s2 6d          -2.79988E-02  5.74230E-01 10.0
     19  5  5  231   3 2s2 6f          -2.78884E-02  5.74341E-01 14.0
     20  5  5  200   5 2s2 7s          -2.78721E-02  5.74357E-01  2.0
     21  5  5  240   2 2s2 6g          -2.77962E-02  5.74433E-01 18.0
     22  5  5  211   6 2s2 7p          -2.38201E-02  5.78409E-01  6.0
     23  5  5  200   6 2s2 8s          -2.08146E-02  5.81414E-01  2.0
     24  5  5  220   6 2s2 7d          -2.05618E-02  5.81667E-01 10.0
     25  5  5  231   4 2s2 7f          -2.04803E-02  5.81749E-01 14.0
     26  5  5  240   3 2s2 7g          -2.04220E-02  5.81807E-01 18.0
     27  5  5  211   7 2s2 8p          -1.78744E-02  5.84355E-01  6.0
     28  5  5  200   7 2s2 9s:         -1.63766E-02  5.85852E-01  2.0
     29  5  5  220   7 2s2 8d          -1.57340E-02  5.86495E-01 10.0
     30  5  5  231   5 2s2 8f          -1.56744E-02  5.86555E-01 14.0
     31  5  5  240   4 2s2 8g          -1.56352E-02  5.86594E-01 18.0
     32  5  5  211   8 2s2 9p          -1.39065E-02  5.88323E-01  6.0
     33  5  5  200   8 2s 2p2:         -1.34610E-02  5.88768E-01  2.0
     34  5  5  220   8 2s2 9d          -1.24250E-02  5.89804E-01 10.0
     35  5  5  231   6 2s2 9f          -1.23809E-02  5.89848E-01 14.0
     36  5  5  240   5 2s2 9g          -1.23532E-02  5.89876E-01 18.0
     37  5  5  200   9 2s210s:         -1.12469E-02  5.90982E-01  2.0
     38  5  5  211   9 2s210p          -1.11270E-02  5.91102E-01  6.0
     39  5  5  220   9 2s210d          -1.00593E-02  5.92170E-01 10.0
     40  5  5  231   7 2s210f          -1.00259E-02  5.92203E-01 14.0
     41  5  5  240   6 2s210g          -1.00057E-02  5.92223E-01 18.0
     42  5  5  210   1 2s 2p2           6.43677E-02  6.66597E-01  6.0
     43  5  5  411   1 2s2p(3PO) 3s     9.62312E-02  6.98460E-01 12.0
     44  5  5  420   1 2s2p(3PO) 3p     1.62404E-01  7.64633E-01 20.0
     45  5  5  400   1 2s2p(3PO) 3p     1.76231E-01  7.78460E-01  4.0
     46  5  5  410   2 2s2p(3PO) 3p     1.79762E-01  7.81991E-01 12.0
     47  5  5  210   2 2s2p(3PO) 3p     1.86919E-01  7.89148E-01  6.0
     48  5  5  221   1 2s2p(3PO) 3d     2.08888E-01  8.11117E-01 10.0
     49  5  5  421   1 2s2p(3PO) 3d     2.21802E-01  8.24031E-01 20.0
     50  5  5  431   1 2s2p(3PO) 3d     2.23497E-01  8.25726E-01 28.0
     51  5  5  411   2 2s2p(3PO) 3d     2.29219E-01  8.31448E-01 12.0
     52  5  5  411   3 2s2p(3PO) 4s     2.33789E-01  8.36018E-01 12.0
     53  5  5  420   2 2s2p(3PO) 4p     2.53838E-01  8.56067E-01 20.0
     54  5  5  400   2 2s2p(3PO) 4p     2.57775E-01  8.60004E-01  4.0
     55  5  5  210   3 2s2p(3PO) 4p     2.58031E-01  8.60260E-01  6.0
     56  5  5  410   3 2s2p(3PO) 4p     2.59945E-01  8.62174E-01 12.0
     57  5  5  221   2 2s2p(3PO) 4d     2.63648E-01  8.65877E-01 10.0
     58  5  5  431   2 2s2p(3PO) 4d     2.74744E-01  8.76973E-01 28.0
     59  5  5  421   2 2s2p(3PO) 4d     2.74882E-01  8.77111E-01 20.0
     60  5  5  230   1 2s2p(3PO) 4f     2.77048E-01  8.79277E-01 14.0
     61  5  5  430   1 2s2p(3PO) 4f     2.77054E-01  8.79283E-01 28.0
     62  5  5  411   4 2s2p(3PO) 4d     2.77261E-01  8.79490E-01 12.0
     63  5  5  440   1 2s2p(3PO) 4f     2.77900E-01  8.80129E-01 36.0
     64  5  5  420   3 2s2p(3PO) 4f     2.78203E-01  8.80432E-01 20.0
     65  5  5  411   5 2s2p(3PO) 5s     2.80085E-01  8.82314E-01 12.0
     66  5  5  401   1 2p3:             2.83248E-01  8.85477E-01  4.0
     67  5  5  420   4 2s2p(3PO) 5p     2.88925E-01  8.91154E-01 20.0
     68  5  5  210   4 2s2p(3PO) 5p     2.90312E-01  8.92541E-01  6.0
     69  5  5  400   3 2s2p(3PO) 5p     2.90648E-01  8.92877E-01  4.0
     70  5  5  221   3 2s2p(3PO) 5d:    2.90709E-01  8.92938E-01 10.0
     71  5  5  410   4 2s2p(3PO) 5p     2.91752E-01  8.93981E-01 12.0
     72  5  5  431   3 2s2p(3PO) 5d     2.98632E-01  9.00861E-01 28.0
     73  5  5  421   3 2s2p(3PO) 5d     2.98822E-01  9.01051E-01 20.0
     74  5  5  230   2 2s2p(3PO) 5f     2.99914E-01  9.02143E-01 14.0
     75  5  5  430   2 2s2p(3PO) 5f     2.99919E-01  9.02148E-01 28.0
     76  5  5  411   6 2s2p(3PO) 5d     2.99979E-01  9.02208E-01 12.0
     77  5  5  441   1 2s2p(3PO) 5g     3.00282E-01  9.02511E-01 36.0
     78  5  5  241   1 2s2p(3PO) 5g     3.00282E-01  9.02511E-01 18.0
     79  5  5  440   2 2s2p(3PO) 5f     3.00365E-01  9.02594E-01 36.0
     80  5  5  431   4 2s2p(3PO) 5g     3.00391E-01  9.02620E-01 28.0
     81  5  5  420   5 2s2p(3PO) 5f     3.00529E-01  9.02758E-01 20.0
     82  5  5  411   7 2s2p(3PO) 6s     3.01552E-01  9.03781E-01 12.0
     83  5  5  221   4 2s2p(3PO) 6d:    3.06179E-01  9.08408E-01 10.0
     84  5  5  420   6 2s2p(3PO) 6p     3.06240E-01  9.08469E-01 20.0
     85  5  5  210   5 2s2p(3PO) 6p     3.06870E-01  9.09099E-01  6.0
     86  5  5  400   4 2s2p(3PO) 6p     3.07150E-01  9.09379E-01  4.0
     87  5  5  410   5 2s2p(3PO) 6p     3.07780E-01  9.10009E-01 12.0
     88  5  5  431   5 2s2p(3PO) 6d     3.11544E-01  9.13773E-01 28.0
     89  5  5  421   4 2s2p(3PO) 6d     3.11688E-01  9.13917E-01 20.0
     90  5  5  230   3 2s2p(3PO) 6f     3.12317E-01  9.14546E-01 14.0
     91  5  5  430   3 2s2p(3PO) 6f     3.12321E-01  9.14550E-01 28.0
     92  5  5  411   8 2s2p(3PO) 6d     3.12339E-01  9.14568E-01 12.0
     93  5  5  441   2 2s2p(3PO) 6g     3.12516E-01  9.14745E-01 36.0
     94  5  5  241   2 2s2p(3PO) 6g     3.12516E-01  9.14745E-01 18.0
     95  5  5  440   3 2s2p(3PO) 6f     3.12560E-01  9.14789E-01 36.0
     96  5  5  440   4 2s2p(3PO) 6h     3.12600E-01  9.14829E-01 36.0
     97  5  5  431   6 2s2p(3PO) 6g     3.12607E-01  9.14836E-01 28.0
     98  5  5  420   7 2s2p(3PO) 6f     3.12675E-01  9.14904E-01 20.0
     99  5  5  411   9 2s2p(3PO) 7s     3.13287E-01  9.15516E-01 12.0
    100  5  5  221   5 2s2p(3PO) 7d:    3.15647E-01  9.17876E-01 10.0
    101  5  5  420   8 2s2p(3PO) 7p     3.16068E-01  9.18297E-01 20.0
    102  5  5  210   6 2s2p(3PO) 7p     3.16408E-01  9.18637E-01  6.0
    103  5  5  400   5 2s2p(3PO) 7p     3.16608E-01  9.18837E-01  4.0
    104  5  5  410   6 2s2p(3PO) 7p     3.16999E-01  9.19228E-01 12.0
    105  5  5  431   7 2s2p(3PO) 7d     3.19284E-01  9.21513E-01 28.0
    106  5  5  421   5 2s2p(3PO) 7d     3.19388E-01  9.21617E-01 20.0
    107  5  5  230   4 2s2p(3PO) 7f     3.19781E-01  9.22010E-01 14.0
    108  5  5  430   4 2s2p(3PO) 7f     3.19784E-01  9.22013E-01 28.0
    109  5  5  411  10 2s2p(3PO) 7d     3.19789E-01  9.22018E-01 12.0
    110  5  5  441   3 2s2p(3PO) 7g     3.19903E-01  9.22132E-01 36.0
    111  5  5  241   3 2s2p(3PO) 7g     3.19903E-01  9.22132E-01 18.0
    112  5  5  440   5 2s2p(3PO) 7f     3.19933E-01  9.22162E-01 36.0
    113  5  5  440   6 2s2p(3PO) 7h     3.19965E-01  9.22194E-01 36.0
    114  5  5  431   8 2s2p(3PO) 7g     3.19969E-01  9.22198E-01 28.0
    115  5  5  420   9 2s2p(3PO) 7f     3.20008E-01  9.22237E-01 20.0
    116  5  5  411  11 2s2p(3PO) 8s     3.20401E-01  9.22630E-01 12.0
    117  5  5  221   6 2s2p(3PO) 8d:    3.21756E-01  9.23985E-01 10.0
    118  5  5  420  10 2s2p(3PO) 8p     3.22184E-01  9.24413E-01 20.0
    119  5  5  210   7 2s2p(3PO) 8p     3.22389E-01  9.24618E-01  6.0
    120  5  5  400   6 2s2p(3PO) 8p     3.22531E-01  9.24760E-01  4.0
    121  5  5  410   7 2s2p(3PO) 8p     3.22789E-01  9.25018E-01 12.0
    122  5  5  431   9 2s2p(3PO) 8d     3.24282E-01  9.26511E-01 28.0
    123  5  5  421   6 2s2p(3PO) 8d     3.24356E-01  9.26585E-01 20.0
    124  5  5  230   5 2s2p(3PO) 8f     3.24619E-01  9.26848E-01 14.0
    125  5  5  430   5 2s2p(3PO) 8f     3.24620E-01  9.26849E-01 28.0
    126  5  5  411  12 2s2p(3PO) 8d     3.24621E-01  9.26850E-01 12.0
    127  5  5  441   4 2s2p(3PO) 8g     3.24699E-01  9.26928E-01 36.0
    128  5  5  241   4 2s2p(3PO) 8g     3.24699E-01  9.26928E-01 18.0
    129  5  5  440   7 2s2p(3PO) 8f     3.24720E-01  9.26949E-01 36.0
    130  5  5  440   8 2s2p(3PO) 8h     3.24744E-01  9.26973E-01 36.0
    131  5  5  431  10 2s2p(3PO) 8g     3.24746E-01  9.26975E-01 28.0
    132  5  5  420  11 2s2p(3PO) 8f     3.24771E-01  9.27000E-01 20.0
    133  5  5  411  13 2s2p(3PO) 9s     3.25037E-01  9.27266E-01 12.0
    134  5  5  221   7 2s2p(3PO) 9d:    3.25887E-01  9.28116E-01 10.0
    135  5  5  420  12 2s2p(3PO) 9p     3.26249E-01  9.28478E-01 20.0
    136  5  5  210   8 2s2p(3PO) 9p     3.26383E-01  9.28612E-01  6.0
    137  5  5  400   7 2s2p(3PO) 9p     3.26485E-01  9.28714E-01  4.0
    138  5  5  410   8 2s2p(3PO) 9p     3.26663E-01  9.28892E-01 12.0
    139  5  5  431  11 2s2p(3PO) 9d     3.27693E-01  9.29922E-01 28.0
    140  5  5  421   7 2s2p(3PO) 9d     3.27747E-01  9.29976E-01 20.0
    141  5  5  230   6 2s2p(3PO) 9f     3.27931E-01  9.30160E-01 14.0
    142  5  5  411  14 2s2p(3PO) 9d     3.27932E-01  9.30161E-01 12.0
    143  5  5  430   6 2s2p(3PO) 9f     3.27932E-01  9.30161E-01 28.0
    144  5  5  241   5 2s2p(3PO) 9g     3.27987E-01  9.30216E-01 18.0
    145  5  5  441   5 2s2p(3PO) 9g     3.27987E-01  9.30216E-01 36.0
    146  5  5  440   9 2s2p(3PO) 9f     3.28002E-01  9.30231E-01 36.0
    147  5  5  440  10 2s2p(3PO) 9h     3.28020E-01  9.30249E-01 36.0
    148  5  5  431  12 2s2p(3PO) 9g     3.28022E-01  9.30251E-01 28.0
    149  5  5  420  13 2s2p(3PO) 9f     3.28038E-01  9.30267E-01 20.0
    150  5  5  411  15 2s2p(3PO)10s     3.28227E-01  9.30456E-01 12.0
    151  5  5  221   8 2s2p(3PO)10d:    3.28795E-01  9.31024E-01 10.0
    152  5  5  420  14 2s2p(3PO)10p     3.29087E-01  9.31316E-01 20.0
    153  5  5  210   9 2s2p(3PO)10p     3.29179E-01  9.31408E-01  6.0
    154  5  5  400   8 2s2p(3PO)10p     3.29255E-01  9.31484E-01  4.0
    155  5  5  410   9 2s2p(3PO)10p     3.29384E-01  9.31613E-01 12.0
    156  5  5  431  13 2s2p(3PO)10d     3.30124E-01  9.32353E-01 28.0
    157  5  5  421   8 2s2p(3PO)10d     3.30165E-01  9.32394E-01 20.0
    158  5  5  411  16 2s2p(3PO)11s     3.30298E-01  9.32527E-01 12.0
    159  5  5  230   7 2s2p(3PO)10f     3.30298E-01  9.32527E-01 14.0
    160  5  5  430   7 2s2p(3PO)10f     3.30299E-01  9.32528E-01 28.0
    161  5  5  441   6 2s2p(3PO)10g     3.30338E-01  9.32567E-01 36.0
    162  5  5  241   6 2s2p(3PO)10g     3.30338E-01  9.32567E-01 18.0
    163  5  5  440  11 2s2p(3PO)10f     3.30350E-01  9.32579E-01 36.0
    164  5  5  201   1 2p2(3PE) 3p      7.21135E-01  1.32336E+00  2.0
    165  5  5  401   2 2p2(3PE) 3p      7.55242E-01  1.35747E+00  4.0
    166  5  5  201   2 2p2(3PE) 4p      8.18684E-01  1.42091E+00  2.0
    167  5  5  401   3 2p2(3PE) 4p      8.30293E-01  1.43252E+00  4.0
    168  5  5  201   3 2p2(3PE) 5p      8.55112E-01  1.45734E+00  2.0
    169  5  5  401   4 2p2(3PE) 5p      8.60407E-01  1.46264E+00  4.0
    170  5  5  201   4 2p2(3PE) 6p      8.72875E-01  1.47510E+00  2.0
    171  5  5  401   5 2p2(3PE) 6p      8.75744E-01  1.47797E+00  4.0
    172  5  5  201   5 2p2(3PE) 7p      8.82898E-01  1.48513E+00  2.0
    173  5  5  401   6 2p2(3PE) 7p      8.84628E-01  1.48686E+00  4.0
    174  5  5  201   6 2p2(3PE) 8p      8.89114E-01  1.49134E+00  2.0
    175  5  5  401   7 2p2(3PE) 8p      8.90238E-01  1.49247E+00  4.0
    176  5  5  201   7 2p2(3PE) 9p      8.93235E-01  1.49546E+00  2.0
    177  5  5  401   8 2p2(3PE) 9p      8.94006E-01  1.49624E+00  4.0
    178  5  5  201   8 2p2(3PE)10p      8.96108E-01  1.49834E+00  2.0
    179  5  5  401   9 2p2(3PE)10p      8.96660E-01  1.49889E+00  4.0
 ====================================================================
