 ====================================================================
      i NZ NE iSLP iLV iCONF                 E(RYD)      TE(RYD)   gi
 ====================================================================
      1  5  4  100   1 2s2             -1.84287E+00  0.00000E+00  1.0
      2  5  4  311   1 2s 2p           -1.50182E+00  3.41050E-01  9.0
      3  5  4  111   1 2s 2p           -1.16257E+00  6.80300E-01  3.0
      4  5  4  310   1 2p2             -9.31047E-01  9.11823E-01  9.0
      5  5  4  120   1 2p2             -9.02171E-01  9.40699E-01  5.0
      6  5  4  300   1 2s 3s           -6.65048E-01  1.17782E+00  3.0
      7  5  4  100   2 2p2             -6.62891E-01  1.17998E+00  1.0
      8  5  4  100   3 2s 3s           -5.76906E-01  1.26596E+00  1.0
      9  5  4  311   2 2s 3p           -5.34836E-01  1.30803E+00  9.0
     10  5  4  111   2 2s 3p           -5.32610E-01  1.31026E+00  3.0
     11  5  4  320   1 2s 3d           -4.75550E-01  1.36732E+00 15.0
     12  5  4  120   2 2s 3d           -4.36681E-01  1.40619E+00  5.0
     13  5  4  300   2 2s 4s           -3.32464E-01  1.51041E+00  3.0
     14  5  4  100   4 2s 4s           -3.17786E-01  1.52508E+00  1.0
     15  5  4  111   3 2s 4p           -2.93254E-01  1.54962E+00  3.0
     16  5  4  311   3 2s 4p           -2.84766E-01  1.55810E+00  9.0
     17  5  4  320   2 2s 4d           -2.62280E-01  1.58059E+00 15.0
     18  5  4  331   1 2s 4f           -2.54935E-01  1.58793E+00 21.0
     19  5  4  131   1 2s 4f           -2.54756E-01  1.58811E+00  7.0
     20  5  4  120   3 2s 4d           -2.48024E-01  1.59485E+00  5.0
     21  5  4  300   3 2s 5s           -2.00037E-01  1.64283E+00  3.0
     22  5  4  100   5 2s 5s           -1.94052E-01  1.64882E+00  1.0
     23  5  4  111   4 2s 5p           -1.90927E-01  1.65194E+00  3.0
     24  5  4  311   4 2p 3s           -1.88280E-01  1.65459E+00  9.0
     25  5  4  311   5 2s 5p           -1.77115E-01  1.66576E+00  9.0
     26  5  4  320   3 2s 5d           -1.66141E-01  1.67673E+00 15.0
     27  5  4  331   2 2s 5f           -1.63704E-01  1.67917E+00 21.0
     28  5  4  131   2 2s 5f           -1.63255E-01  1.67962E+00  7.0
     29  5  4  120   4 2s 5d           -1.59506E-01  1.68336E+00  5.0
     30  5  4  111   5 2p 3s           -1.44876E-01  1.69799E+00  3.0
     31  5  4  300   4 2s 6s           -1.33846E-01  1.70902E+00  3.0
     32  5  4  100   6 2s 6s           -1.30600E-01  1.71227E+00  1.0
     33  5  4  311   6 2s 6p           -1.20898E-01  1.72197E+00  9.0
     34  5  4  110   1 2p 3p           -1.19884E-01  1.72299E+00  3.0
     35  5  4  320   4 2s 6d           -1.14805E-01  1.72807E+00 15.0
     36  5  4  331   3 2s 6f           -1.14286E-01  1.72858E+00 21.0
     37  5  4  131   3 2s 6f           -1.13511E-01  1.72936E+00  7.0
     38  5  4  111   6 2s 6p           -1.12301E-01  1.73057E+00  3.0
     39  5  4  120   5 2s 6d           -1.11180E-01  1.73169E+00  5.0
     40  5  4  320   5 2p 3p           -1.02425E-01  1.74045E+00 15.0
     41  5  4  300   5 2s 7s           -9.63176E-02  1.74655E+00  3.0
     42  5  4  100   7 2s 7s           -9.38350E-02  1.74904E+00  1.0
     43  5  4  311   7 2s 7p           -8.77672E-02  1.75510E+00  9.0
     44  5  4  111   7 2s 7p           -8.46344E-02  1.75824E+00  3.0
     45  5  4  331   4 2s 7f           -8.46326E-02  1.75824E+00 21.0
     46  5  4  320   6 2s 7d           -8.37063E-02  1.75916E+00 15.0
     47  5  4  131   4 2s 7f           -8.34652E-02  1.75940E+00  7.0
     48  5  4  120   6 2s 7d           -8.20305E-02  1.76084E+00  5.0
     49  5  4  300   6 2p 3p           -7.64284E-02  1.76644E+00  3.0
     50  5  4  100   8 2s 8s           -7.06550E-02  1.77222E+00  1.0
     51  5  4  300   7 2s 8s           -6.85618E-02  1.77431E+00  3.0
     52  5  4  311   8 2s 8p           -6.66108E-02  1.77626E+00  9.0
     53  5  4  331   5 2s 8f           -6.56160E-02  1.77725E+00 21.0
     54  5  4  111   8 2s 8p           -6.50734E-02  1.77780E+00  3.0
     55  5  4  131   5 2s 8f           -6.39390E-02  1.77893E+00  7.0
     56  5  4  320   7 2s 8d           -6.39150E-02  1.77895E+00 15.0
     57  5  4  120   7 2s 8d           -6.32918E-02  1.77958E+00  5.0
     58  5  4  310   2 2p 3p           -5.82872E-02  1.78458E+00  9.0
     59  5  4  100   9 2s 9s           -5.51087E-02  1.78776E+00  1.0
     60  5  4  300   8 2s 9s           -5.49826E-02  1.78789E+00  3.0
     61  5  4  331   6 2s 9f           -5.28630E-02  1.79001E+00 21.0
     62  5  4  311   9 2s 9p           -5.22798E-02  1.79059E+00  9.0
     63  5  4  111   9 2s 9p           -5.13861E-02  1.79148E+00  3.0
     64  5  4  120   8 2s 9d           -5.13083E-02  1.79156E+00  5.0
     65  5  4  131   6 2s 9f           -5.05381E-02  1.79233E+00  7.0
     66  5  4  320   8 2s 9d           -5.03790E-02  1.79249E+00 15.0
     67  5  4  120   9 2p 3p           -4.50198E-02  1.79785E+00  5.0
     68  5  4  300   9 2s10s           -4.42003E-02  1.79867E+00  3.0
     69  5  4  100  10 2s10s           -4.41786E-02  1.79869E+00  1.0
     70  5  4  331   7 2s10f           -4.38748E-02  1.79900E+00 21.0
     71  5  4  121   1 2p 3d           -4.23468E-02  1.80052E+00  5.0
     72  5  4  311  10 2s10p           -4.21238E-02  1.80075E+00  9.0
     73  5  4  111  10 2s10p           -4.15450E-02  1.80132E+00  3.0
     74  5  4  131   7 2s10f           -4.09439E-02  1.80193E+00  7.0
     75  5  4  320   9 2s10d           -4.07264E-02  1.80214E+00 15.0
     76  5  4  321   1 2p 3d           -1.67688E-02  1.82610E+00 15.0
     77  5  4  110   2 2p 4p            1.50727E-01  1.99360E+00  3.0
     78  5  4  310   3 2p 4p            1.71291E-01  2.01416E+00  9.0
     79  5  4  121   2 2p 4d            1.78006E-01  2.02088E+00  5.0
     80  5  4  321   2 2p 4d            1.88184E-01  2.03105E+00 15.0
     81  5  4  110   3 2p 5p            2.63669E-01  2.10654E+00  3.0
     82  5  4  310   4 2p 5p            2.73083E-01  2.11595E+00  9.0
     83  5  4  121   3 2p 5d            2.76591E-01  2.11946E+00  5.0
     84  5  4  321   3 2p 5d            2.81569E-01  2.12444E+00 15.0
     85  5  4  110   4 2p 6p            3.21819E-01  2.16469E+00  3.0
     86  5  4  310   5 2p 6p            3.26948E-01  2.16982E+00  9.0
     87  5  4  121   4 2p 6d            3.28986E-01  2.17186E+00  5.0
     88  5  4  321   4 2p 6d            3.31798E-01  2.17467E+00 15.0
     89  5  4  110   5 2p 7p            3.55812E-01  2.19868E+00  3.0
     90  5  4  310   6 2p 7p            3.58918E-01  2.20179E+00  9.0
     91  5  4  121   5 2p 7d            3.60205E-01  2.20307E+00  5.0
     92  5  4  321   5 2p 7d            3.61947E-01  2.20482E+00 15.0
     93  5  4  110   6 2p 8p            3.77414E-01  2.22028E+00  3.0
     94  5  4  310   7 2p 8p            3.79440E-01  2.22231E+00  9.0
     95  5  4  121   6 2p 8d            3.80302E-01  2.22317E+00  5.0
     96  5  4  321   6 2p 8d            3.81456E-01  2.22433E+00 15.0
     97  5  4  110   7 2p 9p            3.91997E-01  2.23487E+00  3.0
     98  5  4  310   8 2p 9p            3.93392E-01  2.23626E+00  9.0
     99  5  4  121   7 2p 9d            3.93998E-01  2.23687E+00  5.0
    100  5  4  321   7 2p 9d            3.94801E-01  2.23767E+00 15.0
    101  5  4  110   8 2p10p            4.02304E-01  2.24517E+00  3.0
    102  5  4  310   9 2p10p            4.03306E-01  2.24618E+00  9.0
    103  5  4  121   8 2p10d            4.03749E-01  2.24662E+00  5.0
    104  5  4  321   8 2p10d            4.04330E-01  2.24720E+00 15.0
 ====================================================================
