 ====================================================================
      i NZ NE iSLP iLV iCONF                 E(RYD)      TE(RYD)   gi
 ====================================================================
      1  5  3  200   1 1s2 2s          -2.78482E+00  0.00000E+00  2.0
      2  5  3  211   1 1s2 2p          -2.34405E+00  4.40770E-01  6.0
      3  5  3  200   2 1s2 3s          -1.14485E+00  1.63997E+00  2.0
      4  5  3  211   2 1s2 3p          -1.02850E+00  1.75632E+00  6.0
      5  5  3  220   1 1s2 3d          -1.00102E+00  1.78380E+00 10.0
      6  5  3  200   3 1s2 4s          -6.21443E-01  2.16338E+00  2.0
      7  5  3  211   3 1s2 4p          -5.74582E-01  2.21024E+00  6.0
      8  5  3  220   2 1s2 4d          -5.63022E-01  2.22180E+00 10.0
      9  5  3  200   4 1s2 5s          -3.89594E-01  2.39523E+00  2.0
     10  5  3  211   4 1s2 5p          -3.66196E-01  2.41862E+00  6.0
     11  5  3  220   3 1s2 5d          -3.60287E-01  2.42453E+00 10.0
     12  5  3  200   5 1s2 6s          -2.66917E-01  2.51790E+00  2.0
     13  5  3  211   5 1s2 6p          -2.53587E-01  2.53123E+00  6.0
     14  5  3  220   4 1s2 6d          -2.50172E-01  2.53465E+00 10.0
     15  5  3  200   6 1s2 7s          -1.94237E-01  2.59058E+00  2.0
     16  5  3  211   6 1s2 7p          -1.85932E-01  2.59889E+00  6.0
     17  5  3  220   5 1s2 7d          -1.83784E-01  2.60104E+00 10.0
     18  5  3  200   7 1s2 8s          -1.47659E-01  2.63716E+00  2.0
     19  5  3  211   7 1s2 8p          -1.42138E-01  2.64268E+00  6.0
     20  5  3  220   6 1s2 8d          -1.40700E-01  2.64412E+00 10.0
     21  5  3  200   8 1s2 9s          -1.16028E-01  2.66879E+00  2.0
     22  5  3  211   8 1s2 9p          -1.12174E-01  2.67265E+00  6.0
     23  5  3  220   7 1s2 9d          -1.11164E-01  2.67366E+00 10.0
     24  5  3  200   9 1s210s          -9.35712E-02  2.69125E+00  2.0
     25  5  3  211   9 1s210p          -9.07744E-02  2.69405E+00  6.0
     26  5  3  220   8 1s210d          -9.00391E-02  2.69478E+00 10.0
 ====================================================================
