 ====================================================================
      i NZ NE iSLP iLV iCONF                 E(RYD)      TE(RYD)   gi
 ====================================================================
      1  5  2  100   1 1s2             -1.90270E+01  0.00000E+00  1.0
      2  5  2  300   1 1s 2s           -4.46759E+00  1.45594E+01  3.0
      3  5  2  100   2 1s 2s           -4.15040E+00  1.48766E+01  1.0
      4  5  2  311   1 1s 2p           -4.14556E+00  1.48814E+01  9.0
      5  5  2  111   1 1s 2p           -3.95294E+00  1.50741E+01  3.0
      6  5  2  300   2 1s 3s           -1.90615E+00  1.71208E+01  3.0
      7  5  2  100   3 1s 3s           -1.82210E+00  1.72049E+01  1.0
      8  5  2  311   2 1s 3p           -1.81993E+00  1.72071E+01  9.0
      9  5  2  320   1 1s 3d           -1.77953E+00  1.72475E+01 15.0
     10  5  2  120   1 1s 3d           -1.77817E+00  1.72488E+01  5.0
     11  5  2  111   2 1s 3p           -1.76490E+00  1.72621E+01  3.0
     12  5  2  300   3 1s 4s           -1.05264E+00  1.79744E+01  3.0
     13  5  2  100   4 1s 4s           -1.01867E+00  1.80083E+01  1.0
     14  5  2  311   3 1s 4p           -1.01761E+00  1.80094E+01  9.0
     15  5  2  320   2 1s 4d           -1.00090E+00  1.80261E+01 15.0
     16  5  2  120   2 1s 4d           -1.00015E+00  1.80268E+01  5.0
     17  5  2  111   3 1s 4p           -9.94754E-01  1.80322E+01  3.0
     18  5  2  300   4 1s 5s           -6.66556E-01  1.83604E+01  3.0
     19  5  2  100   5 1s 5s           -6.49568E-01  1.83774E+01  1.0
     20  5  2  311   4 1s 5p           -6.48982E-01  1.83780E+01  9.0
     21  5  2  320   3 1s 5d           -6.40508E-01  1.83865E+01 15.0
     22  5  2  120   3 1s 5d           -6.40086E-01  1.83869E+01  5.0
     23  5  2  111   4 1s 5p           -6.37373E-01  1.83896E+01  3.0
     24  5  2  300   5 1s 6s           -4.59680E-01  1.85673E+01  3.0
     25  5  2  100   6 1s 6s           -4.49977E-01  1.85770E+01  1.0
     26  5  2  311   5 1s 6p           -4.49626E-01  1.85774E+01  9.0
     27  5  2  320   4 1s 6d           -4.44747E-01  1.85823E+01 15.0
     28  5  2  120   4 1s 6d           -4.44491E-01  1.85825E+01  5.0
     29  5  2  111   5 1s 6p           -4.42940E-01  1.85841E+01  3.0
     30  5  2  300   6 1s 7s           -3.36071E-01  1.86909E+01  3.0
     31  5  2  100   7 1s 7s           -3.30011E-01  1.86970E+01  1.0
     32  5  2  311   6 1s 7p           -3.29786E-01  1.86972E+01  9.0
     33  5  2  320   5 1s 7d           -3.26723E-01  1.87003E+01 15.0
     34  5  2  120   5 1s 7d           -3.26557E-01  1.87004E+01  5.0
     35  5  2  111   6 1s 7p           -3.25588E-01  1.87014E+01  3.0
     36  5  2  300   7 1s 8s           -2.56366E-01  1.87706E+01  3.0
     37  5  2  100   8 1s 8s           -2.52330E-01  1.87747E+01  1.0
     38  5  2  311   7 1s 8p           -2.52177E-01  1.87748E+01  9.0
     39  5  2  320   6 1s 8d           -2.50130E-01  1.87769E+01 15.0
     40  5  2  120   6 1s 8d           -2.50017E-01  1.87770E+01  5.0
     41  5  2  111   7 1s 8p           -2.49371E-01  1.87776E+01  3.0
     42  5  2  300   8 1s 9s           -2.01988E-01  1.88250E+01  3.0
     43  5  2  100   9 1s 9s           -1.99166E-01  1.88278E+01  1.0
     44  5  2  311   8 1s 9p           -1.99058E-01  1.88279E+01  9.0
     45  5  2  320   7 1s 9d           -1.97623E-01  1.88294E+01 15.0
     46  5  2  120   7 1s 9d           -1.97543E-01  1.88295E+01  5.0
     47  5  2  111   8 1s 9p           -1.97090E-01  1.88299E+01  3.0
     48  5  2  300   9 1s10s           -1.63242E-01  1.88638E+01  3.0
     49  5  2  100  10 1s10s           -1.61191E-01  1.88658E+01  1.0
     50  5  2  311   9 1s10p           -1.61112E-01  1.88659E+01  9.0
     51  5  2  320   8 1s10d           -1.60067E-01  1.88669E+01 15.0
     52  5  2  120   8 1s10d           -1.60008E-01  1.88670E+01  5.0
     53  5  2  111   9 1s10p           -1.59679E-01  1.88673E+01  3.0
 ====================================================================
