 ====================================================================
      i NZ NE iSLP iLV iCONF                 E(RYD)      TE(RYD)   gi
 ====================================================================
      1  5  1  200   1 () 1s           -2.50000E+01  0.00000E+00  2.0
      2  5  1  200   2 () 2s           -6.25000E+00  1.87500E+01  2.0
      3  5  1  211   1 () 2p           -6.25000E+00  1.87500E+01  6.0
      4  5  1  220   1 () 3d           -2.77778E+00  2.22222E+01 10.0
      5  5  1  200   3 () 3s           -2.77778E+00  2.22222E+01  2.0
      6  5  1  211   2 () 3p           -2.77778E+00  2.22222E+01  6.0
      7  5  1  211   3 () 4p           -1.56250E+00  2.34375E+01  6.0
      8  5  1  220   2 () 4d           -1.56250E+00  2.34375E+01 10.0
      9  5  1  231   1 () 4f           -1.56250E+00  2.34375E+01 14.0
     10  5  1  200   4 () 4s           -1.56250E+00  2.34375E+01  2.0
     11  5  1  211   4 () 5p           -1.00000E+00  2.40000E+01  6.0
     12  5  1  220   3 () 5d           -1.00000E+00  2.40000E+01 10.0
     13  5  1  231   2 () 5f           -1.00000E+00  2.40000E+01 14.0
     14  5  1  240   1 () 5g           -1.00000E+00  2.40000E+01 18.0
     15  5  1  200   5 () 5s           -1.00000E+00  2.40000E+01  2.0
     16  5  1  200   6 () 6s           -6.94444E-01  2.43056E+01  2.0
     17  5  1  220   4 () 6d           -6.94444E-01  2.43056E+01 10.0
     18  5  1  231   3 () 6f           -6.94444E-01  2.43056E+01 14.0
     19  5  1  251   1 () 6h           -6.94444E-01  2.43056E+01 22.0
     20  5  1  240   2 () 6g           -6.94444E-01  2.43056E+01 18.0
     21  5  1  211   5 () 6p           -6.94444E-01  2.43056E+01  6.0
     22  5  1  231   4 () 7f           -5.10204E-01  2.44898E+01 14.0
     23  5  1  200   7 () 7s           -5.10204E-01  2.44898E+01  2.0
     24  5  1  220   5 () 7d           -5.10204E-01  2.44898E+01 10.0
     25  5  1  260   1 () 7i           -5.10204E-01  2.44898E+01 26.0
     26  5  1  251   2 () 7h           -5.10204E-01  2.44898E+01 22.0
     27  5  1  240   3 () 7g           -5.10204E-01  2.44898E+01 18.0
     28  5  1  211   6 () 7p           -5.10204E-01  2.44898E+01  6.0
     29  5  1  271   1 () 8k           -3.90625E-01  2.46094E+01 30.0
     30  5  1  260   2 () 8i           -3.90625E-01  2.46094E+01 26.0
     31  5  1  251   3 () 8h           -3.90625E-01  2.46094E+01 22.0
     32  5  1  220   6 () 8d           -3.90625E-01  2.46094E+01 10.0
     33  5  1  240   4 () 8g           -3.90625E-01  2.46094E+01 18.0
     34  5  1  211   7 () 8p           -3.90625E-01  2.46094E+01  6.0
     35  5  1  200   8 () 8s           -3.90625E-01  2.46094E+01  2.0
     36  5  1  231   5 () 8f           -3.90625E-01  2.46094E+01 14.0
     37  5  1  220   7 () 9d           -3.08642E-01  2.46914E+01 10.0
     38  5  1  271   2 () 9k           -3.08642E-01  2.46914E+01 30.0
     39  5  1  260   3 () 9i           -3.08642E-01  2.46914E+01 26.0
     40  5  1  251   4 () 9h           -3.08642E-01  2.46914E+01 22.0
     41  5  1  280   1 () 9l           -3.08642E-01  2.46914E+01 34.0
     42  5  1  240   5 () 9g           -3.08642E-01  2.46914E+01 18.0
     43  5  1  200   9 () 9s           -3.08642E-01  2.46914E+01  2.0
     44  5  1  211   8 () 9p           -3.08642E-01  2.46914E+01  6.0
     45  5  1  231   6 () 9f           -3.08642E-01  2.46914E+01 14.0
     46  5  1  280   2 ()10l           -2.50000E-01  2.47500E+01 34.0
     47  5  1  220   8 ()10d           -2.50000E-01  2.47500E+01 10.0
     48  5  1  271   3 ()10k           -2.50000E-01  2.47500E+01 30.0
     49  5  1  260   4 ()10i           -2.50000E-01  2.47500E+01 26.0
     50  5  1  251   5 ()10h           -2.50000E-01  2.47500E+01 22.0
     51  5  1  240   6 ()10g           -2.50000E-01  2.47500E+01 18.0
     52  5  1  200  10 ()10s           -2.50000E-01  2.47500E+01  2.0
     53  5  1  211   9 ()10p           -2.50000E-01  2.47500E+01  6.0
     54  5  1  291   1 ()10m           -2.50000E-01  2.47500E+01 38.0
     55  5  1  231   7 ()10f           -2.50000E-01  2.47500E+01 14.0
 ====================================================================
