 ================================================
       I  NZ  NE  ISLP  ILV        E(RYD)      NP
 ================================================
       1   5   2   100    1  -1.90270E+01      56
  1.889470E+01 7.590E-01
  1.892780E+01 7.560E-01
  1.896080E+01 7.531E-01
  1.899390E+01 7.502E-01
  1.902679E+01 7.473E-01
  2.007941E+01 6.609E-01
  2.116631E+01 5.846E-01
  2.228979E+01 5.174E-01
  2.345190E+01 4.580E-01
  2.465480E+01 4.055E-01
  2.593994E+01 3.576E-01
  2.727275E+01 3.154E-01
  2.865459E+01 2.781E-01
  3.008690E+01 2.452E-01
  3.157108E+01 2.161E-01
  3.310861E+01 1.905E-01
  3.470097E+01 1.680E-01
  3.634970E+01 1.480E-01
  3.805634E+01 1.305E-01
  3.982253E+01 1.150E-01
  4.164983E+01 1.013E-01
  4.353998E+01 8.925E-02
  4.549463E+01 7.863E-02
  4.751553E+01 6.927E-02
  4.960446E+01 6.101E-02
  5.176320E+01 5.374E-02
  5.399365E+01 4.733E-02
  5.629770E+01 4.168E-02
  5.867722E+01 3.671E-02
  6.113423E+01 3.232E-02
  6.367076E+01 2.846E-02
  6.628886E+01 2.505E-02
  6.899060E+01 2.205E-02
  7.177815E+01 1.941E-02
  7.465370E+01 1.721E-02
  7.647320E+01 1.610E-02
  8.023900E+01 1.416E-02
  8.419020E+01 1.244E-02
  8.833590E+01 1.091E-02
  9.268580E+01 9.567E-03
  9.725000E+01 8.380E-03
  1.020390E+02 7.334E-03
  1.070640E+02 6.412E-03
  1.123360E+02 5.602E-03
  1.178670E+02 4.890E-03
  1.236720E+02 4.265E-03
  1.297610E+02 3.717E-03
  1.361510E+02 3.237E-03
  1.428560E+02 2.817E-03
  1.498900E+02 2.450E-03
  1.572710E+02 2.129E-03
  1.650160E+02 1.849E-03
  1.731420E+02 1.605E-03
  1.816680E+02 1.392E-03
  1.906140E+02 1.206E-03
  2.000000E+02 1.045E-03
       2   5   2   300    1  -4.46759E+00      62
  4.335360E+00 8.278E-01
  4.368420E+00 8.164E-01
  4.401480E+00 8.052E-01
  4.434540E+00 7.942E-01
  4.467430E+00 7.835E-01
  4.762120E+00 6.962E-01
  5.069550E+00 6.188E-01
  5.390480E+00 5.502E-01
  5.725710E+00 4.892E-01
  6.076060E+00 4.351E-01
  6.442390E+00 3.871E-01
  6.825580E+00 3.444E-01
  7.226560E+00 3.065E-01
  7.646340E+00 2.728E-01
  8.085930E+00 2.428E-01
  8.546450E+00 2.162E-01
  9.029050E+00 1.925E-01
  9.534970E+00 1.715E-01
  1.006550E+01 1.528E-01
  1.062210E+01 1.361E-01
  1.122304E+01 1.203E-01
  1.185241E+01 1.065E-01
  1.251134E+01 9.436E-02
  1.320101E+01 8.357E-02
  1.392263E+01 7.400E-02
  1.467747E+01 6.552E-02
  1.546684E+01 5.801E-02
  1.629207E+01 5.135E-02
  1.715454E+01 4.546E-02
  1.805574E+01 4.023E-02
  1.899710E+01 3.560E-02
  1.998019E+01 3.151E-02
  2.100659E+01 2.788E-02
  2.207791E+01 2.466E-02
  2.319588E+01 2.182E-02
  2.436221E+01 1.930E-02
  2.557877E+01 1.707E-02
  2.684735E+01 1.510E-02
  2.816991E+01 1.335E-02
  2.954843E+01 1.181E-02
  3.098494E+01 1.044E-02
  3.248158E+01 9.229E-03
  3.404053E+01 8.159E-03
  3.566403E+01 7.212E-03
  3.735442E+01 6.375E-03
  3.911407E+01 5.634E-03
  4.094548E+01 4.980E-03
  4.285117E+01 4.400E-03
  4.483377E+01 3.888E-03
  4.689600E+01 3.436E-03
  4.904063E+01 3.035E-03
  5.127057E+01 2.682E-03
  5.358879E+01 2.369E-03
  5.599835E+01 2.092E-03
  5.850238E+01 1.848E-03
  6.110414E+01 1.632E-03
  6.380696E+01 1.441E-03
  6.661427E+01 1.273E-03
  6.952969E+01 1.124E-03
  7.255681E+01 9.925E-04
  7.569946E+01 8.763E-04
  7.896143E+01 7.736E-04
       3   5   2   100    2  -4.15040E+00      62
  4.018160E+00 9.045E-01
  4.051220E+00 8.904E-01
  4.084280E+00 8.767E-01
  4.117340E+00 8.633E-01
  4.150240E+00 8.503E-01
  4.417430E+00 7.543E-01
  4.695370E+00 6.694E-01
  4.984650E+00 5.940E-01
  5.285870E+00 5.273E-01
  5.599640E+00 4.680E-01
  5.926600E+00 4.155E-01
  6.267390E+00 3.690E-01
  6.622700E+00 3.276E-01
  6.993220E+00 2.910E-01
  7.379680E+00 2.584E-01
  7.782870E+00 2.295E-01
  8.203560E+00 2.039E-01
  8.642610E+00 1.811E-01
  9.100890E+00 1.609E-01
  9.579330E+00 1.430E-01
  1.007890E+01 1.271E-01
  1.061404E+01 1.121E-01
  1.117190E+01 9.907E-02
  1.175326E+01 8.757E-02
  1.235892E+01 7.739E-02
  1.298973E+01 6.840E-02
  1.364655E+01 6.044E-02
  1.433026E+01 5.340E-02
  1.504176E+01 4.718E-02
  1.578201E+01 4.168E-02
  1.655194E+01 3.681E-02
  1.735258E+01 3.251E-02
  1.818491E+01 2.872E-02
  1.904999E+01 2.536E-02
  1.994888E+01 2.239E-02
  2.088269E+01 1.977E-02
  2.185257E+01 1.745E-02
  2.285966E+01 1.541E-02
  2.390520E+01 1.360E-02
  2.499036E+01 1.200E-02
  2.611644E+01 1.059E-02
  2.728473E+01 9.348E-03
  2.849658E+01 8.249E-03
  2.975336E+01 7.278E-03
  3.105646E+01 6.421E-03
  3.240733E+01 5.665E-03
  3.380745E+01 4.997E-03
  3.525833E+01 4.408E-03
  3.676152E+01 3.888E-03
  3.831865E+01 3.429E-03
  3.993137E+01 3.024E-03
  4.160136E+01 2.667E-03
  4.333034E+01 2.351E-03
  4.512010E+01 2.073E-03
  4.697246E+01 1.828E-03
  4.888930E+01 1.612E-03
  5.087253E+01 1.421E-03
  5.292413E+01 1.252E-03
  5.504608E+01 1.104E-03
  5.724051E+01 9.729E-04
  5.950954E+01 8.574E-04
  6.185529E+01 7.556E-04
       4   5   2   311    1  -4.14556E+00      61
  4.013330E+00 1.020E+00
  4.046380E+00 9.958E-01
  4.079440E+00 9.725E-01
  4.112500E+00 9.498E-01
  4.145400E+00 9.280E-01
  4.320730E+00 8.218E-01
  4.502690E+00 7.276E-01
  4.691530E+00 6.443E-01
  4.887490E+00 5.705E-01
  5.090820E+00 5.051E-01
  5.301780E+00 4.472E-01
  5.520630E+00 3.959E-01
  5.747670E+00 3.505E-01
  5.983170E+00 3.103E-01
  6.227440E+00 2.746E-01
  6.480780E+00 2.431E-01
  6.743520E+00 2.152E-01
  7.015980E+00 1.905E-01
  7.298510E+00 1.686E-01
  7.591470E+00 1.492E-01
  7.895210E+00 1.321E-01
  8.210120E+00 1.169E-01
  8.536580E+00 1.035E-01
  8.875020E+00 9.156E-02
  9.225840E+00 8.103E-02
  9.589470E+00 7.171E-02
  9.966380E+00 6.346E-02
  1.035700E+01 5.616E-02
  1.076953E+01 4.953E-02
  1.119713E+01 4.371E-02
  1.164030E+01 3.857E-02
  1.209956E+01 3.404E-02
  1.257547E+01 3.003E-02
  1.306857E+01 2.650E-02
  1.357942E+01 2.338E-02
  1.410862E+01 2.063E-02
  1.465679E+01 1.820E-02
  1.522452E+01 1.606E-02
  1.581248E+01 1.416E-02
  1.642133E+01 1.250E-02
  1.705176E+01 1.102E-02
  1.770445E+01 9.722E-03
  1.838014E+01 8.576E-03
  1.907959E+01 7.564E-03
  1.980354E+01 6.671E-03
  2.055281E+01 5.884E-03
  2.132820E+01 5.189E-03
  2.213055E+01 4.576E-03
  2.296075E+01 4.035E-03
  2.381966E+01 3.558E-03
  2.470821E+01 3.138E-03
  2.562735E+01 2.767E-03
  2.657805E+01 2.439E-03
  2.756128E+01 2.151E-03
  2.857811E+01 1.896E-03
  2.962961E+01 1.672E-03
  3.071683E+01 1.474E-03
  3.184090E+01 1.299E-03
  3.300299E+01 1.145E-03
  3.420430E+01 1.010E-03
  3.544608E+01 8.901E-04
       5   5   2   111    1  -3.95294E+00      60
  3.820710E+00 9.047E-01
  3.853770E+00 8.807E-01
  3.886830E+00 8.575E-01
  3.919890E+00 8.351E-01
  3.952780E+00 8.135E-01
  4.108220E+00 7.200E-01
  4.269600E+00 6.371E-01
  4.437060E+00 5.636E-01
  4.610760E+00 4.985E-01
  4.790830E+00 4.408E-01
  4.977440E+00 3.896E-01
  5.170700E+00 3.443E-01
  5.370760E+00 3.042E-01
  5.577740E+00 2.687E-01
  5.791780E+00 2.373E-01
  6.013000E+00 2.094E-01
  6.241520E+00 1.848E-01
  6.477460E+00 1.631E-01
  6.720920E+00 1.439E-01
  6.972020E+00 1.269E-01
  7.230860E+00 1.118E-01
  7.497540E+00 9.858E-02
  7.772150E+00 8.687E-02
  8.054800E+00 7.653E-02
  8.345560E+00 6.740E-02
  8.644530E+00 5.935E-02
  8.951790E+00 5.225E-02
  9.267410E+00 4.599E-02
  9.591470E+00 4.046E-02
  9.924050E+00 3.560E-02
  1.027454E+01 3.154E-02
  1.063539E+01 2.775E-02
  1.100686E+01 2.441E-02
  1.138920E+01 2.147E-02
  1.178269E+01 1.888E-02
  1.218762E+01 1.661E-02
  1.260424E+01 1.461E-02
  1.303288E+01 1.284E-02
  1.347380E+01 1.129E-02
  1.392731E+01 9.932E-03
  1.439372E+01 8.733E-03
  1.487333E+01 7.679E-03
  1.536647E+01 6.752E-03
  1.587347E+01 5.936E-03
  1.639465E+01 5.218E-03
  1.693036E+01 4.588E-03
  1.748096E+01 4.033E-03
  1.804677E+01 3.545E-03
  1.862816E+01 3.116E-03
  1.922551E+01 2.739E-03
  1.983920E+01 2.407E-03
  2.046960E+01 2.116E-03
  2.111711E+01 1.859E-03
  2.178212E+01 1.634E-03
  2.246506E+01 1.436E-03
  2.316631E+01 1.262E-03
  2.388629E+01 1.109E-03
  2.462547E+01 9.743E-04
  2.538429E+01 8.561E-04
  2.616319E+01 7.522E-04
       6   5   2   300    2  -1.90615E+00      64
  1.773920E+00 1.488E+00
  1.806980E+00 1.439E+00
  1.840040E+00 1.391E+00
  1.873090E+00 1.346E+00
  1.905990E+00 1.304E+00
  2.025660E+00 1.164E+00
  2.151910E+00 1.038E+00
  2.285070E+00 9.265E-01
  2.425500E+00 8.265E-01
  2.573530E+00 7.373E-01
  2.729560E+00 6.576E-01
  2.893970E+00 5.865E-01
  3.067170E+00 5.230E-01
  3.249590E+00 4.663E-01
  3.441680E+00 4.157E-01
  3.643910E+00 3.706E-01
  3.856770E+00 3.304E-01
  4.080760E+00 2.945E-01
  4.316430E+00 2.624E-01
  4.564330E+00 2.339E-01
  4.825060E+00 2.084E-01
  5.099210E+00 1.857E-01
  5.387420E+00 1.654E-01
  5.690380E+00 1.474E-01
  6.008760E+00 1.313E-01
  6.343310E+00 1.169E-01
  6.694770E+00 1.042E-01
  7.063940E+00 9.276E-02
  7.451660E+00 8.261E-02
  7.858790E+00 7.356E-02
  8.297555E+00 6.521E-02
  8.758451E+00 5.786E-02
  9.242487E+00 5.133E-02
  9.750717E+00 4.554E-02
  1.028425E+01 4.040E-02
  1.084420E+01 3.583E-02
  1.143180E+01 3.178E-02
  1.204825E+01 2.818E-02
  1.269484E+01 2.499E-02
  1.337294E+01 2.216E-02
  1.408391E+01 1.965E-02
  1.482923E+01 1.742E-02
  1.561038E+01 1.544E-02
  1.642896E+01 1.369E-02
  1.728658E+01 1.213E-02
  1.818495E+01 1.075E-02
  1.912585E+01 9.530E-03
  2.011110E+01 8.445E-03
  2.114261E+01 7.484E-03
  2.222235E+01 6.631E-03
  2.335242E+01 5.875E-03
  2.453493E+01 5.205E-03
  2.577211E+01 4.611E-03
  2.706628E+01 4.085E-03
  2.841985E+01 3.618E-03
  2.983528E+01 3.205E-03
  3.131519E+01 2.838E-03
  3.286226E+01 2.514E-03
  3.447931E+01 2.226E-03
  3.616920E+01 1.971E-03
  3.793497E+01 1.745E-03
  3.977975E+01 1.545E-03
  4.170674E+01 1.368E-03
  4.371939E+01 1.211E-03
       7   5   2   100    3  -1.82210E+00      64
  1.689870E+00 1.634E+00
  1.722930E+00 1.575E+00
  1.755990E+00 1.519E+00
  1.789040E+00 1.466E+00
  1.821940E+00 1.416E+00
  1.934940E+00 1.262E+00
  2.053920E+00 1.125E+00
  2.179150E+00 1.003E+00
  2.310950E+00 8.942E-01
  2.449610E+00 7.970E-01
  2.595480E+00 7.102E-01
  2.748890E+00 6.329E-01
  2.910200E+00 5.639E-01
  3.079790E+00 5.024E-01
  3.258040E+00 4.476E-01
  3.445370E+00 3.987E-01
  3.642200E+00 3.551E-01
  3.848980E+00 3.163E-01
  4.066180E+00 2.817E-01
  4.294280E+00 2.509E-01
  4.533790E+00 2.234E-01
  4.785260E+00 1.989E-01
  5.049230E+00 1.771E-01
  5.326280E+00 1.577E-01
  5.617030E+00 1.404E-01
  5.922120E+00 1.250E-01
  6.242210E+00 1.112E-01
  6.577980E+00 9.901E-02
  6.930190E+00 8.812E-02
  7.299570E+00 7.843E-02
  7.686920E+00 6.980E-02
  8.102885E+00 6.177E-02
  8.539030E+00 5.477E-02
  8.996241E+00 4.855E-02
  9.475438E+00 4.304E-02
  9.977560E+00 3.815E-02
  1.050361E+01 3.381E-02
  1.105461E+01 2.996E-02
  1.163161E+01 2.655E-02
  1.223575E+01 2.353E-02
  1.286816E+01 2.084E-02
  1.353004E+01 1.847E-02
  1.422263E+01 1.636E-02
  1.494723E+01 1.449E-02
  1.570517E+01 1.284E-02
  1.649785E+01 1.137E-02
  1.732668E+01 1.007E-02
  1.819321E+01 8.917E-03
  1.909894E+01 7.896E-03
  2.004552E+01 6.992E-03
  2.103458E+01 6.190E-03
  2.206789E+01 5.480E-03
  2.314722E+01 4.852E-03
  2.427446E+01 4.295E-03
  2.545154E+01 3.802E-03
  2.668044E+01 3.365E-03
  2.796326E+01 2.978E-03
  2.930214E+01 2.636E-03
  3.069931E+01 2.332E-03
  3.215706E+01 2.064E-03
  3.367787E+01 1.826E-03
  3.526411E+01 1.616E-03
  3.691844E+01 1.429E-03
  3.864349E+01 1.265E-03
       8   5   2   311    2  -1.81993E+00      62
  1.687700E+00 2.031E+00
  1.720760E+00 1.942E+00
  1.753820E+00 1.859E+00
  1.786880E+00 1.780E+00
  1.819770E+00 1.706E+00
  1.914640E+00 1.514E+00
  2.013570E+00 1.343E+00
  2.116700E+00 1.192E+00
  2.224200E+00 1.057E+00
  2.336230E+00 9.379E-01
  2.452940E+00 8.319E-01
  2.574510E+00 7.378E-01
  2.701110E+00 6.542E-01
  2.832940E+00 5.801E-01
  2.970160E+00 5.144E-01
  3.112990E+00 4.560E-01
  3.261610E+00 4.042E-01
  3.416240E+00 3.583E-01
  3.577080E+00 3.176E-01
  3.744360E+00 2.814E-01
  3.918310E+00 2.494E-01
  4.099150E+00 2.210E-01
  4.287140E+00 1.958E-01
  4.482510E+00 1.735E-01
  4.685530E+00 1.537E-01
  4.896460E+00 1.361E-01
  5.115580E+00 1.206E-01
  5.343170E+00 1.068E-01
  5.579520E+00 9.459E-02
  5.824930E+00 8.376E-02
  6.079710E+00 7.417E-02
  6.344180E+00 6.568E-02
  6.618680E+00 5.815E-02
  6.903530E+00 5.148E-02
  7.199090E+00 4.557E-02
  7.505730E+00 4.034E-02
  7.823820E+00 3.571E-02
  8.160139E+00 3.147E-02
  8.508994E+00 2.778E-02
  8.870782E+00 2.451E-02
  9.245926E+00 2.163E-02
  9.634857E+00 1.909E-02
  1.003801E+01 1.684E-02
  1.045586E+01 1.486E-02
  1.088885E+01 1.311E-02
  1.133747E+01 1.156E-02
  1.180222E+01 1.020E-02
  1.228359E+01 8.997E-03
  1.278213E+01 7.935E-03
  1.329836E+01 6.998E-03
  1.383284E+01 6.172E-03
  1.438613E+01 5.443E-03
  1.495881E+01 4.799E-03
  1.555148E+01 4.232E-03
  1.616476E+01 3.731E-03
  1.679929E+01 3.290E-03
  1.745570E+01 2.900E-03
  1.813467E+01 2.557E-03
  1.883690E+01 2.254E-03
  1.956305E+01 1.987E-03
  2.031389E+01 1.751E-03
  2.109010E+01 1.543E-03
       9   5   2   320    1  -1.77953E+00      60
  1.647290E+00 1.487E+00
  1.680350E+00 1.390E+00
  1.713410E+00 1.301E+00
  1.746470E+00 1.219E+00
  1.779370E+00 1.144E+00
  1.844690E+00 1.010E+00
  1.912170E+00 8.924E-01
  1.981850E+00 7.881E-01
  2.053800E+00 6.960E-01
  2.128090E+00 6.145E-01
  2.204770E+00 5.426E-01
  2.283920E+00 4.790E-01
  2.365590E+00 4.229E-01
  2.449870E+00 3.733E-01
  2.536820E+00 3.295E-01
  2.626510E+00 2.908E-01
  2.719010E+00 2.567E-01
  2.814410E+00 2.265E-01
  2.912780E+00 1.999E-01
  3.014190E+00 1.764E-01
  3.118730E+00 1.556E-01
  3.226480E+00 1.373E-01
  3.337520E+00 1.211E-01
  3.451930E+00 1.068E-01
  3.569810E+00 9.424E-02
  3.691240E+00 8.312E-02
  3.816320E+00 7.331E-02
  3.945130E+00 6.465E-02
  4.077770E+00 5.701E-02
  4.214330E+00 5.027E-02
  4.354920E+00 4.433E-02
  4.499640E+00 3.908E-02
  4.648580E+00 3.445E-02
  4.801850E+00 3.037E-02
  4.959560E+00 2.677E-02
  5.121810E+00 2.360E-02
  5.288710E+00 2.080E-02
  5.460390E+00 1.833E-02
  5.636940E+00 1.616E-02
  5.818490E+00 1.424E-02
  6.005170E+00 1.254E-02
  6.197080E+00 1.105E-02
  6.394350E+00 9.738E-03
  6.597110E+00 8.580E-03
  6.805490E+00 7.558E-03
  7.019610E+00 6.658E-03
  7.239620E+00 5.865E-03
  7.465640E+00 5.166E-03
  7.697810E+00 4.550E-03
  7.936280E+00 4.007E-03
  8.186203E+00 3.537E-03
  8.443122E+00 3.110E-03
  8.707214E+00 2.735E-03
  8.978652E+00 2.405E-03
  9.257626E+00 2.114E-03
  9.544318E+00 1.859E-03
  9.838924E+00 1.634E-03
  1.014163E+01 1.436E-03
  1.045263E+01 1.263E-03
  1.077215E+01 1.110E-03
      10   5   2   120    1  -1.77817E+00      60
  1.645940E+00 1.467E+00
  1.679000E+00 1.370E+00
  1.712060E+00 1.282E+00
  1.745120E+00 1.201E+00
  1.778010E+00 1.126E+00
  1.842480E+00 9.949E-01
  1.909110E+00 8.789E-01
  1.977970E+00 7.764E-01
  2.049130E+00 6.858E-01
  2.122630E+00 6.057E-01
  2.198560E+00 5.349E-01
  2.276970E+00 4.723E-01
  2.357920E+00 4.170E-01
  2.441490E+00 3.681E-01
  2.527740E+00 3.250E-01
  2.616740E+00 2.868E-01
  2.708560E+00 2.532E-01
  2.803270E+00 2.234E-01
  2.900930E+00 1.971E-01
  3.001640E+00 1.739E-01
  3.105450E+00 1.534E-01
  3.212440E+00 1.354E-01
  3.322690E+00 1.194E-01
  3.436280E+00 1.053E-01
  3.553280E+00 9.285E-02
  3.673770E+00 8.187E-02
  3.797830E+00 7.218E-02
  3.925550E+00 6.364E-02
  4.057000E+00 5.610E-02
  4.192270E+00 4.944E-02
  4.331450E+00 4.358E-02
  4.474610E+00 3.840E-02
  4.621840E+00 3.384E-02
  4.773230E+00 2.981E-02
  4.928880E+00 2.627E-02
  5.088860E+00 2.314E-02
  5.253270E+00 2.038E-02
  5.422210E+00 1.795E-02
  5.595750E+00 1.581E-02
  5.774000E+00 1.392E-02
  5.957050E+00 1.226E-02
  6.145000E+00 1.079E-02
  6.337940E+00 9.499E-03
  6.535970E+00 8.362E-03
  6.739200E+00 7.360E-03
  6.947710E+00 6.477E-03
  7.161610E+00 5.700E-03
  7.381000E+00 5.016E-03
  7.605990E+00 4.413E-03
  7.836670E+00 3.883E-03
  8.079901E+00 3.450E-03
  8.329763E+00 3.033E-03
  8.586428E+00 2.666E-03
  8.850057E+00 2.343E-03
  9.120813E+00 2.059E-03
  9.398868E+00 1.810E-03
  9.684402E+00 1.591E-03
  9.977582E+00 1.398E-03
  1.027860E+01 1.228E-03
  1.058763E+01 1.079E-03
      11   5   2   111    2  -1.76490E+00      61
  1.632670E+00 1.976E+00
  1.665730E+00 1.882E+00
  1.698790E+00 1.793E+00
  1.731850E+00 1.710E+00
  1.764740E+00 1.632E+00
  1.851520E+00 1.448E+00
  1.941990E+00 1.284E+00
  2.036250E+00 1.139E+00
  2.134440E+00 1.009E+00
  2.236690E+00 8.948E-01
  2.343120E+00 7.931E-01
  2.453860E+00 7.028E-01
  2.569050E+00 6.226E-01
  2.688820E+00 5.516E-01
  2.813320E+00 4.885E-01
  2.942680E+00 4.326E-01
  3.077050E+00 3.830E-01
  3.216590E+00 3.391E-01
  3.361430E+00 3.001E-01
  3.511730E+00 2.656E-01
  3.667650E+00 2.350E-01
  3.829340E+00 2.079E-01
  3.996980E+00 1.839E-01
  4.170720E+00 1.627E-01
  4.350720E+00 1.439E-01
  4.537170E+00 1.272E-01
  4.730230E+00 1.125E-01
  4.930080E+00 9.941E-02
  5.136900E+00 8.786E-02
  5.350870E+00 7.764E-02
  5.572180E+00 6.861E-02
  5.801010E+00 6.061E-02
  6.037570E+00 5.354E-02
  6.282030E+00 4.729E-02
  6.534610E+00 4.176E-02
  6.795490E+00 3.688E-02
  7.064900E+00 3.256E-02
  7.343020E+00 2.874E-02
  7.630090E+00 2.537E-02
  7.926300E+00 2.239E-02
  8.240342E+00 1.985E-02
  8.564923E+00 1.749E-02
  8.900346E+00 1.541E-02
  9.246928E+00 1.358E-02
  9.604974E+00 1.196E-02
  9.974819E+00 1.054E-02
  1.035679E+01 9.283E-03
  1.075124E+01 8.177E-03
  1.115850E+01 7.202E-03
  1.157894E+01 6.343E-03
  1.201293E+01 5.586E-03
  1.246083E+01 4.920E-03
  1.292304E+01 4.332E-03
  1.339996E+01 3.815E-03
  1.389197E+01 3.359E-03
  1.439951E+01 2.958E-03
  1.492298E+01 2.604E-03
  1.546283E+01 2.293E-03
  1.601949E+01 2.018E-03
  1.659341E+01 1.777E-03
  1.718509E+01 1.564E-03
      12   5   2   300    3  -1.05264E+00      65
  9.204070E-01 2.453E+00
  9.534650E-01 2.296E+00
  9.865230E-01 2.153E+00
  1.019580E+00 2.023E+00
  1.052480E+00 1.905E+00
  1.116610E+00 1.701E+00
  1.184380E+00 1.520E+00
  1.255970E+00 1.357E+00
  1.331600E+00 1.212E+00
  1.411470E+00 1.082E+00
  1.495810E+00 9.658E-01
  1.584840E+00 8.622E-01
  1.678820E+00 7.696E-01
  1.777990E+00 6.869E-01
  1.882630E+00 6.130E-01
  1.993020E+00 5.471E-01
  2.109450E+00 4.881E-01
  2.232220E+00 4.355E-01
  2.361680E+00 3.886E-01
  2.498150E+00 3.467E-01
  2.641980E+00 3.092E-01
  2.793560E+00 2.758E-01
  2.953260E+00 2.460E-01
  3.121500E+00 2.194E-01
  3.298710E+00 1.956E-01
  3.485330E+00 1.745E-01
  3.681830E+00 1.555E-01
  3.888700E+00 1.387E-01
  4.106450E+00 1.236E-01
  4.335620E+00 1.102E-01
  4.576760E+00 9.823E-02
  4.830470E+00 8.756E-02
  5.097360E+00 7.803E-02
  5.378070E+00 6.954E-02
  5.673270E+00 6.197E-02
  5.983670E+00 5.522E-02
  6.309990E+00 4.920E-02
  6.653000E+00 4.383E-02
  7.013500E+00 3.905E-02
  7.402801E+00 3.468E-02
  7.812356E+00 3.080E-02
  8.243155E+00 2.734E-02
  8.696225E+00 2.428E-02
  9.172649E+00 2.156E-02
  9.673570E+00 1.914E-02
  1.020015E+01 1.699E-02
  1.075363E+01 1.508E-02
  1.133531E+01 1.339E-02
  1.194654E+01 1.188E-02
  1.258872E+01 1.055E-02
  1.326334E+01 9.360E-03
  1.397192E+01 8.306E-03
  1.471606E+01 7.371E-03
  1.549747E+01 6.541E-03
  1.631787E+01 5.804E-03
  1.717914E+01 5.149E-03
  1.808315E+01 4.569E-03
  1.903192E+01 4.053E-03
  2.002753E+01 3.596E-03
  2.107214E+01 3.190E-03
  2.216806E+01 2.829E-03
  2.331761E+01 2.510E-03
  2.452332E+01 2.226E-03
  2.578773E+01 1.974E-03
  2.711359E+01 1.751E-03
      13   5   2   100    4  -1.01867E+00      65
  8.864430E-01 2.702E+00
  9.195010E-01 2.519E+00
  9.525590E-01 2.353E+00
  9.856170E-01 2.203E+00
  1.018510E+00 2.068E+00
  1.078390E+00 1.848E+00
  1.141730E+00 1.651E+00
  1.208720E+00 1.475E+00
  1.279550E+00 1.317E+00
  1.354430E+00 1.177E+00
  1.433580E+00 1.051E+00
  1.517190E+00 9.381E-01
  1.605530E+00 8.375E-01
  1.698810E+00 7.476E-01
  1.797290E+00 6.672E-01
  1.901230E+00 5.954E-01
  2.010910E+00 5.313E-01
  2.126600E+00 4.740E-01
  2.248600E+00 4.228E-01
  2.377210E+00 3.770E-01
  2.512760E+00 3.362E-01
  2.655560E+00 2.998E-01
  2.805960E+00 2.672E-01
  2.964320E+00 2.382E-01
  3.130990E+00 2.122E-01
  3.306370E+00 1.891E-01
  3.490840E+00 1.685E-01
  3.684800E+00 1.501E-01
  3.888700E+00 1.336E-01
  4.102940E+00 1.190E-01
  4.328000E+00 1.059E-01
  4.564330E+00 9.431E-02
  4.812410E+00 8.393E-02
  5.072740E+00 7.469E-02
  5.345840E+00 6.645E-02
  5.632220E+00 5.911E-02
  5.932440E+00 5.257E-02
  6.247060E+00 4.675E-02
  6.576660E+00 4.157E-02
  6.921820E+00 3.695E-02
  7.297148E+00 3.307E-02
  7.691470E+00 2.935E-02
  8.105680E+00 2.605E-02
  8.540713E+00 2.312E-02
  8.997550E+00 2.051E-02
  9.477214E+00 1.820E-02
  9.980774E+00 1.615E-02
  1.050934E+01 1.433E-02
  1.106406E+01 1.271E-02
  1.164617E+01 1.127E-02
  1.225692E+01 1.000E-02
  1.289763E+01 8.870E-03
  1.356968E+01 7.867E-03
  1.427451E+01 6.977E-03
  1.501360E+01 6.188E-03
  1.578853E+01 5.487E-03
  1.660089E+01 4.866E-03
  1.745245E+01 4.315E-03
  1.834492E+01 3.826E-03
  1.928014E+01 3.392E-03
  2.026010E+01 3.007E-03
  2.128673E+01 2.666E-03
  2.236214E+01 2.363E-03
  2.348851E+01 2.095E-03
  2.466812E+01 1.857E-03
      14   5   2   311    3  -1.01761E+00      63
  8.853770E-01 3.414E+00
  9.184350E-01 3.157E+00
  9.514930E-01 2.927E+00
  9.845500E-01 2.719E+00
  1.017450E+00 2.533E+00
  1.073680E+00 2.253E+00
  1.132590E+00 2.003E+00
  1.194310E+00 1.781E+00
  1.258940E+00 1.584E+00
  1.326600E+00 1.408E+00
  1.397420E+00 1.251E+00
  1.471510E+00 1.112E+00
  1.549000E+00 9.881E-01
  1.630030E+00 8.778E-01
  1.714740E+00 7.798E-01
  1.803270E+00 6.926E-01
  1.895770E+00 6.151E-01
  1.992390E+00 5.462E-01
  2.093280E+00 4.850E-01
  2.198610E+00 4.306E-01
  2.308550E+00 3.822E-01
  2.423260E+00 3.392E-01
  2.542930E+00 3.010E-01
  2.667740E+00 2.671E-01
  2.797880E+00 2.370E-01
  2.933540E+00 2.103E-01
  3.074920E+00 1.865E-01
  3.222240E+00 1.654E-01
  3.375700E+00 1.467E-01
  3.535530E+00 1.301E-01
  3.701950E+00 1.154E-01
  3.875200E+00 1.023E-01
  4.055510E+00 9.067E-02
  4.243140E+00 8.037E-02
  4.438340E+00 7.124E-02
  4.641380E+00 6.313E-02
  4.852520E+00 5.594E-02
  5.072040E+00 4.957E-02
  5.300230E+00 4.392E-02
  5.537380E+00 3.890E-02
  5.783800E+00 3.446E-02
  6.039810E+00 3.052E-02
  6.305710E+00 2.703E-02
  6.581850E+00 2.394E-02
  6.868560E+00 2.120E-02
  7.166190E+00 1.877E-02
  7.482876E+00 1.662E-02
  7.811920E+00 1.468E-02
  8.153739E+00 1.296E-02
  8.508777E+00 1.145E-02
  8.877487E+00 1.011E-02
  9.260346E+00 8.928E-03
  9.657830E+00 7.883E-03
  1.007043E+01 6.960E-03
  1.049865E+01 6.144E-03
  1.094305E+01 5.424E-03
  1.140414E+01 4.788E-03
  1.188248E+01 4.227E-03
  1.237867E+01 3.731E-03
  1.289328E+01 3.293E-03
  1.342694E+01 2.906E-03
  1.398027E+01 2.564E-03
  1.455391E+01 2.263E-03
      15   5   2   320    2  -1.00090E+00      61
  8.686640E-01 3.344E+00
  9.017210E-01 3.022E+00
  9.347790E-01 2.738E+00
  9.678370E-01 2.488E+00
  1.000740E+00 2.268E+00
  1.045650E+00 2.006E+00
  1.092190E+00 1.774E+00
  1.140410E+00 1.569E+00
  1.190340E+00 1.388E+00
  1.242040E+00 1.227E+00
  1.295570E+00 1.085E+00
  1.350970E+00 9.591E-01
  1.408300E+00 8.478E-01
  1.467610E+00 7.494E-01
  1.528970E+00 6.623E-01
  1.592420E+00 5.853E-01
  1.658040E+00 5.172E-01
  1.725870E+00 4.570E-01
  1.795990E+00 4.037E-01
  1.868450E+00 3.566E-01
  1.943330E+00 3.150E-01
  2.020680E+00 2.783E-01
  2.100590E+00 2.458E-01
  2.183110E+00 2.170E-01
  2.268320E+00 1.916E-01
  2.356290E+00 1.692E-01
  2.447100E+00 1.494E-01
  2.540820E+00 1.319E-01
  2.637540E+00 1.164E-01
  2.737330E+00 1.028E-01
  2.840280E+00 9.072E-02
  2.946470E+00 8.007E-02
  3.055980E+00 7.066E-02
  3.168910E+00 6.236E-02
  3.285340E+00 5.502E-02
  3.405360E+00 4.855E-02
  3.529080E+00 4.283E-02
  3.656580E+00 3.779E-02
  3.787970E+00 3.334E-02
  3.923340E+00 2.941E-02
  4.062800E+00 2.594E-02
  4.206450E+00 2.288E-02
  4.354400E+00 2.018E-02
  4.506760E+00 1.779E-02
  4.663640E+00 1.569E-02
  4.825160E+00 1.383E-02
  4.991430E+00 1.220E-02
  5.162560E+00 1.076E-02
  5.338700E+00 9.482E-03
  5.519950E+00 8.359E-03
  5.706450E+00 7.369E-03
  5.898320E+00 6.495E-03
  6.095710E+00 5.725E-03
  6.298730E+00 5.046E-03
  6.507540E+00 4.447E-03
  6.722280E+00 3.919E-03
  6.943080E+00 3.454E-03
  7.170100E+00 3.043E-03
  7.407461E+00 2.678E-03
  7.651563E+00 2.355E-03
  7.902569E+00 2.070E-03
      16   5   2   120    2  -1.00015E+00      61
  8.679170E-01 3.291E+00
  9.009750E-01 2.972E+00
  9.340330E-01 2.693E+00
  9.670900E-01 2.446E+00
  9.999880E-01 2.229E+00
  1.044590E+00 1.972E+00
  1.090810E+00 1.744E+00
  1.138700E+00 1.543E+00
  1.188310E+00 1.364E+00
  1.239690E+00 1.206E+00
  1.292880E+00 1.067E+00
  1.347950E+00 9.429E-01
  1.404940E+00 8.335E-01
  1.463900E+00 7.367E-01
  1.524890E+00 6.511E-01
  1.587970E+00 5.753E-01
  1.653200E+00 5.083E-01
  1.720630E+00 4.491E-01
  1.790320E+00 3.968E-01
  1.862340E+00 3.505E-01
  1.936750E+00 3.095E-01
  2.013610E+00 2.734E-01
  2.092990E+00 2.414E-01
  2.174950E+00 2.132E-01
  2.259570E+00 1.882E-01
  2.346910E+00 1.661E-01
  2.437040E+00 1.467E-01
  2.530040E+00 1.295E-01
  2.625980E+00 1.143E-01
  2.724940E+00 1.008E-01
  2.826990E+00 8.898E-02
  2.932220E+00 7.852E-02
  3.040700E+00 6.928E-02
  3.152510E+00 6.112E-02
  3.267750E+00 5.392E-02
  3.386490E+00 4.756E-02
  3.508830E+00 4.195E-02
  3.634840E+00 3.700E-02
  3.764630E+00 3.263E-02
  3.898280E+00 2.877E-02
  4.035890E+00 2.537E-02
  4.177560E+00 2.237E-02
  4.323380E+00 1.972E-02
  4.473460E+00 1.738E-02
  4.627890E+00 1.532E-02
  4.786790E+00 1.351E-02
  4.950250E+00 1.191E-02
  5.118380E+00 1.049E-02
  5.291310E+00 9.247E-03
  5.469120E+00 8.149E-03
  5.651960E+00 7.180E-03
  5.839920E+00 6.326E-03
  6.033120E+00 5.574E-03
  6.231700E+00 4.910E-03
  6.435770E+00 4.326E-03
  6.645460E+00 3.810E-03
  6.860890E+00 3.356E-03
  7.082200E+00 2.956E-03
  7.314259E+00 2.610E-03
  7.552803E+00 2.295E-03
  7.797981E+00 2.017E-03
      17   5   2   111    3  -9.94754E-01      62
  8.625220E-01 3.463E+00
  8.955800E-01 3.183E+00
  9.286380E-01 2.934E+00
  9.616960E-01 2.710E+00
  9.945940E-01 2.511E+00
  1.046770E+00 2.233E+00
  1.101420E+00 1.985E+00
  1.158640E+00 1.764E+00
  1.218530E+00 1.568E+00
  1.281190E+00 1.393E+00
  1.346720E+00 1.237E+00
  1.415240E+00 1.099E+00
  1.486840E+00 9.761E-01
  1.561650E+00 8.666E-01
  1.639780E+00 7.693E-01
  1.721340E+00 6.828E-01
  1.806460E+00 6.060E-01
  1.895260E+00 5.376E-01
  1.987860E+00 4.770E-01
  2.084390E+00 4.230E-01
  2.184990E+00 3.752E-01
  2.289790E+00 3.326E-01
  2.398930E+00 2.949E-01
  2.512540E+00 2.614E-01
  2.630780E+00 2.316E-01
  2.753780E+00 2.053E-01
  2.881700E+00 1.818E-01
  3.014700E+00 1.611E-01
  3.152920E+00 1.427E-01
  3.296520E+00 1.263E-01
  3.445670E+00 1.119E-01
  3.600540E+00 9.902E-02
  3.761290E+00 8.765E-02
  3.928090E+00 7.757E-02
  4.101120E+00 6.864E-02
  4.280560E+00 6.073E-02
  4.466590E+00 5.372E-02
  4.659400E+00 4.751E-02
  4.859160E+00 4.202E-02
  5.066090E+00 3.715E-02
  5.280370E+00 3.285E-02
  5.502200E+00 2.904E-02
  5.731780E+00 2.567E-02
  5.969330E+00 2.268E-02
  6.215050E+00 2.004E-02
  6.469160E+00 1.771E-02
  6.731870E+00 1.565E-02
  7.003400E+00 1.382E-02
  7.294096E+00 1.234E-02
  7.595286E+00 1.089E-02
  7.907306E+00 9.606E-03
  8.230503E+00 8.473E-03
  8.565220E+00 7.473E-03
  8.911823E+00 6.591E-03
  9.270675E+00 5.813E-03
  9.642165E+00 5.126E-03
  1.002668E+01 4.520E-03
  1.042461E+01 3.986E-03
  1.083639E+01 3.514E-03
  1.126242E+01 3.098E-03
  1.170315E+01 2.731E-03
  1.215902E+01 2.408E-03
      18   5   2   300    4  -6.66556E-01      65
  5.343240E-01 3.944E+00
  5.673820E-01 3.517E+00
  6.004400E-01 3.156E+00
  6.334980E-01 2.846E+00
  6.663950E-01 2.581E+00
  7.052350E-01 2.307E+00
  7.463520E-01 2.063E+00
  7.898720E-01 1.844E+00
  8.359320E-01 1.648E+00
  8.846730E-01 1.473E+00
  9.362430E-01 1.316E+00
  9.907980E-01 1.176E+00
  1.048500E+00 1.051E+00
  1.109530E+00 9.387E-01
  1.174050E+00 8.386E-01
  1.242270E+00 7.490E-01
  1.314370E+00 6.690E-01
  1.390570E+00 5.975E-01
  1.471070E+00 5.335E-01
  1.556120E+00 4.764E-01
  1.645930E+00 4.253E-01
  1.740770E+00 3.796E-01
  1.840880E+00 3.388E-01
  1.946550E+00 3.024E-01
  2.058040E+00 2.699E-01
  2.175660E+00 2.408E-01
  2.299700E+00 2.148E-01
  2.430500E+00 1.916E-01
  2.568380E+00 1.709E-01
  2.713690E+00 1.524E-01
  2.866780E+00 1.359E-01
  3.028040E+00 1.212E-01
  3.197860E+00 1.080E-01
  3.376640E+00 9.629E-02
  3.564800E+00 8.581E-02
  3.762770E+00 7.647E-02
  3.971030E+00 6.813E-02
  4.190030E+00 6.070E-02
  4.420270E+00 5.406E-02
  4.662260E+00 4.815E-02
  4.916520E+00 4.288E-02
  5.183610E+00 3.818E-02
  5.464080E+00 3.399E-02
  5.758520E+00 3.025E-02
  6.067540E+00 2.692E-02
  6.391780E+00 2.396E-02
  6.731870E+00 2.132E-02
  7.104018E+00 1.918E-02
  7.495814E+00 1.703E-02
  7.908245E+00 1.513E-02
  8.342344E+00 1.344E-02
  8.799204E+00 1.194E-02
  9.279960E+00 1.061E-02
  9.785815E+00 9.420E-03
  1.031802E+01 8.366E-03
  1.087787E+01 7.430E-03
  1.146676E+01 6.598E-03
  1.208612E+01 5.859E-03
  1.273745E+01 5.203E-03
  1.342234E+01 4.620E-03
  1.414244E+01 4.102E-03
  1.489947E+01 3.642E-03
  1.569527E+01 3.234E-03
  1.653171E+01 2.871E-03
  1.741080E+01 2.549E-03
      19   5   2   100    5  -6.49568E-01      65
  5.173360E-01 4.369E+00
  5.503940E-01 3.873E+00
  5.834520E-01 3.456E+00
  6.165100E-01 3.102E+00
  6.494080E-01 2.800E+00
  6.867520E-01 2.502E+00
  7.262600E-01 2.236E+00
  7.680510E-01 1.998E+00
  8.122510E-01 1.785E+00
  8.589940E-01 1.595E+00
  9.084180E-01 1.425E+00
  9.606680E-01 1.273E+00
  1.015900E+00 1.137E+00
  1.074270E+00 1.015E+00
  1.135940E+00 9.068E-01
  1.201100E+00 8.097E-01
  1.269920E+00 7.230E-01
  1.342600E+00 6.454E-01
  1.419340E+00 5.762E-01
  1.500340E+00 5.143E-01
  1.585830E+00 4.589E-01
  1.676030E+00 4.095E-01
  1.771190E+00 3.654E-01
  1.871540E+00 3.260E-01
  1.977350E+00 2.908E-01
  2.088880E+00 2.594E-01
  2.206430E+00 2.313E-01
  2.330270E+00 2.063E-01
  2.460720E+00 1.839E-01
  2.598080E+00 1.639E-01
  2.742700E+00 1.461E-01
  2.894900E+00 1.302E-01
  3.055040E+00 1.160E-01
  3.223500E+00 1.034E-01
  3.400640E+00 9.210E-02
  3.586870E+00 8.204E-02
  3.782600E+00 7.306E-02
  3.988250E+00 6.506E-02
  4.204270E+00 5.793E-02
  4.431110E+00 5.157E-02
  4.669230E+00 4.590E-02
  4.919140E+00 4.085E-02
  5.181340E+00 3.635E-02
  5.456340E+00 3.234E-02
  5.744700E+00 2.877E-02
  6.046960E+00 2.559E-02
  6.363710E+00 2.276E-02
  6.695540E+00 2.023E-02
  7.058679E+00 1.822E-02
  7.440577E+00 1.618E-02
  7.842150E+00 1.437E-02
  8.264363E+00 1.276E-02
  8.708228E+00 1.133E-02
  9.174804E+00 1.006E-02
  9.665198E+00 8.928E-03
  1.018057E+01 7.925E-03
  1.072214E+01 7.035E-03
  1.129116E+01 6.245E-03
  1.188897E+01 5.543E-03
  1.251697E+01 4.920E-03
  1.317658E+01 4.367E-03
  1.386935E+01 3.875E-03
  1.459686E+01 3.439E-03
  1.536076E+01 3.052E-03
  1.616278E+01 2.709E-03
      20   5   2   311    4  -6.48982E-01      63
  5.167510E-01 5.525E+00
  5.498090E-01 4.859E+00
  5.828670E-01 4.302E+00
  6.159240E-01 3.832E+00
  6.488220E-01 3.433E+00
  6.851580E-01 3.058E+00
  7.233550E-01 2.724E+00
  7.634960E-01 2.426E+00
  8.056670E-01 2.160E+00
  8.499580E-01 1.923E+00
  8.964600E-01 1.712E+00
  9.452710E-01 1.523E+00
  9.964900E-01 1.356E+00
  1.050220E+00 1.206E+00
  1.106560E+00 1.073E+00
  1.165640E+00 9.547E-01
  1.227550E+00 8.491E-01
  1.292430E+00 7.551E-01
  1.360380E+00 6.714E-01
  1.431540E+00 5.969E-01
  1.506030E+00 5.306E-01
  1.584000E+00 4.716E-01
  1.665570E+00 4.191E-01
  1.750900E+00 3.724E-01
  1.840130E+00 3.309E-01
  1.933410E+00 2.939E-01
  2.030890E+00 2.611E-01
  2.132750E+00 2.318E-01
  2.239150E+00 2.059E-01
  2.350260E+00 1.828E-01
  2.466250E+00 1.623E-01
  2.587320E+00 1.440E-01
  2.713640E+00 1.278E-01
  2.845420E+00 1.134E-01
  2.982850E+00 1.007E-01
  3.126140E+00 8.931E-02
  3.275500E+00 7.922E-02
  3.431150E+00 7.027E-02
  3.593310E+00 6.232E-02
  3.762220E+00 5.526E-02
  3.938100E+00 4.900E-02
  4.121210E+00 4.344E-02
  4.311790E+00 3.851E-02
  4.510110E+00 3.413E-02
  4.716420E+00 3.025E-02
  4.931000E+00 2.681E-02
  5.154130E+00 2.375E-02
  5.386100E+00 2.104E-02
  5.627190E+00 1.864E-02
  5.877720E+00 1.651E-02
  6.137990E+00 1.462E-02
  6.408330E+00 1.295E-02
  6.689050E+00 1.147E-02
  6.990471E+00 1.024E-02
  7.304101E+00 9.050E-03
  7.630383E+00 7.998E-03
  7.969782E+00 7.068E-03
  8.322777E+00 6.246E-03
  8.689856E+00 5.519E-03
  9.071525E+00 4.876E-03
  9.468305E+00 4.308E-03
  9.880743E+00 3.806E-03
  1.030940E+01 3.363E-03
      21   5   2   320    3  -6.40508E-01      61
  5.082770E-01 5.985E+00
  5.413350E-01 5.140E+00
  5.743930E-01 4.448E+00
  6.074500E-01 3.875E+00
  6.403480E-01 3.398E+00
  6.715810E-01 3.013E+00
  7.041110E-01 2.671E+00
  7.379790E-01 2.368E+00
  7.732300E-01 2.099E+00
  8.099060E-01 1.860E+00
  8.480540E-01 1.648E+00
  8.877180E-01 1.460E+00
  9.289460E-01 1.293E+00
  9.717850E-01 1.145E+00
  1.016280E+00 1.014E+00
  1.062500E+00 8.975E-01
  1.110470E+00 7.945E-01
  1.160250E+00 7.032E-01
  1.211910E+00 6.223E-01
  1.265480E+00 5.506E-01
  1.321030E+00 4.871E-01
  1.378610E+00 4.309E-01
  1.438280E+00 3.811E-01
  1.500100E+00 3.370E-01
  1.564130E+00 2.980E-01
  1.630430E+00 2.635E-01
  1.699050E+00 2.329E-01
  1.770070E+00 2.058E-01
  1.843550E+00 1.819E-01
  1.919560E+00 1.608E-01
  1.998150E+00 1.420E-01
  2.079410E+00 1.255E-01
  2.163390E+00 1.108E-01
  2.250170E+00 9.790E-02
  2.339820E+00 8.646E-02
  2.432410E+00 7.634E-02
  2.528030E+00 6.741E-02
  2.626730E+00 5.951E-02
  2.728610E+00 5.253E-02
  2.833740E+00 4.636E-02
  2.942200E+00 4.092E-02
  3.054060E+00 3.611E-02
  3.169420E+00 3.186E-02
  3.288360E+00 2.811E-02
  3.410960E+00 2.480E-02
  3.537310E+00 2.187E-02
  3.667500E+00 1.929E-02
  3.801610E+00 1.701E-02
  3.939750E+00 1.500E-02
  4.081990E+00 1.323E-02
  4.228450E+00 1.166E-02
  4.379200E+00 1.028E-02
  4.534360E+00 9.064E-03
  4.694020E+00 7.990E-03
  4.858270E+00 7.041E-03
  5.027230E+00 6.205E-03
  5.088510E+00 5.932E-03
  5.243910E+00 5.299E-03
  5.505750E+00 4.427E-03
  5.760390E+00 3.750E-03
  5.961205E+00 3.328E-03
      22   5   2   120    3  -6.40086E-01      61
  5.078550E-01 5.876E+00
  5.409130E-01 5.045E+00
  5.739710E-01 4.364E+00
  6.070280E-01 3.800E+00
  6.399260E-01 3.331E+00
  6.710500E-01 2.954E+00
  7.034670E-01 2.619E+00
  7.372200E-01 2.321E+00
  7.723500E-01 2.057E+00
  8.089010E-01 1.823E+00
  8.469180E-01 1.615E+00
  8.864450E-01 1.431E+00
  9.275290E-01 1.267E+00
  9.702170E-01 1.122E+00
  1.014560E+00 9.935E-01
  1.060600E+00 8.795E-01
  1.108390E+00 7.785E-01
  1.157980E+00 6.890E-01
  1.209420E+00 6.096E-01
  1.262780E+00 5.394E-01
  1.318090E+00 4.771E-01
  1.375410E+00 4.220E-01
  1.434810E+00 3.732E-01
  1.496330E+00 3.300E-01
  1.560030E+00 2.917E-01
  1.625980E+00 2.579E-01
  1.694230E+00 2.279E-01
  1.764850E+00 2.014E-01
  1.837900E+00 1.780E-01
  1.913430E+00 1.573E-01
  1.991510E+00 1.389E-01
  2.072220E+00 1.227E-01
  2.155610E+00 1.084E-01
  2.241750E+00 9.571E-02
  2.330710E+00 8.451E-02
  2.422570E+00 7.461E-02
  2.517380E+00 6.586E-02
  2.615230E+00 5.813E-02
  2.716190E+00 5.131E-02
  2.820330E+00 4.527E-02
  2.927730E+00 3.995E-02
  3.038470E+00 3.525E-02
  3.152610E+00 3.109E-02
  3.270250E+00 2.743E-02
  3.391460E+00 2.419E-02
  3.516330E+00 2.133E-02
  3.644930E+00 1.881E-02
  3.777360E+00 1.658E-02
  3.913700E+00 1.462E-02
  4.054040E+00 1.289E-02
  4.198450E+00 1.136E-02
  4.347050E+00 1.001E-02
  4.499910E+00 8.825E-03
  4.657120E+00 7.776E-03
  4.818790E+00 6.852E-03
  4.985010E+00 6.037E-03
  5.088090E+00 5.590E-03
  5.243490E+00 4.986E-03
  5.505330E+00 4.157E-03
  5.759960E+00 3.514E-03
  5.958986E+00 3.126E-03
      23   5   2   111    4  -6.37373E-01      63
  5.051410E-01 5.760E+00
  5.381990E-01 5.023E+00
  5.712570E-01 4.412E+00
  6.043150E-01 3.902E+00
  6.372130E-01 3.472E+00
  6.709150E-01 3.093E+00
  7.063500E-01 2.755E+00
  7.435950E-01 2.453E+00
  7.827320E-01 2.185E+00
  8.238410E-01 1.945E+00
  8.670090E-01 1.731E+00
  9.123230E-01 1.540E+00
  9.598720E-01 1.371E+00
  1.009750E+00 1.219E+00
  1.062050E+00 1.085E+00
  1.116870E+00 9.645E-01
  1.174320E+00 8.576E-01
  1.234480E+00 7.623E-01
  1.297480E+00 6.775E-01
  1.363410E+00 6.021E-01
  1.432380E+00 5.349E-01
  1.504520E+00 4.751E-01
  1.579920E+00 4.220E-01
  1.658720E+00 3.747E-01
  1.741030E+00 3.326E-01
  1.826970E+00 2.952E-01
  1.916670E+00 2.620E-01
  2.010260E+00 2.324E-01
  2.107860E+00 2.062E-01
  2.209600E+00 1.829E-01
  2.315630E+00 1.621E-01
  2.426080E+00 1.438E-01
  2.541090E+00 1.274E-01
  2.660800E+00 1.129E-01
  2.785360E+00 1.001E-01
  2.914910E+00 8.865E-02
  3.049600E+00 7.852E-02
  3.189580E+00 6.953E-02
  3.335020E+00 6.157E-02
  3.486060E+00 5.450E-02
  3.642870E+00 4.824E-02
  3.805600E+00 4.269E-02
  3.974430E+00 3.778E-02
  4.149520E+00 3.342E-02
  4.331040E+00 2.956E-02
  4.519150E+00 2.614E-02
  4.714050E+00 2.312E-02
  4.915890E+00 2.044E-02
  5.124870E+00 1.807E-02
  5.341170E+00 1.597E-02
  5.564960E+00 1.411E-02
  5.796440E+00 1.247E-02
  6.035800E+00 1.101E-02
  6.283230E+00 9.728E-03
  6.538930E+00 8.592E-03
  6.803090E+00 7.587E-03
  7.090997E+00 6.904E-03
  7.389717E+00 6.095E-03
  7.699619E+00 5.380E-03
  8.021071E+00 4.748E-03
  8.354463E+00 4.191E-03
  8.700184E+00 3.699E-03
  9.058640E+00 3.264E-03
      24   5   2   300    5  -4.59680E-01      66
  3.447600E-01 5.861E+00
  3.605060E-01 5.342E+00
  3.935640E-01 4.504E+00
  4.266220E-01 3.847E+00
  4.595200E-01 3.324E+00
  4.858900E-01 2.971E+00
  5.137910E-01 2.656E+00
  5.433100E-01 2.373E+00
  5.745380E-01 2.121E+00
  6.075720E-01 1.896E+00
  6.425130E-01 1.694E+00
  6.794680E-01 1.514E+00
  7.185490E-01 1.353E+00
  7.598740E-01 1.208E+00
  8.035680E-01 1.080E+00
  8.497620E-01 9.645E-01
  8.985910E-01 8.616E-01
  9.502010E-01 7.696E-01
  1.004740E+00 6.874E-01
  1.062370E+00 6.140E-01
  1.123260E+00 5.483E-01
  1.187580E+00 4.896E-01
  1.255520E+00 4.372E-01
  1.327260E+00 3.903E-01
  1.403020E+00 3.485E-01
  1.482990E+00 3.111E-01
  1.567400E+00 2.777E-01
  1.656480E+00 2.478E-01
  1.750480E+00 2.212E-01
  1.849640E+00 1.974E-01
  1.954240E+00 1.761E-01
  2.064540E+00 1.571E-01
  2.180840E+00 1.402E-01
  2.303440E+00 1.251E-01
  2.432650E+00 1.115E-01
  2.568810E+00 9.947E-02
  2.712260E+00 8.871E-02
  2.863350E+00 7.910E-02
  3.022460E+00 7.052E-02
  3.189990E+00 6.287E-02
  3.366330E+00 5.604E-02
  3.551910E+00 4.995E-02
  3.747180E+00 4.451E-02
  3.952580E+00 3.966E-02
  4.168610E+00 3.534E-02
  4.395760E+00 3.148E-02
  4.634530E+00 2.805E-02
  4.885490E+00 2.498E-02
  5.149170E+00 2.225E-02
  5.426170E+00 1.981E-02
  5.717090E+00 1.764E-02
  6.022560E+00 1.570E-02
  6.343230E+00 1.398E-02
  6.679770E+00 1.244E-02
  7.049017E+00 1.123E-02
  7.438003E+00 9.977E-03
  7.847733E+00 8.866E-03
  8.279283E+00 7.879E-03
  8.733775E+00 7.001E-03
  9.212402E+00 6.221E-03
  9.716376E+00 5.527E-03
  1.024702E+01 4.911E-03
  1.080570E+01 4.363E-03
  1.139383E+01 3.877E-03
  1.201292E+01 3.444E-03
  1.266455E+01 3.060E-03
      25   5   2   100    6  -4.49977E-01      66
  3.374827E-01 6.421E+00
  3.508030E-01 5.910E+00
  3.838610E-01 4.946E+00
  4.169190E-01 4.197E+00
  4.498170E-01 3.606E+00
  4.752810E-01 3.222E+00
  5.022120E-01 2.880E+00
  5.306920E-01 2.573E+00
  5.608080E-01 2.299E+00
  5.926520E-01 2.054E+00
  6.263200E-01 1.835E+00
  6.619130E-01 1.640E+00
  6.995370E-01 1.465E+00
  7.393040E-01 1.308E+00
  7.813310E-01 1.169E+00
  8.257420E-01 1.044E+00
  8.726650E-01 9.323E-01
  9.222370E-01 8.325E-01
  9.745990E-01 7.434E-01
  1.029900E+00 6.638E-01
  1.088300E+00 5.926E-01
  1.149950E+00 5.291E-01
  1.215040E+00 4.723E-01
  1.283740E+00 4.216E-01
  1.356230E+00 3.762E-01
  1.432720E+00 3.358E-01
  1.513400E+00 2.996E-01
  1.598500E+00 2.673E-01
  1.688240E+00 2.385E-01
  1.782840E+00 2.127E-01
  1.882570E+00 1.898E-01
  1.987660E+00 1.692E-01
  2.098380E+00 1.509E-01
  2.215020E+00 1.346E-01
  2.337860E+00 1.200E-01
  2.467200E+00 1.070E-01
  2.603350E+00 9.535E-02
  2.746650E+00 8.498E-02
  2.897420E+00 7.573E-02
  3.056030E+00 6.748E-02
  3.222840E+00 6.013E-02
  3.398230E+00 5.356E-02
  3.582600E+00 4.771E-02
  3.776360E+00 4.249E-02
  3.979940E+00 3.784E-02
  4.193780E+00 3.369E-02
  4.418340E+00 3.000E-02
  4.654100E+00 2.671E-02
  4.901560E+00 2.377E-02
  5.161230E+00 2.115E-02
  5.433640E+00 1.882E-02
  5.719350E+00 1.675E-02
  6.018930E+00 1.490E-02
  6.332960E+00 1.325E-02
  6.662070E+00 1.179E-02
  7.023790E+00 1.067E-02
  7.404436E+00 9.476E-03
  7.804966E+00 8.417E-03
  8.226388E+00 7.476E-03
  8.669745E+00 6.641E-03
  9.136132E+00 5.898E-03
  9.626705E+00 5.238E-03
  1.014269E+01 4.652E-03
  1.068534E+01 4.131E-03
  1.125598E+01 3.669E-03
  1.185602E+01 3.258E-03
      26   5   2   311    5  -4.49626E-01      64
  3.372195E-01 8.067E+00
  3.504530E-01 7.400E+00
  3.835110E-01 6.143E+00
  4.165690E-01 5.173E+00
  4.494660E-01 4.412E+00
  4.745970E-01 3.934E+00
  5.010630E-01 3.507E+00
  5.289290E-01 3.126E+00
  5.582600E-01 2.787E+00
  5.891270E-01 2.483E+00
  6.216010E-01 2.213E+00
  6.557570E-01 1.972E+00
  6.916730E-01 1.756E+00
  7.294300E-01 1.564E+00
  7.691100E-01 1.393E+00
  8.108010E-01 1.241E+00
  8.545930E-01 1.105E+00
  9.005800E-01 9.835E-01
  9.488570E-01 8.754E-01
  9.995250E-01 7.792E-01
  1.052690E+00 6.934E-01
  1.108450E+00 6.170E-01
  1.166930E+00 5.489E-01
  1.228240E+00 4.882E-01
  1.292490E+00 4.343E-01
  1.359820E+00 3.862E-01
  1.430340E+00 3.434E-01
  1.504180E+00 3.053E-01
  1.581500E+00 2.714E-01
  1.662410E+00 2.412E-01
  1.747080E+00 2.144E-01
  1.835640E+00 1.905E-01
  1.928250E+00 1.692E-01
  2.025070E+00 1.503E-01
  2.126270E+00 1.335E-01
  2.232010E+00 1.186E-01
  2.342460E+00 1.053E-01
  2.457810E+00 9.350E-02
  2.578240E+00 8.301E-02
  2.703930E+00 7.368E-02
  2.835090E+00 6.539E-02
  2.971920E+00 5.803E-02
  3.114610E+00 5.149E-02
  3.263400E+00 4.568E-02
  3.418480E+00 4.052E-02
  3.580100E+00 3.594E-02
  3.748480E+00 3.188E-02
  3.923860E+00 2.827E-02
  4.106480E+00 2.506E-02
  4.296600E+00 2.222E-02
  4.494470E+00 1.970E-02
  4.700350E+00 1.746E-02
  4.914530E+00 1.547E-02
  5.137280E+00 1.371E-02
  5.368890E+00 1.215E-02
  5.609640E+00 1.076E-02
  5.859850E+00 9.531E-03
  6.119820E+00 8.442E-03
  6.389870E+00 7.476E-03
  6.670330E+00 6.620E-03
  6.974267E+00 5.971E-03
  7.290846E+00 5.280E-03
  7.620545E+00 4.669E-03
  7.963865E+00 4.128E-03
      27   5   2   320    4  -4.44747E-01      62
  3.335602E-01 8.941E+00
  3.455730E-01 8.183E+00
  3.786310E-01 6.637E+00
  4.116890E-01 5.465E+00
  4.445870E-01 4.562E+00
  4.673620E-01 4.052E+00
  4.911590E-01 3.598E+00
  5.160170E-01 3.194E+00
  5.419710E-01 2.835E+00
  5.690620E-01 2.516E+00
  5.973270E-01 2.233E+00
  6.268080E-01 1.981E+00
  6.575460E-01 1.757E+00
  6.895830E-01 1.558E+00
  7.229620E-01 1.382E+00
  7.577280E-01 1.225E+00
  7.939260E-01 1.086E+00
  8.316010E-01 9.624E-01
  8.708020E-01 8.528E-01
  9.115750E-01 7.556E-01
  9.539710E-01 6.694E-01
  9.980390E-01 5.929E-01
  1.043830E+00 5.251E-01
  1.091400E+00 4.649E-01
  1.140800E+00 4.116E-01
  1.192080E+00 3.644E-01
  1.245300E+00 3.225E-01
  1.300520E+00 2.854E-01
  1.357800E+00 2.525E-01
  1.417180E+00 2.234E-01
  1.478740E+00 1.976E-01
  1.542540E+00 1.748E-01
  1.608630E+00 1.546E-01
  1.677080E+00 1.367E-01
  1.747960E+00 1.208E-01
  1.821330E+00 1.068E-01
  1.897260E+00 9.440E-02
  1.975820E+00 8.343E-02
  2.057070E+00 7.372E-02
  2.141090E+00 6.514E-02
  2.227960E+00 5.754E-02
  2.317740E+00 5.083E-02
  2.410500E+00 4.489E-02
  2.506340E+00 3.964E-02
  2.605310E+00 3.501E-02
  2.707510E+00 3.091E-02
  2.813010E+00 2.728E-02
  2.921900E+00 2.408E-02
  3.034250E+00 2.126E-02
  3.150150E+00 1.876E-02
  3.269690E+00 1.655E-02
  3.392960E+00 1.461E-02
  3.520040E+00 1.289E-02
  3.651030E+00 1.137E-02
  3.786010E+00 1.003E-02
  3.925080E+00 8.843E-03
  4.068340E+00 7.798E-03
  4.215870E+00 6.876E-03
  4.367790E+00 6.063E-03
  4.524180E+00 5.345E-03
  4.685160E+00 4.712E-03
  4.850810E+00 4.153E-03
      28   5   2   120    4  -4.44491E-01      62
  3.333682E-01 8.752E+00
  3.453170E-01 8.011E+00
  3.783750E-01 6.496E+00
  4.114330E-01 5.348E+00
  4.443310E-01 4.463E+00
  4.670250E-01 3.964E+00
  4.907410E-01 3.520E+00
  5.155150E-01 3.125E+00
  5.413850E-01 2.774E+00
  5.683890E-01 2.462E+00
  5.965650E-01 2.184E+00
  6.259550E-01 1.938E+00
  6.565990E-01 1.719E+00
  6.885380E-01 1.525E+00
  7.218160E-01 1.352E+00
  7.564760E-01 1.198E+00
  7.925630E-01 1.062E+00
  8.301220E-01 9.415E-01
  8.691990E-01 8.343E-01
  9.098430E-01 7.391E-01
  9.521000E-01 6.547E-01
  9.960210E-01 5.799E-01
  1.041650E+00 5.135E-01
  1.089050E+00 4.546E-01
  1.138270E+00 4.025E-01
  1.189360E+00 3.562E-01
  1.242370E+00 3.153E-01
  1.297360E+00 2.790E-01
  1.354390E+00 2.468E-01
  1.413510E+00 2.183E-01
  1.474780E+00 1.931E-01
  1.538260E+00 1.708E-01
  1.604010E+00 1.510E-01
  1.672100E+00 1.335E-01
  1.742580E+00 1.180E-01
  1.815520E+00 1.043E-01
  1.890990E+00 9.217E-02
  1.969040E+00 8.144E-02
  2.049750E+00 7.195E-02
  2.133190E+00 6.356E-02
  2.219420E+00 5.614E-02
  2.308510E+00 4.958E-02
  2.400540E+00 4.378E-02
  2.495580E+00 3.866E-02
  2.593710E+00 3.413E-02
  2.694990E+00 3.013E-02
  2.799510E+00 2.659E-02
  2.907340E+00 2.347E-02
  3.018560E+00 2.071E-02
  3.133260E+00 1.827E-02
  3.251500E+00 1.612E-02
  3.373390E+00 1.422E-02
  3.498990E+00 1.254E-02
  3.628400E+00 1.106E-02
  3.761700E+00 9.754E-03
  3.898980E+00 8.600E-03
  4.040340E+00 7.583E-03
  4.185850E+00 6.685E-03
  4.335610E+00 5.892E-03
  4.489720E+00 5.194E-03
  4.648270E+00 4.577E-03
  4.811360E+00 4.034E-03
      29   5   2   111    5  -4.42940E-01      63
  3.322050E-01 8.447E+00
  3.437670E-01 7.794E+00
  3.768240E-01 6.404E+00
  4.098820E-01 5.343E+00
  4.427800E-01 4.520E+00
  4.663110E-01 4.030E+00
  4.910880E-01 3.593E+00
  5.171730E-01 3.202E+00
  5.446280E-01 2.854E+00
  5.735160E-01 2.543E+00
  6.039060E-01 2.266E+00
  6.358660E-01 2.019E+00
  6.694680E-01 1.798E+00
  7.047860E-01 1.601E+00
  7.418970E-01 1.426E+00
  7.808790E-01 1.269E+00
  8.218130E-01 1.130E+00
  8.647840E-01 1.006E+00
  9.098780E-01 8.948E-01
  9.571830E-01 7.961E-01
  1.006790E+00 7.081E-01
  1.058800E+00 6.298E-01
  1.113300E+00 5.600E-01
  1.170390E+00 4.979E-01
  1.230180E+00 4.426E-01
  1.292760E+00 3.933E-01
  1.358250E+00 3.495E-01
  1.426760E+00 3.105E-01
  1.498390E+00 2.758E-01
  1.573270E+00 2.449E-01
  1.651510E+00 2.175E-01
  1.733220E+00 1.931E-01
  1.818540E+00 1.714E-01
  1.907590E+00 1.521E-01
  2.000490E+00 1.349E-01
  2.097380E+00 1.197E-01
  2.198390E+00 1.062E-01
  2.303650E+00 9.414E-02
  2.413320E+00 8.347E-02
  2.527510E+00 7.399E-02
  2.646390E+00 6.558E-02
  2.770100E+00 5.811E-02
  2.898790E+00 5.149E-02
  3.032600E+00 4.561E-02
  3.171700E+00 4.040E-02
  3.316250E+00 3.578E-02
  3.466400E+00 3.168E-02
  3.622320E+00 2.804E-02
  3.784170E+00 2.482E-02
  3.952130E+00 2.196E-02
  4.126360E+00 1.943E-02
  4.307050E+00 1.719E-02
  4.494360E+00 1.521E-02
  4.688490E+00 1.345E-02
  4.889610E+00 1.189E-02
  5.097900E+00 1.052E-02
  5.313570E+00 9.296E-03
  5.536800E+00 8.217E-03
  5.767790E+00 7.262E-03
  6.006730E+00 6.416E-03
  6.253840E+00 5.669E-03
  6.509300E+00 5.008E-03
  6.773340E+00 4.423E-03
      30   5   2   300    6  -3.36071E-01      65
  2.520533E-01 7.389E+00
  2.699550E-01 6.379E+00
  3.030130E-01 5.074E+00
  3.359110E-01 4.133E+00
  3.549540E-01 3.694E+00
  3.750930E-01 3.301E+00
  3.963900E-01 2.950E+00
  4.189100E-01 2.636E+00
  4.427230E-01 2.355E+00
  4.679010E-01 2.104E+00
  4.945220E-01 1.880E+00
  5.226660E-01 1.680E+00
  5.524190E-01 1.501E+00
  5.838710E-01 1.341E+00
  6.171160E-01 1.198E+00
  6.522540E-01 1.070E+00
  6.893900E-01 9.561E-01
  7.286340E-01 8.540E-01
  7.701010E-01 7.628E-01
  8.139140E-01 6.813E-01
  8.602010E-01 6.085E-01
  9.090970E-01 5.434E-01
  9.607430E-01 4.853E-01
  1.015290E+00 4.333E-01
  1.072890E+00 3.869E-01
  1.133710E+00 3.455E-01
  1.197920E+00 3.084E-01
  1.265700E+00 2.753E-01
  1.337240E+00 2.458E-01
  1.412750E+00 2.194E-01
  1.492420E+00 1.958E-01
  1.576480E+00 1.748E-01
  1.665150E+00 1.560E-01
  1.758680E+00 1.392E-01
  1.857320E+00 1.242E-01
  1.961320E+00 1.108E-01
  2.070970E+00 9.885E-02
  2.186560E+00 8.818E-02
  2.308370E+00 7.866E-02
  2.436740E+00 7.016E-02
  2.571980E+00 6.257E-02
  2.714450E+00 5.580E-02
  2.864500E+00 4.976E-02
  3.022520E+00 4.436E-02
  3.188880E+00 3.955E-02
  3.364010E+00 3.526E-02
  3.548320E+00 3.143E-02
  3.742280E+00 2.801E-02
  3.946340E+00 2.497E-02
  4.160990E+00 2.225E-02
  4.386730E+00 1.982E-02
  4.624110E+00 1.766E-02
  4.873660E+00 1.574E-02
  5.135970E+00 1.402E-02
  5.411620E+00 1.249E-02
  5.701250E+00 1.112E-02
  6.005500E+00 9.903E-03
  6.325040E+00 8.818E-03
  6.676035E+00 7.969E-03
  7.046032E+00 7.084E-03
  7.436038E+00 6.298E-03
  7.847095E+00 5.598E-03
  8.280321E+00 4.976E-03
  8.736883E+00 4.423E-03
  9.218007E+00 3.932E-03
      31   5   2   100    7  -3.30011E-01      65
  2.475082E-01 8.095E+00
  2.638960E-01 7.028E+00
  2.969530E-01 5.545E+00
  3.298510E-01 4.484E+00
  3.483170E-01 4.006E+00
  3.678380E-01 3.580E+00
  3.884730E-01 3.198E+00
  4.102850E-01 2.858E+00
  4.333410E-01 2.553E+00
  4.577100E-01 2.281E+00
  4.834660E-01 2.038E+00
  5.106850E-01 1.820E+00
  5.394490E-01 1.626E+00
  5.698440E-01 1.452E+00
  6.019600E-01 1.297E+00
  6.358900E-01 1.159E+00
  6.717360E-01 1.035E+00
  7.096010E-01 9.241E-01
  7.495940E-01 8.252E-01
  7.918320E-01 7.369E-01
  8.364360E-01 6.580E-01
  8.835330E-01 5.875E-01
  9.332560E-01 5.245E-01
  9.857450E-01 4.682E-01
  1.041150E+00 4.180E-01
  1.099620E+00 3.731E-01
  1.161310E+00 3.330E-01
  1.226410E+00 2.972E-01
  1.295080E+00 2.652E-01
  1.367510E+00 2.367E-01
  1.443900E+00 2.112E-01
  1.524440E+00 1.884E-01
  1.609360E+00 1.681E-01
  1.698860E+00 1.499E-01
  1.793200E+00 1.337E-01
  1.892600E+00 1.193E-01
  1.997320E+00 1.064E-01
  2.107630E+00 9.486E-02
  2.223800E+00 8.458E-02
  2.346130E+00 7.541E-02
  2.474910E+00 6.723E-02
  2.610460E+00 5.992E-02
  2.753110E+00 5.341E-02
  2.903200E+00 4.760E-02
  3.061080E+00 4.242E-02
  3.227140E+00 3.780E-02
  3.401740E+00 3.368E-02
  3.585310E+00 3.000E-02
  3.778250E+00 2.672E-02
  3.981000E+00 2.380E-02
  4.194020E+00 2.120E-02
  4.417780E+00 1.888E-02
  4.652770E+00 1.681E-02
  4.899500E+00 1.496E-02
  5.158500E+00 1.332E-02
  5.430330E+00 1.186E-02
  5.715540E+00 1.055E-02
  6.014750E+00 9.391E-03
  6.328550E+00 8.356E-03
  6.674006E+00 7.578E-03
  7.037805E+00 6.734E-03
  7.420901E+00 5.984E-03
  7.824282E+00 5.317E-03
  8.249002E+00 4.724E-03
  8.696155E+00 4.198E-03
      32   5   2   311    6  -3.29786E-01      63
  2.473395E-01 1.007E+01
  2.636700E-01 8.707E+00
  2.967280E-01 6.814E+00
  3.296260E-01 5.469E+00
  3.479390E-01 4.879E+00
  3.672450E-01 4.352E+00
  3.875940E-01 3.882E+00
  4.090390E-01 3.462E+00
  4.316320E-01 3.088E+00
  4.554320E-01 2.753E+00
  4.804960E-01 2.455E+00
  5.068870E-01 2.188E+00
  5.346690E-01 1.951E+00
  5.639070E-01 1.739E+00
  5.946720E-01 1.549E+00
  6.270340E-01 1.381E+00
  6.610710E-01 1.230E+00
  6.968570E-01 1.096E+00
  7.344760E-01 9.760E-01
  7.740100E-01 8.692E-01
  8.155470E-01 7.741E-01
  8.591770E-01 6.892E-01
  9.049930E-01 6.136E-01
  9.530930E-01 5.462E-01
  1.003580E+00 4.862E-01
  1.056550E+00 4.327E-01
  1.112120E+00 3.850E-01
  1.170400E+00 3.425E-01
  1.231500E+00 3.047E-01
  1.295540E+00 2.710E-01
  1.362650E+00 2.410E-01
  1.432960E+00 2.143E-01
  1.506590E+00 1.906E-01
  1.583680E+00 1.694E-01
  1.664380E+00 1.506E-01
  1.748830E+00 1.338E-01
  1.837170E+00 1.189E-01
  1.929570E+00 1.057E-01
  2.026190E+00 9.388E-02
  2.127180E+00 8.340E-02
  2.232720E+00 7.407E-02
  2.342990E+00 6.578E-02
  2.458160E+00 5.841E-02
  2.578410E+00 5.186E-02
  2.703950E+00 4.603E-02
  2.834960E+00 4.086E-02
  2.971660E+00 3.626E-02
  3.114240E+00 3.218E-02
  3.262920E+00 2.855E-02
  3.417930E+00 2.533E-02
  3.579480E+00 2.247E-02
  3.747820E+00 1.993E-02
  3.923180E+00 1.767E-02
  4.105800E+00 1.567E-02
  4.295950E+00 1.389E-02
  4.493870E+00 1.231E-02
  4.699840E+00 1.091E-02
  4.914140E+00 9.673E-03
  5.137030E+00 8.572E-03
  5.368810E+00 7.595E-03
  5.609770E+00 6.729E-03
  5.860220E+00 5.961E-03
  6.120460E+00 5.279E-03
      33   5   2   320    5  -3.26723E-01      61
  2.450422E-01 1.119E+01
  2.606080E-01 9.613E+00
  2.936650E-01 7.356E+00
  3.265630E-01 5.780E+00
  3.437040E-01 5.140E+00
  3.616610E-01 4.570E+00
  3.804650E-01 4.062E+00
  4.001500E-01 3.610E+00
  4.207490E-01 3.208E+00
  4.422970E-01 2.850E+00
  4.648290E-01 2.532E+00
  4.883820E-01 2.248E+00
  5.129930E-01 1.997E+00
  5.387000E-01 1.773E+00
  5.655440E-01 1.573E+00
  5.935630E-01 1.396E+00
  6.228000E-01 1.239E+00
  6.532950E-01 1.099E+00
  6.850930E-01 9.753E-01
  7.182380E-01 8.650E-01
  7.527740E-01 7.670E-01
  7.887480E-01 6.801E-01
  8.262060E-01 6.029E-01
  8.651970E-01 5.343E-01
  9.057710E-01 4.735E-01
  9.479770E-01 4.196E-01
  9.918660E-01 3.717E-01
  1.037490E+00 3.293E-01
  1.084910E+00 2.916E-01
  1.134170E+00 2.582E-01
  1.185320E+00 2.286E-01
  1.238440E+00 2.024E-01
  1.293570E+00 1.791E-01
  1.350770E+00 1.585E-01
  1.410110E+00 1.403E-01
  1.471640E+00 1.241E-01
  1.535430E+00 1.098E-01
  1.601540E+00 9.710E-02
  1.670040E+00 8.587E-02
  1.740990E+00 7.593E-02
  1.814460E+00 6.713E-02
  1.890510E+00 5.935E-02
  1.969230E+00 5.246E-02
  2.050670E+00 4.636E-02
  2.134920E+00 4.097E-02
  2.222040E+00 3.620E-02
  2.312120E+00 3.198E-02
  2.405220E+00 2.825E-02
  2.501420E+00 2.495E-02
  2.600810E+00 2.203E-02
  2.703460E+00 1.945E-02
  2.809460E+00 1.718E-02
  2.918880E+00 1.516E-02
  3.031820E+00 1.338E-02
  3.148360E+00 1.181E-02
  3.268590E+00 1.043E-02
  3.392590E+00 9.200E-03
  3.520450E+00 8.117E-03
  3.652280E+00 7.161E-03
  3.788150E+00 6.317E-03
  3.928170E+00 5.572E-03
      34   5   2   120    5  -3.26557E-01      61
  2.449177E-01 1.093E+01
  2.604420E-01 9.386E+00
  2.934990E-01 7.182E+00
  3.263970E-01 5.642E+00
  3.434980E-01 5.017E+00
  3.614140E-01 4.461E+00
  3.801770E-01 3.965E+00
  3.998210E-01 3.524E+00
  4.203780E-01 3.132E+00
  4.418830E-01 2.782E+00
  4.643730E-01 2.472E+00
  4.878820E-01 2.195E+00
  5.124480E-01 1.949E+00
  5.381100E-01 1.730E+00
  5.649060E-01 1.536E+00
  5.928750E-01 1.363E+00
  6.220600E-01 1.210E+00
  6.525000E-01 1.073E+00
  6.842400E-01 9.520E-01
  7.173220E-01 8.443E-01
  7.517910E-01 7.486E-01
  7.876920E-01 6.637E-01
  8.250720E-01 5.883E-01
  8.639780E-01 5.214E-01
  9.044580E-01 4.620E-01
  9.465620E-01 4.094E-01
  9.903400E-01 3.626E-01
  1.035840E+00 3.212E-01
  1.083120E+00 2.844E-01
  1.132230E+00 2.518E-01
  1.183230E+00 2.229E-01
  1.236170E+00 1.973E-01
  1.291100E+00 1.746E-01
  1.348090E+00 1.545E-01
  1.407180E+00 1.367E-01
  1.468460E+00 1.209E-01
  1.531960E+00 1.070E-01
  1.597760E+00 9.460E-02
  1.665920E+00 8.365E-02
  1.736500E+00 7.396E-02
  1.809560E+00 6.538E-02
  1.885180E+00 5.778E-02
  1.963410E+00 5.107E-02
  2.044340E+00 4.512E-02
  2.128020E+00 3.987E-02
  2.214530E+00 3.522E-02
  2.303940E+00 3.111E-02
  2.396330E+00 2.747E-02
  2.491760E+00 2.426E-02
  2.590320E+00 2.142E-02
  2.692080E+00 1.891E-02
  2.797110E+00 1.669E-02
  2.905500E+00 1.473E-02
  3.017340E+00 1.300E-02
  3.132690E+00 1.147E-02
  3.251650E+00 1.012E-02
  3.374290E+00 8.932E-03
  3.500700E+00 7.879E-03
  3.630980E+00 6.950E-03
  3.765210E+00 6.129E-03
  3.903470E+00 5.405E-03
      35   5   2   111    6  -3.25588E-01      63
  2.441910E-01 1.062E+01
  2.594720E-01 9.193E+00
  2.925300E-01 7.113E+00
  3.254280E-01 5.654E+00
  3.426870E-01 5.044E+00
  3.608770E-01 4.499E+00
  3.800440E-01 4.012E+00
  4.002380E-01 3.578E+00
  4.215100E-01 3.190E+00
  4.439120E-01 2.844E+00
  4.675000E-01 2.536E+00
  4.923320E-01 2.260E+00
  5.184660E-01 2.014E+00
  5.459640E-01 1.795E+00
  5.748900E-01 1.599E+00
  6.053100E-01 1.425E+00
  6.372940E-01 1.269E+00
  6.709110E-01 1.130E+00
  7.062350E-01 1.006E+00
  7.433410E-01 8.960E-01
  7.823090E-01 7.976E-01
  8.232180E-01 7.099E-01
  8.661510E-01 6.318E-01
  9.111950E-01 5.621E-01
  9.584360E-01 5.001E-01
  1.007970E+00 4.448E-01
  1.059880E+00 3.955E-01
  1.114270E+00 3.517E-01
  1.171240E+00 3.127E-01
  1.230890E+00 2.779E-01
  1.293320E+00 2.470E-01
  1.358640E+00 2.194E-01
  1.426960E+00 1.949E-01
  1.498390E+00 1.732E-01
  1.573040E+00 1.538E-01
  1.651040E+00 1.365E-01
  1.732500E+00 1.212E-01
  1.817550E+00 1.076E-01
  1.906300E+00 9.547E-02
  1.998900E+00 8.471E-02
  2.095480E+00 7.515E-02
  2.196160E+00 6.665E-02
  2.301080E+00 5.911E-02
  2.410390E+00 5.241E-02
  2.524220E+00 4.646E-02
  2.642730E+00 4.118E-02
  2.766060E+00 3.650E-02
  2.894360E+00 3.234E-02
  3.027790E+00 2.865E-02
  3.166510E+00 2.538E-02
  3.310670E+00 2.247E-02
  3.460450E+00 1.990E-02
  3.616000E+00 1.762E-02
  3.777500E+00 1.560E-02
  3.945120E+00 1.380E-02
  4.119030E+00 1.222E-02
  4.299420E+00 1.081E-02
  4.486470E+00 9.561E-03
  4.680350E+00 8.457E-03
  4.881270E+00 7.480E-03
  5.089410E+00 6.614E-03
  5.304970E+00 5.848E-03
  5.528140E+00 5.169E-03
      36   5   2   300    7  -2.56366E-01      64
  1.922745E-01 8.936E+00
  2.233080E-01 6.598E+00
  2.562060E-01 5.003E+00
  2.705940E-01 4.470E+00
  2.858030E-01 3.994E+00
  3.018800E-01 3.569E+00
  3.188730E-01 3.189E+00
  3.368350E-01 2.849E+00
  3.558210E-01 2.545E+00
  3.758870E-01 2.274E+00
  3.970950E-01 2.032E+00
  4.195090E-01 1.815E+00
  4.431960E-01 1.621E+00
  4.682280E-01 1.448E+00
  4.946800E-01 1.294E+00
  5.226310E-01 1.156E+00
  5.521640E-01 1.032E+00
  5.833660E-01 9.221E-01
  6.163310E-01 8.236E-01
  6.511550E-01 7.356E-01
  6.879400E-01 6.570E-01
  7.267950E-01 5.867E-01
  7.678320E-01 5.240E-01
  8.111700E-01 4.679E-01
  8.569360E-01 4.178E-01
  9.052600E-01 3.731E-01
  9.562800E-01 3.331E-01
  1.010140E+00 2.974E-01
  1.067000E+00 2.655E-01
  1.127020E+00 2.370E-01
  1.190360E+00 2.116E-01
  1.257200E+00 1.889E-01
  1.327730E+00 1.686E-01
  1.402140E+00 1.505E-01
  1.480630E+00 1.343E-01
  1.563430E+00 1.199E-01
  1.650760E+00 1.070E-01
  1.742850E+00 9.543E-02
  1.839960E+00 8.515E-02
  1.942330E+00 7.597E-02
  2.050250E+00 6.778E-02
  2.164000E+00 6.046E-02
  2.283870E+00 5.393E-02
  2.410190E+00 4.811E-02
  2.543270E+00 4.291E-02
  2.683460E+00 3.827E-02
  2.831120E+00 3.412E-02
  2.986620E+00 3.043E-02
  3.150350E+00 2.713E-02
  3.322740E+00 2.419E-02
  3.504190E+00 2.156E-02
  3.695170E+00 1.922E-02
  3.896150E+00 1.713E-02
  4.107600E+00 1.527E-02
  4.330050E+00 1.361E-02
  4.564020E+00 1.213E-02
  4.810080E+00 1.081E-02
  5.068800E+00 9.630E-03
  5.340800E+00 8.580E-03
  5.626700E+00 7.644E-03
  5.927170E+00 6.809E-03
  6.242890E+00 6.065E-03
  6.589923E+00 5.487E-03
  6.955893E+00 4.879E-03
      37   5   2   100    8  -2.52330E-01      64
  1.892475E-01 9.800E+00
  2.192720E-01 7.222E+00
  2.521700E-01 5.430E+00
  2.661530E-01 4.851E+00
  2.809290E-01 4.334E+00
  2.965440E-01 3.872E+00
  3.130430E-01 3.459E+00
  3.304780E-01 3.090E+00
  3.489000E-01 2.760E+00
  3.683660E-01 2.466E+00
  3.889330E-01 2.202E+00
  4.106630E-01 1.967E+00
  4.336210E-01 1.757E+00
  4.578740E-01 1.569E+00
  4.834950E-01 1.402E+00
  5.105600E-01 1.252E+00
  5.391470E-01 1.118E+00
  5.693410E-01 9.986E-01
  6.012290E-01 8.917E-01
  6.349040E-01 7.963E-01
  6.704640E-01 7.111E-01
  7.080110E-01 6.349E-01
  7.476520E-01 5.669E-01
  7.895010E-01 5.061E-01
  8.336760E-01 4.518E-01
  8.803010E-01 4.034E-01
  9.295080E-01 3.601E-01
  9.814330E-01 3.214E-01
  1.036220E+00 2.869E-01
  1.094020E+00 2.560E-01
  1.155000E+00 2.285E-01
  1.219310E+00 2.039E-01
  1.287140E+00 1.819E-01
  1.358660E+00 1.623E-01
  1.434070E+00 1.448E-01
  1.513560E+00 1.292E-01
  1.597360E+00 1.153E-01
  1.685670E+00 1.028E-01
  1.778720E+00 9.172E-02
  1.876760E+00 8.180E-02
  1.980030E+00 7.295E-02
  2.088810E+00 6.505E-02
  2.203360E+00 5.800E-02
  2.323970E+00 5.171E-02
  2.450950E+00 4.610E-02
  2.584590E+00 4.110E-02
  2.725240E+00 3.663E-02
  2.873230E+00 3.265E-02
  3.028930E+00 2.910E-02
  3.192690E+00 2.593E-02
  3.364910E+00 2.311E-02
  3.545990E+00 2.059E-02
  3.736350E+00 1.834E-02
  3.936440E+00 1.634E-02
  4.146700E+00 1.455E-02
  4.367620E+00 1.296E-02
  4.599700E+00 1.154E-02
  4.843440E+00 1.028E-02
  5.099390E+00 9.152E-03
  5.368100E+00 8.148E-03
  5.650170E+00 7.253E-03
  5.946180E+00 6.456E-03
  6.256770E+00 5.746E-03
  6.582600E+00 5.114E-03
      38   5   2   311    7  -2.52177E-01      63
  1.891328E-01 1.210E+01
  2.191190E-01 8.851E+00
  2.520170E-01 6.604E+00
  2.659100E-01 5.894E+00
  2.805650E-01 5.259E+00
  2.960220E-01 4.693E+00
  3.123210E-01 4.187E+00
  3.295060E-01 3.736E+00
  3.476220E-01 3.332E+00
  3.667160E-01 2.972E+00
  3.868380E-01 2.651E+00
  4.080390E-01 2.364E+00
  4.303720E-01 2.108E+00
  4.538940E-01 1.880E+00
  4.786630E-01 1.676E+00
  5.047390E-01 1.494E+00
  5.321860E-01 1.332E+00
  5.610700E-01 1.187E+00
  5.914590E-01 1.058E+00
  6.234250E-01 9.425E-01
  6.570430E-01 8.397E-01
  6.923880E-01 7.480E-01
  7.295410E-01 6.663E-01
  7.685850E-01 5.934E-01
  8.096070E-01 5.285E-01
  8.526970E-01 4.706E-01
  8.979470E-01 4.189E-01
  9.454540E-01 3.729E-01
  9.953170E-01 3.320E-01
  1.047640E+00 2.954E-01
  1.102530E+00 2.629E-01
  1.160100E+00 2.339E-01
  1.220460E+00 2.081E-01
  1.283740E+00 1.851E-01
  1.350050E+00 1.646E-01
  1.419530E+00 1.464E-01
  1.492300E+00 1.302E-01
  1.568500E+00 1.157E-01
  1.648270E+00 1.029E-01
  1.731750E+00 9.144E-02
  1.819110E+00 8.126E-02
  1.910480E+00 7.221E-02
  2.006030E+00 6.415E-02
  2.105920E+00 5.699E-02
  2.210330E+00 5.062E-02
  2.319420E+00 4.496E-02
  2.433380E+00 3.992E-02
  2.552390E+00 3.545E-02
  2.676650E+00 3.147E-02
  2.806350E+00 2.793E-02
  2.941690E+00 2.479E-02
  3.082880E+00 2.200E-02
  3.230130E+00 1.952E-02
  3.383670E+00 1.732E-02
  3.543720E+00 1.536E-02
  3.710520E+00 1.363E-02
  3.884290E+00 1.209E-02
  4.065300E+00 1.072E-02
  4.253800E+00 9.503E-03
  4.450030E+00 8.425E-03
  4.654270E+00 7.468E-03
  4.866790E+00 6.619E-03
  5.087880E+00 5.866E-03
      39   5   2   320    6  -2.50130E-01      61
  1.875975E-01 1.343E+01
  2.170720E-01 9.663E+00
  2.499700E-01 7.058E+00
  2.632410E-01 6.282E+00
  2.771700E-01 5.591E+00
  2.917840E-01 4.975E+00
  3.071140E-01 4.426E+00
  3.231870E-01 3.937E+00
  3.400350E-01 3.501E+00
  3.576890E-01 3.113E+00
  3.761810E-01 2.768E+00
  3.955430E-01 2.460E+00
  4.158110E-01 2.186E+00
  4.370180E-01 1.943E+00
  4.592000E-01 1.726E+00
  4.823940E-01 1.533E+00
  5.066380E-01 1.362E+00
  5.319710E-01 1.209E+00
  5.584310E-01 1.073E+00
  5.860600E-01 9.529E-01
  6.148990E-01 8.457E-01
  6.449900E-01 7.504E-01
  6.763770E-01 6.658E-01
  7.091040E-01 5.906E-01
  7.432170E-01 5.238E-01
  7.787630E-01 4.645E-01
  8.157890E-01 4.119E-01
  8.543430E-01 3.651E-01
  8.944760E-01 3.236E-01
  9.362380E-01 2.868E-01
  9.796810E-01 2.541E-01
  1.024860E+00 2.251E-01
  1.071820E+00 1.994E-01
  1.120630E+00 1.766E-01
  1.171340E+00 1.564E-01
  1.224000E+00 1.385E-01
  1.278680E+00 1.226E-01
  1.335430E+00 1.085E-01
  1.394320E+00 9.601E-02
  1.455400E+00 8.496E-02
  1.518750E+00 7.516E-02
  1.584420E+00 6.649E-02
  1.652480E+00 5.881E-02
  1.723000E+00 5.201E-02
  1.796040E+00 4.599E-02
  1.871680E+00 4.066E-02
  1.949980E+00 3.594E-02
  2.031020E+00 3.177E-02
  2.114870E+00 2.808E-02
  2.201600E+00 2.481E-02
  2.291290E+00 2.192E-02
  2.384020E+00 1.937E-02
  2.479870E+00 1.711E-02
  2.578900E+00 1.511E-02
  2.681220E+00 1.334E-02
  2.786890E+00 1.178E-02
  2.896000E+00 1.040E-02
  3.008640E+00 9.182E-03
  3.124890E+00 8.105E-03
  3.244840E+00 7.154E-03
  3.368580E+00 6.313E-03
      40   5   2   120    6  -2.50017E-01      61
  1.875127E-01 1.308E+01
  2.169590E-01 9.415E+00
  2.498570E-01 6.877E+00
  2.631150E-01 6.121E+00
  2.770320E-01 5.448E+00
  2.916350E-01 4.847E+00
  3.069530E-01 4.312E+00
  3.230160E-01 3.836E+00
  3.398530E-01 3.411E+00
  3.574970E-01 3.033E+00
  3.759780E-01 2.697E+00
  3.953300E-01 2.397E+00
  4.155870E-01 2.130E+00
  4.367830E-01 1.893E+00
  4.589540E-01 1.682E+00
  4.821360E-01 1.494E+00
  5.063660E-01 1.327E+00
  5.316840E-01 1.178E+00
  5.581270E-01 1.046E+00
  5.857360E-01 9.283E-01
  6.145520E-01 8.238E-01
  6.446180E-01 7.310E-01
  6.759750E-01 6.485E-01
  7.086680E-01 5.752E-01
  7.427420E-01 5.101E-01
  7.782430E-01 4.523E-01
  8.152160E-01 4.010E-01
  8.537110E-01 3.555E-01
  8.937760E-01 3.150E-01
  9.354600E-01 2.792E-01
  9.788140E-01 2.473E-01
  1.023890E+00 2.191E-01
  1.070740E+00 1.940E-01
  1.119420E+00 1.718E-01
  1.169990E+00 1.521E-01
  1.222490E+00 1.347E-01
  1.276990E+00 1.192E-01
  1.333550E+00 1.055E-01
  1.392220E+00 9.336E-02
  1.453060E+00 8.260E-02
  1.516140E+00 7.307E-02
  1.581520E+00 6.463E-02
  1.649260E+00 5.715E-02
  1.719420E+00 5.054E-02
  1.792080E+00 4.468E-02
  1.867300E+00 3.950E-02
  1.945140E+00 3.491E-02
  2.025680E+00 3.085E-02
  2.108980E+00 2.726E-02
  2.195130E+00 2.408E-02
  2.284180E+00 2.128E-02
  2.376220E+00 1.879E-02
  2.471330E+00 1.660E-02
  2.569570E+00 1.466E-02
  2.671020E+00 1.294E-02
  2.775770E+00 1.142E-02
  2.883890E+00 1.008E-02
  2.995470E+00 8.901E-03
  3.110580E+00 7.855E-03
  3.229320E+00 6.932E-03
  3.351760E+00 6.116E-03
      41   5   2   111    7  -2.49371E-01      62
  1.870275E-01 1.282E+01
  2.163130E-01 9.317E+00
  2.492110E-01 6.872E+00
  2.624850E-01 6.131E+00
  2.764790E-01 5.469E+00
  2.912280E-01 4.879E+00
  3.067720E-01 4.352E+00
  3.231500E-01 3.881E+00
  3.404050E-01 3.461E+00
  3.585810E-01 3.086E+00
  3.777230E-01 2.752E+00
  3.978790E-01 2.453E+00
  4.190980E-01 2.187E+00
  4.414310E-01 1.949E+00
  4.649330E-01 1.737E+00
  4.896590E-01 1.548E+00
  5.156650E-01 1.379E+00
  5.430140E-01 1.229E+00
  5.717650E-01 1.095E+00
  6.019840E-01 9.748E-01
  6.337370E-01 8.681E-01
  6.670940E-01 7.730E-01
  7.021250E-01 6.881E-01
  7.389050E-01 6.126E-01
  7.775090E-01 5.452E-01
  8.180170E-01 4.851E-01
  8.605110E-01 4.317E-01
  9.050740E-01 3.840E-01
  9.517920E-01 3.416E-01
  1.000760E+00 3.038E-01
  1.052060E+00 2.701E-01
  1.105790E+00 2.402E-01
  1.162050E+00 2.135E-01
  1.220950E+00 1.897E-01
  1.282570E+00 1.686E-01
  1.347040E+00 1.498E-01
  1.414460E+00 1.331E-01
  1.484940E+00 1.182E-01
  1.558590E+00 1.050E-01
  1.635550E+00 9.323E-02
  1.715910E+00 8.277E-02
  1.799830E+00 7.347E-02
  1.887410E+00 6.521E-02
  1.978790E+00 5.787E-02
  2.074100E+00 5.134E-02
  2.173490E+00 4.555E-02
  2.277100E+00 4.040E-02
  2.385060E+00 3.583E-02
  2.497520E+00 3.177E-02
  2.614650E+00 2.817E-02
  2.736580E+00 2.497E-02
  2.863480E+00 2.213E-02
  2.995520E+00 1.961E-02
  3.132850E+00 1.738E-02
  3.275650E+00 1.539E-02
  3.424080E+00 1.363E-02
  3.578330E+00 1.208E-02
  3.738580E+00 1.069E-02
  3.905000E+00 9.468E-03
  4.077790E+00 8.382E-03
  4.257130E+00 7.419E-03
  4.443230E+00 6.566E-03
      42   5   2   300    8  -2.01988E-01      64
  1.514910E-01 1.099E+01
  1.689310E-01 8.517E+00
  2.018280E-01 5.933E+00
  2.130620E-01 5.300E+00
  2.249320E-01 4.735E+00
  2.374760E-01 4.230E+00
  2.507300E-01 3.779E+00
  2.647350E-01 3.376E+00
  2.795330E-01 3.016E+00
  2.951700E-01 2.694E+00
  3.116930E-01 2.407E+00
  3.291500E-01 2.150E+00
  3.475950E-01 1.921E+00
  3.670840E-01 1.716E+00
  3.876730E-01 1.533E+00
  4.094260E-01 1.369E+00
  4.324070E-01 1.223E+00
  4.566840E-01 1.092E+00
  4.823290E-01 9.755E-01
  5.094190E-01 8.713E-01
  5.380330E-01 7.782E-01
  5.682550E-01 6.950E-01
  6.001750E-01 6.207E-01
  6.338850E-01 5.543E-01
  6.694830E-01 4.950E-01
  7.070740E-01 4.420E-01
  7.467670E-01 3.947E-01
  7.886740E-01 3.524E-01
  8.329180E-01 3.147E-01
  8.796250E-01 2.810E-01
  9.289290E-01 2.508E-01
  9.809680E-01 2.239E-01
  1.035890E+00 1.999E-01
  1.093850E+00 1.785E-01
  1.155020E+00 1.593E-01
  1.219550E+00 1.422E-01
  1.287640E+00 1.269E-01
  1.359470E+00 1.133E-01
  1.435230E+00 1.011E-01
  1.515140E+00 9.022E-02
  1.599420E+00 8.051E-02
  1.688290E+00 7.184E-02
  1.781990E+00 6.410E-02
  1.880770E+00 5.719E-02
  1.984910E+00 5.102E-02
  2.094670E+00 4.552E-02
  2.210350E+00 4.061E-02
  2.332250E+00 3.622E-02
  2.460690E+00 3.231E-02
  2.596000E+00 2.882E-02
  2.738540E+00 2.570E-02
  2.888670E+00 2.292E-02
  3.046770E+00 2.044E-02
  3.213250E+00 1.822E-02
  3.388520E+00 1.625E-02
  3.573030E+00 1.449E-02
  3.767230E+00 1.291E-02
  3.971620E+00 1.151E-02
  4.186680E+00 1.026E-02
  4.412950E+00 9.146E-03
  4.650970E+00 8.151E-03
  4.901330E+00 7.264E-03
  5.164620E+00 6.473E-03
  5.441460E+00 5.768E-03
      43   5   2   100    9  -1.99166E-01      64
  1.493745E-01 1.205E+01
  1.661080E-01 9.341E+00
  1.990060E-01 6.442E+00
  2.099530E-01 5.754E+00
  2.215170E-01 5.140E+00
  2.337320E-01 4.591E+00
  2.466360E-01 4.101E+00
  2.602680E-01 3.663E+00
  2.746680E-01 3.272E+00
  2.898790E-01 2.923E+00
  3.059470E-01 2.611E+00
  3.229190E-01 2.332E+00
  3.408470E-01 2.083E+00
  3.597830E-01 1.860E+00
  3.797840E-01 1.661E+00
  4.009090E-01 1.484E+00
  4.232190E-01 1.325E+00
  4.467810E-01 1.183E+00
  4.716630E-01 1.057E+00
  4.979380E-01 9.437E-01
  5.256830E-01 8.427E-01
  5.549780E-01 7.525E-01
  5.859080E-01 6.719E-01
  6.185610E-01 5.999E-01
  6.530320E-01 5.356E-01
  6.894190E-01 4.782E-01
  7.278250E-01 4.269E-01
  7.683590E-01 3.811E-01
  8.111360E-01 3.402E-01
  8.562750E-01 3.037E-01
  9.039030E-01 2.711E-01
  9.541520E-01 2.420E-01
  1.007160E+00 2.160E-01
  1.063080E+00 1.927E-01
  1.122050E+00 1.720E-01
  1.184240E+00 1.535E-01
  1.249820E+00 1.369E-01
  1.318970E+00 1.222E-01
  1.391870E+00 1.090E-01
  1.468700E+00 9.726E-02
  1.549690E+00 8.676E-02
  1.635040E+00 7.739E-02
  1.724960E+00 6.903E-02
  1.819710E+00 6.157E-02
  1.919510E+00 5.491E-02
  2.024640E+00 4.896E-02
  2.135340E+00 4.366E-02
  2.251910E+00 3.893E-02
  2.374640E+00 3.471E-02
  2.503820E+00 3.094E-02
  2.639800E+00 2.759E-02
  2.782890E+00 2.459E-02
  2.933440E+00 2.192E-02
  3.091820E+00 1.953E-02
  3.258420E+00 1.741E-02
  3.433630E+00 1.551E-02
  3.617860E+00 1.382E-02
  3.811540E+00 1.231E-02
  4.015140E+00 1.097E-02
  4.229110E+00 9.772E-03
  4.453960E+00 8.704E-03
  4.690190E+00 7.752E-03
  4.938330E+00 6.904E-03
  5.198950E+00 6.148E-03
      44   5   2   311    8  -1.99058E-01      63
  1.492935E-01 1.482E+01
  1.660000E-01 1.142E+01
  1.988980E-01 7.814E+00
  2.097700E-01 6.975E+00
  2.212420E-01 6.226E+00
  2.333460E-01 5.557E+00
  2.461140E-01 4.959E+00
  2.595830E-01 4.425E+00
  2.737880E-01 3.949E+00
  2.887670E-01 3.523E+00
  3.045620E-01 3.144E+00
  3.212130E-01 2.805E+00
  3.387650E-01 2.502E+00
  3.572640E-01 2.232E+00
  3.767560E-01 1.990E+00
  3.972930E-01 1.775E+00
  4.189260E-01 1.583E+00
  4.417090E-01 1.411E+00
  4.657010E-01 1.258E+00
  4.909580E-01 1.122E+00
  5.175440E-01 9.999E-01
  5.455230E-01 8.912E-01
  5.749600E-01 7.942E-01
  6.059260E-01 7.077E-01
  6.384930E-01 6.305E-01
  6.727370E-01 5.617E-01
  7.087350E-01 5.004E-01
  7.465690E-01 4.457E-01
  7.863220E-01 3.969E-01
  8.280840E-01 3.535E-01
  8.719440E-01 3.147E-01
  9.179970E-01 2.802E-01
  9.663410E-01 2.494E-01
  1.017080E+00 2.220E-01
  1.070310E+00 1.975E-01
  1.126150E+00 1.758E-01
  1.184710E+00 1.564E-01
  1.246100E+00 1.391E-01
  1.310450E+00 1.237E-01
  1.377880E+00 1.101E-01
  1.448520E+00 9.786E-02
  1.522510E+00 8.701E-02
  1.599970E+00 7.736E-02
  1.681060E+00 6.876E-02
  1.765920E+00 6.112E-02
  1.854700E+00 5.431E-02
  1.947560E+00 4.826E-02
  2.044670E+00 4.288E-02
  2.146180E+00 3.809E-02
  2.252270E+00 3.383E-02
  2.363120E+00 3.005E-02
  2.478900E+00 2.668E-02
  2.599820E+00 2.369E-02
  2.726060E+00 2.103E-02
  2.857810E+00 1.867E-02
  2.995300E+00 1.657E-02
  3.138720E+00 1.470E-02
  3.288290E+00 1.305E-02
  3.444250E+00 1.157E-02
  3.606810E+00 1.027E-02
  3.776220E+00 9.106E-03
  3.952710E+00 8.076E-03
  4.136540E+00 7.161E-03
      45   5   2   320    7  -1.97623E-01      61
  1.482173E-01 1.642E+01
  1.645650E-01 1.254E+01
  1.974630E-01 8.401E+00
  2.080910E-01 7.482E+00
  2.192580E-01 6.662E+00
  2.309880E-01 5.931E+00
  2.433040E-01 5.280E+00
  2.562330E-01 4.699E+00
  2.698010E-01 4.181E+00
  2.840330E-01 3.720E+00
  2.989590E-01 3.310E+00
  3.146070E-01 2.944E+00
  3.310070E-01 2.618E+00
  3.481880E-01 2.328E+00
  3.661820E-01 2.069E+00
  3.850220E-01 1.839E+00
  4.047400E-01 1.635E+00
  4.253710E-01 1.453E+00
  4.469490E-01 1.290E+00
  4.695110E-01 1.146E+00
  4.930940E-01 1.018E+00
  5.177350E-01 9.041E-01
  5.434740E-01 8.027E-01
  5.703500E-01 7.126E-01
  5.984040E-01 6.324E-01
  6.276790E-01 5.613E-01
  6.582170E-01 4.980E-01
  6.900630E-01 4.418E-01
  7.232620E-01 3.919E-01
  7.578590E-01 3.475E-01
  7.939040E-01 3.082E-01
  8.314430E-01 2.732E-01
  8.705280E-01 2.422E-01
  9.112070E-01 2.147E-01
  9.535340E-01 1.903E-01
  9.975620E-01 1.686E-01
  1.043340E+00 1.493E-01
  1.090940E+00 1.323E-01
  1.140400E+00 1.172E-01
  1.191780E+00 1.038E-01
  1.245150E+00 9.187E-02
  1.300570E+00 8.133E-02
  1.358090E+00 7.200E-02
  1.417780E+00 6.372E-02
  1.479700E+00 5.639E-02
  1.543930E+00 4.989E-02
  1.610520E+00 4.414E-02
  1.679540E+00 3.905E-02
  1.751070E+00 3.453E-02
  1.825180E+00 3.054E-02
  1.901930E+00 2.701E-02
  1.981410E+00 2.388E-02
  2.063680E+00 2.111E-02
  2.148820E+00 1.866E-02
  2.236920E+00 1.649E-02
  2.328050E+00 1.457E-02
  2.422290E+00 1.287E-02
  2.519730E+00 1.137E-02
  2.620450E+00 1.005E-02
  2.724530E+00 8.875E-03
  2.832070E+00 7.838E-03
      46   5   2   120    7  -1.97543E-01      61
  1.481572E-01 1.596E+01
  1.644850E-01 1.220E+01
  1.973820E-01 8.172E+00
  2.079810E-01 7.278E+00
  2.191190E-01 6.481E+00
  2.308200E-01 5.771E+00
  2.431080E-01 5.137E+00
  2.560100E-01 4.572E+00
  2.695510E-01 4.069E+00
  2.837580E-01 3.621E+00
  2.986600E-01 3.221E+00
  3.142840E-01 2.865E+00
  3.306610E-01 2.548E+00
  3.478210E-01 2.266E+00
  3.657950E-01 2.014E+00
  3.846150E-01 1.790E+00
  4.043150E-01 1.591E+00
  4.249280E-01 1.414E+00
  4.464900E-01 1.256E+00
  4.690350E-01 1.116E+00
  4.926020E-01 9.911E-01
  5.172270E-01 8.801E-01
  5.429490E-01 7.814E-01
  5.698090E-01 6.936E-01
  5.978450E-01 6.156E-01
  6.271010E-01 5.463E-01
  6.576190E-01 4.847E-01
  6.894410E-01 4.300E-01
  7.226140E-01 3.814E-01
  7.571820E-01 3.382E-01
  7.931920E-01 2.999E-01
  8.306920E-01 2.659E-01
  8.697310E-01 2.357E-01
  9.103580E-01 2.089E-01
  9.526250E-01 1.851E-01
  9.965830E-01 1.640E-01
  1.042290E+00 1.452E-01
  1.089790E+00 1.286E-01
  1.139140E+00 1.139E-01
  1.190410E+00 1.009E-01
  1.243640E+00 8.931E-02
  1.298910E+00 7.905E-02
  1.356250E+00 6.997E-02
  1.415750E+00 6.191E-02
  1.477460E+00 5.478E-02
  1.541440E+00 4.846E-02
  1.607760E+00 4.287E-02
  1.676480E+00 3.792E-02
  1.747680E+00 3.353E-02
  1.821420E+00 2.965E-02
  1.897770E+00 2.621E-02
  1.976790E+00 2.317E-02
  2.058580E+00 2.048E-02
  2.143190E+00 1.810E-02
  2.230700E+00 1.599E-02
  2.321190E+00 1.413E-02
  2.414740E+00 1.248E-02
  2.511420E+00 1.102E-02
  2.611320E+00 9.736E-03
  2.714510E+00 8.598E-03
  2.821090E+00 7.592E-03
      47   5   2   111    8  -1.97090E-01      62
  1.478175E-01 1.577E+01
  1.640320E-01 1.211E+01
  1.969300E-01 8.173E+00
  2.073660E-01 7.293E+00
  2.183700E-01 6.508E+00
  2.299730E-01 5.807E+00
  2.422050E-01 5.180E+00
  2.551000E-01 4.622E+00
  2.686910E-01 4.123E+00
  2.830150E-01 3.677E+00
  2.981080E-01 3.280E+00
  3.140110E-01 2.925E+00
  3.307620E-01 2.609E+00
  3.484060E-01 2.326E+00
  3.669850E-01 2.074E+00
  3.865470E-01 1.849E+00
  4.071390E-01 1.648E+00
  4.288110E-01 1.469E+00
  4.516140E-01 1.309E+00
  4.756030E-01 1.166E+00
  5.008350E-01 1.039E+00
  5.273650E-01 9.259E-01
  5.552560E-01 8.247E-01
  5.845700E-01 7.345E-01
  6.153720E-01 6.541E-01
  6.477280E-01 5.824E-01
  6.817090E-01 5.185E-01
  7.173860E-01 4.616E-01
  7.548340E-01 4.108E-01
  7.941290E-01 3.656E-01
  8.353520E-01 3.253E-01
  8.785840E-01 2.894E-01
  9.239100E-01 2.574E-01
  9.714180E-01 2.290E-01
  1.021200E+00 2.036E-01
  1.073340E+00 1.810E-01
  1.127950E+00 1.609E-01
  1.185110E+00 1.431E-01
  1.244940E+00 1.271E-01
  1.307530E+00 1.130E-01
  1.373000E+00 1.004E-01
  1.441440E+00 8.917E-02
  1.512990E+00 7.920E-02
  1.587750E+00 7.033E-02
  1.665850E+00 6.245E-02
  1.747400E+00 5.544E-02
  1.832540E+00 4.921E-02
  1.921390E+00 4.368E-02
  2.014090E+00 3.876E-02
  2.110780E+00 3.439E-02
  2.211580E+00 3.050E-02
  2.316660E+00 2.706E-02
  2.426150E+00 2.399E-02
  2.540200E+00 2.128E-02
  2.658970E+00 1.886E-02
  2.782620E+00 1.672E-02
  2.911300E+00 1.482E-02
  3.045190E+00 1.313E-02
  3.184450E+00 1.164E-02
  3.329250E+00 1.031E-02
  3.479780E+00 9.132E-03
  3.636200E+00 8.088E-03
      48   5   2   300    9  -1.63242E-01      64
  1.224315E-01 1.306E+01
  1.301840E-01 1.098E+01
  1.630820E-01 6.920E+00
  1.720880E-01 6.181E+00
  1.816020E-01 5.522E+00
  1.916520E-01 4.932E+00
  2.022680E-01 4.406E+00
  2.134830E-01 3.936E+00
  2.253300E-01 3.515E+00
  2.378450E-01 3.140E+00
  2.510660E-01 2.805E+00
  2.650310E-01 2.506E+00
  2.797840E-01 2.238E+00
  2.953680E-01 1.999E+00
  3.118300E-01 1.786E+00
  3.292190E-01 1.595E+00
  3.475870E-01 1.424E+00
  3.669890E-01 1.272E+00
  3.874810E-01 1.136E+00
  4.091250E-01 1.015E+00
  4.319850E-01 9.065E-01
  4.561280E-01 8.096E-01
  4.816260E-01 7.230E-01
  5.085520E-01 6.457E-01
  5.369870E-01 5.766E-01
  5.670140E-01 5.149E-01
  5.987190E-01 4.598E-01
  6.321950E-01 4.106E-01
  6.675390E-01 3.666E-01
  7.048530E-01 3.274E-01
  7.442450E-01 2.923E-01
  7.858280E-01 2.610E-01
  8.297200E-01 2.330E-01
  8.760480E-01 2.080E-01
  9.249420E-01 1.857E-01
  9.765410E-01 1.658E-01
  1.030990E+00 1.480E-01
  1.088440E+00 1.321E-01
  1.149060E+00 1.179E-01
  1.213020E+00 1.053E-01
  1.280480E+00 9.394E-02
  1.351640E+00 8.384E-02
  1.426700E+00 7.482E-02
  1.505860E+00 6.677E-02
  1.589330E+00 5.958E-02
  1.677350E+00 5.317E-02
  1.770150E+00 4.744E-02
  1.867980E+00 4.233E-02
  1.971100E+00 3.776E-02
  2.079800E+00 3.369E-02
  2.194350E+00 3.005E-02
  2.315060E+00 2.681E-02
  2.442250E+00 2.391E-02
  2.576250E+00 2.133E-02
  2.717410E+00 1.902E-02
  2.866090E+00 1.697E-02
  3.022680E+00 1.513E-02
  3.187580E+00 1.349E-02
  3.361210E+00 1.203E-02
  3.544000E+00 1.073E-02
  3.736420E+00 9.563E-03
  3.938940E+00 8.525E-03
  4.152080E+00 7.600E-03
  4.376360E+00 6.774E-03
      49   5   2   100   10  -1.61191E-01      64
  1.208932E-01 1.429E+01
  1.281330E-01 1.206E+01
  1.610310E-01 7.517E+00
  1.698240E-01 6.714E+00
  1.791110E-01 5.996E+00
  1.889170E-01 5.356E+00
  1.992740E-01 4.783E+00
  2.102120E-01 4.272E+00
  2.217630E-01 3.816E+00
  2.339620E-01 3.408E+00
  2.468450E-01 3.044E+00
  2.604510E-01 2.719E+00
  2.748210E-01 2.428E+00
  2.899950E-01 2.168E+00
  3.060200E-01 1.937E+00
  3.229440E-01 1.730E+00
  3.408140E-01 1.545E+00
  3.596850E-01 1.379E+00
  3.796120E-01 1.232E+00
  4.006530E-01 1.100E+00
  4.228700E-01 9.823E-01
  4.463260E-01 8.772E-01
  4.710910E-01 7.832E-01
  4.972370E-01 6.994E-01
  5.248370E-01 6.244E-01
  5.539730E-01 5.575E-01
  5.847280E-01 4.978E-01
  6.171900E-01 4.444E-01
  6.514500E-01 3.968E-01
  6.876070E-01 3.542E-01
  7.257630E-01 3.162E-01
  7.660240E-01 2.822E-01
  8.085050E-01 2.519E-01
  8.533240E-01 2.249E-01
  9.006050E-01 2.007E-01
  9.504790E-01 1.791E-01
  1.003080E+00 1.599E-01
  1.058570E+00 1.427E-01
  1.117070E+00 1.273E-01
  1.178770E+00 1.136E-01
  1.243810E+00 1.014E-01
  1.312380E+00 9.043E-02
  1.384670E+00 8.068E-02
  1.460850E+00 7.198E-02
  1.541140E+00 6.421E-02
  1.625750E+00 5.727E-02
  1.714900E+00 5.108E-02
  1.808810E+00 4.556E-02
  1.907740E+00 4.063E-02
  2.011940E+00 3.624E-02
  2.121670E+00 3.231E-02
  2.237210E+00 2.881E-02
  2.358850E+00 2.569E-02
  2.486900E+00 2.290E-02
  2.621680E+00 2.042E-02
  2.763530E+00 1.820E-02
  2.912780E+00 1.622E-02
  3.069800E+00 1.446E-02
  3.234990E+00 1.289E-02
  3.408720E+00 1.148E-02
  3.591430E+00 1.023E-02
  3.783540E+00 9.118E-03
  3.985510E+00 8.124E-03
  4.197800E+00 7.238E-03
      50   5   2   311    9  -1.61112E-01      63
  1.208340E-01 1.751E+01
  1.280540E-01 1.473E+01
  1.609520E-01 9.098E+00
  1.696780E-01 8.122E+00
  1.788870E-01 7.251E+00
  1.886050E-01 6.472E+00
  1.988590E-01 5.777E+00
  2.096780E-01 5.156E+00
  2.210910E-01 4.602E+00
  2.331310E-01 4.107E+00
  2.458300E-01 3.665E+00
  2.592230E-01 3.271E+00
  2.733470E-01 2.918E+00
  2.882380E-01 2.604E+00
  3.039380E-01 2.323E+00
  3.204870E-01 2.072E+00
  3.379290E-01 1.849E+00
  3.563100E-01 1.649E+00
  3.756760E-01 1.471E+00
  3.960780E-01 1.311E+00
  4.175660E-01 1.169E+00
  4.401960E-01 1.043E+00
  4.640230E-01 9.295E-01
  4.891050E-01 8.286E-01
  5.155050E-01 7.386E-01
  5.432860E-01 6.583E-01
  5.725130E-01 5.866E-01
  6.032570E-01 5.227E-01
  6.355890E-01 4.658E-01
  6.695830E-01 4.149E-01
  7.053180E-01 3.696E-01
  7.428740E-01 3.292E-01
  7.823350E-01 2.932E-01
  8.237880E-01 2.611E-01
  8.673230E-01 2.325E-01
  9.130340E-01 2.069E-01
  9.610200E-01 1.842E-01
  1.011380E+00 1.640E-01
  1.064220E+00 1.459E-01
  1.119640E+00 1.298E-01
  1.177770E+00 1.155E-01
  1.238710E+00 1.028E-01
  1.302580E+00 9.141E-02
  1.369520E+00 8.130E-02
  1.439640E+00 7.230E-02
  1.513090E+00 6.428E-02
  1.590000E+00 5.715E-02
  1.670500E+00 5.080E-02
  1.754760E+00 4.515E-02
  1.842910E+00 4.013E-02
  1.935120E+00 3.566E-02
  2.031540E+00 3.168E-02
  2.132350E+00 2.814E-02
  2.237710E+00 2.500E-02
  2.347800E+00 2.220E-02
  2.462810E+00 1.972E-02
  2.582920E+00 1.751E-02
  2.708320E+00 1.554E-02
  2.839220E+00 1.380E-02
  2.975820E+00 1.224E-02
  3.118320E+00 1.087E-02
  3.266950E+00 9.643E-03
  3.421940E+00 8.555E-03
      51   5   2   320    8  -1.60067E-01      61
  1.200503E-01 1.934E+01
  1.270100E-01 1.623E+01
  1.599070E-01 9.812E+00
  1.685030E-01 8.744E+00
  1.775450E-01 7.790E+00
  1.870530E-01 6.940E+00
  1.970500E-01 6.182E+00
  2.075570E-01 5.506E+00
  2.185970E-01 4.903E+00
  2.301940E-01 4.365E+00
  2.423730E-01 3.886E+00
  2.551580E-01 3.459E+00
  2.685770E-01 3.078E+00
  2.826550E-01 2.739E+00
  2.974210E-01 2.437E+00
  3.129040E-01 2.167E+00
  3.291320E-01 1.928E+00
  3.461380E-01 1.714E+00
  3.639520E-01 1.524E+00
  3.826060E-01 1.355E+00
  4.021340E-01 1.204E+00
  4.225700E-01 1.070E+00
  4.439490E-01 9.509E-01
  4.663070E-01 8.447E-01
  4.896820E-01 7.503E-01
  5.141120E-01 6.664E-01
  5.396350E-01 5.917E-01
  5.662920E-01 5.253E-01
  5.941240E-01 4.663E-01
  6.231740E-01 4.139E-01
  6.534840E-01 3.673E-01
  6.850990E-01 3.259E-01
  7.180640E-01 2.891E-01
  7.524260E-01 2.564E-01
  7.882330E-01 2.274E-01
  8.255330E-01 2.016E-01
  8.643770E-01 1.787E-01
  9.048140E-01 1.584E-01
  9.468980E-01 1.404E-01
  9.906810E-01 1.244E-01
  1.036220E+00 1.102E-01
  1.083570E+00 9.767E-02
  1.132780E+00 8.651E-02
  1.183920E+00 7.662E-02
  1.237040E+00 6.784E-02
  1.292210E+00 6.007E-02
  1.349490E+00 5.317E-02
  1.408930E+00 4.706E-02
  1.470610E+00 4.165E-02
  1.534590E+00 3.686E-02
  1.600930E+00 3.261E-02
  1.669720E+00 2.885E-02
  1.741000E+00 2.552E-02
  1.814870E+00 2.257E-02
  1.891380E+00 1.995E-02
  1.970610E+00 1.764E-02
  2.052640E+00 1.560E-02
  2.137550E+00 1.379E-02
  2.225410E+00 1.219E-02
  2.316290E+00 1.077E-02
  2.410300E+00 9.515E-03
      52   5   2   120    8  -1.60008E-01      61
  1.200060E-01 1.876E+01
  1.269510E-01 1.575E+01
  1.598480E-01 9.529E+00
  1.684230E-01 8.492E+00
  1.774440E-01 7.567E+00
  1.869320E-01 6.741E+00
  1.969090E-01 6.005E+00
  2.073980E-01 5.349E+00
  2.184200E-01 4.763E+00
  2.300000E-01 4.241E+00
  2.421630E-01 3.776E+00
  2.549340E-01 3.361E+00
  2.683390E-01 2.991E+00
  2.824050E-01 2.662E+00
  2.971610E-01 2.368E+00
  3.126340E-01 2.107E+00
  3.288550E-01 1.874E+00
  3.458540E-01 1.666E+00
  3.636630E-01 1.481E+00
  3.823130E-01 1.317E+00
  4.018390E-01 1.171E+00
  4.222730E-01 1.040E+00
  4.436520E-01 9.243E-01
  4.660100E-01 8.211E-01
  4.893860E-01 7.293E-01
  5.138170E-01 6.477E-01
  5.393410E-01 5.751E-01
  5.659990E-01 5.106E-01
  5.938320E-01 4.532E-01
  6.228800E-01 4.022E-01
  6.531880E-01 3.569E-01
  6.847980E-01 3.167E-01
  7.177550E-01 2.809E-01
  7.521060E-01 2.491E-01
  7.878980E-01 2.209E-01
  8.251770E-01 1.959E-01
  8.639940E-01 1.736E-01
  9.043980E-01 1.539E-01
  9.464410E-01 1.364E-01
  9.901740E-01 1.208E-01
  1.035650E+00 1.071E-01
  1.082930E+00 9.482E-02
  1.132060E+00 8.398E-02
  1.183100E+00 7.436E-02
  1.236100E+00 6.584E-02
  1.291140E+00 5.829E-02
  1.348260E+00 5.159E-02
  1.407530E+00 4.566E-02
  1.469020E+00 4.040E-02
  1.532780E+00 3.574E-02
  1.598870E+00 3.162E-02
  1.667380E+00 2.797E-02
  1.738360E+00 2.473E-02
  1.811870E+00 2.187E-02
  1.888000E+00 1.933E-02
  1.966820E+00 1.709E-02
  2.048380E+00 1.511E-02
  2.132780E+00 1.335E-02
  2.220080E+00 1.180E-02
  2.310360E+00 1.042E-02
  2.403700E+00 9.209E-03
      53   5   2   111    9  -1.59679E-01      63
  1.197592E-01 1.866E+01
  1.266210E-01 1.571E+01
  1.595190E-01 9.555E+00
  1.679260E-01 8.527E+00
  1.767930E-01 7.610E+00
  1.861430E-01 6.791E+00
  1.960030E-01 6.060E+00
  2.064000E-01 5.407E+00
  2.173610E-01 4.825E+00
  2.289170E-01 4.304E+00
  2.410980E-01 3.840E+00
  2.539370E-01 3.426E+00
  2.674680E-01 3.056E+00
  2.817250E-01 2.725E+00
  2.967460E-01 2.431E+00
  3.125700E-01 2.168E+00
  3.292360E-01 1.933E+00
  3.467870E-01 1.723E+00
  3.652670E-01 1.536E+00
  3.847200E-01 1.370E+00
  4.051950E-01 1.221E+00
  4.267400E-01 1.088E+00
  4.494070E-01 9.695E-01
  4.732490E-01 8.639E-01
  4.983220E-01 7.697E-01
  5.246830E-01 6.856E-01
  5.523920E-01 6.107E-01
  5.815110E-01 5.439E-01
  6.121040E-01 4.843E-01
  6.442370E-01 4.312E-01
  6.779790E-01 3.839E-01
  7.134030E-01 3.417E-01
  7.505810E-01 3.041E-01
  7.895900E-01 2.707E-01
  8.305080E-01 2.408E-01
  8.734180E-01 2.142E-01
  9.184040E-01 1.906E-01
  9.655510E-01 1.695E-01
  1.014950E+00 1.507E-01
  1.066700E+00 1.340E-01
  1.120880E+00 1.191E-01
  1.177600E+00 1.059E-01
  1.236960E+00 9.411E-02
  1.299070E+00 8.363E-02
  1.364030E+00 7.430E-02
  1.431940E+00 6.601E-02
  1.502940E+00 5.863E-02
  1.577120E+00 5.207E-02
  1.654620E+00 4.623E-02
  1.735550E+00 4.105E-02
  1.820040E+00 3.644E-02
  1.908220E+00 3.234E-02
  2.000230E+00 2.870E-02
  2.096190E+00 2.546E-02
  2.196260E+00 2.259E-02
  2.300580E+00 2.004E-02
  2.409290E+00 1.777E-02
  2.522540E+00 1.576E-02
  2.640490E+00 1.397E-02
  2.763300E+00 1.239E-02
  2.891130E+00 1.098E-02
  3.024140E+00 9.731E-03
  3.162510E+00 8.623E-03
 ================================================
