 ================================================
       I  NZ  NE  ISLP  ILV        E(RYD)      NP
 ================================================
       1   9   3   200    1  -1.35937E+01      86
  1.310370E+01 2.720E-01
  1.320170E+01 2.690E-01
  1.329970E+01 2.650E-01
  1.339770E+01 2.620E-01
  1.349570E+01 2.580E-01
  1.359370E+01 2.550E-01
  1.421830E+01 2.340E-01
  1.486450E+01 2.160E-01
  1.553290E+01 1.980E-01
  1.622420E+01 1.830E-01
  1.693919E+01 1.680E-01
  1.767850E+01 1.550E-01
  1.844299E+01 1.420E-01
  1.923351E+01 1.310E-01
  2.005070E+01 1.210E-01
  2.089549E+01 1.110E-01
  2.176871E+01 1.020E-01
  2.267120E+01 9.385E-02
  2.541080E+01 7.164E-02
  3.131410E+01 4.667E-02
  3.721740E+01 3.227E-02
  4.312080E+01 2.333E-02
  4.902410E+01 1.746E-02
  5.492740E+01 1.344E-02
  6.083080E+01 1.058E-02
  6.673410E+01 8.490E-03
  6.673540E+01 1.621E-01
  6.680980E+01 1.617E-01
  6.688420E+01 1.612E-01
  6.695870E+01 1.608E-01
  6.703310E+01 1.604E-01
  6.710750E+01 1.599E-01
  6.718190E+01 1.595E-01
  6.725630E+01 1.591E-01
  6.733070E+01 1.586E-01
  6.740510E+01 1.582E-01
  6.740590E+01 2.099E-01
  6.949140E+01 1.947E-01
  7.164140E+01 1.805E-01
  7.385790E+01 1.673E-01
  7.614300E+01 1.550E-01
  7.849890E+01 1.435E-01
  8.092760E+01 1.329E-01
  8.343140E+01 1.229E-01
  8.601270E+01 1.137E-01
  8.867390E+01 1.051E-01
  9.141740E+01 9.717E-02
  9.424580E+01 8.978E-02
  9.716170E+01 8.293E-02
  1.001680E+02 7.657E-02
  1.032670E+02 7.068E-02
  1.064620E+02 6.521E-02
  1.097560E+02 6.015E-02
  1.131520E+02 5.547E-02
  1.166530E+02 5.113E-02
  1.202620E+02 4.713E-02
  1.239820E+02 4.341E-02
  1.278180E+02 3.999E-02
  1.317730E+02 3.682E-02
  1.358500E+02 3.389E-02
  1.400530E+02 3.119E-02
  1.443860E+02 2.869E-02
  1.488540E+02 2.638E-02
  1.534590E+02 2.426E-02
  1.582070E+02 2.230E-02
  1.631020E+02 2.049E-02
  1.681480E+02 1.882E-02
  1.733500E+02 1.729E-02
  1.787140E+02 1.587E-02
  1.842430E+02 1.457E-02
  1.899430E+02 1.337E-02
  1.958200E+02 1.227E-02
  2.018790E+02 1.125E-02
  2.081250E+02 1.032E-02
  2.145640E+02 9.461E-03
  2.212020E+02 8.672E-03
  2.280460E+02 7.946E-03
  2.351020E+02 7.279E-03
  2.423760E+02 6.668E-03
  2.498750E+02 6.105E-03
  2.576060E+02 5.589E-03
  2.655760E+02 5.115E-03
  2.737930E+02 4.681E-03
  2.822640E+02 4.283E-03
  2.909970E+02 3.917E-03
  3.000000E+02 3.582E-03
       2   9   3   211    1  -1.25726E+01      74
  1.208260E+01 3.330E-01
  1.218060E+01 3.250E-01
  1.227860E+01 3.170E-01
  1.237660E+01 3.100E-01
  1.247460E+01 3.030E-01
  1.257260E+01 2.960E-01
  1.294080E+01 2.710E-01
  1.331910E+01 2.490E-01
  1.370790E+01 2.280E-01
  1.410730E+01 2.090E-01
  1.451760E+01 1.920E-01
  1.493910E+01 1.760E-01
  1.537190E+01 1.610E-01
  1.581640E+01 1.480E-01
  1.627271E+01 1.360E-01
  1.674120E+01 1.240E-01
  1.722211E+01 1.140E-01
  1.771561E+01 1.050E-01
  1.822200E+01 9.590E-02
  1.874159E+01 8.790E-02
  1.927460E+01 8.060E-02
  1.982130E+01 7.380E-02
  2.038200E+01 6.770E-02
  2.095689E+01 6.200E-02
  2.154640E+01 5.680E-02
  2.215070E+01 5.200E-02
  2.277000E+01 4.770E-02
  2.340469E+01 4.370E-02
  2.405510E+01 4.000E-02
  2.472141E+01 3.660E-02
  2.540401E+01 3.360E-02
  2.610310E+01 3.070E-02
  2.681900E+01 2.810E-02
  2.755209E+01 2.580E-02
  2.830260E+01 2.360E-02
  2.907080E+01 2.160E-02
  2.985710E+01 1.980E-02
  3.066170E+01 1.810E-02
  3.148500E+01 1.660E-02
  3.232719E+01 1.520E-02
  3.318880E+01 1.390E-02
  3.406990E+01 1.270E-02
  3.497099E+01 1.160E-02
  3.589240E+01 1.060E-02
  3.683430E+01 9.730E-03
  3.707260E+01 9.520E-03
  3.847556E+01 8.425E-03
  3.992574E+01 7.425E-03
  4.142448E+01 6.544E-03
  4.297325E+01 5.767E-03
  4.457356E+01 5.082E-03
  4.622694E+01 4.478E-03
  4.793497E+01 3.946E-03
  4.969923E+01 3.477E-03
  5.152139E+01 3.063E-03
  5.340321E+01 2.699E-03
  5.534634E+01 2.377E-03
  5.735265E+01 2.094E-03
  5.942390E+01 1.845E-03
  6.156204E+01 1.625E-03
  6.376897E+01 1.431E-03
  6.604668E+01 1.261E-03
  6.839722E+01 1.110E-03
  7.082262E+01 9.780E-04
  7.332507E+01 8.613E-04
  7.590683E+01 7.585E-04
  7.857005E+01 6.680E-04
  8.131709E+01 5.882E-04
  8.415031E+01 5.180E-04
  8.707219E+01 4.561E-04
  9.008522E+01 4.016E-04
  9.319194E+01 3.536E-04
  9.639493E+01 3.113E-04
  9.969690E+01 2.740E-04
       3   9   3   200    2  -5.81758E+00      79
  5.327590E+00 4.960E-01
  5.425590E+00 4.800E-01
  5.523590E+00 4.640E-01
  5.621590E+00 4.500E-01
  5.719590E+00 4.360E-01
  5.817590E+00 4.220E-01
  6.077850E+00 3.890E-01
  6.348270E+00 3.590E-01
  6.629200E+00 3.310E-01
  6.921000E+00 3.050E-01
  7.224050E+00 2.810E-01
  7.538740E+00 2.590E-01
  7.865470E+00 2.390E-01
  8.204660E+00 2.200E-01
  8.556740E+00 2.030E-01
  8.922130E+00 1.870E-01
  9.301310E+00 1.720E-01
  9.694730E+00 1.590E-01
  1.010290E+01 1.460E-01
  1.052630E+01 1.350E-01
  1.096540E+01 1.240E-01
  1.142080E+01 1.140E-01
  1.189300E+01 1.050E-01
  1.238260E+01 9.720E-02
  1.289020E+01 8.950E-02
  1.341630E+01 8.250E-02
  1.396160E+01 7.600E-02
  1.452680E+01 7.000E-02
  1.511240E+01 6.440E-02
  1.571920E+01 5.930E-02
  1.634779E+01 5.460E-02
  1.699899E+01 5.030E-02
  1.767349E+01 4.630E-02
  1.837210E+01 4.270E-02
  1.909550E+01 3.930E-02
  1.984460E+01 3.620E-02
  2.062019E+01 3.330E-02
  2.142320E+01 3.070E-02
  2.225439E+01 2.820E-02
  2.311481E+01 2.600E-02
  2.400529E+01 2.390E-02
  2.492690E+01 2.200E-02
  2.588060E+01 2.030E-02
  2.686729E+01 1.860E-02
  2.788831E+01 1.720E-02
  2.894450E+01 1.580E-02
  3.003700E+01 1.450E-02
  3.116721E+01 1.340E-02
  3.233600E+01 1.230E-02
  3.354480E+01 1.130E-02
  3.479480E+01 1.040E-02
  3.521761E+01 1.010E-02
  3.711086E+01 8.973E-03
  3.909599E+01 7.956E-03
  4.117700E+01 7.053E-03
  4.335811E+01 6.252E-03
  4.564369E+01 5.542E-03
  4.803825E+01 4.912E-03
  5.054652E+01 4.353E-03
  5.317339E+01 3.858E-03
  5.592392E+01 3.419E-03
  5.880344E+01 3.029E-03
  6.181743E+01 2.684E-03
  6.497163E+01 2.378E-03
  6.827196E+01 2.107E-03
  7.172452E+01 1.866E-03
  7.533572E+01 1.653E-03
  7.911230E+01 1.464E-03
  8.306110E+01 1.297E-03
  8.718918E+01 1.148E-03
  9.150410E+01 1.017E-03
  9.601357E+01 9.004E-04
  1.007254E+02 7.972E-04
  1.056482E+02 7.058E-04
  1.107903E+02 6.249E-04
  1.161608E+02 5.532E-04
  1.217690E+02 4.897E-04
  1.276243E+02 4.334E-04
  1.337369E+02 3.836E-04
       4   9   3   211    2  -5.53990E+00      78
  5.049910E+00 6.900E-01
  5.147900E+00 6.600E-01
  5.245900E+00 6.310E-01
  5.343900E+00 6.040E-01
  5.441900E+00 5.790E-01
  5.539900E+00 5.550E-01
  5.741810E+00 5.100E-01
  5.949850E+00 4.680E-01
  6.164140E+00 4.300E-01
  6.384870E+00 3.950E-01
  6.612190E+00 3.630E-01
  6.846260E+00 3.330E-01
  7.087250E+00 3.060E-01
  7.335340E+00 2.810E-01
  7.590700E+00 2.580E-01
  7.853500E+00 2.370E-01
  8.123940E+00 2.170E-01
  8.402200E+00 1.990E-01
  8.688470E+00 1.830E-01
  8.982950E+00 1.680E-01
  9.285830E+00 1.540E-01
  9.597310E+00 1.410E-01
  9.917610E+00 1.300E-01
  1.024690E+01 1.190E-01
  1.058550E+01 1.090E-01
  1.093350E+01 1.000E-01
  1.129120E+01 9.200E-02
  1.165880E+01 8.440E-02
  1.203660E+01 7.740E-02
  1.242480E+01 7.100E-02
  1.282360E+01 6.510E-02
  1.323320E+01 5.970E-02
  1.365400E+01 5.480E-02
  1.408620E+01 5.030E-02
  1.453000E+01 4.610E-02
  1.498570E+01 4.230E-02
  1.545370E+01 3.880E-02
  1.593410E+01 3.550E-02
  1.642720E+01 3.260E-02
  1.693340E+01 2.990E-02
  1.745300E+01 2.740E-02
  1.798610E+01 2.510E-02
  1.853329E+01 2.300E-02
  1.909460E+01 2.110E-02
  1.967059E+01 1.940E-02
  2.026151E+01 1.770E-02
  2.086760E+01 1.630E-02
  2.148930E+01 1.490E-02
  2.212691E+01 1.370E-02
  2.278081E+01 1.250E-02
  2.345129E+01 1.150E-02
  2.413879E+01 1.050E-02
  2.484360E+01 9.640E-03
  2.556630E+01 8.830E-03
  2.630701E+01 8.090E-03
  2.706619E+01 7.420E-03
  2.784441E+01 6.800E-03
  2.864191E+01 6.230E-03
  2.945920E+01 5.700E-03
  3.003990E+01 5.370E-03
  3.126984E+01 4.737E-03
  3.254333E+01 4.177E-03
  3.386174E+01 3.684E-03
  3.522643E+01 3.248E-03
  3.663879E+01 2.864E-03
  3.810033E+01 2.525E-03
  3.961247E+01 2.226E-03
  4.117679E+01 1.963E-03
  4.279488E+01 1.730E-03
  4.446832E+01 1.525E-03
  4.619879E+01 1.344E-03
  4.798795E+01 1.185E-03
  4.983755E+01 1.044E-03
  5.174942E+01 9.202E-04
  5.372540E+01 8.110E-04
  5.576736E+01 7.146E-04
  5.787723E+01 6.297E-04
  6.005701E+01 5.548E-04
       5   9   3   220    1  -5.44840E+00      80
  4.958400E+00 5.130E-01
  5.056400E+00 4.800E-01
  5.154400E+00 4.500E-01
  5.252400E+00 4.220E-01
  5.350400E+00 3.960E-01
  5.448400E+00 3.720E-01
  5.590000E+00 3.400E-01
  5.734840E+00 3.120E-01
  5.883010E+00 2.850E-01
  6.034570E+00 2.610E-01
  6.189570E+00 2.390E-01
  6.348090E+00 2.190E-01
  6.510200E+00 2.000E-01
  6.675970E+00 1.830E-01
  6.845470E+00 1.680E-01
  7.018760E+00 1.540E-01
  7.195940E+00 1.410E-01
  7.377050E+00 1.290E-01
  7.562200E+00 1.180E-01
  7.751440E+00 1.080E-01
  7.944870E+00 9.860E-02
  8.142550E+00 9.020E-02
  8.344580E+00 8.250E-02
  8.551020E+00 7.550E-02
  8.761980E+00 6.910E-02
  8.977520E+00 6.320E-02
  9.197730E+00 5.780E-02
  9.422710E+00 5.290E-02
  9.652540E+00 4.840E-02
  9.887310E+00 4.430E-02
  1.012710E+01 4.050E-02
  1.037210E+01 3.700E-02
  1.062220E+01 3.390E-02
  1.087770E+01 3.100E-02
  1.113850E+01 2.830E-02
  1.140490E+01 2.590E-02
  1.167690E+01 2.370E-02
  1.195460E+01 2.170E-02
  1.223820E+01 1.980E-02
  1.252760E+01 1.810E-02
  1.282310E+01 1.660E-02
  1.312470E+01 1.520E-02
  1.343260E+01 1.390E-02
  1.374680E+01 1.270E-02
  1.406750E+01 1.160E-02
  1.439480E+01 1.060E-02
  1.472880E+01 9.700E-03
  1.506950E+01 8.870E-03
  1.541730E+01 8.110E-03
  1.577200E+01 7.410E-03
  1.613400E+01 6.780E-03
  1.650330E+01 6.200E-03
  1.688000E+01 5.670E-03
  1.726430E+01 5.180E-03
  1.765620E+01 4.740E-03
  1.805600E+01 4.330E-03
  1.846381E+01 3.960E-03
  1.887959E+01 3.620E-03
  1.930370E+01 3.310E-03
  1.973621E+01 3.020E-03
  2.017720E+01 2.760E-03
  2.062680E+01 2.520E-03
  2.108530E+01 2.310E-03
  2.155260E+01 2.110E-03
  2.202921E+01 1.930E-03
  2.251489E+01 1.760E-03
  2.301010E+01 1.610E-03
  2.351489E+01 1.470E-03
  2.402940E+01 1.340E-03
  2.455370E+01 1.230E-03
  2.504840E+01 1.130E-03
  2.583173E+01 9.959E-04
  2.663683E+01 8.756E-04
  2.746425E+01 7.698E-04
  2.831450E+01 6.768E-04
  2.918817E+01 5.950E-04
  3.008586E+01 5.230E-04
  3.100810E+01 4.598E-04
  3.195554E+01 4.041E-04
  3.292876E+01 3.552E-04
       6   9   3   200    3  -3.21616E+00      83
  2.726170E+00 8.380E-01
  2.824160E+00 7.850E-01
  2.922160E+00 7.360E-01
  3.020160E+00 6.920E-01
  3.118160E+00 6.520E-01
  3.216160E+00 6.150E-01
  3.355780E+00 5.670E-01
  3.501010E+00 5.230E-01
  3.652070E+00 4.830E-01
  3.809160E+00 4.460E-01
  3.972500E+00 4.110E-01
  4.142340E+00 3.790E-01
  4.318910E+00 3.500E-01
  4.502460E+00 3.220E-01
  4.693240E+00 2.970E-01
  4.891520E+00 2.740E-01
  5.097570E+00 2.530E-01
  5.311670E+00 2.330E-01
  5.534130E+00 2.150E-01
  5.765230E+00 1.980E-01
  6.005290E+00 1.830E-01
  6.254640E+00 1.690E-01
  6.513610E+00 1.550E-01
  6.782550E+00 1.430E-01
  7.061800E+00 1.320E-01
  7.351750E+00 1.220E-01
  7.652760E+00 1.120E-01
  7.965240E+00 1.040E-01
  8.289590E+00 9.540E-02
  8.626230E+00 8.790E-02
  8.975590E+00 8.100E-02
  9.338120E+00 7.470E-02
  9.714280E+00 6.880E-02
  1.010460E+01 6.340E-02
  1.050940E+01 5.850E-02
  1.092950E+01 5.390E-02
  1.136510E+01 4.960E-02
  1.181690E+01 4.570E-02
  1.228550E+01 4.210E-02
  1.277140E+01 3.880E-02
  1.327520E+01 3.580E-02
  1.379750E+01 3.300E-02
  1.433910E+01 3.040E-02
  1.490040E+01 2.800E-02
  1.548230E+01 2.580E-02
  1.608540E+01 2.370E-02
  1.671040E+01 2.190E-02
  1.735809E+01 2.010E-02
  1.802921E+01 1.860E-02
  1.872459E+01 1.710E-02
  1.944501E+01 1.570E-02
  2.019141E+01 1.450E-02
  2.096449E+01 1.330E-02
  2.176520E+01 1.230E-02
  2.259460E+01 1.130E-02
  2.345360E+01 1.040E-02
  2.434300E+01 9.590E-03
  2.526410E+01 8.830E-03
  2.621770E+01 8.130E-03
  2.720500E+01 7.490E-03
  2.822710E+01 6.890E-03
  2.928520E+01 6.350E-03
  3.038040E+01 5.840E-03
  3.151390E+01 5.380E-03
  3.261620E+01 4.980E-03
  3.437592E+01 4.417E-03
  3.622440E+01 3.920E-03
  3.816588E+01 3.478E-03
  4.020470E+01 3.087E-03
  4.234540E+01 2.739E-03
  4.459282E+01 2.430E-03
  4.695190E+01 2.156E-03
  4.942787E+01 1.913E-03
  5.202609E+01 1.697E-03
  5.475235E+01 1.505E-03
  5.761237E+01 1.335E-03
  6.061246E+01 1.184E-03
  6.375897E+01 1.050E-03
  6.705865E+01 9.314E-04
  7.051857E+01 8.260E-04
  7.414594E+01 7.325E-04
  7.794829E+01 6.495E-04
  8.193370E+01 5.759E-04
       7   9   3   211    3  -3.10280E+00      83
  2.612800E+00 1.200E+00
  2.710800E+00 1.110E+00
  2.808800E+00 1.030E+00
  2.906800E+00 9.570E-01
  3.004800E+00 8.900E-01
  3.102800E+00 8.300E-01
  3.222800E+00 7.640E-01
  3.346870E+00 7.020E-01
  3.475130E+00 6.460E-01
  3.607700E+00 5.940E-01
  3.744700E+00 5.470E-01
  3.886250E+00 5.030E-01
  4.032490E+00 4.620E-01
  4.183530E+00 4.250E-01
  4.339510E+00 3.910E-01
  4.500580E+00 3.590E-01
  4.666860E+00 3.300E-01
  4.838500E+00 3.040E-01
  5.015640E+00 2.790E-01
  5.198440E+00 2.570E-01
  5.387040E+00 2.360E-01
  5.581600E+00 2.170E-01
  5.782270E+00 1.990E-01
  5.989210E+00 1.830E-01
  6.202600E+00 1.680E-01
  6.422590E+00 1.540E-01
  6.649360E+00 1.420E-01
  6.883090E+00 1.300E-01
  7.123940E+00 1.200E-01
  7.372110E+00 1.100E-01
  7.627770E+00 1.010E-01
  7.891120E+00 9.270E-02
  8.162360E+00 8.510E-02
  8.441670E+00 7.810E-02
  8.729260E+00 7.180E-02
  9.025330E+00 6.590E-02
  9.330100E+00 6.050E-02
  9.643770E+00 5.550E-02
  9.966560E+00 5.100E-02
  1.029870E+01 4.680E-02
  1.064040E+01 4.290E-02
  1.099190E+01 3.940E-02
  1.135350E+01 3.620E-02
  1.172530E+01 3.320E-02
  1.210760E+01 3.050E-02
  1.250070E+01 2.800E-02
  1.290480E+01 2.560E-02
  1.332020E+01 2.350E-02
  1.374710E+01 2.160E-02
  1.418590E+01 1.980E-02
  1.463670E+01 1.820E-02
  1.509980E+01 1.670E-02
  1.557560E+01 1.530E-02
  1.606441E+01 1.400E-02
  1.656630E+01 1.290E-02
  1.708180E+01 1.180E-02
  1.761099E+01 1.080E-02
  1.815440E+01 9.910E-03
  1.871230E+01 9.090E-03
  1.928490E+01 8.330E-03
  1.987260E+01 7.640E-03
  2.047569E+01 7.000E-03
  2.109460E+01 6.420E-03
  2.172960E+01 5.890E-03
  2.238100E+01 5.390E-03
  2.304919E+01 4.940E-03
  2.373460E+01 4.530E-03
  2.443750E+01 4.150E-03
  2.515840E+01 3.810E-03
  2.589751E+01 3.490E-03
  2.665530E+01 3.200E-03
  2.743221E+01 2.930E-03
  2.760280E+01 2.870E-03
  2.876817E+01 2.555E-03
  2.997685E+01 2.255E-03
  3.123021E+01 1.990E-03
  3.252972E+01 1.756E-03
  3.387694E+01 1.550E-03
  3.527333E+01 1.367E-03
  3.672054E+01 1.206E-03
  3.822018E+01 1.064E-03
  3.977394E+01 9.389E-04
  4.138356E+01 8.283E-04
       8   9   3   220    2  -3.06455E+00      85
  2.574550E+00 1.190E+00
  2.672550E+00 1.070E+00
  2.770550E+00 9.740E-01
  2.868550E+00 8.860E-01
  2.966550E+00 8.070E-01
  3.064550E+00 7.380E-01
  3.161700E+00 6.760E-01
  3.261340E+00 6.190E-01
  3.363520E+00 5.680E-01
  3.468290E+00 5.200E-01
  3.575700E+00 4.770E-01
  3.685810E+00 4.370E-01
  3.798670E+00 4.000E-01
  3.914340E+00 3.670E-01
  4.032870E+00 3.360E-01
  4.154330E+00 3.080E-01
  4.278780E+00 2.820E-01
  4.406260E+00 2.580E-01
  4.536850E+00 2.370E-01
  4.670610E+00 2.170E-01
  4.807600E+00 1.980E-01
  4.947880E+00 1.820E-01
  5.091520E+00 1.660E-01
  5.238590E+00 1.520E-01
  5.389150E+00 1.400E-01
  5.543270E+00 1.280E-01
  5.701020E+00 1.170E-01
  5.862480E+00 1.070E-01
  6.027700E+00 9.810E-02
  6.196780E+00 8.980E-02
  6.369780E+00 8.220E-02
  6.546770E+00 7.530E-02
  6.727840E+00 6.890E-02
  6.913060E+00 6.310E-02
  7.102510E+00 5.780E-02
  7.296270E+00 5.290E-02
  7.494420E+00 4.840E-02
  7.697050E+00 4.430E-02
  7.904240E+00 4.050E-02
  8.116070E+00 3.710E-02
  8.332640E+00 3.390E-02
  8.554030E+00 3.110E-02
  8.780320E+00 2.840E-02
  9.011630E+00 2.600E-02
  9.248020E+00 2.380E-02
  9.489600E+00 2.180E-02
  9.736470E+00 1.990E-02
  9.988720E+00 1.820E-02
  1.024640E+01 1.670E-02
  1.050980E+01 1.530E-02
  1.077870E+01 1.400E-02
  1.105350E+01 1.280E-02
  1.133420E+01 1.170E-02
  1.162080E+01 1.070E-02
  1.191360E+01 9.770E-03
  1.221250E+01 8.940E-03
  1.251780E+01 8.180E-03
  1.282960E+01 7.480E-03
  1.314780E+01 6.840E-03
  1.347280E+01 6.250E-03
  1.380450E+01 5.720E-03
  1.414310E+01 5.230E-03
  1.448880E+01 4.780E-03
  1.484160E+01 4.370E-03
  1.520170E+01 4.000E-03
  1.556920E+01 3.660E-03
  1.594420E+01 3.340E-03
  1.632690E+01 3.060E-03
  1.671730E+01 2.800E-03
  1.711571E+01 2.560E-03
  1.752220E+01 2.340E-03
  1.793690E+01 2.140E-03
  1.835989E+01 1.950E-03
  1.879140E+01 1.790E-03
  1.923151E+01 1.630E-03
  1.968050E+01 1.490E-03
  2.013831E+01 1.360E-03
  2.060519E+01 1.250E-03
  2.108141E+01 1.140E-03
  2.156700E+01 1.040E-03
  2.206210E+01 9.520E-04
  2.256689E+01 8.700E-04
  2.266460E+01 8.550E-04
  2.340820E+01 7.533E-04
  2.417271E+01 6.623E-04
       9   9   3   200    4  -2.03770E+00      88
  1.547700E+00 1.400E+00
  1.645700E+00 1.250E+00
  1.743700E+00 1.120E+00
  1.841700E+00 1.010E+00
  1.939700E+00 9.140E-01
  2.037700E+00 8.310E-01
  2.123790E+00 7.670E-01
  2.213380E+00 7.080E-01
  2.306600E+00 6.530E-01
  2.403580E+00 6.030E-01
  2.504490E+00 5.560E-01
  2.609450E+00 5.130E-01
  2.718640E+00 4.730E-01
  2.832210E+00 4.370E-01
  2.950320E+00 4.030E-01
  3.073160E+00 3.720E-01
  3.200900E+00 3.430E-01
  3.333720E+00 3.160E-01
  3.471820E+00 2.920E-01
  3.615400E+00 2.690E-01
  3.764650E+00 2.480E-01
  3.919810E+00 2.290E-01
  4.081070E+00 2.110E-01
  4.248680E+00 1.950E-01
  4.422870E+00 1.800E-01
  4.603890E+00 1.660E-01
  4.791980E+00 1.530E-01
  4.987410E+00 1.410E-01
  5.190450E+00 1.300E-01
  5.401370E+00 1.200E-01
  5.620480E+00 1.100E-01
  5.848060E+00 1.020E-01
  6.084430E+00 9.400E-02
  6.329910E+00 8.660E-02
  6.584830E+00 7.990E-02
  6.849530E+00 7.360E-02
  7.124370E+00 6.790E-02
  7.409710E+00 6.260E-02
  7.705930E+00 5.770E-02
  8.013430E+00 5.320E-02
  8.332600E+00 4.900E-02
  8.663860E+00 4.520E-02
  9.007650E+00 4.160E-02
  9.364410E+00 3.840E-02
  9.734610E+00 3.540E-02
  1.011870E+01 3.260E-02
  1.051720E+01 3.000E-02
  1.093060E+01 2.770E-02
  1.135950E+01 2.550E-02
  1.180430E+01 2.350E-02
  1.226560E+01 2.170E-02
  1.274410E+01 2.000E-02
  1.324030E+01 1.840E-02
  1.375480E+01 1.690E-02
  1.428830E+01 1.560E-02
  1.484130E+01 1.440E-02
  1.541470E+01 1.330E-02
  1.600909E+01 1.220E-02
  1.662520E+01 1.120E-02
  1.726370E+01 1.040E-02
  1.792551E+01 9.540E-03
  1.861130E+01 8.790E-03
  1.932190E+01 8.090E-03
  2.005830E+01 7.450E-03
  2.082111E+01 6.870E-03
  2.161150E+01 6.320E-03
  2.243010E+01 5.820E-03
  2.327820E+01 5.360E-03
  2.415649E+01 4.940E-03
  2.506619E+01 4.550E-03
  2.600830E+01 4.190E-03
  2.698380E+01 3.860E-03
  2.799390E+01 3.550E-03
  2.903970E+01 3.270E-03
  3.012241E+01 3.010E-03
  3.124319E+01 2.770E-03
  3.143770E+01 2.730E-03
  3.314041E+01 2.436E-03
  3.493098E+01 2.163E-03
  3.681375E+01 1.920E-03
  3.879321E+01 1.705E-03
  4.087410E+01 1.514E-03
  4.306142E+01 1.344E-03
  4.536032E+01 1.193E-03
  4.777628E+01 1.059E-03
  5.031491E+01 9.403E-04
  5.298221E+01 8.347E-04
  5.578438E+01 7.409E-04
      10   9   3   211    4  -1.98062E+00      87
  1.490630E+00 2.050E+00
  1.588620E+00 1.800E+00
  1.686620E+00 1.590E+00
  1.784630E+00 1.410E+00
  1.882620E+00 1.260E+00
  1.980630E+00 1.130E+00
  2.058320E+00 1.040E+00
  2.138820E+00 9.580E-01
  2.222230E+00 8.820E-01
  2.308640E+00 8.130E-01
  2.398130E+00 7.480E-01
  2.490800E+00 6.890E-01
  2.586760E+00 6.340E-01
  2.686100E+00 5.840E-01
  2.788930E+00 5.370E-01
  2.895350E+00 4.940E-01
  3.005470E+00 4.550E-01
  3.119390E+00 4.190E-01
  3.237240E+00 3.850E-01
  3.359130E+00 3.540E-01
  3.485180E+00 3.260E-01
  3.615500E+00 3.000E-01
  3.750230E+00 2.760E-01
  3.889490E+00 2.540E-01
  4.033410E+00 2.330E-01
  4.182120E+00 2.150E-01
  4.335760E+00 1.970E-01
  4.494470E+00 1.820E-01
  4.658380E+00 1.670E-01
  4.827650E+00 1.530E-01
  5.002420E+00 1.410E-01
  5.182840E+00 1.300E-01
  5.369070E+00 1.190E-01
  5.561260E+00 1.090E-01
  5.759580E+00 1.010E-01
  5.964190E+00 9.250E-02
  6.175260E+00 8.500E-02
  6.392960E+00 7.810E-02
  6.617460E+00 7.180E-02
  6.848940E+00 6.600E-02
  7.087590E+00 6.060E-02
  7.333580E+00 5.570E-02
  7.587120E+00 5.110E-02
  7.848390E+00 4.700E-02
  8.117590E+00 4.310E-02
  8.394920E+00 3.960E-02
  8.680580E+00 3.640E-02
  8.974790E+00 3.340E-02
  9.277750E+00 3.070E-02
  9.589690E+00 2.820E-02
  9.910820E+00 2.590E-02
  1.024140E+01 2.370E-02
  1.058160E+01 2.180E-02
  1.093170E+01 2.000E-02
  1.129190E+01 1.840E-02
  1.166240E+01 1.680E-02
  1.204360E+01 1.550E-02
  1.243560E+01 1.420E-02
  1.283880E+01 1.300E-02
  1.325340E+01 1.200E-02
  1.367950E+01 1.100E-02
  1.411760E+01 1.010E-02
  1.456790E+01 9.230E-03
  1.503070E+01 8.470E-03
  1.550620E+01 7.770E-03
  1.599480E+01 7.120E-03
  1.649670E+01 6.530E-03
  1.701221E+01 5.990E-03
  1.754170E+01 5.500E-03
  1.808549E+01 5.040E-03
  1.864380E+01 4.620E-03
  1.921700E+01 4.240E-03
  1.980540E+01 3.890E-03
  2.040939E+01 3.560E-03
  2.102930E+01 3.270E-03
  2.166541E+01 2.990E-03
  2.231810E+01 2.740E-03
  2.298779E+01 2.520E-03
  2.367470E+01 2.310E-03
  2.437930E+01 2.110E-03
  2.510201E+01 1.940E-03
  2.584309E+01 1.780E-03
  2.648061E+01 1.650E-03
  2.762265E+01 1.484E-03
  2.880885E+01 1.311E-03
  3.004073E+01 1.158E-03
  3.131985E+01 1.022E-03
      11   9   3   220    3  -1.96114E+00      93
  1.471140E+00 2.230E+00
  1.569140E+00 1.910E+00
  1.667140E+00 1.650E+00
  1.765140E+00 1.430E+00
  1.863140E+00 1.260E+00
  1.961140E+00 1.100E+00
  2.029470E+00 1.010E+00
  2.099760E+00 9.300E-01
  2.172060E+00 8.530E-01
  2.246410E+00 7.830E-01
  2.322850E+00 7.180E-01
  2.401430E+00 6.590E-01
  2.482210E+00 6.050E-01
  2.565220E+00 5.550E-01
  2.650520E+00 5.090E-01
  2.738160E+00 4.670E-01
  2.828190E+00 4.280E-01
  2.920650E+00 3.920E-01
  3.015610E+00 3.600E-01
  3.113120E+00 3.300E-01
  3.213220E+00 3.030E-01
  3.315980E+00 2.770E-01
  3.421460E+00 2.540E-01
  3.529700E+00 2.330E-01
  3.640770E+00 2.140E-01
  3.754720E+00 1.960E-01
  3.871620E+00 1.800E-01
  3.991520E+00 1.650E-01
  4.114500E+00 1.510E-01
  4.240600E+00 1.380E-01
  4.369900E+00 1.270E-01
  4.502460E+00 1.160E-01
  4.638340E+00 1.060E-01
  4.777610E+00 9.740E-02
  4.920340E+00 8.930E-02
  5.066600E+00 8.180E-02
  5.216460E+00 7.490E-02
  5.369980E+00 6.860E-02
  5.527250E+00 6.280E-02
  5.688330E+00 5.760E-02
  5.853300E+00 5.270E-02
  6.022230E+00 4.830E-02
  6.195200E+00 4.420E-02
  6.372280E+00 4.050E-02
  6.553570E+00 3.710E-02
  6.739130E+00 3.400E-02
  6.929040E+00 3.110E-02
  7.123400E+00 2.850E-02
  7.322280E+00 2.610E-02
  7.525770E+00 2.390E-02
  7.733950E+00 2.180E-02
  7.946910E+00 2.000E-02
  8.164750E+00 1.830E-02
  8.387540E+00 1.670E-02
  8.615380E+00 1.530E-02
  8.848370E+00 1.400E-02
  9.086590E+00 1.280E-02
  9.330140E+00 1.180E-02
  9.579130E+00 1.070E-02
  9.833640E+00 9.840E-03
  1.009380E+01 9.000E-03
  1.035960E+01 8.230E-03
  1.063130E+01 7.530E-03
  1.090890E+01 6.890E-03
  1.119260E+01 6.310E-03
  1.148240E+01 5.770E-03
  1.177850E+01 5.280E-03
  1.208090E+01 4.830E-03
  1.238970E+01 4.420E-03
  1.270520E+01 4.040E-03
  1.302740E+01 3.690E-03
  1.335630E+01 3.380E-03
  1.369230E+01 3.090E-03
  1.403520E+01 2.830E-03
  1.438530E+01 2.580E-03
  1.474280E+01 2.360E-03
  1.510760E+01 2.160E-03
  1.547990E+01 1.980E-03
  1.586000E+01 1.810E-03
  1.624780E+01 1.650E-03
  1.664360E+01 1.510E-03
  1.704739E+01 1.380E-03
  1.745940E+01 1.260E-03
  1.787970E+01 1.150E-03
  1.830850E+01 1.050E-03
  1.874590E+01 9.650E-04
  1.919200E+01 8.820E-04
  1.964709E+01 8.060E-04
  2.011110E+01 7.370E-04
  2.058440E+01 6.730E-04
  2.106689E+01 6.150E-04
  2.155890E+01 5.620E-04
  2.156110E+01 5.620E-04
      12   9   3   200    5  -1.40573E+00      88
  1.111730E+00 1.690E+00
  1.209730E+00 1.430E+00
  1.307730E+00 1.230E+00
  1.405730E+00 1.070E+00
  1.463840E+00 9.870E-01
  1.524310E+00 9.100E-01
  1.587230E+00 8.400E-01
  1.652700E+00 7.750E-01
  1.720820E+00 7.160E-01
  1.791690E+00 6.600E-01
  1.865420E+00 6.090E-01
  1.942130E+00 5.620E-01
  2.021920E+00 5.190E-01
  2.104920E+00 4.790E-01
  2.191250E+00 4.420E-01
  2.281040E+00 4.080E-01
  2.374420E+00 3.760E-01
  2.471540E+00 3.470E-01
  2.572530E+00 3.200E-01
  2.677550E+00 2.950E-01
  2.786750E+00 2.720E-01
  2.900290E+00 2.510E-01
  3.018340E+00 2.320E-01
  3.141060E+00 2.140E-01
  3.268630E+00 1.970E-01
  3.401240E+00 1.820E-01
  3.539090E+00 1.680E-01
  3.682350E+00 1.550E-01
  3.831250E+00 1.430E-01
  3.986000E+00 1.320E-01
  4.146800E+00 1.220E-01
  4.313900E+00 1.120E-01
  4.487520E+00 1.030E-01
  4.667910E+00 9.530E-02
  4.855320E+00 8.790E-02
  5.050010E+00 8.100E-02
  5.252250E+00 7.470E-02
  5.462320E+00 6.890E-02
  5.680510E+00 6.350E-02
  5.907120E+00 5.860E-02
  6.142450E+00 5.400E-02
  6.386830E+00 4.980E-02
  6.640590E+00 4.590E-02
  6.904070E+00 4.230E-02
  7.177620E+00 3.900E-02
  7.461600E+00 3.600E-02
  7.756410E+00 3.310E-02
  8.062420E+00 3.060E-02
  8.380050E+00 2.820E-02
  8.709710E+00 2.600E-02
  9.051820E+00 2.390E-02
  9.406850E+00 2.210E-02
  9.775250E+00 2.030E-02
  1.015750E+01 1.870E-02
  1.055410E+01 1.730E-02
  1.096550E+01 1.590E-02
  1.139230E+01 1.470E-02
  1.183500E+01 1.350E-02
  1.229420E+01 1.240E-02
  1.277040E+01 1.150E-02
  1.326430E+01 1.060E-02
  1.377650E+01 9.740E-03
  1.430760E+01 8.970E-03
  1.485820E+01 8.270E-03
  1.542910E+01 7.620E-03
  1.602090E+01 7.020E-03
  1.663440E+01 6.460E-03
  1.727029E+01 5.960E-03
  1.792940E+01 5.490E-03
  1.861250E+01 5.050E-03
  1.932030E+01 4.650E-03
  2.005389E+01 4.290E-03
  2.081390E+01 3.950E-03
  2.160130E+01 3.640E-03
  2.241710E+01 3.350E-03
  2.326230E+01 3.080E-03
  2.413760E+01 2.840E-03
  2.504440E+01 2.620E-03
  2.598340E+01 2.410E-03
  2.695590E+01 2.220E-03
  2.796300E+01 2.040E-03
  2.900580E+01 1.880E-03
  3.008540E+01 1.730E-03
  3.080569E+01 1.640E-03
  3.248198E+01 1.471E-03
  3.424626E+01 1.307E-03
  3.610295E+01 1.161E-03
  3.805676E+01 1.031E-03
      13   9   3   211    5  -1.37304E+00      90
  1.079040E+00 2.410E+00
  1.177040E+00 2.010E+00
  1.275040E+00 1.700E+00
  1.373040E+00 1.450E+00
  1.426880E+00 1.340E+00
  1.482740E+00 1.240E+00
  1.540700E+00 1.140E+00
  1.600810E+00 1.050E+00
  1.663160E+00 9.660E-01
  1.727820E+00 8.900E-01
  1.794860E+00 8.200E-01
  1.864370E+00 7.550E-01
  1.936420E+00 6.960E-01
  2.011100E+00 6.410E-01
  2.088490E+00 5.900E-01
  2.168680E+00 5.430E-01
  2.251760E+00 5.000E-01
  2.337820E+00 4.610E-01
  2.426960E+00 4.240E-01
  2.519260E+00 3.910E-01
  2.614840E+00 3.590E-01
  2.713790E+00 3.310E-01
  2.816220E+00 3.050E-01
  2.922230E+00 2.800E-01
  3.031930E+00 2.580E-01
  3.145440E+00 2.370E-01
  3.262870E+00 2.190E-01
  3.384330E+00 2.010E-01
  3.509950E+00 1.850E-01
  3.639840E+00 1.700E-01
  3.774140E+00 1.560E-01
  3.912980E+00 1.440E-01
  4.056470E+00 1.320E-01
  4.204770E+00 1.220E-01
  4.358000E+00 1.120E-01
  4.516310E+00 1.030E-01
  4.679840E+00 9.470E-02
  4.848730E+00 8.710E-02
  5.023140E+00 8.010E-02
  5.203230E+00 7.360E-02
  5.389130E+00 6.770E-02
  5.581030E+00 6.220E-02
  5.779070E+00 5.720E-02
  5.983430E+00 5.260E-02
  6.194270E+00 4.830E-02
  6.411780E+00 4.440E-02
  6.636120E+00 4.080E-02
  6.867480E+00 3.750E-02
  7.106040E+00 3.440E-02
  7.351990E+00 3.160E-02
  7.605520E+00 2.910E-02
  7.866830E+00 2.670E-02
  8.136120E+00 2.450E-02
  8.413590E+00 2.250E-02
  8.699440E+00 2.070E-02
  8.993900E+00 1.900E-02
  9.297170E+00 1.740E-02
  9.609470E+00 1.600E-02
  9.931030E+00 1.470E-02
  1.026210E+01 1.350E-02
  1.060280E+01 1.240E-02
  1.095360E+01 1.140E-02
  1.131450E+01 1.040E-02
  1.168580E+01 9.590E-03
  1.206790E+01 8.800E-03
  1.246080E+01 8.070E-03
  1.286500E+01 7.410E-03
  1.328070E+01 6.800E-03
  1.370810E+01 6.240E-03
  1.414750E+01 5.730E-03
  1.459910E+01 5.250E-03
  1.506340E+01 4.820E-03
  1.554050E+01 4.420E-03
  1.603070E+01 4.060E-03
  1.653439E+01 3.720E-03
  1.705190E+01 3.410E-03
  1.758340E+01 3.130E-03
  1.812920E+01 2.870E-03
  1.868980E+01 2.630E-03
  1.926530E+01 2.410E-03
  1.985620E+01 2.210E-03
  2.046280E+01 2.030E-03
  2.108530E+01 1.860E-03
  2.172420E+01 1.700E-03
  2.237990E+01 1.560E-03
  2.305260E+01 1.430E-03
  2.374271E+01 1.310E-03
  2.445061E+01 1.200E-03
  2.517661E+01 1.100E-03
  2.587300E+01 1.020E-03
      14   9   3   220    4  -1.36180E+00      99
  1.067800E+00 2.610E+00
  1.165800E+00 2.130E+00
  1.263800E+00 1.770E+00
  1.361800E+00 1.480E+00
  1.411520E+00 1.360E+00
  1.462800E+00 1.250E+00
  1.515670E+00 1.150E+00
  1.570190E+00 1.060E+00
  1.626380E+00 9.700E-01
  1.684290E+00 8.910E-01
  1.743950E+00 8.180E-01
  1.805420E+00 7.510E-01
  1.868740E+00 6.900E-01
  1.933950E+00 6.330E-01
  2.001090E+00 5.820E-01
  2.070210E+00 5.340E-01
  2.141360E+00 4.900E-01
  2.214590E+00 4.500E-01
  2.289930E+00 4.130E-01
  2.367450E+00 3.790E-01
  2.447180E+00 3.480E-01
  2.529190E+00 3.190E-01
  2.613520E+00 2.930E-01
  2.700220E+00 2.690E-01
  2.789350E+00 2.470E-01
  2.880960E+00 2.260E-01
  2.975100E+00 2.070E-01
  3.071840E+00 1.900E-01
  3.171220E+00 1.740E-01
  3.273300E+00 1.600E-01
  3.378150E+00 1.470E-01
  3.485820E+00 1.350E-01
  3.596360E+00 1.230E-01
  3.709850E+00 1.130E-01
  3.826350E+00 1.040E-01
  3.945900E+00 9.510E-02
  4.068590E+00 8.720E-02
  4.194480E+00 7.990E-02
  4.323620E+00 7.320E-02
  4.456090E+00 6.710E-02
  4.591950E+00 6.150E-02
  4.731280E+00 5.640E-02
  4.874140E+00 5.160E-02
  5.020600E+00 4.730E-02
  5.170730E+00 4.340E-02
  5.324610E+00 3.970E-02
  5.482320E+00 3.640E-02
  5.643920E+00 3.330E-02
  5.809480E+00 3.050E-02
  5.979100E+00 2.800E-02
  6.152840E+00 2.560E-02
  6.330790E+00 2.350E-02
  6.513030E+00 2.150E-02
  6.699630E+00 1.970E-02
  6.890680E+00 1.800E-02
  7.086260E+00 1.650E-02
  7.286460E+00 1.510E-02
  7.491360E+00 1.380E-02
  7.701060E+00 1.270E-02
  7.915630E+00 1.160E-02
  8.135170E+00 1.060E-02
  8.359780E+00 9.720E-03
  8.589530E+00 8.890E-03
  8.824530E+00 8.140E-03
  9.064860E+00 7.450E-03
  9.310630E+00 6.820E-03
  9.561930E+00 6.240E-03
  9.818870E+00 5.710E-03
  1.008150E+01 5.230E-03
  1.035000E+01 4.780E-03
  1.062440E+01 4.370E-03
  1.090490E+01 4.000E-03
  1.119150E+01 3.660E-03
  1.148440E+01 3.350E-03
  1.178360E+01 3.070E-03
  1.208920E+01 2.800E-03
  1.240150E+01 2.560E-03
  1.272040E+01 2.350E-03
  1.304610E+01 2.150E-03
  1.337870E+01 1.960E-03
  1.371840E+01 1.790E-03
  1.406520E+01 1.640E-03
  1.441930E+01 1.500E-03
  1.478080E+01 1.370E-03
  1.514970E+01 1.260E-03
  1.552630E+01 1.150E-03
  1.591070E+01 1.050E-03
  1.630290E+01 9.600E-04
  1.670320E+01 8.770E-04
  1.711160E+01 8.020E-04
  1.752831E+01 7.330E-04
  1.795329E+01 6.700E-04
  1.838690E+01 6.130E-04
  1.882919E+01 5.600E-04
  1.928030E+01 5.120E-04
  1.974040E+01 4.680E-04
  2.020950E+01 4.280E-04
  2.068790E+01 3.910E-04
  2.096181E+01 3.720E-04
      15   9   3   200    6  -1.02796E+00      91
  8.319580E-01 2.020E+00
  9.299580E-01 1.620E+00
  1.027960E+00 1.330E+00
  1.069740E+00 1.230E+00
  1.113220E+00 1.130E+00
  1.158450E+00 1.040E+00
  1.205520E+00 9.630E-01
  1.254480E+00 8.880E-01
  1.305420E+00 8.200E-01
  1.358410E+00 7.570E-01
  1.413540E+00 6.980E-01
  1.470890E+00 6.440E-01
  1.530540E+00 5.940E-01
  1.592580E+00 5.490E-01
  1.657120E+00 5.060E-01
  1.724250E+00 4.670E-01
  1.794070E+00 4.310E-01
  1.866680E+00 3.970E-01
  1.942190E+00 3.670E-01
  2.020710E+00 3.380E-01
  2.102370E+00 3.120E-01
  2.187290E+00 2.880E-01
  2.275580E+00 2.660E-01
  2.367380E+00 2.450E-01
  2.462830E+00 2.260E-01
  2.562070E+00 2.090E-01
  2.665230E+00 1.920E-01
  2.772480E+00 1.780E-01
  2.883970E+00 1.640E-01
  2.999860E+00 1.510E-01
  3.120310E+00 1.390E-01
  3.245510E+00 1.280E-01
  3.375630E+00 1.190E-01
  3.510860E+00 1.090E-01
  3.651390E+00 1.010E-01
  3.797420E+00 9.300E-02
  3.949160E+00 8.580E-02
  4.106830E+00 7.910E-02
  4.270640E+00 7.300E-02
  4.440840E+00 6.730E-02
  4.617650E+00 6.210E-02
  4.801320E+00 5.720E-02
  4.992110E+00 5.280E-02
  5.190280E+00 4.870E-02
  5.396120E+00 4.490E-02
  5.609890E+00 4.140E-02
  5.831900E+00 3.820E-02
  6.062450E+00 3.520E-02
  6.301850E+00 3.240E-02
  6.550420E+00 2.990E-02
  6.808510E+00 2.760E-02
  7.076460E+00 2.540E-02
  7.354630E+00 2.340E-02
  7.643400E+00 2.160E-02
  7.943140E+00 1.990E-02
  8.254250E+00 1.840E-02
  8.577160E+00 1.690E-02
  8.912270E+00 1.560E-02
  9.260030E+00 1.440E-02
  9.620900E+00 1.320E-02
  9.995340E+00 1.220E-02
  1.038380E+01 1.130E-02
  1.078690E+01 1.040E-02
  1.120500E+01 9.550E-03
  1.163880E+01 8.800E-03
  1.208870E+01 8.110E-03
  1.255540E+01 7.470E-03
  1.303930E+01 6.890E-03
  1.354130E+01 6.350E-03
  1.406180E+01 5.850E-03
  1.460140E+01 5.390E-03
  1.516100E+01 4.960E-03
  1.574120E+01 4.570E-03
  1.634261E+01 4.210E-03
  1.696609E+01 3.880E-03
  1.761240E+01 3.570E-03
  1.828220E+01 3.290E-03
  1.897650E+01 3.030E-03
  1.969591E+01 2.800E-03
  2.044150E+01 2.570E-03
  2.121400E+01 2.370E-03
  2.201440E+01 2.180E-03
  2.284370E+01 2.010E-03
  2.370280E+01 1.850E-03
  2.459270E+01 1.710E-03
  2.551450E+01 1.570E-03
  2.646919E+01 1.450E-03
  2.745790E+01 1.330E-03
  2.848190E+01 1.230E-03
  2.954221E+01 1.130E-03
  3.042799E+01 1.060E-03
      16   9   3   211    6  -1.00751E+00      97
  8.115060E-01 2.840E+00
  9.095060E-01 2.240E+00
  1.007510E+00 1.810E+00
  1.046770E+00 1.670E+00
  1.087540E+00 1.540E+00
  1.129860E+00 1.420E+00
  1.173800E+00 1.310E+00
  1.219410E+00 1.200E+00
  1.266750E+00 1.110E+00
  1.315880E+00 1.020E+00
  1.366850E+00 9.410E-01
  1.419740E+00 8.680E-01
  1.474620E+00 7.990E-01
  1.531540E+00 7.370E-01
  1.590580E+00 6.790E-01
  1.651810E+00 6.250E-01
  1.715300E+00 5.760E-01
  1.781130E+00 5.300E-01
  1.849370E+00 4.890E-01
  1.920120E+00 4.500E-01
  1.993430E+00 4.140E-01
  2.069420E+00 3.820E-01
  2.148150E+00 3.520E-01
  2.229720E+00 3.240E-01
  2.314210E+00 2.980E-01
  2.401730E+00 2.750E-01
  2.492370E+00 2.530E-01
  2.586220E+00 2.330E-01
  2.683380E+00 2.140E-01
  2.783970E+00 1.970E-01
  2.888080E+00 1.810E-01
  2.995830E+00 1.670E-01
  3.107320E+00 1.540E-01
  3.222670E+00 1.410E-01
  3.342000E+00 1.300E-01
  3.465420E+00 1.200E-01
  3.593060E+00 1.100E-01
  3.725030E+00 1.010E-01
  3.861480E+00 9.320E-02
  4.002530E+00 8.570E-02
  4.148320E+00 7.890E-02
  4.298970E+00 7.250E-02
  4.454640E+00 6.670E-02
  4.615460E+00 6.130E-02
  4.781580E+00 5.640E-02
  4.953150E+00 5.190E-02
  5.130320E+00 4.770E-02
  5.313250E+00 4.390E-02
  5.502100E+00 4.030E-02
  5.697030E+00 3.710E-02
  5.898210E+00 3.410E-02
  6.105810E+00 3.130E-02
  6.319990E+00 2.880E-02
  6.540940E+00 2.640E-02
  6.768840E+00 2.430E-02
  7.003870E+00 2.230E-02
  7.246230E+00 2.050E-02
  7.496090E+00 1.880E-02
  7.753660E+00 1.730E-02
  8.019130E+00 1.590E-02
  8.292710E+00 1.460E-02
  8.574610E+00 1.340E-02
  8.865040E+00 1.230E-02
  9.164210E+00 1.130E-02
  9.472340E+00 1.040E-02
  9.789660E+00 9.540E-03
  1.011640E+01 8.760E-03
  1.045280E+01 8.040E-03
  1.079900E+01 7.380E-03
  1.115540E+01 6.780E-03
  1.152220E+01 6.220E-03
  1.189950E+01 5.710E-03
  1.228780E+01 5.240E-03
  1.268710E+01 4.810E-03
  1.309790E+01 4.410E-03
  1.352030E+01 4.050E-03
  1.395460E+01 3.720E-03
  1.440120E+01 3.410E-03
  1.486030E+01 3.130E-03
  1.533210E+01 2.870E-03
  1.581700E+01 2.630E-03
  1.631531E+01 2.410E-03
  1.682730E+01 2.220E-03
  1.735320E+01 2.030E-03
  1.789340E+01 1.860E-03
  1.844820E+01 1.710E-03
  1.901801E+01 1.570E-03
  1.960300E+01 1.440E-03
  2.020360E+01 1.320E-03
  2.082021E+01 1.210E-03
  2.145300E+01 1.110E-03
  2.210249E+01 1.020E-03
  2.276900E+01 9.310E-04
  2.345270E+01 8.530E-04
  2.415430E+01 7.820E-04
  2.487390E+01 7.170E-04
  2.550751E+01 6.650E-04
      17   9   3   220    5  -1.00044E+00     106
  8.044420E-01 3.070E+00
  9.024420E-01 2.370E+00
  1.000440E+00 1.880E+00
  1.037840E+00 1.730E+00
  1.076490E+00 1.590E+00
  1.116420E+00 1.460E+00
  1.157670E+00 1.340E+00
  1.200270E+00 1.230E+00
  1.244260E+00 1.130E+00
  1.289670E+00 1.040E+00
  1.336550E+00 9.580E-01
  1.384930E+00 8.810E-01
  1.434860E+00 8.090E-01
  1.486360E+00 7.440E-01
  1.539480E+00 6.830E-01
  1.594270E+00 6.280E-01
  1.650760E+00 5.770E-01
  1.709000E+00 5.300E-01
  1.769020E+00 4.870E-01
  1.830890E+00 4.470E-01
  1.894630E+00 4.100E-01
  1.960290E+00 3.770E-01
  2.027930E+00 3.460E-01
  2.097590E+00 3.180E-01
  2.169310E+00 2.920E-01
  2.243150E+00 2.680E-01
  2.319160E+00 2.460E-01
  2.397380E+00 2.260E-01
  2.477870E+00 2.070E-01
  2.560670E+00 1.900E-01
  2.645850E+00 1.740E-01
  2.733450E+00 1.600E-01
  2.823540E+00 1.470E-01
  2.916150E+00 1.350E-01
  3.011370E+00 1.240E-01
  3.109230E+00 1.130E-01
  3.209800E+00 1.040E-01
  3.313130E+00 9.540E-02
  3.419290E+00 8.750E-02
  3.528340E+00 8.030E-02
  3.640340E+00 7.360E-02
  3.755340E+00 6.750E-02
  3.873430E+00 6.190E-02
  3.994650E+00 5.670E-02
  4.119070E+00 5.200E-02
  4.246770E+00 4.770E-02
  4.377810E+00 4.370E-02
  4.512250E+00 4.010E-02
  4.650170E+00 3.670E-02
  4.791630E+00 3.370E-02
  4.936720E+00 3.090E-02
  5.085490E+00 2.830E-02
  5.238020E+00 2.590E-02
  5.394390E+00 2.370E-02
  5.554680E+00 2.170E-02
  5.718950E+00 1.990E-02
  5.887290E+00 1.820E-02
  6.059780E+00 1.670E-02
  6.236490E+00 1.530E-02
  6.417500E+00 1.400E-02
  6.602900E+00 1.280E-02
  6.792770E+00 1.180E-02
  6.987200E+00 1.080E-02
  7.186260E+00 9.860E-03
  7.390050E+00 9.030E-03
  7.598650E+00 8.270E-03
  7.812140E+00 7.570E-03
  8.030630E+00 6.930E-03
  8.254200E+00 6.350E-03
  8.482940E+00 5.810E-03
  8.716950E+00 5.320E-03
  8.956310E+00 4.870E-03
  9.201130E+00 4.460E-03
  9.451510E+00 4.080E-03
  9.707530E+00 3.730E-03
  9.969300E+00 3.410E-03
  1.023690E+01 3.130E-03
  1.051050E+01 2.860E-03
  1.079010E+01 2.620E-03
  1.107590E+01 2.390E-03
  1.136790E+01 2.190E-03
  1.166640E+01 2.000E-03
  1.197120E+01 1.830E-03
  1.228270E+01 1.680E-03
  1.260090E+01 1.530E-03
  1.292590E+01 1.400E-03
  1.325780E+01 1.280E-03
  1.359680E+01 1.170E-03
  1.394290E+01 1.070E-03
  1.429620E+01 9.810E-04
  1.465700E+01 8.970E-04
  1.502530E+01 8.210E-04
  1.540120E+01 7.500E-04
  1.578480E+01 6.860E-04
  1.617641E+01 6.270E-04
  1.657590E+01 5.740E-04
  1.698360E+01 5.240E-04
  1.739951E+01 4.790E-04
  1.782390E+01 4.380E-04
  1.825670E+01 4.010E-04
  1.869820E+01 3.660E-04
  1.914850E+01 3.350E-04
  1.960780E+01 3.060E-04
  2.007600E+01 2.800E-04
  2.055360E+01 2.550E-04
  2.060040E+01 2.530E-04
      18   9   3   200    7  -7.84286E-01      98
  5.882860E-01 2.850E+00
  6.862860E-01 2.100E+00
  7.842860E-01 1.600E+00
  8.157270E-01 1.480E+00
  8.484350E-01 1.370E+00
  8.824600E-01 1.260E+00
  9.178550E-01 1.160E+00
  9.546740E-01 1.070E+00
  9.929740E-01 9.910E-01
  1.032810E+00 9.150E-01
  1.074250E+00 8.440E-01
  1.117360E+00 7.790E-01
  1.162190E+00 7.190E-01
  1.208830E+00 6.630E-01
  1.257330E+00 6.120E-01
  1.307770E+00 5.650E-01
  1.360240E+00 5.210E-01
  1.414800E+00 4.810E-01
  1.471550E+00 4.440E-01
  1.530560E+00 4.090E-01
  1.591930E+00 3.780E-01
  1.655740E+00 3.480E-01
  1.722110E+00 3.210E-01
  1.791110E+00 2.970E-01
  1.862860E+00 2.740E-01
  1.937460E+00 2.520E-01
  2.015020E+00 2.330E-01
  2.095670E+00 2.150E-01
  2.179510E+00 1.980E-01
  2.266670E+00 1.830E-01
  2.357280E+00 1.690E-01
  2.451480E+00 1.560E-01
  2.549390E+00 1.430E-01
  2.651170E+00 1.320E-01
  2.756960E+00 1.220E-01
  2.866920E+00 1.130E-01
  2.981200E+00 1.040E-01
  3.099970E+00 9.580E-02
  3.223390E+00 8.840E-02
  3.351660E+00 8.150E-02
  3.484950E+00 7.520E-02
  3.623450E+00 6.940E-02
  3.767350E+00 6.400E-02
  3.916870E+00 5.900E-02
  4.072220E+00 5.440E-02
  4.233610E+00 5.020E-02
  4.401260E+00 4.630E-02
  4.575430E+00 4.270E-02
  4.756340E+00 3.930E-02
  4.944250E+00 3.630E-02
  5.139420E+00 3.340E-02
  5.342120E+00 3.080E-02
  5.552640E+00 2.840E-02
  5.771250E+00 2.620E-02
  5.998270E+00 2.420E-02
  6.233990E+00 2.230E-02
  6.478740E+00 2.060E-02
  6.732850E+00 1.900E-02
  6.996670E+00 1.750E-02
  7.270540E+00 1.610E-02
  7.554840E+00 1.480E-02
  7.849950E+00 1.370E-02
  8.156250E+00 1.260E-02
  8.474160E+00 1.160E-02
  8.804100E+00 1.070E-02
  9.146490E+00 9.880E-03
  9.501790E+00 9.100E-03
  9.870470E+00 8.390E-03
  1.025300E+01 7.730E-03
  1.064990E+01 7.130E-03
  1.106160E+01 6.570E-03
  1.148870E+01 6.050E-03
  1.193180E+01 5.580E-03
  1.239130E+01 5.140E-03
  1.286790E+01 4.740E-03
  1.336230E+01 4.360E-03
  1.387490E+01 4.020E-03
  1.440650E+01 3.710E-03
  1.495770E+01 3.410E-03
  1.552920E+01 3.140E-03
  1.612170E+01 2.900E-03
  1.673590E+01 2.670E-03
  1.737270E+01 2.460E-03
  1.803270E+01 2.270E-03
  1.871680E+01 2.090E-03
  1.942590E+01 1.920E-03
  2.016060E+01 1.770E-03
  2.092210E+01 1.630E-03
  2.171111E+01 1.500E-03
  2.252850E+01 1.380E-03
  2.337550E+01 1.270E-03
  2.425290E+01 1.170E-03
  2.516190E+01 1.080E-03
  2.610339E+01 9.950E-04
  2.707860E+01 9.170E-04
  2.808850E+01 8.440E-04
  2.913451E+01 7.770E-04
  3.018430E+01 7.170E-04
      19   9   3   211    7  -7.70650E-01     103
  6.726500E-01 2.910E+00
  7.706500E-01 2.190E+00
  8.004470E-01 2.020E+00
  8.313990E-01 1.860E+00
  8.635460E-01 1.710E+00
  8.969350E-01 1.580E+00
  9.316090E-01 1.460E+00
  9.676150E-01 1.340E+00
  1.005000E+00 1.240E+00
  1.043820E+00 1.140E+00
  1.084120E+00 1.050E+00
  1.125950E+00 9.690E-01
  1.169370E+00 8.930E-01
  1.214440E+00 8.230E-01
  1.261210E+00 7.590E-01
  1.309740E+00 6.990E-01
  1.360090E+00 6.450E-01
  1.412330E+00 5.940E-01
  1.466530E+00 5.470E-01
  1.522740E+00 5.040E-01
  1.581030E+00 4.650E-01
  1.641490E+00 4.280E-01
  1.704180E+00 3.940E-01
  1.769170E+00 3.630E-01
  1.836540E+00 3.350E-01
  1.906380E+00 3.080E-01
  1.978760E+00 2.840E-01
  2.053760E+00 2.610E-01
  2.131470E+00 2.410E-01
  2.211990E+00 2.220E-01
  2.295390E+00 2.040E-01
  2.381780E+00 1.880E-01
  2.471240E+00 1.730E-01
  2.563880E+00 1.590E-01
  2.659790E+00 1.470E-01
  2.759080E+00 1.350E-01
  2.861850E+00 1.240E-01
  2.968210E+00 1.140E-01
  3.078270E+00 1.050E-01
  3.192150E+00 9.680E-02
  3.309950E+00 8.910E-02
  3.431800E+00 8.200E-02
  3.557820E+00 7.540E-02
  3.688130E+00 6.940E-02
  3.822860E+00 6.380E-02
  3.962150E+00 5.870E-02
  4.106120E+00 5.400E-02
  4.254900E+00 4.970E-02
  4.408650E+00 4.570E-02
  4.567500E+00 4.200E-02
  4.731600E+00 3.860E-02
  4.901090E+00 3.550E-02
  5.076130E+00 3.270E-02
  5.256880E+00 3.000E-02
  5.443490E+00 2.760E-02
  5.636120E+00 2.540E-02
  5.834950E+00 2.330E-02
  6.040130E+00 2.140E-02
  6.251850E+00 1.970E-02
  6.470280E+00 1.810E-02
  6.695600E+00 1.660E-02
  6.928000E+00 1.530E-02
  7.167650E+00 1.400E-02
  7.414760E+00 1.290E-02
  7.669510E+00 1.190E-02
  7.932110E+00 1.090E-02
  8.202770E+00 1.000E-02
  8.481670E+00 9.190E-03
  8.769050E+00 8.440E-03
  9.065110E+00 7.760E-03
  9.370070E+00 7.120E-03
  9.684160E+00 6.540E-03
  1.000760E+01 6.010E-03
  1.034060E+01 5.510E-03
  1.068350E+01 5.060E-03
  1.103640E+01 4.650E-03
  1.139960E+01 4.270E-03
  1.177340E+01 3.920E-03
  1.215800E+01 3.590E-03
  1.255360E+01 3.300E-03
  1.296060E+01 3.030E-03
  1.337920E+01 2.780E-03
  1.380970E+01 2.550E-03
  1.425230E+01 2.340E-03
  1.470730E+01 2.150E-03
  1.517510E+01 1.970E-03
  1.565590E+01 1.810E-03
  1.614999E+01 1.660E-03
  1.665770E+01 1.520E-03
  1.717931E+01 1.390E-03
  1.771519E+01 1.280E-03
  1.826559E+01 1.170E-03
  1.883090E+01 1.080E-03
  1.941150E+01 9.860E-04
  2.000751E+01 9.050E-04
  2.061940E+01 8.290E-04
  2.124760E+01 7.610E-04
  2.189230E+01 6.970E-04
  2.255400E+01 6.390E-04
  2.323300E+01 5.860E-04
  2.392960E+01 5.370E-04
  2.464430E+01 4.920E-04
  2.527060E+01 4.570E-04
      20   9   3   220    6  -7.65925E-01     111
  6.679250E-01 3.110E+00
  7.659250E-01 2.290E+00
  7.948550E-01 2.110E+00
  8.247940E-01 1.940E+00
  8.557730E-01 1.780E+00
  8.878230E-01 1.640E+00
  9.209730E-01 1.510E+00
  9.552570E-01 1.390E+00
  9.907060E-01 1.280E+00
  1.027360E+00 1.180E+00
  1.065240E+00 1.080E+00
  1.104380E+00 9.950E-01
  1.144830E+00 9.150E-01
  1.186620E+00 8.410E-01
  1.229780E+00 7.740E-01
  1.274360E+00 7.110E-01
  1.320380E+00 6.540E-01
  1.367900E+00 6.010E-01
  1.416940E+00 5.520E-01
  1.467550E+00 5.080E-01
  1.519770E+00 4.660E-01
  1.573640E+00 4.290E-01
  1.629200E+00 3.940E-01
  1.686500E+00 3.620E-01
  1.745580E+00 3.320E-01
  1.806490E+00 3.050E-01
  1.869260E+00 2.800E-01
  1.933950E+00 2.580E-01
  2.000610E+00 2.370E-01
  2.069280E+00 2.170E-01
  2.140000E+00 2.000E-01
  2.212840E+00 1.830E-01
  2.287830E+00 1.680E-01
  2.365040E+00 1.540E-01
  2.444510E+00 1.420E-01
  2.526290E+00 1.300E-01
  2.610440E+00 1.190E-01
  2.697020E+00 1.100E-01
  2.786070E+00 1.010E-01
  2.877650E+00 9.230E-02
  2.971830E+00 8.470E-02
  3.068660E+00 7.770E-02
  3.168190E+00 7.130E-02
  3.270490E+00 6.540E-02
  3.375620E+00 6.000E-02
  3.483640E+00 5.500E-02
  3.594610E+00 5.050E-02
  3.708590E+00 4.630E-02
  3.825650E+00 4.240E-02
  3.945850E+00 3.890E-02
  4.069260E+00 3.570E-02
  4.195950E+00 3.270E-02
  4.325980E+00 3.000E-02
  4.459430E+00 2.750E-02
  4.596350E+00 2.520E-02
  4.736830E+00 2.310E-02
  4.880940E+00 2.120E-02
  5.028740E+00 1.940E-02
  5.180310E+00 1.780E-02
  5.335730E+00 1.630E-02
  5.495070E+00 1.490E-02
  5.658410E+00 1.370E-02
  5.825820E+00 1.250E-02
  5.997390E+00 1.150E-02
  6.173190E+00 1.050E-02
  6.353310E+00 9.630E-03
  6.537820E+00 8.820E-03
  6.726820E+00 8.080E-03
  6.920370E+00 7.400E-03
  7.118580E+00 6.770E-03
  7.321520E+00 6.200E-03
  7.529290E+00 5.680E-03
  7.741960E+00 5.200E-03
  7.959630E+00 4.760E-03
  8.182400E+00 4.360E-03
  8.410350E+00 3.990E-03
  8.643580E+00 3.650E-03
  8.882170E+00 3.340E-03
  9.126230E+00 3.060E-03
  9.375850E+00 2.800E-03
  9.631130E+00 2.560E-03
  9.892170E+00 2.350E-03
  1.015910E+01 2.150E-03
  1.043190E+01 1.970E-03
  1.071080E+01 1.800E-03
  1.099590E+01 1.640E-03
  1.128730E+01 1.510E-03
  1.158500E+01 1.380E-03
  1.188920E+01 1.260E-03
  1.220000E+01 1.150E-03
  1.251750E+01 1.050E-03
  1.284180E+01 9.640E-04
  1.317300E+01 8.820E-04
  1.351130E+01 8.060E-04
  1.385670E+01 7.370E-04
  1.420940E+01 6.740E-04
  1.456950E+01 6.170E-04
  1.493710E+01 5.640E-04
  1.531230E+01 5.160E-04
  1.569530E+01 4.720E-04
  1.608620E+01 4.310E-04
  1.648500E+01 3.940E-04
  1.689191E+01 3.600E-04
  1.730710E+01 3.300E-04
  1.773070E+01 3.010E-04
  1.816280E+01 2.750E-04
  1.860350E+01 2.520E-04
  1.905310E+01 2.300E-04
  1.951140E+01 2.100E-04
  1.997890E+01 1.920E-04
  2.036591E+01 1.790E-04
      21   9   3   200    8  -6.18009E-01      93
  5.200090E-01 2.700E+00
  6.180090E-01 1.900E+00
  6.425160E-01 1.750E+00
  6.680060E-01 1.620E+00
  6.945170E-01 1.490E+00
  7.220900E-01 1.380E+00
  7.507680E-01 1.270E+00
  7.805940E-01 1.170E+00
  8.116150E-01 1.080E+00
  8.438770E-01 9.990E-01
  8.774300E-01 9.220E-01
  9.123250E-01 8.510E-01
  9.486160E-01 7.850E-01
  9.863580E-01 7.240E-01
  1.025610E+00 6.680E-01
  1.066430E+00 6.170E-01
  1.108870E+00 5.690E-01
  1.153020E+00 5.250E-01
  1.198920E+00 4.840E-01
  1.246650E+00 4.470E-01
  1.296290E+00 4.120E-01
  1.347900E+00 3.810E-01
  1.401570E+00 3.510E-01
  1.457370E+00 3.240E-01
  1.515390E+00 2.990E-01
  1.575720E+00 2.760E-01
  1.638440E+00 2.540E-01
  1.703660E+00 2.350E-01
  1.771450E+00 2.160E-01
  1.841940E+00 2.000E-01
  1.915210E+00 1.840E-01
  1.991390E+00 1.700E-01
  2.070580E+00 1.570E-01
  2.152890E+00 1.450E-01
  2.238460E+00 1.330E-01
  2.327400E+00 1.230E-01
  2.419840E+00 1.130E-01
  2.515930E+00 1.050E-01
  2.615790E+00 9.660E-02
  2.719580E+00 8.910E-02
  2.827440E+00 8.220E-02
  2.939540E+00 7.580E-02
  3.056020E+00 6.990E-02
  3.177070E+00 6.450E-02
  3.302850E+00 5.950E-02
  3.433540E+00 5.490E-02
  3.569330E+00 5.060E-02
  3.710420E+00 4.670E-02
  3.857000E+00 4.300E-02
  4.009270E+00 3.970E-02
  4.167470E+00 3.660E-02
  4.331800E+00 3.370E-02
  4.502500E+00 3.110E-02
  4.679800E+00 2.870E-02
  4.863960E+00 2.650E-02
  5.055230E+00 2.440E-02
  5.253880E+00 2.250E-02
  5.460170E+00 2.070E-02
  5.674400E+00 1.910E-02
  5.896850E+00 1.760E-02
  6.127840E+00 1.630E-02
  6.367670E+00 1.500E-02
  6.616680E+00 1.380E-02
  6.875200E+00 1.270E-02
  7.143580E+00 1.170E-02
  7.422180E+00 1.080E-02
  7.711370E+00 9.980E-03
  8.011540E+00 9.200E-03
  8.323100E+00 8.480E-03
  8.646450E+00 7.820E-03
  8.982030E+00 7.200E-03
  9.330270E+00 6.640E-03
  9.691630E+00 6.120E-03
  1.006660E+01 5.640E-03
  1.045560E+01 5.200E-03
  1.085930E+01 4.790E-03
  1.127800E+01 4.420E-03
  1.171240E+01 4.070E-03
  1.216300E+01 3.750E-03
  1.263040E+01 3.460E-03
  1.311520E+01 3.190E-03
  1.361800E+01 2.930E-03
  1.413940E+01 2.700E-03
  1.468010E+01 2.490E-03
  1.524080E+01 2.300E-03
  1.582210E+01 2.120E-03
  1.642490E+01 1.950E-03
  1.704970E+01 1.790E-03
  1.769749E+01 1.650E-03
  1.836909E+01 1.520E-03
  1.906509E+01 1.400E-03
  1.978650E+01 1.290E-03
  2.021800E+01 1.230E-03
      22   9   3   211    8  -6.08466E-01     110
  5.104660E-01 3.760E+00
  6.084660E-01 2.590E+00
  6.317970E-01 2.390E+00
  6.560370E-01 2.200E+00
  6.812200E-01 2.030E+00
  7.073820E-01 1.870E+00
  7.345590E-01 1.730E+00
  7.627880E-01 1.590E+00
  7.921090E-01 1.470E+00
  8.225630E-01 1.350E+00
  8.541910E-01 1.250E+00
  8.870350E-01 1.150E+00
  9.211400E-01 1.060E+00
  9.565530E-01 9.770E-01
  9.933200E-01 9.010E-01
  1.031490E+00 8.300E-01
  1.071110E+00 7.650E-01
  1.112240E+00 7.060E-01
  1.154930E+00 6.500E-01
  1.199230E+00 5.990E-01
  1.245200E+00 5.520E-01
  1.292900E+00 5.090E-01
  1.342400E+00 4.690E-01
  1.393740E+00 4.320E-01
  1.447000E+00 3.980E-01
  1.502240E+00 3.670E-01
  1.559530E+00 3.380E-01
  1.618930E+00 3.110E-01
  1.680530E+00 2.870E-01
  1.744390E+00 2.640E-01
  1.810600E+00 2.430E-01
  1.879220E+00 2.240E-01
  1.950330E+00 2.060E-01
  2.024030E+00 1.900E-01
  2.100390E+00 1.750E-01
  2.179500E+00 1.610E-01
  2.261460E+00 1.490E-01
  2.346340E+00 1.370E-01
  2.434250E+00 1.260E-01
  2.525280E+00 1.160E-01
  2.619530E+00 1.070E-01
  2.717100E+00 9.820E-02
  2.818100E+00 9.040E-02
  2.922620E+00 8.320E-02
  3.030790E+00 7.660E-02
  3.142710E+00 7.050E-02
  3.258500E+00 6.480E-02
  3.378270E+00 5.970E-02
  3.502150E+00 5.490E-02
  3.630250E+00 5.050E-02
  3.762700E+00 4.650E-02
  3.899640E+00 4.280E-02
  4.041200E+00 3.930E-02
  4.187500E+00 3.620E-02
  4.338690E+00 3.330E-02
  4.494900E+00 3.060E-02
  4.656290E+00 2.810E-02
  4.823000E+00 2.590E-02
  4.995180E+00 2.380E-02
  5.172990E+00 2.190E-02
  5.356580E+00 2.010E-02
  5.546110E+00 1.850E-02
  5.741760E+00 1.700E-02
  5.943680E+00 1.560E-02
  6.152040E+00 1.440E-02
  6.367030E+00 1.320E-02
  6.588830E+00 1.210E-02
  6.817610E+00 1.110E-02
  7.053560E+00 1.020E-02
  7.296870E+00 9.410E-03
  7.547740E+00 8.640E-03
  7.806360E+00 7.940E-03
  8.072940E+00 7.300E-03
  8.347680E+00 6.700E-03
  8.630790E+00 6.150E-03
  8.922490E+00 5.650E-03
  9.222990E+00 5.190E-03
  9.532510E+00 4.770E-03
  9.851290E+00 4.380E-03
  1.017960E+01 4.020E-03
  1.051750E+01 3.690E-03
  1.086550E+01 3.390E-03
  1.122360E+01 3.110E-03
  1.159220E+01 2.860E-03
  1.197150E+01 2.620E-03
  1.236180E+01 2.410E-03
  1.276330E+01 2.210E-03
  1.317630E+01 2.030E-03
  1.360100E+01 1.860E-03
  1.403780E+01 1.710E-03
  1.448690E+01 1.570E-03
  1.494860E+01 1.440E-03
  1.542330E+01 1.320E-03
  1.591110E+01 1.210E-03
  1.641240E+01 1.110E-03
  1.692760E+01 1.020E-03
  1.745680E+01 9.330E-04
  1.800050E+01 8.560E-04
  1.855901E+01 7.850E-04
  1.913251E+01 7.200E-04
  1.972150E+01 6.600E-04
  2.032620E+01 6.060E-04
  2.094710E+01 5.550E-04
  2.158440E+01 5.090E-04
  2.223860E+01 4.670E-04
  2.290990E+01 4.280E-04
  2.359869E+01 3.920E-04
  2.430550E+01 3.600E-04
  2.503059E+01 3.300E-04
  2.510851E+01 3.270E-04
      23   9   3   220    7  -6.05151E-01     117
  5.071510E-01 4.030E+00
  6.051510E-01 2.730E+00
  6.280880E-01 2.510E+00
  6.518500E-01 2.310E+00
  6.764650E-01 2.130E+00
  7.019580E-01 1.960E+00
  7.283570E-01 1.800E+00
  7.556890E-01 1.660E+00
  7.839840E-01 1.530E+00
  8.132700E-01 1.410E+00
  8.435770E-01 1.290E+00
  8.749350E-01 1.190E+00
  9.073760E-01 1.100E+00
  9.409310E-01 1.010E+00
  9.756320E-01 9.270E-01
  1.011510E+00 8.530E-01
  1.048610E+00 7.850E-01
  1.086950E+00 7.220E-01
  1.126580E+00 6.640E-01
  1.167520E+00 6.100E-01
  1.209820E+00 5.610E-01
  1.253520E+00 5.160E-01
  1.298640E+00 4.740E-01
  1.345230E+00 4.360E-01
  1.393340E+00 4.010E-01
  1.442990E+00 3.680E-01
  1.494230E+00 3.390E-01
  1.547110E+00 3.110E-01
  1.601660E+00 2.860E-01
  1.657930E+00 2.630E-01
  1.715960E+00 2.420E-01
  1.775790E+00 2.220E-01
  1.837480E+00 2.040E-01
  1.901070E+00 1.870E-01
  1.966600E+00 1.720E-01
  2.034120E+00 1.580E-01
  2.103690E+00 1.450E-01
  2.175350E+00 1.330E-01
  2.249150E+00 1.220E-01
  2.325150E+00 1.120E-01
  2.403390E+00 1.030E-01
  2.483930E+00 9.460E-02
  2.566820E+00 8.680E-02
  2.652110E+00 7.970E-02
  2.739870E+00 7.320E-02
  2.830150E+00 6.710E-02
  2.923000E+00 6.160E-02
  3.018490E+00 5.650E-02
  3.116660E+00 5.190E-02
  3.217590E+00 4.760E-02
  3.321330E+00 4.370E-02
  3.427950E+00 4.000E-02
  3.537500E+00 3.670E-02
  3.650050E+00 3.370E-02
  3.765660E+00 3.090E-02
  3.884400E+00 2.830E-02
  4.006340E+00 2.600E-02
  4.131540E+00 2.380E-02
  4.260060E+00 2.180E-02
  4.391990E+00 2.000E-02
  4.527380E+00 1.840E-02
  4.666320E+00 1.680E-02
  4.808860E+00 1.540E-02
  4.955090E+00 1.410E-02
  5.105080E+00 1.290E-02
  5.258900E+00 1.190E-02
  5.416620E+00 1.090E-02
  5.578330E+00 9.970E-03
  5.744110E+00 9.130E-03
  5.914020E+00 8.370E-03
  6.088160E+00 7.660E-03
  6.266590E+00 7.020E-03
  6.449410E+00 6.430E-03
  6.636700E+00 5.890E-03
  6.828540E+00 5.390E-03
  7.025010E+00 4.940E-03
  7.226200E+00 4.520E-03
  7.432200E+00 4.140E-03
  7.643100E+00 3.790E-03
  7.858980E+00 3.470E-03
  8.079940E+00 3.180E-03
  8.306070E+00 2.910E-03
  8.537460E+00 2.670E-03
  8.774210E+00 2.440E-03
  9.016400E+00 2.230E-03
  9.264140E+00 2.040E-03
  9.517520E+00 1.870E-03
  9.776640E+00 1.710E-03
  1.004160E+01 1.570E-03
  1.031250E+01 1.430E-03
  1.058940E+01 1.310E-03
  1.087260E+01 1.200E-03
  1.116190E+01 1.100E-03
  1.145760E+01 1.000E-03
  1.175980E+01 9.190E-04
  1.206850E+01 8.410E-04
  1.238390E+01 7.690E-04
  1.270610E+01 7.040E-04
  1.303520E+01 6.440E-04
  1.337130E+01 5.890E-04
  1.371460E+01 5.390E-04
  1.406510E+01 4.920E-04
  1.442290E+01 4.500E-04
  1.478830E+01 4.120E-04
  1.516120E+01 3.770E-04
  1.554190E+01 3.440E-04
  1.593040E+01 3.150E-04
  1.632680E+01 2.880E-04
  1.673140E+01 2.630E-04
  1.714410E+01 2.410E-04
  1.756520E+01 2.200E-04
  1.799480E+01 2.010E-04
  1.843300E+01 1.840E-04
  1.887990E+01 1.680E-04
  1.933569E+01 1.540E-04
  1.980051E+01 1.400E-04
  2.020520E+01 1.300E-04
      24   9   3   200    9  -4.99508E-01       0
      25   9   3   211    9  -4.92571E-01       0
      26   9   3   220    8  -4.90156E-01       0
 ================================================
