 ================================================
       I  NZ  NE  ISLP  ILV        E(RYD)      NP
 ================================================
       1   9   2   100    1  -7.00236E+01      62
  6.949460E+01 1.988E-01
  6.962680E+01 1.979E-01
  6.975909E+01 1.971E-01
  6.989130E+01 1.962E-01
  7.002290E+01 1.953E-01
  7.326151E+01 1.743E-01
  7.671519E+01 1.552E-01
  8.038960E+01 1.380E-01
  8.428670E+01 1.224E-01
  8.840410E+01 1.083E-01
  9.270641E+01 9.594E-02
  9.720203E+01 8.495E-02
  1.018990E+02 7.522E-02
  1.068056E+02 6.660E-02
  1.119305E+02 5.896E-02
  1.172827E+02 5.220E-02
  1.228715E+02 4.621E-02
  1.287066E+02 4.091E-02
  1.347980E+02 3.621E-02
  1.411563E+02 3.205E-02
  1.477921E+02 2.836E-02
  1.547168E+02 2.510E-02
  1.619420E+02 2.222E-02
  1.694797E+02 1.966E-02
  1.773426E+02 1.740E-02
  1.855436E+02 1.539E-02
  1.940962E+02 1.362E-02
  2.030143E+02 1.205E-02
  2.123127E+02 1.066E-02
  2.220062E+02 9.431E-03
  2.321105E+02 8.343E-03
  2.426417E+02 7.380E-03
  2.536167E+02 6.528E-03
  2.650525E+02 5.774E-03
  2.769678E+02 5.107E-03
  2.893806E+02 4.517E-03
  3.023103E+02 3.995E-03
  3.157776E+02 3.533E-03
  3.298025E+02 3.124E-03
  3.444070E+02 2.762E-03
  3.596135E+02 2.443E-03
  3.754446E+02 2.160E-03
  3.919246E+02 1.909E-03
  4.090779E+02 1.688E-03
  4.269302E+02 1.492E-03
  4.455085E+02 1.319E-03
  4.648398E+02 1.166E-03
  4.849531E+02 1.031E-03
  5.058774E+02 9.113E-04
  5.276436E+02 8.055E-04
  5.502830E+02 7.120E-04
  5.738284E+02 6.292E-04
  5.983132E+02 5.561E-04
  6.237734E+02 4.915E-04
  6.502444E+02 4.343E-04
  6.777644E+02 3.838E-04
  7.063716E+02 3.391E-04
  7.361064E+02 2.997E-04
  7.670107E+02 2.648E-04
  7.991274E+02 2.339E-04
  8.325005E+02 2.067E-04
  8.671758E+02 1.826E-04
       2   9   2   300    1  -1.69629E+01      62
  1.643401E+01 2.285E-01
  1.656619E+01 2.249E-01
  1.669839E+01 2.215E-01
  1.683060E+01 2.181E-01
  1.696220E+01 2.148E-01
  1.799480E+01 1.911E-01
  1.907680E+01 1.701E-01
  2.021049E+01 1.513E-01
  2.139830E+01 1.346E-01
  2.264281E+01 1.198E-01
  2.394670E+01 1.066E-01
  2.531290E+01 9.483E-02
  2.674409E+01 8.438E-02
  2.824361E+01 7.508E-02
  2.981461E+01 6.680E-02
  3.146040E+01 5.944E-02
  3.318460E+01 5.289E-02
  3.499100E+01 4.706E-02
  3.688350E+01 4.187E-02
  3.892236E+01 3.707E-02
  4.105798E+01 3.284E-02
  4.329434E+01 2.910E-02
  4.563554E+01 2.577E-02
  4.808582E+01 2.283E-02
  5.064964E+01 2.022E-02
  5.333153E+01 1.790E-02
  5.613626E+01 1.585E-02
  5.906871E+01 1.404E-02
  6.213393E+01 1.243E-02
  6.533717E+01 1.100E-02
  6.868388E+01 9.738E-03
  7.217972E+01 8.619E-03
  7.583040E+01 7.628E-03
  7.964203E+01 6.750E-03
  8.362077E+01 5.973E-03
  8.777307E+01 5.285E-03
  9.210558E+01 4.675E-03
  9.662509E+01 4.136E-03
  1.013389E+02 3.658E-03
  1.062541E+02 3.236E-03
  1.113784E+02 2.862E-03
  1.167196E+02 2.531E-03
  1.222859E+02 2.238E-03
  1.280856E+02 1.979E-03
  1.341274E+02 1.750E-03
  1.404201E+02 1.547E-03
  1.469730E+02 1.368E-03
  1.537957E+02 1.209E-03
  1.608979E+02 1.069E-03
  1.682899E+02 9.445E-04
  1.759821E+02 8.348E-04
  1.839853E+02 7.377E-04
  1.923106E+02 6.519E-04
  2.009698E+02 5.760E-04
  2.099746E+02 5.090E-04
  2.193372E+02 4.497E-04
  2.290704E+02 3.973E-04
  2.391871E+02 3.509E-04
  2.497010E+02 3.100E-04
  2.606257E+02 2.738E-04
  2.719758E+02 2.418E-04
  2.837664E+02 2.136E-04
       3   9   2   311    1  -1.63370E+01      61
  1.580810E+01 2.466E-01
  1.594030E+01 2.406E-01
  1.607249E+01 2.347E-01
  1.620480E+01 2.291E-01
  1.633630E+01 2.236E-01
  1.701241E+01 1.980E-01
  1.771390E+01 1.753E-01
  1.844180E+01 1.552E-01
  1.919690E+01 1.373E-01
  1.998019E+01 1.216E-01
  2.079250E+01 1.076E-01
  2.163499E+01 9.524E-02
  2.250861E+01 8.429E-02
  2.341431E+01 7.460E-02
  2.435330E+01 6.602E-02
  2.532671E+01 5.842E-02
  2.633560E+01 5.169E-02
  2.738120E+01 4.573E-02
  2.846471E+01 4.046E-02
  2.958749E+01 3.580E-02
  3.075070E+01 3.167E-02
  3.195570E+01 2.802E-02
  3.320390E+01 2.478E-02
  3.449680E+01 2.192E-02
  3.583569E+01 1.939E-02
  3.724942E+01 1.711E-02
  3.871414E+01 1.509E-02
  4.023157E+01 1.332E-02
  4.180339E+01 1.175E-02
  4.343144E+01 1.037E-02
  4.511749E+01 9.144E-03
  4.686349E+01 8.067E-03
  4.867139E+01 7.115E-03
  5.054318E+01 6.276E-03
  5.248097E+01 5.536E-03
  5.448686E+01 4.883E-03
  5.656310E+01 4.306E-03
  5.871191E+01 3.798E-03
  6.093562E+01 3.349E-03
  6.323668E+01 2.954E-03
  6.561748E+01 2.605E-03
  6.808058E+01 2.297E-03
  7.062868E+01 2.025E-03
  7.326439E+01 1.786E-03
  7.599046E+01 1.574E-03
  7.880986E+01 1.388E-03
  8.172546E+01 1.224E-03
  8.474026E+01 1.079E-03
  8.785741E+01 9.511E-04
  9.108009E+01 8.385E-04
  9.441162E+01 7.391E-04
  9.785530E+01 6.515E-04
  1.014147E+02 5.743E-04
  1.050934E+02 5.062E-04
  1.088951E+02 4.461E-04
  1.128236E+02 3.932E-04
  1.168827E+02 3.466E-04
  1.210765E+02 3.054E-04
  1.254090E+02 2.692E-04
  1.298847E+02 2.372E-04
  1.345078E+02 2.090E-04
       4   9   2   100    2  -1.62953E+01      62
  1.576630E+01 2.375E-01
  1.589860E+01 2.336E-01
  1.603081E+01 2.297E-01
  1.616299E+01 2.260E-01
  1.629460E+01 2.224E-01
  1.724080E+01 1.982E-01
  1.823860E+01 1.766E-01
  1.928970E+01 1.572E-01
  2.039600E+01 1.399E-01
  2.155910E+01 1.244E-01
  2.278059E+01 1.106E-01
  2.406219E+01 9.827E-02
  2.540540E+01 8.728E-02
  2.681160E+01 7.747E-02
  2.828220E+01 6.874E-02
  2.981870E+01 6.096E-02
  3.142239E+01 5.403E-02
  3.309441E+01 4.787E-02
  3.483600E+01 4.240E-02
  3.669298E+01 3.759E-02
  3.863127E+01 3.325E-02
  4.065382E+01 2.941E-02
  4.276372E+01 2.601E-02
  4.496411E+01 2.300E-02
  4.725819E+01 2.034E-02
  4.964941E+01 1.798E-02
  5.214117E+01 1.589E-02
  5.473706E+01 1.405E-02
  5.744073E+01 1.242E-02
  6.025597E+01 1.097E-02
  6.318669E+01 9.699E-03
  6.623683E+01 8.570E-03
  6.941057E+01 7.572E-03
  7.271217E+01 6.690E-03
  7.614606E+01 5.910E-03
  7.971663E+01 5.220E-03
  8.342863E+01 4.611E-03
  8.728674E+01 4.072E-03
  9.129591E+01 3.596E-03
  9.546121E+01 3.176E-03
  9.978778E+01 2.804E-03
  1.042811E+02 2.476E-03
  1.089465E+02 2.186E-03
  1.137899E+02 1.930E-03
  1.188169E+02 1.703E-03
  1.240336E+02 1.503E-03
  1.294461E+02 1.327E-03
  1.350606E+02 1.171E-03
  1.408839E+02 1.033E-03
  1.469226E+02 9.119E-04
  1.531835E+02 8.046E-04
  1.596736E+02 7.099E-04
  1.664005E+02 6.263E-04
  1.733714E+02 5.525E-04
  1.805940E+02 4.874E-04
  1.880762E+02 4.299E-04
  1.958260E+02 3.792E-04
  2.038521E+02 3.344E-04
  2.121627E+02 2.949E-04
  2.207667E+02 2.601E-04
  2.296732E+02 2.293E-04
  2.388913E+02 2.022E-04
       5   9   2   111    1  -1.58790E+01      60
  1.535010E+01 2.286E-01
  1.548230E+01 2.226E-01
  1.561450E+01 2.168E-01
  1.574670E+01 2.112E-01
  1.587830E+01 2.058E-01
  1.650090E+01 1.823E-01
  1.714830E+01 1.614E-01
  1.782111E+01 1.429E-01
  1.852010E+01 1.264E-01
  1.924580E+01 1.119E-01
  1.999890E+01 9.892E-02
  2.077980E+01 8.745E-02
  2.158910E+01 7.729E-02
  2.242740E+01 6.829E-02
  2.329500E+01 6.032E-02
  2.419260E+01 5.326E-02
  2.512041E+01 4.701E-02
  2.607899E+01 4.148E-02
  2.706860E+01 3.658E-02
  2.808949E+01 3.226E-02
  2.914220E+01 2.844E-02
  3.022690E+01 2.506E-02
  3.134380E+01 2.208E-02
  3.249319E+01 1.944E-02
  3.367529E+01 1.712E-02
  3.489020E+01 1.507E-02
  3.616884E+01 1.334E-02
  3.748744E+01 1.174E-02
  3.884706E+01 1.034E-02
  4.024879E+01 9.100E-03
  4.169379E+01 8.010E-03
  4.318314E+01 7.050E-03
  4.471805E+01 6.205E-03
  4.629973E+01 5.461E-03
  4.792937E+01 4.806E-03
  4.960831E+01 4.229E-03
  5.133775E+01 3.722E-03
  5.311906E+01 3.275E-03
  5.495355E+01 2.881E-03
  5.684264E+01 2.535E-03
  5.878767E+01 2.230E-03
  6.079018E+01 1.962E-03
  6.285153E+01 1.726E-03
  6.497331E+01 1.518E-03
  6.715697E+01 1.336E-03
  6.940416E+01 1.175E-03
  7.171651E+01 1.033E-03
  7.409557E+01 9.089E-04
  7.654311E+01 7.994E-04
  7.906079E+01 7.030E-04
  8.165038E+01 6.182E-04
  8.431360E+01 5.437E-04
  8.705243E+01 4.781E-04
  8.986862E+01 4.204E-04
  9.276418E+01 3.696E-04
  9.574095E+01 3.250E-04
  9.880101E+01 2.857E-04
  1.019463E+02 2.512E-04
  1.051791E+02 2.209E-04
  1.085013E+02 1.942E-04
       6   9   2   300    2  -7.37824E+00      64
  6.849320E+00 4.171E-01
  6.981550E+00 4.020E-01
  7.113780E+00 3.877E-01
  7.246010E+00 3.741E-01
  7.377600E+00 3.613E-01
  7.820940E+00 3.223E-01
  8.288320E+00 2.875E-01
  8.780920E+00 2.564E-01
  9.299970E+00 2.287E-01
  9.846750E+00 2.039E-01
  1.042260E+01 1.818E-01
  1.102890E+01 1.621E-01
  1.166720E+01 1.445E-01
  1.233900E+01 1.288E-01
  1.304580E+01 1.148E-01
  1.378930E+01 1.023E-01
  1.457130E+01 9.112E-02
  1.539350E+01 8.118E-02
  1.625790E+01 7.232E-02
  1.716640E+01 6.442E-02
  1.812100E+01 5.738E-02
  1.912399E+01 5.110E-02
  2.017751E+01 4.551E-02
  2.128380E+01 4.052E-02
  2.244530E+01 3.608E-02
  2.366460E+01 3.212E-02
  2.494431E+01 2.859E-02
  2.628720E+01 2.545E-02
  2.773430E+01 2.258E-02
  2.925394E+01 2.003E-02
  3.084947E+01 1.777E-02
  3.252431E+01 1.576E-02
  3.428209E+01 1.398E-02
  3.612653E+01 1.240E-02
  3.806155E+01 1.100E-02
  4.009122E+01 9.754E-03
  4.221976E+01 8.649E-03
  4.445160E+01 7.669E-03
  4.679134E+01 6.800E-03
  4.924376E+01 6.028E-03
  5.181380E+01 5.344E-03
  5.450664E+01 4.737E-03
  5.732765E+01 4.199E-03
  6.028250E+01 3.722E-03
  6.337694E+01 3.298E-03
  6.661708E+01 2.923E-03
  7.000919E+01 2.590E-03
  7.355984E+01 2.295E-03
  7.727585E+01 2.033E-03
  8.116423E+01 1.802E-03
  8.523242E+01 1.596E-03
  8.948807E+01 1.414E-03
  9.393906E+01 1.252E-03
  9.859367E+01 1.109E-03
  1.034606E+02 9.826E-04
  1.085486E+02 8.703E-04
  1.138670E+02 7.707E-04
  1.194254E+02 6.825E-04
  1.252339E+02 6.044E-04
  1.313027E+02 5.351E-04
  1.376426E+02 4.738E-04
  1.442650E+02 4.195E-04
  1.511814E+02 3.714E-04
  1.584036E+02 3.288E-04
       7   9   2   311    2  -7.20671E+00      62
  6.677780E+00 5.010E-01
  6.810010E+00 4.785E-01
  6.942240E+00 4.572E-01
  7.074470E+00 4.373E-01
  7.206070E+00 4.185E-01
  7.573880E+00 3.714E-01
  7.957480E+00 3.295E-01
  8.357440E+00 2.924E-01
  8.774340E+00 2.593E-01
  9.208790E+00 2.300E-01
  9.661400E+00 2.040E-01
  1.013280E+01 1.809E-01
  1.062370E+01 1.604E-01
  1.113470E+01 1.422E-01
  1.166650E+01 1.260E-01
  1.221990E+01 1.117E-01
  1.279550E+01 9.901E-02
  1.339420E+01 8.774E-02
  1.401670E+01 7.774E-02
  1.466380E+01 6.887E-02
  1.533640E+01 6.101E-02
  1.603520E+01 5.404E-02
  1.676120E+01 4.786E-02
  1.751530E+01 4.239E-02
  1.829829E+01 3.753E-02
  1.911121E+01 3.323E-02
  1.995500E+01 2.942E-02
  2.083070E+01 2.604E-02
  2.173940E+01 2.305E-02
  2.268190E+01 2.040E-02
  2.365950E+01 1.806E-02
  2.467329E+01 1.598E-02
  2.572430E+01 1.414E-02
  2.681390E+01 1.251E-02
  2.796808E+01 1.105E-02
  2.916510E+01 9.748E-03
  3.040634E+01 8.601E-03
  3.169319E+01 7.589E-03
  3.302713E+01 6.696E-03
  3.440962E+01 5.908E-03
  3.584222E+01 5.212E-03
  3.732654E+01 4.597E-03
  3.886417E+01 4.055E-03
  4.045680E+01 3.577E-03
  4.210616E+01 3.155E-03
  4.381395E+01 2.782E-03
  4.558208E+01 2.453E-03
  4.741238E+01 2.164E-03
  4.930672E+01 1.908E-03
  5.126711E+01 1.682E-03
  5.329553E+01 1.483E-03
  5.539406E+01 1.307E-03
  5.756485E+01 1.153E-03
  5.981010E+01 1.016E-03
  6.213202E+01 8.956E-04
  6.453294E+01 7.894E-04
  6.701520E+01 6.958E-04
  6.958125E+01 6.132E-04
  7.223357E+01 5.404E-04
  7.497469E+01 4.763E-04
  7.780730E+01 4.197E-04
  8.073405E+01 3.698E-04
       8   9   2   100    3  -7.20164E+00      64
  6.672710E+00 4.349E-01
  6.804940E+00 4.185E-01
  6.937180E+00 4.031E-01
  7.069410E+00 3.884E-01
  7.201000E+00 3.746E-01
  7.624750E+00 3.343E-01
  8.072000E+00 2.983E-01
  8.543890E+00 2.661E-01
  9.041590E+00 2.374E-01
  9.566320E+00 2.117E-01
  1.011940E+01 1.887E-01
  1.070200E+01 1.682E-01
  1.131560E+01 1.500E-01
  1.196150E+01 1.336E-01
  1.264120E+01 1.191E-01
  1.335630E+01 1.061E-01
  1.410810E+01 9.446E-02
  1.489840E+01 8.412E-02
  1.572880E+01 7.489E-02
  1.660091E+01 6.666E-02
  1.751660E+01 5.933E-02
  1.847749E+01 5.279E-02
  1.948560E+01 4.696E-02
  2.054269E+01 4.177E-02
  2.165089E+01 3.715E-02
  2.281200E+01 3.303E-02
  2.402831E+01 2.937E-02
  2.530180E+01 2.610E-02
  2.663470E+01 2.320E-02
  2.807185E+01 2.063E-02
  2.957916E+01 1.829E-02
  3.115970E+01 1.622E-02
  3.281667E+01 1.438E-02
  3.455345E+01 1.275E-02
  3.637355E+01 1.130E-02
  3.828058E+01 1.002E-02
  4.027829E+01 8.877E-03
  4.237064E+01 7.867E-03
  4.456169E+01 6.972E-03
  4.685567E+01 6.178E-03
  4.925703E+01 5.474E-03
  5.177031E+01 4.850E-03
  5.440025E+01 4.297E-03
  5.715181E+01 3.806E-03
  6.003011E+01 3.372E-03
  6.304050E+01 2.986E-03
  6.618848E+01 2.645E-03
  6.947980E+01 2.343E-03
  7.292044E+01 2.075E-03
  7.651660E+01 1.837E-03
  8.027472E+01 1.627E-03
  8.420143E+01 1.440E-03
  8.830371E+01 1.275E-03
  9.258864E+01 1.129E-03
  9.706380E+01 9.994E-04
  1.017368E+02 8.847E-04
  1.066157E+02 7.831E-04
  1.117089E+02 6.931E-04
  1.170249E+02 6.134E-04
  1.225728E+02 5.429E-04
  1.283618E+02 4.804E-04
  1.344014E+02 4.251E-04
  1.407018E+02 3.762E-04
  1.472732E+02 3.328E-04
       9   9   2   320    1  -7.11541E+00      60
  6.586480E+00 3.702E-01
  6.718710E+00 3.460E-01
  6.850940E+00 3.238E-01
  6.983170E+00 3.033E-01
  7.114770E+00 2.845E-01
  7.376280E+00 2.513E-01
  7.646330E+00 2.219E-01
  7.925150E+00 1.959E-01
  8.212980E+00 1.730E-01
  8.510080E+00 1.527E-01
  8.816700E+00 1.349E-01
  9.133110E+00 1.190E-01
  9.459570E+00 1.051E-01
  9.796360E+00 9.276E-02
  1.014380E+01 8.187E-02
  1.050210E+01 7.226E-02
  1.087160E+01 6.377E-02
  1.125260E+01 5.627E-02
  1.164540E+01 4.965E-02
  1.205030E+01 4.381E-02
  1.246760E+01 3.865E-02
  1.289770E+01 3.410E-02
  1.334100E+01 3.008E-02
  1.379760E+01 2.654E-02
  1.426810E+01 2.341E-02
  1.475270E+01 2.065E-02
  1.525180E+01 1.821E-02
  1.576590E+01 1.606E-02
  1.629520E+01 1.416E-02
  1.684019E+01 1.249E-02
  1.740120E+01 1.101E-02
  1.797870E+01 9.708E-03
  1.857310E+01 8.559E-03
  1.918480E+01 7.546E-03
  1.981430E+01 6.652E-03
  2.046190E+01 5.864E-03
  2.112820E+01 5.169E-03
  2.181360E+01 4.556E-03
  2.251849E+01 4.015E-03
  2.324350E+01 3.538E-03
  2.398900E+01 3.118E-03
  2.475560E+01 2.748E-03
  2.554370E+01 2.421E-03
  2.635390E+01 2.133E-03
  2.718671E+01 1.880E-03
  2.805832E+01 1.656E-03
  2.895474E+01 1.457E-03
  2.987666E+01 1.281E-03
  3.082469E+01 1.127E-03
  3.179951E+01 9.906E-04
  3.280177E+01 8.711E-04
  3.383217E+01 7.660E-04
  3.489143E+01 6.735E-04
  3.598027E+01 5.922E-04
  3.709941E+01 5.207E-04
  3.824962E+01 4.578E-04
  3.943167E+01 4.025E-04
  4.064633E+01 3.538E-04
  4.189445E+01 3.110E-04
  4.317682E+01 2.734E-04
      10   9   2   120    1  -7.11090E+00      60
  6.581970E+00 3.668E-01
  6.714200E+00 3.427E-01
  6.846440E+00 3.206E-01
  6.978670E+00 3.003E-01
  7.110260E+00 2.816E-01
  7.370230E+00 2.487E-01
  7.638730E+00 2.196E-01
  7.916010E+00 1.940E-01
  8.202300E+00 1.713E-01
  8.497840E+00 1.512E-01
  8.802890E+00 1.335E-01
  9.117700E+00 1.179E-01
  9.442540E+00 1.040E-01
  9.777660E+00 9.182E-02
  1.012330E+01 8.104E-02
  1.047980E+01 7.152E-02
  1.084750E+01 6.311E-02
  1.122650E+01 5.568E-02
  1.161730E+01 4.913E-02
  1.202000E+01 4.334E-02
  1.243500E+01 3.824E-02
  1.286260E+01 3.373E-02
  1.330320E+01 2.975E-02
  1.375700E+01 2.624E-02
  1.422440E+01 2.314E-02
  1.470570E+01 2.040E-02
  1.520120E+01 1.799E-02
  1.571140E+01 1.586E-02
  1.623650E+01 1.398E-02
  1.677679E+01 1.233E-02
  1.733290E+01 1.087E-02
  1.790500E+01 9.577E-03
  1.849350E+01 8.441E-03
  1.909880E+01 7.439E-03
  1.972130E+01 6.555E-03
  2.036140E+01 5.776E-03
  2.101950E+01 5.089E-03
  2.169600E+01 4.484E-03
  2.239130E+01 3.950E-03
  2.310590E+01 3.480E-03
  2.384019E+01 3.065E-03
  2.459450E+01 2.700E-03
  2.536951E+01 2.378E-03
  2.616550E+01 2.094E-03
  2.698300E+01 1.844E-03
  2.784004E+01 1.628E-03
  2.872113E+01 1.432E-03
  2.962683E+01 1.259E-03
  3.055780E+01 1.107E-03
  3.151460E+01 9.730E-04
  3.249791E+01 8.554E-04
  3.350833E+01 7.520E-04
  3.454660E+01 6.611E-04
  3.561333E+01 5.811E-04
  3.670924E+01 5.108E-04
  3.783507E+01 4.490E-04
  3.899150E+01 3.947E-04
  4.017931E+01 3.469E-04
  4.139923E+01 3.049E-04
  4.265204E+01 2.680E-04
      11   9   2   111    2  -7.07990E+00      61
  6.550970E+00 4.923E-01
  6.683210E+00 4.690E-01
  6.815440E+00 4.471E-01
  6.947670E+00 4.266E-01
  7.079260E+00 4.073E-01
  7.427360E+00 3.614E-01
  7.790540E+00 3.207E-01
  8.169310E+00 2.845E-01
  8.564170E+00 2.523E-01
  8.975650E+00 2.237E-01
  9.404290E+00 1.983E-01
  9.850620E+00 1.758E-01
  1.031520E+01 1.558E-01
  1.079860E+01 1.381E-01
  1.130140E+01 1.223E-01
  1.182410E+01 1.083E-01
  1.236740E+01 9.594E-02
  1.293190E+01 8.495E-02
  1.351820E+01 7.521E-02
  1.412680E+01 6.657E-02
  1.475840E+01 5.891E-02
  1.541380E+01 5.213E-02
  1.609340E+01 4.612E-02
  1.679800E+01 4.079E-02
  1.752831E+01 3.608E-02
  1.828490E+01 3.190E-02
  1.906860E+01 2.821E-02
  1.987990E+01 2.493E-02
  2.071970E+01 2.204E-02
  2.158870E+01 1.947E-02
  2.248750E+01 1.721E-02
  2.341701E+01 1.520E-02
  2.437790E+01 1.343E-02
  2.537090E+01 1.186E-02
  2.639690E+01 1.047E-02
  2.748570E+01 9.280E-03
  2.861266E+01 8.182E-03
  2.977888E+01 7.213E-03
  3.098555E+01 6.359E-03
  3.223389E+01 5.606E-03
  3.352510E+01 4.941E-03
  3.486049E+01 4.355E-03
  3.624133E+01 3.839E-03
  3.766895E+01 3.383E-03
  3.914476E+01 2.981E-03
  4.067012E+01 2.627E-03
  4.224646E+01 2.315E-03
  4.387526E+01 2.040E-03
  4.555806E+01 1.797E-03
  4.729637E+01 1.583E-03
  4.909183E+01 1.395E-03
  5.094603E+01 1.229E-03
  5.286063E+01 1.082E-03
  5.483734E+01 9.533E-04
  5.687794E+01 8.396E-04
  5.898418E+01 7.395E-04
  6.115791E+01 6.512E-04
  6.340106E+01 5.735E-04
  6.571550E+01 5.050E-04
  6.810320E+01 4.447E-04
  7.056621E+01 3.916E-04
      12   9   2   300    3  -4.11002E+00      65
  3.581090E+00 6.961E-01
  3.713320E+00 6.486E-01
  3.845550E+00 6.057E-01
  3.977780E+00 5.668E-01
  4.109380E+00 5.316E-01
  4.352960E+00 4.745E-01
  4.609980E+00 4.235E-01
  4.881120E+00 3.779E-01
  5.167110E+00 3.372E-01
  5.468710E+00 3.009E-01
  5.786720E+00 2.685E-01
  6.121990E+00 2.395E-01
  6.475390E+00 2.137E-01
  6.847850E+00 1.906E-01
  7.240330E+00 1.700E-01
  7.653850E+00 1.516E-01
  8.089470E+00 1.352E-01
  8.548310E+00 1.206E-01
  9.031530E+00 1.076E-01
  9.540350E+00 9.590E-02
  1.007610E+01 8.551E-02
  1.064000E+01 7.624E-02
  1.123360E+01 6.797E-02
  1.185820E+01 6.059E-02
  1.251560E+01 5.401E-02
  1.320720E+01 4.814E-02
  1.393470E+01 4.291E-02
  1.470000E+01 3.824E-02
  1.550490E+01 3.408E-02
  1.635120E+01 3.037E-02
  1.724120E+01 2.706E-02
  1.817680E+01 2.411E-02
  1.916040E+01 2.149E-02
  2.019420E+01 1.914E-02
  2.128059E+01 1.705E-02
  2.242239E+01 1.519E-02
  2.362199E+01 1.353E-02
  2.491528E+01 1.201E-02
  2.627519E+01 1.066E-02
  2.770493E+01 9.465E-03
  2.920787E+01 8.402E-03
  3.078755E+01 7.459E-03
  3.244769E+01 6.621E-03
  3.419214E+01 5.877E-03
  3.602490E+01 5.216E-03
  3.795023E+01 4.629E-03
  3.997249E+01 4.108E-03
  4.209630E+01 3.646E-03
  4.432648E+01 3.235E-03
  4.666805E+01 2.871E-03
  4.912622E+01 2.547E-03
  5.170654E+01 2.260E-03
  5.441466E+01 2.005E-03
  5.725658E+01 1.779E-03
  6.023860E+01 1.578E-03
  6.336717E+01 1.400E-03
  6.664912E+01 1.242E-03
  7.009158E+01 1.101E-03
  7.370189E+01 9.768E-04
  7.748792E+01 8.663E-04
  8.145752E+01 7.683E-04
  8.561932E+01 6.813E-04
  8.998203E+01 6.042E-04
  9.455486E+01 5.358E-04
  9.934740E+01 4.751E-04
      13   9   2   311    3  -4.03985E+00      62
  3.510930E+00 8.506E-01
  3.643160E+00 7.852E-01
  3.775390E+00 7.265E-01
  3.907620E+00 6.737E-01
  4.039210E+00 6.264E-01
  4.260150E+00 5.569E-01
  4.491470E+00 4.951E-01
  4.733580E+00 4.400E-01
  4.986920E+00 3.911E-01
  5.251930E+00 3.475E-01
  5.529070E+00 3.087E-01
  5.818810E+00 2.743E-01
  6.121630E+00 2.436E-01
  6.438060E+00 2.164E-01
  6.768600E+00 1.921E-01
  7.113800E+00 1.706E-01
  7.474220E+00 1.515E-01
  7.850420E+00 1.345E-01
  8.243000E+00 1.194E-01
  8.652580E+00 1.059E-01
  9.079780E+00 9.400E-02
  9.525260E+00 8.340E-02
  9.989680E+00 7.400E-02
  1.047380E+01 6.564E-02
  1.097820E+01 5.822E-02
  1.150370E+01 5.164E-02
  1.205110E+01 4.580E-02
  1.262100E+01 4.061E-02
  1.321450E+01 3.600E-02
  1.383220E+01 3.192E-02
  1.447500E+01 2.830E-02
  1.514390E+01 2.508E-02
  1.583970E+01 2.223E-02
  1.656329E+01 1.970E-02
  1.731570E+01 1.746E-02
  1.809801E+01 1.547E-02
  1.891110E+01 1.370E-02
  1.975610E+01 1.214E-02
  2.063400E+01 1.075E-02
  2.154610E+01 9.523E-03
  2.249339E+01 8.434E-03
  2.347710E+01 7.469E-03
  2.452286E+01 6.606E-03
  2.560954E+01 5.835E-03
  2.673860E+01 5.154E-03
  2.791148E+01 4.551E-03
  2.912968E+01 4.019E-03
  3.039478E+01 3.549E-03
  3.170836E+01 3.134E-03
  3.307207E+01 2.767E-03
  3.448758E+01 2.443E-03
  3.595668E+01 2.157E-03
  3.748114E+01 1.904E-03
  3.906282E+01 1.681E-03
  4.070364E+01 1.483E-03
  4.240553E+01 1.309E-03
  4.417053E+01 1.156E-03
  4.600075E+01 1.020E-03
  4.789830E+01 8.999E-04
  4.986543E+01 7.941E-04
  5.190439E+01 7.007E-04
  5.401749E+01 6.183E-04
      14   9   2   100    4  -4.03851E+00      64
  3.509590E+00 7.264E-01
  3.641820E+00 6.754E-01
  3.774050E+00 6.295E-01
  3.906280E+00 5.880E-01
  4.037870E+00 5.506E-01
  4.273590E+00 4.915E-01
  4.522430E+00 4.388E-01
  4.785060E+00 3.916E-01
  5.062200E+00 3.495E-01
  5.354590E+00 3.119E-01
  5.663010E+00 2.783E-01
  5.988260E+00 2.483E-01
  6.331200E+00 2.215E-01
  6.692720E+00 1.976E-01
  7.073730E+00 1.762E-01
  7.475210E+00 1.572E-01
  7.898170E+00 1.402E-01
  8.343670E+00 1.250E-01
  8.812790E+00 1.114E-01
  9.306710E+00 9.933E-02
  9.826600E+00 8.854E-02
  1.037370E+01 7.892E-02
  1.094940E+01 7.033E-02
  1.155500E+01 6.267E-02
  1.219180E+01 5.584E-02
  1.286150E+01 4.975E-02
  1.356550E+01 4.432E-02
  1.430540E+01 3.948E-02
  1.508290E+01 3.516E-02
  1.589970E+01 3.131E-02
  1.675760E+01 2.788E-02
  1.765860E+01 2.483E-02
  1.860440E+01 2.210E-02
  1.959731E+01 1.968E-02
  2.063930E+01 1.751E-02
  2.173250E+01 1.559E-02
  2.287939E+01 1.387E-02
  2.408211E+01 1.234E-02
  2.538179E+01 1.098E-02
  2.674722E+01 9.749E-03
  2.818152E+01 8.652E-03
  2.968794E+01 7.678E-03
  3.126988E+01 6.813E-03
  3.293089E+01 6.045E-03
  3.467468E+01 5.364E-03
  3.650513E+01 4.759E-03
  3.842630E+01 4.222E-03
  4.044241E+01 3.746E-03
  4.255786E+01 3.323E-03
  4.477725E+01 2.947E-03
  4.710538E+01 2.614E-03
  4.954721E+01 2.319E-03
  5.210803E+01 2.056E-03
  5.479327E+01 1.824E-03
  5.760863E+01 1.617E-03
  6.056004E+01 1.434E-03
  6.365369E+01 1.272E-03
  6.689601E+01 1.128E-03
  7.029373E+01 1.000E-03
  7.385385E+01 8.864E-04
  7.758377E+01 7.858E-04
  8.149097E+01 6.966E-04
  8.558354E+01 6.175E-04
  8.986966E+01 5.474E-04
      15   9   2   320    2  -4.00227E+00      61
  3.473340E+00 8.315E-01
  3.605570E+00 7.513E-01
  3.737800E+00 6.807E-01
  3.870030E+00 6.185E-01
  4.001630E+00 5.637E-01
  4.180940E+00 4.986E-01
  4.366730E+00 4.410E-01
  4.559200E+00 3.901E-01
  4.758540E+00 3.449E-01
  4.964940E+00 3.050E-01
  5.178620E+00 2.697E-01
  5.399790E+00 2.384E-01
  5.628660E+00 2.107E-01
  5.865460E+00 1.863E-01
  6.110400E+00 1.646E-01
  6.363730E+00 1.455E-01
  6.625680E+00 1.285E-01
  6.896500E+00 1.136E-01
  7.176420E+00 1.003E-01
  7.465720E+00 8.864E-02
  7.764640E+00 7.830E-02
  8.073450E+00 6.916E-02
  8.392440E+00 6.108E-02
  8.721870E+00 5.394E-02
  9.062030E+00 4.763E-02
  9.413220E+00 4.206E-02
  9.775730E+00 3.713E-02
  1.014990E+01 3.278E-02
  1.053600E+01 2.894E-02
  1.093430E+01 2.554E-02
  1.134530E+01 2.255E-02
  1.176910E+01 1.990E-02
  1.220630E+01 1.756E-02
  1.265700E+01 1.550E-02
  1.312180E+01 1.367E-02
  1.360080E+01 1.207E-02
  1.409460E+01 1.064E-02
  1.460350E+01 9.391E-03
  1.512790E+01 8.284E-03
  1.566820E+01 7.307E-03
  1.622479E+01 6.445E-03
  1.679800E+01 5.685E-03
  1.738850E+01 5.013E-03
  1.799651E+01 4.421E-03
  1.862250E+01 3.899E-03
  1.926700E+01 3.438E-03
  1.993050E+01 3.031E-03
  2.061330E+01 2.672E-03
  2.131610E+01 2.356E-03
  2.203931E+01 2.077E-03
  2.278329E+01 1.831E-03
  2.354880E+01 1.614E-03
  2.435008E+01 1.420E-03
  2.517465E+01 1.249E-03
  2.602307E+01 1.099E-03
  2.689592E+01 9.663E-04
  2.779385E+01 8.498E-04
  2.871744E+01 7.473E-04
  2.966734E+01 6.571E-04
  3.064420E+01 5.778E-04
  3.164868E+01 5.081E-04
      16   9   2   120    2  -3.99981E+00      61
  3.470890E+00 8.234E-01
  3.603120E+00 7.437E-01
  3.735350E+00 6.737E-01
  3.867580E+00 6.119E-01
  3.999180E+00 5.575E-01
  4.177460E+00 4.932E-01
  4.362240E+00 4.363E-01
  4.553700E+00 3.859E-01
  4.752030E+00 3.412E-01
  4.957440E+00 3.018E-01
  5.170130E+00 2.668E-01
  5.390300E+00 2.359E-01
  5.618160E+00 2.085E-01
  5.853940E+00 1.843E-01
  6.097850E+00 1.629E-01
  6.350120E+00 1.439E-01
  6.610990E+00 1.272E-01
  6.880680E+00 1.124E-01
  7.159440E+00 9.927E-02
  7.447520E+00 8.769E-02
  7.745160E+00 7.745E-02
  8.052640E+00 6.840E-02
  8.370200E+00 6.041E-02
  8.698120E+00 5.334E-02
  9.036670E+00 4.709E-02
  9.386140E+00 4.158E-02
  9.746810E+00 3.670E-02
  1.011900E+01 3.240E-02
  1.050290E+01 2.860E-02
  1.089900E+01 2.524E-02
  1.130740E+01 2.227E-02
  1.172860E+01 1.965E-02
  1.216280E+01 1.734E-02
  1.261040E+01 1.530E-02
  1.307170E+01 1.350E-02
  1.354710E+01 1.190E-02
  1.403690E+01 1.050E-02
  1.454140E+01 9.262E-03
  1.506110E+01 8.168E-03
  1.559630E+01 7.203E-03
  1.614740E+01 6.351E-03
  1.671480E+01 5.600E-03
  1.729880E+01 4.937E-03
  1.789990E+01 4.353E-03
  1.851849E+01 3.837E-03
  1.915500E+01 3.382E-03
  1.980980E+01 2.981E-03
  2.048340E+01 2.628E-03
  2.117619E+01 2.316E-03
  2.188860E+01 2.041E-03
  2.262120E+01 1.798E-03
  2.337440E+01 1.584E-03
  2.414861E+01 1.396E-03
  2.496071E+01 1.232E-03
  2.579604E+01 1.083E-03
  2.665518E+01 9.524E-04
  2.753871E+01 8.375E-04
  2.844720E+01 7.364E-04
  2.938127E+01 6.474E-04
  3.034155E+01 5.692E-04
  3.132867E+01 5.004E-04
      17   9   2   111    3  -3.98767E+00      62
  3.458740E+00 8.565E-01
  3.590980E+00 7.878E-01
  3.723210E+00 7.265E-01
  3.855440E+00 6.716E-01
  3.987030E+00 6.225E-01
  4.198440E+00 5.534E-01
  4.419790E+00 4.919E-01
  4.651460E+00 4.372E-01
  4.893840E+00 3.884E-01
  5.147360E+00 3.451E-01
  5.412420E+00 3.065E-01
  5.689450E+00 2.722E-01
  5.978910E+00 2.417E-01
  6.281240E+00 2.146E-01
  6.596910E+00 1.905E-01
  6.926410E+00 1.691E-01
  7.270230E+00 1.501E-01
  7.628860E+00 1.332E-01
  8.002840E+00 1.181E-01
  8.392690E+00 1.048E-01
  8.798960E+00 9.293E-02
  9.222210E+00 8.241E-02
  9.663020E+00 7.306E-02
  1.012200E+01 6.477E-02
  1.059960E+01 5.741E-02
  1.109670E+01 5.088E-02
  1.161370E+01 4.508E-02
  1.215140E+01 3.994E-02
  1.271040E+01 3.539E-02
  1.329130E+01 3.134E-02
  1.389490E+01 2.776E-02
  1.452190E+01 2.458E-02
  1.517310E+01 2.176E-02
  1.584900E+01 1.927E-02
  1.655060E+01 1.705E-02
  1.727859E+01 1.509E-02
  1.803371E+01 1.336E-02
  1.881689E+01 1.182E-02
  1.962880E+01 1.046E-02
  2.047050E+01 9.249E-03
  2.134261E+01 8.181E-03
  2.224631E+01 7.235E-03
  2.318221E+01 6.398E-03
  2.415131E+01 5.657E-03
  2.518498E+01 5.028E-03
  2.625726E+01 4.438E-03
  2.736940E+01 3.916E-03
  2.852267E+01 3.456E-03
  2.971848E+01 3.050E-03
  3.095813E+01 2.691E-03
  3.224304E+01 2.374E-03
  3.357471E+01 2.095E-03
  3.495462E+01 1.848E-03
  3.638431E+01 1.630E-03
  3.786531E+01 1.438E-03
  3.939931E+01 1.269E-03
  4.098795E+01 1.119E-03
  4.263300E+01 9.868E-04
  4.433617E+01 8.703E-04
  4.609929E+01 7.675E-04
  4.792424E+01 6.768E-04
  4.981294E+01 5.968E-04
      18   9   2   300    4  -2.61567E+00      66
  2.086740E+00 1.132E+00
  2.218970E+00 1.003E+00
  2.351210E+00 8.942E-01
  2.483440E+00 8.020E-01
  2.615030E+00 7.235E-01
  2.763010E+00 6.467E-01
  2.919590E+00 5.779E-01
  3.085270E+00 5.165E-01
  3.260550E+00 4.615E-01
  3.445950E+00 4.124E-01
  3.642040E+00 3.684E-01
  3.849380E+00 3.291E-01
  4.068590E+00 2.940E-01
  4.300310E+00 2.625E-01
  4.545200E+00 2.345E-01
  4.803940E+00 2.094E-01
  5.077270E+00 1.869E-01
  5.365930E+00 1.669E-01
  5.670710E+00 1.489E-01
  5.992440E+00 1.329E-01
  6.331950E+00 1.186E-01
  6.690130E+00 1.058E-01
  7.067900E+00 9.439E-02
  7.466220E+00 8.419E-02
  7.886080E+00 7.508E-02
  8.328500E+00 6.694E-02
  8.794540E+00 5.968E-02
  9.285320E+00 5.319E-02
  9.801960E+00 4.741E-02
  1.034570E+01 4.224E-02
  1.091760E+01 3.763E-02
  1.151910E+01 3.352E-02
  1.215150E+01 2.985E-02
  1.281600E+01 2.658E-02
  1.351410E+01 2.366E-02
  1.424720E+01 2.106E-02
  1.501670E+01 1.875E-02
  1.582420E+01 1.668E-02
  1.667130E+01 1.484E-02
  1.755960E+01 1.320E-02
  1.849060E+01 1.174E-02
  1.946620E+01 1.044E-02
  2.040770E+01 9.362E-03
  2.081281E+01 8.947E-03
  2.216740E+01 7.804E-03
  2.337157E+01 6.981E-03
  2.463805E+01 6.199E-03
  2.596991E+01 5.505E-03
  2.737036E+01 4.888E-03
  2.884280E+01 4.340E-03
  3.039075E+01 3.853E-03
  3.201788E+01 3.421E-03
  3.372806E+01 3.037E-03
  3.552533E+01 2.696E-03
  3.741393E+01 2.393E-03
  3.939825E+01 2.124E-03
  4.148302E+01 1.886E-03
  4.367299E+01 1.674E-03
  4.597322E+01 1.485E-03
  4.838910E+01 1.318E-03
  5.092609E+01 1.170E-03
  5.359007E+01 1.038E-03
  5.638705E+01 9.214E-04
  5.932338E+01 8.176E-04
  6.240567E+01 7.255E-04
  6.564090E+01 6.437E-04
      19   9   2   311    4  -2.58033E+00      63
  2.051400E+00 1.385E+00
  2.183630E+00 1.215E+00
  2.315870E+00 1.073E+00
  2.448100E+00 9.536E-01
  2.579690E+00 8.526E-01
  2.721040E+00 7.597E-01
  2.869720E+00 6.768E-01
  3.026060E+00 6.028E-01
  3.190390E+00 5.368E-01
  3.363070E+00 4.780E-01
  3.544460E+00 4.256E-01
  3.734940E+00 3.788E-01
  3.934900E+00 3.371E-01
  4.144730E+00 3.000E-01
  4.364840E+00 2.669E-01
  4.595670E+00 2.374E-01
  4.837650E+00 2.112E-01
  5.091220E+00 1.878E-01
  5.356850E+00 1.669E-01
  5.635010E+00 1.484E-01
  5.926200E+00 1.319E-01
  6.230910E+00 1.172E-01
  6.549660E+00 1.041E-01
  6.882980E+00 9.250E-02
  7.231410E+00 8.215E-02
  7.595510E+00 7.295E-02
  7.975850E+00 6.477E-02
  8.373020E+00 5.750E-02
  8.787610E+00 5.103E-02
  9.220240E+00 4.529E-02
  9.671540E+00 4.018E-02
  1.014210E+01 3.564E-02
  1.063270E+01 3.162E-02
  1.114400E+01 2.804E-02
  1.167660E+01 2.486E-02
  1.223120E+01 2.204E-02
  1.280860E+01 1.954E-02
  1.340950E+01 1.731E-02
  1.403460E+01 1.534E-02
  1.468480E+01 1.359E-02
  1.536080E+01 1.204E-02
  1.606351E+01 1.067E-02
  1.679350E+01 9.446E-03
  1.755190E+01 8.364E-03
  1.833940E+01 7.405E-03
  1.915691E+01 6.555E-03
  2.000529E+01 5.801E-03
  2.037230E+01 5.510E-03
  2.146300E+01 4.805E-03
  2.278520E+01 4.106E-03
  2.381277E+01 3.615E-03
  2.488185E+01 3.195E-03
  2.599393E+01 2.824E-03
  2.715057E+01 2.495E-03
  2.835339E+01 2.205E-03
  2.960400E+01 1.948E-03
  3.090416E+01 1.721E-03
  3.225562E+01 1.520E-03
  3.366017E+01 1.343E-03
  3.511975E+01 1.187E-03
  3.663628E+01 1.048E-03
  3.821178E+01 9.257E-04
  3.984825E+01 8.176E-04
      20   9   2   100    5  -2.57982E+00      66
  2.050890E+00 1.184E+00
  2.183130E+00 1.045E+00
  2.315360E+00 9.296E-01
  2.447590E+00 8.317E-01
  2.579180E+00 7.486E-01
  2.724250E+00 6.690E-01
  2.877710E+00 5.978E-01
  3.040030E+00 5.342E-01
  3.211700E+00 4.772E-01
  3.393230E+00 4.263E-01
  3.585150E+00 3.808E-01
  3.788040E+00 3.402E-01
  4.002470E+00 3.038E-01
  4.229060E+00 2.713E-01
  4.468450E+00 2.422E-01
  4.721300E+00 2.163E-01
  4.988330E+00 1.930E-01
  5.270240E+00 1.723E-01
  5.567790E+00 1.538E-01
  5.881780E+00 1.372E-01
  6.213020E+00 1.224E-01
  6.562360E+00 1.092E-01
  6.930680E+00 9.740E-02
  7.318910E+00 8.685E-02
  7.727980E+00 7.744E-02
  8.158900E+00 6.904E-02
  8.612670E+00 6.154E-02
  9.090350E+00 5.484E-02
  9.593040E+00 4.887E-02
  1.012190E+01 4.353E-02
  1.067800E+01 3.878E-02
  1.126260E+01 3.453E-02
  1.187700E+01 3.075E-02
  1.252250E+01 2.738E-02
  1.320020E+01 2.437E-02
  1.391170E+01 2.169E-02
  1.465840E+01 1.930E-02
  1.544160E+01 1.717E-02
  1.626289E+01 1.527E-02
  1.712379E+01 1.358E-02
  1.802580E+01 1.207E-02
  1.897060E+01 1.073E-02
  1.995990E+01 9.540E-03
  2.037180E+01 9.097E-03
  2.077699E+01 8.676E-03
  2.213150E+01 7.536E-03
  2.332207E+01 6.759E-03
  2.457356E+01 6.000E-03
  2.588890E+01 5.327E-03
  2.727118E+01 4.729E-03
  2.872368E+01 4.198E-03
  3.024976E+01 3.726E-03
  3.185297E+01 3.307E-03
  3.353703E+01 2.935E-03
  3.530580E+01 2.605E-03
  3.716341E+01 2.312E-03
  3.911401E+01 2.052E-03
  4.116208E+01 1.821E-03
  4.331227E+01 1.616E-03
  4.556944E+01 1.434E-03
  4.793863E+01 1.272E-03
  5.042509E+01 1.129E-03
  5.303445E+01 1.001E-03
  5.577251E+01 8.883E-04
  5.864525E+01 7.880E-04
  6.165894E+01 6.991E-04
      21   9   2   320    3  -2.56129E+00      59
  2.032370E+00 1.487E+00
  2.164600E+00 1.277E+00
  2.296830E+00 1.105E+00
  2.429060E+00 9.621E-01
  2.560650E+00 8.435E-01
  2.685420E+00 7.480E-01
  2.815390E+00 6.632E-01
  2.950720E+00 5.879E-01
  3.091600E+00 5.211E-01
  3.238190E+00 4.617E-01
  3.390680E+00 4.091E-01
  3.549250E+00 3.624E-01
  3.714080E+00 3.210E-01
  3.885350E+00 2.843E-01
  4.063280E+00 2.517E-01
  4.248050E+00 2.228E-01
  4.439860E+00 1.973E-01
  4.638930E+00 1.746E-01
  4.845450E+00 1.545E-01
  5.059640E+00 1.367E-01
  5.281710E+00 1.209E-01
  5.511900E+00 1.070E-01
  5.750420E+00 9.459E-02
  5.997500E+00 8.364E-02
  6.253380E+00 7.395E-02
  6.518280E+00 6.537E-02
  6.792470E+00 5.778E-02
  7.076170E+00 5.107E-02
  7.369640E+00 4.512E-02
  7.673130E+00 3.987E-02
  7.986910E+00 3.522E-02
  8.311230E+00 3.111E-02
  8.646370E+00 2.748E-02
  8.992590E+00 2.427E-02
  9.350180E+00 2.143E-02
  9.719410E+00 1.892E-02
  1.010060E+01 1.670E-02
  1.049390E+01 1.474E-02
  1.089980E+01 1.301E-02
  1.131860E+01 1.148E-02
  1.175040E+01 1.013E-02
  1.219570E+01 8.938E-03
  1.265470E+01 7.885E-03
  1.312780E+01 6.955E-03
  1.361530E+01 6.135E-03
  1.411750E+01 5.410E-03
  1.463470E+01 4.771E-03
  1.516740E+01 4.207E-03
  1.561730E+01 3.793E-03
  1.626840E+01 3.284E-03
  1.706470E+01 2.776E-03
  1.784090E+01 2.374E-03
  1.859779E+01 2.053E-03
  1.933600E+01 1.792E-03
  2.005600E+01 1.577E-03
  2.144389E+01 1.247E-03
  2.276610E+01 1.007E-03
  2.356499E+01 8.706E-04
  2.438789E+01 7.661E-04
      22   9   2   120    3  -2.55991E+00      59
  2.030990E+00 1.471E+00
  2.163220E+00 1.263E+00
  2.295450E+00 1.092E+00
  2.427680E+00 9.511E-01
  2.559270E+00 8.336E-01
  2.683870E+00 7.392E-01
  2.813650E+00 6.553E-01
  2.948780E+00 5.809E-01
  3.089430E+00 5.148E-01
  3.235760E+00 4.562E-01
  3.387960E+00 4.042E-01
  3.546210E+00 3.580E-01
  3.710680E+00 3.171E-01
  3.881570E+00 2.808E-01
  4.059070E+00 2.486E-01
  4.243370E+00 2.201E-01
  4.434660E+00 1.948E-01
  4.633160E+00 1.724E-01
  4.839060E+00 1.525E-01
  5.052580E+00 1.349E-01
  5.273920E+00 1.194E-01
  5.503300E+00 1.056E-01
  5.740950E+00 9.335E-02
  5.987090E+00 8.254E-02
  6.241940E+00 7.297E-02
  6.505750E+00 6.450E-02
  6.778740E+00 5.700E-02
  7.061150E+00 5.037E-02
  7.353240E+00 4.451E-02
  7.655240E+00 3.932E-02
  7.967420E+00 3.473E-02
  8.290030E+00 3.068E-02
  8.623330E+00 2.709E-02
  8.967580E+00 2.392E-02
  9.323060E+00 2.112E-02
  9.690040E+00 1.865E-02
  1.006880E+01 1.646E-02
  1.045960E+01 1.453E-02
  1.086280E+01 1.282E-02
  1.127860E+01 1.131E-02
  1.170740E+01 9.980E-03
  1.214940E+01 8.804E-03
  1.260500E+01 7.766E-03
  1.307440E+01 6.849E-03
  1.355800E+01 6.040E-03
  1.405610E+01 5.326E-03
  1.456900E+01 4.696E-03
  1.509710E+01 4.140E-03
  1.561590E+01 3.671E-03
  1.626700E+01 3.175E-03
  1.706329E+01 2.680E-03
  1.783960E+01 2.290E-03
  1.859641E+01 1.978E-03
  1.933459E+01 1.724E-03
  2.005460E+01 1.516E-03
  2.144260E+01 1.195E-03
  2.276480E+01 9.628E-04
  2.355862E+01 8.343E-04
  2.437613E+01 7.341E-04
      23   9   2   111    4  -2.55393E+00      63
  2.025000E+00 1.417E+00
  2.157230E+00 1.237E+00
  2.289460E+00 1.087E+00
  2.421700E+00 9.624E-01
  2.553290E+00 8.571E-01
  2.690030E+00 7.635E-01
  2.833790E+00 6.800E-01
  2.984860E+00 6.055E-01
  3.143580E+00 5.391E-01
  3.310260E+00 4.798E-01
  3.485250E+00 4.271E-01
  3.668890E+00 3.800E-01
  3.861550E+00 3.381E-01
  4.063600E+00 3.007E-01
  4.275410E+00 2.675E-01
  4.497380E+00 2.378E-01
  4.729900E+00 2.114E-01
  4.973390E+00 1.879E-01
  5.228270E+00 1.670E-01
  5.494960E+00 1.484E-01
  5.773910E+00 1.318E-01
  6.065580E+00 1.171E-01
  6.370410E+00 1.040E-01
  6.688900E+00 9.232E-02
  7.021510E+00 8.195E-02
  7.368740E+00 7.273E-02
  7.731110E+00 6.454E-02
  8.109120E+00 5.726E-02
  8.503290E+00 5.079E-02
  8.914180E+00 4.505E-02
  9.342320E+00 3.994E-02
  9.788280E+00 3.541E-02
  1.025260E+01 3.139E-02
  1.073590E+01 2.782E-02
  1.123880E+01 2.465E-02
  1.176180E+01 2.184E-02
  1.230560E+01 1.934E-02
  1.287080E+01 1.713E-02
  1.345800E+01 1.517E-02
  1.406790E+01 1.343E-02
  1.470110E+01 1.189E-02
  1.535840E+01 1.052E-02
  1.604030E+01 9.312E-03
  1.674760E+01 8.239E-03
  1.748100E+01 7.288E-03
  1.824120E+01 6.446E-03
  1.902901E+01 5.701E-03
  1.984500E+01 5.041E-03
  2.034590E+01 4.683E-03
  2.143660E+01 4.055E-03
  2.275880E+01 3.439E-03
  2.375328E+01 3.043E-03
  2.478645E+01 2.688E-03
  2.585966E+01 2.374E-03
  2.697427E+01 2.096E-03
  2.813171E+01 1.851E-03
  2.933348E+01 1.635E-03
  3.058109E+01 1.443E-03
  3.187605E+01 1.274E-03
  3.322002E+01 1.125E-03
  3.461465E+01 9.933E-04
  3.606168E+01 8.768E-04
  3.756285E+01 7.740E-04
      24   9   2   300    5  -1.80979E+00      67
  1.357342E+00 1.678E+00
  1.413090E+00 1.538E+00
  1.545320E+00 1.286E+00
  1.677560E+00 1.090E+00
  1.809150E+00 9.358E-01
  1.910920E+00 8.361E-01
  2.018510E+00 7.470E-01
  2.132230E+00 6.674E-01
  2.252440E+00 5.962E-01
  2.379490E+00 5.326E-01
  2.513760E+00 4.757E-01
  2.655640E+00 4.249E-01
  2.805550E+00 3.795E-01
  2.963930E+00 3.389E-01
  3.131240E+00 3.027E-01
  3.307950E+00 2.703E-01
  3.494580E+00 2.413E-01
  3.691640E+00 2.155E-01
  3.899710E+00 1.924E-01
  4.119350E+00 1.717E-01
  4.351180E+00 1.533E-01
  4.595830E+00 1.368E-01
  4.853980E+00 1.221E-01
  5.126310E+00 1.089E-01
  5.413570E+00 9.722E-02
  5.716500E+00 8.674E-02
  6.035910E+00 7.738E-02
  6.372630E+00 6.903E-02
  6.727540E+00 6.157E-02
  7.101530E+00 5.491E-02
  7.495550E+00 4.897E-02
  7.910590E+00 4.366E-02
  8.347680E+00 3.893E-02
  8.807890E+00 3.470E-02
  9.292340E+00 3.093E-02
  9.802200E+00 2.757E-02
  1.033870E+01 2.457E-02
  1.090300E+01 2.190E-02
  1.149650E+01 1.951E-02
  1.212060E+01 1.738E-02
  1.277660E+01 1.548E-02
  1.346610E+01 1.379E-02
  1.419050E+01 1.228E-02
  1.495140E+01 1.093E-02
  1.575060E+01 9.735E-03
  1.658971E+01 8.666E-03
  1.747040E+01 7.714E-03
  1.839470E+01 6.866E-03
  1.936440E+01 6.110E-03
  1.960181E+01 5.943E-03
  2.000690E+01 5.665E-03
  2.136150E+01 4.909E-03
  2.252533E+01 4.398E-03
  2.375041E+01 3.908E-03
  2.503986E+01 3.471E-03
  2.639691E+01 3.084E-03
  2.782503E+01 2.739E-03
  2.932776E+01 2.433E-03
  3.090892E+01 2.161E-03
  3.257245E+01 1.920E-03
  3.432246E+01 1.705E-03
  3.616336E+01 1.514E-03
  3.809964E+01 1.345E-03
  4.013611E+01 1.194E-03
  4.227780E+01 1.061E-03
  4.452995E+01 9.420E-04
  4.689807E+01 8.365E-04
      25   9   2   311    5  -1.78948E+00      64
  1.342110E+00 2.022E+00
  1.392790E+00 1.859E+00
  1.525020E+00 1.538E+00
  1.657250E+00 1.292E+00
  1.788840E+00 1.099E+00
  1.887330E+00 9.799E-01
  1.991050E+00 8.736E-01
  2.100260E+00 7.788E-01
  2.215230E+00 6.941E-01
  2.336220E+00 6.186E-01
  2.463520E+00 5.512E-01
  2.597420E+00 4.911E-01
  2.738220E+00 4.375E-01
  2.886230E+00 3.897E-01
  3.041790E+00 3.470E-01
  3.205220E+00 3.090E-01
  3.376880E+00 2.751E-01
  3.557120E+00 2.449E-01
  3.746330E+00 2.180E-01
  3.944870E+00 1.940E-01
  4.153150E+00 1.726E-01
  4.371590E+00 1.535E-01
  4.600600E+00 1.366E-01
  4.840620E+00 1.215E-01
  5.092100E+00 1.080E-01
  5.355500E+00 9.602E-02
  5.631310E+00 8.536E-02
  5.920020E+00 7.586E-02
  6.222130E+00 6.742E-02
  6.538160E+00 5.990E-02
  6.868660E+00 5.322E-02
  7.214170E+00 4.727E-02
  7.575260E+00 4.198E-02
  7.952520E+00 3.728E-02
  8.346550E+00 3.310E-02
  8.757950E+00 2.938E-02
  9.187370E+00 2.608E-02
  9.635460E+00 2.314E-02
  1.010290E+01 2.054E-02
  1.059030E+01 1.822E-02
  1.109840E+01 1.616E-02
  1.162800E+01 1.433E-02
  1.217970E+01 1.271E-02
  1.275440E+01 1.127E-02
  1.335280E+01 9.992E-03
  1.397560E+01 8.857E-03
  1.462380E+01 7.849E-03
  1.529800E+01 6.956E-03
  1.599930E+01 6.163E-03
  1.672839E+01 5.460E-03
  1.748630E+01 4.836E-03
  1.827380E+01 4.283E-03
  1.909190E+01 3.793E-03
  1.958150E+01 3.534E-03
  2.067210E+01 3.059E-03
  2.199440E+01 2.594E-03
  2.300197E+01 2.313E-03
  2.405159E+01 2.045E-03
  2.514487E+01 1.809E-03
  2.628345E+01 1.599E-03
  2.746906E+01 1.414E-03
  2.870346E+01 1.250E-03
  2.998851E+01 1.105E-03
  3.132610E+01 9.770E-04
      26   9   2   100    6  -1.78926E+00      66
  1.341945E+00 1.742E+00
  1.392570E+00 1.606E+00
  1.524800E+00 1.338E+00
  1.657030E+00 1.130E+00
  1.788620E+00 9.678E-01
  1.888560E+00 8.646E-01
  1.994200E+00 7.724E-01
  2.105850E+00 6.900E-01
  2.223850E+00 6.164E-01
  2.348540E+00 5.506E-01
  2.480290E+00 4.917E-01
  2.619500E+00 4.392E-01
  2.766560E+00 3.922E-01
  2.921900E+00 3.503E-01
  3.085970E+00 3.128E-01
  3.259230E+00 2.793E-01
  3.442190E+00 2.493E-01
  3.635340E+00 2.226E-01
  3.839240E+00 1.987E-01
  4.054440E+00 1.774E-01
  4.281540E+00 1.583E-01
  4.521150E+00 1.413E-01
  4.773920E+00 1.261E-01
  5.040520E+00 1.125E-01
  5.321660E+00 1.003E-01
  5.618070E+00 8.952E-02
  5.930530E+00 7.985E-02
  6.259830E+00 7.122E-02
  6.606810E+00 6.351E-02
  6.972350E+00 5.664E-02
  7.357350E+00 5.050E-02
  7.762760E+00 4.502E-02
  8.189560E+00 4.013E-02
  8.638790E+00 3.577E-02
  9.111510E+00 3.188E-02
  9.608820E+00 2.841E-02
  1.013190E+01 2.531E-02
  1.068190E+01 2.255E-02
  1.126010E+01 2.008E-02
  1.186790E+01 1.789E-02
  1.250640E+01 1.593E-02
  1.317720E+01 1.419E-02
  1.388170E+01 1.263E-02
  1.462130E+01 1.124E-02
  1.539770E+01 1.001E-02
  1.621240E+01 8.906E-03
  1.706720E+01 7.925E-03
  1.796359E+01 7.052E-03
  1.890359E+01 6.273E-03
  1.958130E+01 5.785E-03
  1.998640E+01 5.504E-03
  2.134100E+01 4.752E-03
  2.249423E+01 4.276E-03
  2.370755E+01 3.798E-03
  2.498399E+01 3.374E-03
  2.632672E+01 2.996E-03
  2.773904E+01 2.661E-03
  2.922446E+01 2.363E-03
  3.078664E+01 2.099E-03
  3.242937E+01 1.864E-03
  3.415666E+01 1.655E-03
  3.597275E+01 1.470E-03
  3.788197E+01 1.305E-03
  3.988898E+01 1.159E-03
  4.199864E+01 1.029E-03
  4.421596E+01 9.133E-04
      27   9   2   320    4  -1.77853E+00      62
  1.333898E+00 2.219E+00
  1.381840E+00 2.031E+00
  1.514070E+00 1.647E+00
  1.646300E+00 1.356E+00
  1.777890E+00 1.132E+00
  1.869830E+00 1.005E+00
  1.965830E+00 8.921E-01
  2.066020E+00 7.917E-01
  2.170560E+00 7.025E-01
  2.279580E+00 6.233E-01
  2.393260E+00 5.529E-01
  2.511750E+00 4.904E-01
  2.635200E+00 4.349E-01
  2.763790E+00 3.856E-01
  2.897680E+00 3.418E-01
  3.037050E+00 3.030E-01
  3.182080E+00 2.685E-01
  3.332950E+00 2.379E-01
  3.489840E+00 2.108E-01
  3.652960E+00 1.867E-01
  3.822490E+00 1.654E-01
  3.998630E+00 1.465E-01
  4.181600E+00 1.297E-01
  4.371590E+00 1.148E-01
  4.568830E+00 1.017E-01
  4.773540E+00 8.998E-02
  4.985930E+00 7.963E-02
  5.206240E+00 7.047E-02
  5.434710E+00 6.235E-02
  5.671570E+00 5.516E-02
  5.917060E+00 4.879E-02
  6.171440E+00 4.316E-02
  6.434960E+00 3.816E-02
  6.707890E+00 3.375E-02
  6.990490E+00 2.984E-02
  7.283020E+00 2.638E-02
  7.585780E+00 2.332E-02
  7.899050E+00 2.061E-02
  8.223110E+00 1.821E-02
  8.558250E+00 1.609E-02
  8.904790E+00 1.422E-02
  9.263020E+00 1.256E-02
  9.633270E+00 1.110E-02
  1.001590E+01 9.801E-03
  1.041110E+01 8.656E-03
  1.081930E+01 7.644E-03
  1.124090E+01 6.750E-03
  1.167610E+01 5.960E-03
  1.212540E+01 5.261E-03
  1.258910E+01 4.644E-03
  1.306750E+01 4.099E-03
  1.356110E+01 3.618E-03
  1.407020E+01 3.193E-03
  1.459520E+01 2.817E-03
  1.513640E+01 2.486E-03
  1.569450E+01 2.193E-03
  1.626961E+01 1.935E-03
  1.686220E+01 1.707E-03
  1.747279E+01 1.505E-03
  1.810181E+01 1.328E-03
  1.874969E+01 1.171E-03
  1.941679E+01 1.032E-03
      28   9   2   120    4  -1.77770E+00      62
  1.333275E+00 2.192E+00
  1.381010E+00 2.007E+00
  1.513240E+00 1.627E+00
  1.645470E+00 1.339E+00
  1.777060E+00 1.118E+00
  1.868520E+00 9.927E-01
  1.964040E+00 8.812E-01
  2.063750E+00 7.821E-01
  2.167810E+00 6.941E-01
  2.276370E+00 6.158E-01
  2.389580E+00 5.463E-01
  2.507590E+00 4.846E-01
  2.630580E+00 4.297E-01
  2.758700E+00 3.810E-01
  2.892130E+00 3.378E-01
  3.031030E+00 2.994E-01
  3.175580E+00 2.654E-01
  3.325980E+00 2.352E-01
  3.482390E+00 2.083E-01
  3.645010E+00 1.846E-01
  3.814030E+00 1.635E-01
  3.989660E+00 1.448E-01
  4.172090E+00 1.282E-01
  4.361520E+00 1.135E-01
  4.558180E+00 1.005E-01
  4.762270E+00 8.892E-02
  4.974020E+00 7.869E-02
  5.193640E+00 6.963E-02
  5.421380E+00 6.160E-02
  5.657460E+00 5.450E-02
  5.902110E+00 4.820E-02
  6.155600E+00 4.263E-02
  6.418150E+00 3.769E-02
  6.690040E+00 3.333E-02
  6.971500E+00 2.946E-02
  7.262820E+00 2.604E-02
  7.564250E+00 2.302E-02
  7.876070E+00 2.034E-02
  8.198570E+00 1.797E-02
  8.532010E+00 1.588E-02
  8.876710E+00 1.403E-02
  9.232940E+00 1.239E-02
  9.601020E+00 1.094E-02
  9.981240E+00 9.665E-03
  1.037390E+01 8.535E-03
  1.077940E+01 7.535E-03
  1.119800E+01 6.652E-03
  1.163000E+01 5.872E-03
  1.207570E+01 5.183E-03
  1.253560E+01 4.574E-03
  1.301000E+01 4.037E-03
  1.349910E+01 3.562E-03
  1.400350E+01 3.143E-03
  1.452340E+01 2.773E-03
  1.505920E+01 2.446E-03
  1.561130E+01 2.157E-03
  1.618010E+01 1.903E-03
  1.676590E+01 1.678E-03
  1.736929E+01 1.479E-03
  1.799049E+01 1.304E-03
  1.863010E+01 1.150E-03
  1.928841E+01 1.014E-03
      29   9   2   111    5  -1.77431E+00      63
  1.330732E+00 2.073E+00
  1.377610E+00 1.912E+00
  1.509840E+00 1.573E+00
  1.642070E+00 1.314E+00
  1.773670E+00 1.113E+00
  1.869300E+00 9.922E-01
  1.969970E+00 8.843E-01
  2.075930E+00 7.881E-01
  2.187410E+00 7.023E-01
  2.304670E+00 6.257E-01
  2.427990E+00 5.574E-01
  2.557630E+00 4.965E-01
  2.693880E+00 4.421E-01
  2.837040E+00 3.937E-01
  2.987410E+00 3.505E-01
  3.145300E+00 3.120E-01
  3.311050E+00 2.777E-01
  3.484970E+00 2.471E-01
  3.667430E+00 2.198E-01
  3.858770E+00 1.956E-01
  4.059360E+00 1.739E-01
  4.269580E+00 1.547E-01
  4.489820E+00 1.375E-01
  4.720470E+00 1.223E-01
  4.961950E+00 1.087E-01
  5.214670E+00 9.657E-02
  5.479080E+00 8.581E-02
  5.755610E+00 7.623E-02
  6.044720E+00 6.771E-02
  6.346880E+00 6.013E-02
  6.662570E+00 5.339E-02
  6.992280E+00 4.740E-02
  7.336510E+00 4.207E-02
  7.695780E+00 3.734E-02
  8.070610E+00 3.313E-02
  8.461560E+00 2.940E-02
  8.869170E+00 2.607E-02
  9.294000E+00 2.313E-02
  9.736640E+00 2.051E-02
  1.019770E+01 1.818E-02
  1.067770E+01 1.612E-02
  1.117740E+01 1.428E-02
  1.169730E+01 1.266E-02
  1.223810E+01 1.122E-02
  1.280040E+01 9.937E-03
  1.338500E+01 8.801E-03
  1.399240E+01 7.795E-03
  1.462350E+01 6.902E-03
  1.527890E+01 6.111E-03
  1.595940E+01 5.410E-03
  1.666560E+01 4.788E-03
  1.739830E+01 4.237E-03
  1.815840E+01 3.749E-03
  1.894659E+01 3.317E-03
  1.956630E+01 3.021E-03
  2.065691E+01 2.599E-03
  2.197920E+01 2.187E-03
  2.295709E+01 1.962E-03
  2.397441E+01 1.734E-03
  2.503258E+01 1.533E-03
  2.613310E+01 1.354E-03
  2.727753E+01 1.197E-03
  2.846744E+01 1.057E-03
      30   9   2   300    6  -1.32620E+00      65
  9.946496E-01 2.120E+00
  1.061740E+00 1.833E+00
  1.193970E+00 1.445E+00
  1.325560E+00 1.167E+00
  1.399720E+00 1.042E+00
  1.478070E+00 9.311E-01
  1.560840E+00 8.316E-01
  1.648280E+00 7.428E-01
  1.740640E+00 6.634E-01
  1.838190E+00 5.925E-01
  1.941230E+00 5.291E-01
  2.050040E+00 4.725E-01
  2.164950E+00 4.219E-01
  2.286290E+00 3.768E-01
  2.414420E+00 3.364E-01
  2.549690E+00 3.004E-01
  2.692490E+00 2.682E-01
  2.843240E+00 2.394E-01
  3.002350E+00 2.138E-01
  3.170280E+00 1.908E-01
  3.347500E+00 1.703E-01
  3.534500E+00 1.520E-01
  3.731800E+00 1.357E-01
  3.939950E+00 1.211E-01
  4.159510E+00 1.081E-01
  4.391090E+00 9.646E-02
  4.635310E+00 8.607E-02
  4.892830E+00 7.680E-02
  5.164340E+00 6.852E-02
  5.450580E+00 6.113E-02
  5.752280E+00 5.454E-02
  6.070250E+00 4.865E-02
  6.405320E+00 4.339E-02
  6.758360E+00 3.870E-02
  7.130280E+00 3.452E-02
  7.522020E+00 3.078E-02
  7.934600E+00 2.745E-02
  8.369040E+00 2.447E-02
  8.826440E+00 2.182E-02
  9.307930E+00 1.945E-02
  9.814700E+00 1.734E-02
  1.034800E+01 1.546E-02
  1.090910E+01 1.378E-02
  1.149940E+01 1.228E-02
  1.212030E+01 1.094E-02
  1.277330E+01 9.750E-03
  1.345990E+01 8.687E-03
  1.418170E+01 7.740E-03
  1.494040E+01 6.895E-03
  1.573770E+01 6.142E-03
  1.657550E+01 5.470E-03
  1.745560E+01 4.872E-03
  1.838000E+01 4.338E-03
  1.911819E+01 3.970E-03
  2.020880E+01 3.502E-03
  2.153110E+01 3.049E-03
  2.270709E+01 2.734E-03
  2.394574E+01 2.430E-03
  2.525024E+01 2.159E-03
  2.662401E+01 1.919E-03
  2.807065E+01 1.705E-03
  2.959390E+01 1.515E-03
  3.119772E+01 1.346E-03
  3.288634E+01 1.196E-03
  3.466402E+01 1.063E-03
      31   9   2   311    6  -1.31347E+00      63
  9.851024E-01 2.528E+00
  1.049010E+00 2.187E+00
  1.181240E+00 1.706E+00
  1.312830E+00 1.365E+00
  1.385710E+00 1.217E+00
  1.462490E+00 1.086E+00
  1.543350E+00 9.679E-01
  1.628510E+00 8.630E-01
  1.718170E+00 7.693E-01
  1.812540E+00 6.857E-01
  1.911850E+00 6.111E-01
  2.016340E+00 5.446E-01
  2.126250E+00 4.853E-01
  2.241840E+00 4.324E-01
  2.363360E+00 3.852E-01
  2.491110E+00 3.431E-01
  2.625350E+00 3.056E-01
  2.766400E+00 2.721E-01
  2.914550E+00 2.423E-01
  3.070130E+00 2.157E-01
  3.233460E+00 1.920E-01
  3.404910E+00 1.709E-01
  3.584810E+00 1.521E-01
  3.773540E+00 1.354E-01
  3.971490E+00 1.205E-01
  4.179060E+00 1.072E-01
  4.396640E+00 9.533E-02
  4.624680E+00 8.479E-02
  4.863600E+00 7.540E-02
  5.113880E+00 6.705E-02
  5.375970E+00 5.962E-02
  5.650370E+00 5.300E-02
  5.937590E+00 4.711E-02
  6.238130E+00 4.187E-02
  6.552550E+00 3.721E-02
  6.881390E+00 3.306E-02
  7.225240E+00 2.937E-02
  7.584680E+00 2.609E-02
  7.960330E+00 2.318E-02
  8.352820E+00 2.058E-02
  8.762800E+00 1.828E-02
  9.190930E+00 1.623E-02
  9.637920E+00 1.441E-02
  1.010450E+01 1.279E-02
  1.059130E+01 1.135E-02
  1.109930E+01 1.008E-02
  1.162900E+01 8.940E-03
  1.218140E+01 7.932E-03
  1.275730E+01 7.037E-03
  1.335750E+01 6.242E-03
  1.398290E+01 5.537E-03
  1.463440E+01 4.910E-03
  1.531290E+01 4.354E-03
  1.601939E+01 3.860E-03
  1.675481E+01 3.422E-03
  1.752020E+01 3.034E-03
  1.831670E+01 2.689E-03
  1.914510E+01 2.383E-03
  2.000681E+01 2.112E-03
  2.090269E+01 1.871E-03
  2.187550E+01 1.689E-03
  2.289014E+01 1.495E-03
  2.394823E+01 1.322E-03
      32   9   2   100    7  -1.31336E+00      65
  9.850202E-01 2.200E+00
  1.048900E+00 1.910E+00
  1.181130E+00 1.499E+00
  1.312720E+00 1.207E+00
  1.385690E+00 1.078E+00
  1.462780E+00 9.629E-01
  1.544210E+00 8.600E-01
  1.630210E+00 7.680E-01
  1.721050E+00 6.859E-01
  1.816980E+00 6.126E-01
  1.918290E+00 5.470E-01
  2.025280E+00 4.885E-01
  2.138240E+00 4.362E-01
  2.257510E+00 3.894E-01
  2.383430E+00 3.477E-01
  2.516350E+00 3.104E-01
  2.656660E+00 2.772E-01
  2.804750E+00 2.474E-01
  2.961040E+00 2.209E-01
  3.125960E+00 1.971E-01
  3.299970E+00 1.760E-01
  3.483560E+00 1.571E-01
  3.677220E+00 1.402E-01
  3.881490E+00 1.251E-01
  4.096920E+00 1.116E-01
  4.324100E+00 9.959E-02
  4.563620E+00 8.886E-02
  4.816130E+00 7.927E-02
  5.082300E+00 7.072E-02
  5.362830E+00 6.308E-02
  5.658440E+00 5.627E-02
  5.969900E+00 5.019E-02
  6.298020E+00 4.476E-02
  6.643630E+00 3.991E-02
  7.007600E+00 3.559E-02
  7.390850E+00 3.173E-02
  7.794330E+00 2.829E-02
  8.219050E+00 2.522E-02
  8.666050E+00 2.248E-02
  9.136400E+00 2.004E-02
  9.631250E+00 1.786E-02
  1.015180E+01 1.591E-02
  1.069920E+01 1.418E-02
  1.127490E+01 1.263E-02
  1.188010E+01 1.126E-02
  1.251620E+01 1.003E-02
  1.318480E+01 8.932E-03
  1.388730E+01 7.955E-03
  1.462530E+01 7.085E-03
  1.540040E+01 6.309E-03
  1.621440E+01 5.618E-03
  1.706911E+01 5.001E-03
  1.796620E+01 4.452E-03
  1.890781E+01 3.963E-03
  1.910539E+01 3.870E-03
  2.019600E+01 3.402E-03
  2.151820E+01 2.953E-03
  2.268370E+01 2.658E-03
  2.391064E+01 2.362E-03
  2.520218E+01 2.098E-03
  2.656157E+01 1.864E-03
  2.799234E+01 1.656E-03
  2.949811E+01 1.471E-03
  3.108270E+01 1.307E-03
  3.275012E+01 1.161E-03
      33   9   2   320    5  -1.30661E+00      61
  9.799576E-01 2.776E+00
  1.042150E+00 2.384E+00
  1.174380E+00 1.824E+00
  1.305970E+00 1.433E+00
  1.375080E+00 1.274E+00
  1.447440E+00 1.132E+00
  1.523180E+00 1.006E+00
  1.602420E+00 8.942E-01
  1.685300E+00 7.944E-01
  1.771960E+00 7.056E-01
  1.862530E+00 6.266E-01
  1.957150E+00 5.564E-01
  2.055980E+00 4.940E-01
  2.159160E+00 4.385E-01
  2.266860E+00 3.891E-01
  2.379210E+00 3.453E-01
  2.496400E+00 3.064E-01
  2.618590E+00 2.718E-01
  2.745940E+00 2.410E-01
  2.878640E+00 2.137E-01
  3.016860E+00 1.895E-01
  3.160780E+00 1.680E-01
  3.310600E+00 1.489E-01
  3.466490E+00 1.320E-01
  3.628670E+00 1.169E-01
  3.797330E+00 1.036E-01
  3.972680E+00 9.178E-02
  4.154920E+00 8.129E-02
  4.344270E+00 7.199E-02
  4.540950E+00 6.375E-02
  4.745190E+00 5.644E-02
  4.957210E+00 4.996E-02
  5.177240E+00 4.422E-02
  5.405530E+00 3.913E-02
  5.642320E+00 3.463E-02
  5.887860E+00 3.064E-02
  6.142410E+00 2.710E-02
  6.406210E+00 2.397E-02
  6.679540E+00 2.120E-02
  6.962670E+00 1.875E-02
  7.255870E+00 1.658E-02
  7.559430E+00 1.466E-02
  7.873620E+00 1.296E-02
  8.198750E+00 1.145E-02
  8.535110E+00 1.012E-02
  8.883010E+00 8.942E-03
  9.242750E+00 7.901E-03
  9.614650E+00 6.980E-03
  9.999040E+00 6.166E-03
  1.039620E+01 5.446E-03
  1.080660E+01 4.810E-03
  1.123040E+01 4.247E-03
  1.166810E+01 3.750E-03
  1.211990E+01 3.311E-03
  1.258630E+01 2.923E-03
  1.306760E+01 2.580E-03
  1.356420E+01 2.277E-03
  1.407640E+01 2.010E-03
  1.460470E+01 1.773E-03
  1.514950E+01 1.565E-03
  1.571110E+01 1.380E-03
      34   9   2   120    5  -1.30607E+00      61
  9.795527E-01 2.739E+00
  1.041610E+00 2.353E+00
  1.173840E+00 1.800E+00
  1.305430E+00 1.414E+00
  1.374250E+00 1.257E+00
  1.446330E+00 1.118E+00
  1.521780E+00 9.932E-01
  1.600730E+00 8.825E-01
  1.683330E+00 7.841E-01
  1.769690E+00 6.965E-01
  1.859970E+00 6.186E-01
  1.954310E+00 5.493E-01
  2.052850E+00 4.877E-01
  2.155740E+00 4.329E-01
  2.263140E+00 3.842E-01
  2.375210E+00 3.409E-01
  2.492110E+00 3.025E-01
  2.614000E+00 2.683E-01
  2.741050E+00 2.380E-01
  2.873430E+00 2.110E-01
  3.011330E+00 1.871E-01
  3.154930E+00 1.659E-01
  3.304400E+00 1.470E-01
  3.459940E+00 1.303E-01
  3.621750E+00 1.155E-01
  3.790020E+00 1.023E-01
  3.964950E+00 9.061E-02
  4.146750E+00 8.025E-02
  4.335630E+00 7.106E-02
  4.531810E+00 6.292E-02
  4.735500E+00 5.570E-02
  4.946930E+00 4.930E-02
  5.166330E+00 4.364E-02
  5.393930E+00 3.861E-02
  5.629970E+00 3.416E-02
  5.874690E+00 3.022E-02
  6.128340E+00 2.673E-02
  6.391180E+00 2.364E-02
  6.663460E+00 2.091E-02
  6.945430E+00 1.849E-02
  7.237380E+00 1.634E-02
  7.539570E+00 1.445E-02
  7.852280E+00 1.277E-02
  8.175790E+00 1.128E-02
  8.510390E+00 9.971E-03
  8.856370E+00 8.810E-03
  9.214040E+00 7.783E-03
  9.583680E+00 6.874E-03
  9.965630E+00 6.071E-03
  1.036020E+01 5.362E-03
  1.076770E+01 4.734E-03
  1.118840E+01 4.180E-03
  1.162270E+01 3.690E-03
  1.207100E+01 3.257E-03
  1.253350E+01 2.875E-03
  1.301070E+01 2.537E-03
  1.350280E+01 2.239E-03
  1.401020E+01 1.975E-03
  1.453340E+01 1.743E-03
  1.507260E+01 1.537E-03
  1.562830E+01 1.356E-03
      35   9   2   111    6  -1.30395E+00      63
  9.779627E-01 2.602E+00
  1.039490E+00 2.253E+00
  1.171720E+00 1.746E+00
  1.303310E+00 1.389E+00
  1.374350E+00 1.238E+00
  1.449150E+00 1.104E+00
  1.527910E+00 9.843E-01
  1.610810E+00 8.774E-01
  1.698050E+00 7.819E-01
  1.789830E+00 6.968E-01
  1.886380E+00 6.209E-01
  1.987910E+00 5.532E-01
  2.094660E+00 4.928E-01
  2.206860E+00 4.389E-01
  2.324770E+00 3.909E-01
  2.448650E+00 3.481E-01
  2.578760E+00 3.099E-01
  2.715380E+00 2.759E-01
  2.858800E+00 2.456E-01
  3.009320E+00 2.186E-01
  3.167250E+00 1.945E-01
  3.332910E+00 1.731E-01
  3.506620E+00 1.540E-01
  3.688740E+00 1.370E-01
  3.879610E+00 1.218E-01
  4.079590E+00 1.083E-01
  4.289080E+00 9.632E-02
  4.508440E+00 8.564E-02
  4.738100E+00 7.612E-02
  4.978450E+00 6.766E-02
  5.229940E+00 6.013E-02
  5.492990E+00 5.342E-02
  5.768070E+00 4.746E-02
  6.055630E+00 4.216E-02
  6.356180E+00 3.745E-02
  6.670190E+00 3.326E-02
  6.998180E+00 2.953E-02
  7.340670E+00 2.622E-02
  7.698220E+00 2.327E-02
  8.071370E+00 2.066E-02
  8.460690E+00 1.833E-02
  8.866770E+00 1.627E-02
  9.290220E+00 1.443E-02
  9.731660E+00 1.280E-02
  1.019170E+01 1.136E-02
  1.067110E+01 1.007E-02
  1.117040E+01 8.930E-03
  1.169030E+01 7.917E-03
  1.223160E+01 7.019E-03
  1.279490E+01 6.221E-03
  1.338110E+01 5.514E-03
  1.399080E+01 4.886E-03
  1.462500E+01 4.329E-03
  1.528420E+01 3.836E-03
  1.596950E+01 3.398E-03
  1.668159E+01 3.009E-03
  1.742140E+01 2.665E-03
  1.818970E+01 2.360E-03
  1.898759E+01 2.090E-03
  1.981580E+01 1.850E-03
  2.067540E+01 1.637E-03
  2.161208E+01 1.487E-03
  2.258775E+01 1.315E-03
      36   9   2   300    7  -1.01341E+00      64
  7.600572E-01 2.568E+00
  8.811810E-01 1.887E+00
  1.012770E+00 1.417E+00
  1.069480E+00 1.265E+00
  1.129350E+00 1.130E+00
  1.192550E+00 1.009E+00
  1.259260E+00 9.007E-01
  1.329680E+00 8.042E-01
  1.404010E+00 7.181E-01
  1.482460E+00 6.411E-01
  1.565250E+00 5.724E-01
  1.652630E+00 5.110E-01
  1.744840E+00 4.562E-01
  1.842150E+00 4.073E-01
  1.944830E+00 3.636E-01
  2.053160E+00 3.245E-01
  2.167470E+00 2.897E-01
  2.288070E+00 2.586E-01
  2.415290E+00 2.308E-01
  2.549490E+00 2.060E-01
  2.691060E+00 1.839E-01
  2.840380E+00 1.641E-01
  2.997870E+00 1.465E-01
  3.163960E+00 1.307E-01
  3.339110E+00 1.167E-01
  3.523820E+00 1.041E-01
  3.718570E+00 9.291E-02
  3.923910E+00 8.290E-02
  4.140400E+00 7.398E-02
  4.368620E+00 6.601E-02
  4.609200E+00 5.889E-02
  4.862790E+00 5.255E-02
  5.130060E+00 4.688E-02
  5.411750E+00 4.183E-02
  5.708590E+00 3.731E-02
  6.021400E+00 3.329E-02
  6.350980E+00 2.969E-02
  6.698230E+00 2.649E-02
  7.064060E+00 2.363E-02
  7.449430E+00 2.107E-02
  7.855350E+00 1.879E-02
  8.282890E+00 1.676E-02
  8.733150E+00 1.495E-02
  9.207310E+00 1.333E-02
  9.706600E+00 1.189E-02
  1.023230E+01 1.060E-02
  1.078580E+01 9.453E-03
  1.136840E+01 8.429E-03
  1.198170E+01 7.516E-03
  1.262720E+01 6.701E-03
  1.330650E+01 5.974E-03
  1.402150E+01 5.326E-03
  1.477370E+01 4.748E-03
  1.556520E+01 4.232E-03
  1.639790E+01 3.772E-03
  1.727390E+01 3.362E-03
  1.819530E+01 2.997E-03
  1.916440E+01 2.671E-03
  2.018359E+01 2.380E-03
  2.125529E+01 2.121E-03
  2.242036E+01 1.897E-03
  2.364815E+01 1.687E-03
  2.494188E+01 1.499E-03
  2.630505E+01 1.332E-03
      37   9   2   311    7  -1.00491E+00      62
  7.536829E-01 3.040E+00
  8.726820E-01 2.220E+00
  1.004270E+00 1.651E+00
  1.059460E+00 1.473E+00
  1.117640E+00 1.314E+00
  1.178970E+00 1.172E+00
  1.243620E+00 1.046E+00
  1.311750E+00 9.328E-01
  1.383530E+00 8.319E-01
  1.459150E+00 7.418E-01
  1.538800E+00 6.615E-01
  1.622680E+00 5.898E-01
  1.710990E+00 5.258E-01
  1.803950E+00 4.687E-01
  1.901790E+00 4.177E-01
  2.004730E+00 3.723E-01
  2.113030E+00 3.318E-01
  2.226940E+00 2.956E-01
  2.346710E+00 2.634E-01
  2.472630E+00 2.346E-01
  2.604980E+00 2.090E-01
  2.744050E+00 1.861E-01
  2.890160E+00 1.657E-01
  3.043610E+00 1.476E-01
  3.204750E+00 1.314E-01
  3.373920E+00 1.169E-01
  3.551460E+00 1.041E-01
  3.737760E+00 9.263E-02
  3.933190E+00 8.243E-02
  4.138150E+00 7.334E-02
  4.353050E+00 6.525E-02
  4.578310E+00 5.804E-02
  4.814370E+00 5.162E-02
  5.061690E+00 4.590E-02
  5.320740E+00 4.082E-02
  5.591990E+00 3.629E-02
  5.875960E+00 3.226E-02
  6.173160E+00 2.867E-02
  6.484120E+00 2.548E-02
  6.809400E+00 2.264E-02
  7.149560E+00 2.012E-02
  7.505200E+00 1.787E-02
  7.876920E+00 1.588E-02
  8.265350E+00 1.410E-02
  8.671130E+00 1.252E-02
  9.094920E+00 1.112E-02
  9.537410E+00 9.870E-03
  9.999300E+00 8.762E-03
  1.048130E+01 7.777E-03
  1.098420E+01 6.902E-03
  1.150880E+01 6.124E-03
  1.205570E+01 5.434E-03
  1.262600E+01 4.821E-03
  1.322030E+01 4.276E-03
  1.383950E+01 3.793E-03
  1.448460E+01 3.363E-03
  1.515640E+01 2.982E-03
  1.585590E+01 2.644E-03
  1.658411E+01 2.344E-03
  1.734180E+01 2.078E-03
  1.813020E+01 1.841E-03
  1.895030E+01 1.632E-03
      38   9   2   100    8  -1.00485E+00      64
  7.536378E-01 2.667E+00
  8.726160E-01 1.958E+00
  1.004210E+00 1.465E+00
  1.060020E+00 1.308E+00
  1.118930E+00 1.168E+00
  1.181120E+00 1.043E+00
  1.246770E+00 9.312E-01
  1.316060E+00 8.314E-01
  1.389200E+00 7.423E-01
  1.466400E+00 6.628E-01
  1.547870E+00 5.917E-01
  1.633840E+00 5.282E-01
  1.724580E+00 4.716E-01
  1.820320E+00 4.210E-01
  1.921340E+00 3.758E-01
  2.027930E+00 3.355E-01
  2.140390E+00 2.994E-01
  2.259030E+00 2.673E-01
  2.384180E+00 2.386E-01
  2.516200E+00 2.129E-01
  2.655440E+00 1.900E-01
  2.802300E+00 1.696E-01
  2.957180E+00 1.514E-01
  3.120510E+00 1.351E-01
  3.292730E+00 1.205E-01
  3.474310E+00 1.075E-01
  3.665750E+00 9.596E-02
  3.867560E+00 8.562E-02
  4.080290E+00 7.639E-02
  4.304510E+00 6.816E-02
  4.540820E+00 6.080E-02
  4.789860E+00 5.424E-02
  5.052270E+00 4.839E-02
  5.328760E+00 4.316E-02
  5.620050E+00 3.850E-02
  5.926910E+00 3.434E-02
  6.250120E+00 3.062E-02
  6.590550E+00 2.731E-02
  6.949050E+00 2.436E-02
  7.326560E+00 2.172E-02
  7.724050E+00 1.937E-02
  8.142510E+00 1.727E-02
  8.583020E+00 1.540E-02
  9.046690E+00 1.373E-02
  9.534680E+00 1.224E-02
  1.004820E+01 1.091E-02
  1.058850E+01 9.724E-03
  1.115700E+01 8.668E-03
  1.175510E+01 7.726E-03
  1.238410E+01 6.885E-03
  1.304570E+01 6.136E-03
  1.374150E+01 5.468E-03
  1.447310E+01 4.873E-03
  1.524220E+01 4.342E-03
  1.605080E+01 3.868E-03
  1.690060E+01 3.447E-03
  1.779379E+01 3.070E-03
  1.873241E+01 2.735E-03
  1.971860E+01 2.436E-03
  2.075470E+01 2.170E-03
  2.188434E+01 1.948E-03
  2.307420E+01 1.731E-03
  2.432747E+01 1.539E-03
  2.564743E+01 1.367E-03
      39   9   2   320    6  -1.00033E+00      61
  7.502475E-01 3.328E+00
  8.681020E-01 2.395E+00
  9.996930E-01 1.749E+00
  1.053150E+00 1.556E+00
  1.109250E+00 1.385E+00
  1.168080E+00 1.232E+00
  1.229770E+00 1.096E+00
  1.294430E+00 9.746E-01
  1.362180E+00 8.666E-01
  1.433140E+00 7.705E-01
  1.507450E+00 6.848E-01
  1.585220E+00 6.086E-01
  1.666590E+00 5.408E-01
  1.751710E+00 4.805E-01
  1.840710E+00 4.268E-01
  1.933740E+00 3.791E-01
  2.030950E+00 3.366E-01
  2.132480E+00 2.989E-01
  2.238500E+00 2.653E-01
  2.349170E+00 2.355E-01
  2.464640E+00 2.090E-01
  2.585100E+00 1.854E-01
  2.710710E+00 1.645E-01
  2.841650E+00 1.459E-01
  2.978100E+00 1.294E-01
  3.120240E+00 1.147E-01
  3.268270E+00 1.017E-01
  3.422380E+00 9.015E-02
  3.582770E+00 7.990E-02
  3.749630E+00 7.080E-02
  3.923190E+00 6.273E-02
  4.103640E+00 5.557E-02
  4.291220E+00 4.923E-02
  4.486130E+00 4.360E-02
  4.688600E+00 3.860E-02
  4.898870E+00 3.418E-02
  5.117180E+00 3.026E-02
  5.343750E+00 2.678E-02
  5.578840E+00 2.370E-02
  5.822700E+00 2.097E-02
  6.075580E+00 1.856E-02
  6.337750E+00 1.642E-02
  6.609470E+00 1.452E-02
  6.891010E+00 1.284E-02
  7.182650E+00 1.136E-02
  7.484670E+00 1.004E-02
  7.797360E+00 8.876E-03
  8.121010E+00 7.846E-03
  8.455920E+00 6.935E-03
  8.802400E+00 6.128E-03
  9.160750E+00 5.415E-03
  9.531290E+00 4.785E-03
  9.914350E+00 4.227E-03
  1.031020E+01 3.734E-03
  1.071930E+01 3.298E-03
  1.114190E+01 2.912E-03
  1.157830E+01 2.571E-03
  1.202900E+01 2.270E-03
  1.249420E+01 2.004E-03
  1.297430E+01 1.769E-03
  1.346980E+01 1.562E-03
      40   9   2   120    6  -9.99967E-01      61
  7.499752E-01 3.279E+00
  8.677360E-01 2.361E+00
  9.993270E-01 1.724E+00
  1.052600E+00 1.534E+00
  1.108500E+00 1.365E+00
  1.167140E+00 1.215E+00
  1.228630E+00 1.081E+00
  1.293100E+00 9.610E-01
  1.360650E+00 8.545E-01
  1.431420E+00 7.598E-01
  1.505540E+00 6.754E-01
  1.583120E+00 6.002E-01
  1.664300E+00 5.334E-01
  1.749230E+00 4.739E-01
  1.838040E+00 4.210E-01
  1.930880E+00 3.739E-01
  2.027890E+00 3.320E-01
  2.129230E+00 2.948E-01
  2.235060E+00 2.617E-01
  2.345520E+00 2.323E-01
  2.460800E+00 2.061E-01
  2.581050E+00 1.829E-01
  2.706440E+00 1.622E-01
  2.837160E+00 1.439E-01
  2.973370E+00 1.276E-01
  3.115270E+00 1.131E-01
  3.263040E+00 1.003E-01
  3.416880E+00 8.891E-02
  3.576970E+00 7.879E-02
  3.743520E+00 6.982E-02
  3.916730E+00 6.186E-02
  4.096810E+00 5.479E-02
  4.283970E+00 4.853E-02
  4.478440E+00 4.298E-02
  4.680430E+00 3.805E-02
  4.890170E+00 3.369E-02
  5.107890E+00 2.982E-02
  5.333820E+00 2.639E-02
  5.568210E+00 2.335E-02
  5.811290E+00 2.066E-02
  6.063330E+00 1.828E-02
  6.324570E+00 1.617E-02
  6.595270E+00 1.430E-02
  6.875700E+00 1.265E-02
  7.166110E+00 1.118E-02
  7.466800E+00 9.885E-03
  7.778040E+00 8.737E-03
  8.100100E+00 7.722E-03
  8.433280E+00 6.824E-03
  8.777880E+00 6.030E-03
  9.134180E+00 5.327E-03
  9.502510E+00 4.706E-03
  9.883160E+00 4.157E-03
  1.027650E+01 3.671E-03
  1.068270E+01 3.242E-03
  1.110230E+01 2.862E-03
  1.153540E+01 2.527E-03
  1.198250E+01 2.231E-03
  1.244390E+01 1.969E-03
  1.292000E+01 1.738E-03
  1.341110E+01 1.534E-03
      41   9   2   111    7  -9.98554E-01      62
  7.489147E-01 3.138E+00
  8.663220E-01 2.283E+00
  9.979130E-01 1.686E+00
  1.051830E+00 1.504E+00
  1.108660E+00 1.342E+00
  1.168540E+00 1.197E+00
  1.231630E+00 1.067E+00
  1.298090E+00 9.516E-01
  1.368090E+00 8.485E-01
  1.441800E+00 7.565E-01
  1.519400E+00 6.744E-01
  1.601080E+00 6.011E-01
  1.687050E+00 5.358E-01
  1.777500E+00 4.775E-01
  1.872640E+00 4.255E-01
  1.972710E+00 3.791E-01
  2.077930E+00 3.377E-01
  2.188540E+00 3.008E-01
  2.304790E+00 2.679E-01
  2.426930E+00 2.386E-01
  2.555240E+00 2.124E-01
  2.689990E+00 1.891E-01
  2.831470E+00 1.684E-01
  2.979970E+00 1.499E-01
  3.135800E+00 1.334E-01
  3.299290E+00 1.187E-01
  3.470750E+00 1.056E-01
  3.650540E+00 9.394E-02
  3.839000E+00 8.356E-02
  4.036500E+00 7.431E-02
  4.243400E+00 6.608E-02
  4.460110E+00 5.875E-02
  4.687020E+00 5.223E-02
  4.924530E+00 4.643E-02
  5.173090E+00 4.126E-02
  5.433120E+00 3.667E-02
  5.705080E+00 3.258E-02
  5.989430E+00 2.894E-02
  6.286650E+00 2.571E-02
  6.597230E+00 2.283E-02
  6.921690E+00 2.027E-02
  7.260530E+00 1.800E-02
  7.614310E+00 1.598E-02
  7.983570E+00 1.418E-02
  8.368870E+00 1.259E-02
  8.770810E+00 1.117E-02
  9.189970E+00 9.909E-03
  9.626980E+00 8.791E-03
  1.008250E+01 7.797E-03
  1.055700E+01 6.915E-03
  1.105140E+01 6.132E-03
  1.156630E+01 5.437E-03
  1.210230E+01 4.820E-03
  1.266020E+01 4.272E-03
  1.324070E+01 3.786E-03
  1.384450E+01 3.355E-03
  1.447250E+01 2.973E-03
  1.512540E+01 2.634E-03
  1.580410E+01 2.333E-03
  1.650929E+01 2.066E-03
  1.724190E+01 1.830E-03
  1.800281E+01 1.620E-03
      42   9   2   300    8  -7.99525E-01      64
  5.996430E-01 3.165E+00
  6.672930E-01 2.445E+00
  7.988840E-01 1.684E+00
  8.431590E-01 1.504E+00
  8.898940E-01 1.343E+00
  9.392240E-01 1.199E+00
  9.912930E-01 1.070E+00
  1.046250E+00 9.557E-01
  1.104260E+00 8.533E-01
  1.165480E+00 7.619E-01
  1.230090E+00 6.802E-01
  1.298290E+00 6.073E-01
  1.370250E+00 5.422E-01
  1.446190E+00 4.840E-01
  1.526330E+00 4.321E-01
  1.610890E+00 3.858E-01
  1.700110E+00 3.444E-01
  1.794260E+00 3.074E-01
  1.893590E+00 2.744E-01
  1.998380E+00 2.450E-01
  2.108940E+00 2.187E-01
  2.225560E+00 1.952E-01
  2.348590E+00 1.742E-01
  2.478360E+00 1.555E-01
  2.615240E+00 1.388E-01
  2.759600E+00 1.239E-01
  2.911860E+00 1.105E-01
  3.072420E+00 9.865E-02
  3.241740E+00 8.804E-02
  3.420270E+00 7.857E-02
  3.608520E+00 7.011E-02
  3.807000E+00 6.256E-02
  4.016240E+00 5.582E-02
  4.236830E+00 4.981E-02
  4.469350E+00 4.444E-02
  4.714440E+00 3.965E-02
  4.972750E+00 3.538E-02
  5.244990E+00 3.156E-02
  5.531880E+00 2.816E-02
  5.834190E+00 2.512E-02
  6.152720E+00 2.241E-02
  6.488320E+00 1.999E-02
  6.841880E+00 1.783E-02
  7.214320E+00 1.590E-02
  7.606630E+00 1.418E-02
  8.019820E+00 1.265E-02
  8.454990E+00 1.128E-02
  8.913250E+00 1.006E-02
  9.395800E+00 8.972E-03
  9.903870E+00 8.000E-03
  1.043880E+01 7.134E-03
  1.100190E+01 6.361E-03
  1.159460E+01 5.671E-03
  1.221850E+01 5.056E-03
  1.287500E+01 4.508E-03
  1.356600E+01 4.019E-03
  1.429300E+01 3.582E-03
  1.505800E+01 3.193E-03
  1.586270E+01 2.846E-03
  1.670930E+01 2.537E-03
  1.759970E+01 2.261E-03
  1.853630E+01 2.015E-03
  1.952110E+01 1.796E-03
  2.055679E+01 1.601E-03
      43   9   2   311    8  -7.93571E-01      63
  5.951782E-01 3.724E+00
  6.613390E-01 2.869E+00
  7.929310E-01 1.955E+00
  8.361180E-01 1.745E+00
  8.816730E-01 1.557E+00
  9.297180E-01 1.389E+00
  9.803840E-01 1.240E+00
  1.033810E+00 1.106E+00
  1.090130E+00 9.869E-01
  1.149510E+00 8.804E-01
  1.212080E+00 7.853E-01
  1.278030E+00 7.005E-01
  1.347510E+00 6.247E-01
  1.420710E+00 5.571E-01
  1.497820E+00 4.968E-01
  1.579020E+00 4.430E-01
  1.664510E+00 3.949E-01
  1.754510E+00 3.520E-01
  1.849240E+00 3.138E-01
  1.948930E+00 2.797E-01
  2.053810E+00 2.492E-01
  2.164120E+00 2.221E-01
  2.280140E+00 1.979E-01
  2.402130E+00 1.763E-01
  2.530360E+00 1.570E-01
  2.665120E+00 1.399E-01
  2.806720E+00 1.246E-01
  2.955470E+00 1.109E-01
  3.111690E+00 9.875E-02
  3.275710E+00 8.791E-02
  3.447890E+00 7.826E-02
  3.628590E+00 6.965E-02
  3.818170E+00 6.198E-02
  4.017040E+00 5.515E-02
  4.225580E+00 4.907E-02
  4.444230E+00 4.365E-02
  4.673400E+00 3.883E-02
  4.913530E+00 3.453E-02
  5.165100E+00 3.071E-02
  5.428580E+00 2.730E-02
  5.704450E+00 2.427E-02
  5.993230E+00 2.158E-02
  6.295440E+00 1.918E-02
  6.611620E+00 1.704E-02
  6.942330E+00 1.514E-02
  7.288140E+00 1.345E-02
  7.649650E+00 1.195E-02
  8.027480E+00 1.062E-02
  8.422250E+00 9.428E-03
  8.834610E+00 8.372E-03
  9.265240E+00 7.433E-03
  9.714820E+00 6.599E-03
  1.018410E+01 5.858E-03
  1.067370E+01 5.199E-03
  1.118450E+01 4.614E-03
  1.171720E+01 4.094E-03
  1.227270E+01 3.632E-03
  1.285160E+01 3.222E-03
  1.345500E+01 2.858E-03
  1.408360E+01 2.534E-03
  1.473840E+01 2.247E-03
  1.542010E+01 1.993E-03
  1.612990E+01 1.766E-03
      44   9   2   100    9  -7.93528E-01      64
  5.951460E-01 3.285E+00
  6.612970E-01 2.540E+00
  7.928880E-01 1.741E+00
  8.365100E-01 1.555E+00
  8.825540E-01 1.388E+00
  9.311540E-01 1.239E+00
  9.824510E-01 1.107E+00
  1.036590E+00 9.880E-01
  1.093740E+00 8.821E-01
  1.154050E+00 7.876E-01
  1.217700E+00 7.032E-01
  1.284870E+00 6.278E-01
  1.355760E+00 5.605E-01
  1.430570E+00 5.004E-01
  1.509510E+00 4.467E-01
  1.592800E+00 3.988E-01
  1.680690E+00 3.560E-01
  1.773410E+00 3.178E-01
  1.871250E+00 2.836E-01
  1.974460E+00 2.532E-01
  2.083340E+00 2.260E-01
  2.198190E+00 2.017E-01
  2.319340E+00 1.800E-01
  2.447120E+00 1.607E-01
  2.581890E+00 1.434E-01
  2.724020E+00 1.280E-01
  2.873900E+00 1.142E-01
  3.031950E+00 1.019E-01
  3.198590E+00 9.095E-02
  3.374280E+00 8.115E-02
  3.559500E+00 7.241E-02
  3.754760E+00 6.461E-02
  3.960570E+00 5.764E-02
  4.177490E+00 5.143E-02
  4.406100E+00 4.588E-02
  4.647020E+00 4.093E-02
  4.900870E+00 3.651E-02
  5.168340E+00 3.257E-02
  5.450130E+00 2.905E-02
  5.746970E+00 2.591E-02
  6.059650E+00 2.311E-02
  6.388970E+00 2.061E-02
  6.735780E+00 1.838E-02
  7.100980E+00 1.639E-02
  7.485510E+00 1.461E-02
  7.890350E+00 1.303E-02
  8.316510E+00 1.162E-02
  8.765090E+00 1.036E-02
  9.237210E+00 9.234E-03
  9.734050E+00 8.232E-03
  1.025680E+01 7.338E-03
  1.080690E+01 6.541E-03
  1.138550E+01 5.830E-03
  1.199420E+01 5.196E-03
  1.263440E+01 4.631E-03
  1.330760E+01 4.127E-03
  1.401550E+01 3.677E-03
  1.475980E+01 3.277E-03
  1.554230E+01 2.919E-03
  1.636470E+01 2.601E-03
  1.722910E+01 2.317E-03
  1.813750E+01 2.064E-03
  1.909200E+01 1.839E-03
  2.009470E+01 1.638E-03
      45   9   2   320    7  -7.90362E-01      61
  5.927715E-01 4.067E+00
  6.581300E-01 3.107E+00
  7.897220E-01 2.081E+00
  8.321100E-01 1.853E+00
  8.766520E-01 1.650E+00
  9.234450E-01 1.469E+00
  9.725850E-01 1.308E+00
  1.024180E+00 1.164E+00
  1.078320E+00 1.036E+00
  1.135130E+00 9.219E-01
  1.194710E+00 8.202E-01
  1.257180E+00 7.296E-01
  1.322660E+00 6.488E-01
  1.391270E+00 5.769E-01
  1.463140E+00 5.129E-01
  1.538390E+00 4.560E-01
  1.617160E+00 4.052E-01
  1.699580E+00 3.601E-01
  1.785810E+00 3.199E-01
  1.875970E+00 2.842E-01
  1.970210E+00 2.524E-01
  2.068700E+00 2.242E-01
  2.171580E+00 1.990E-01
  2.279020E+00 1.767E-01
  2.391180E+00 1.568E-01
  2.508220E+00 1.392E-01
  2.630330E+00 1.235E-01
  2.757670E+00 1.096E-01
  2.890420E+00 9.718E-02
  3.028780E+00 8.619E-02
  3.172920E+00 7.643E-02
  3.323060E+00 6.776E-02
  3.479370E+00 6.007E-02
  3.642060E+00 5.324E-02
  3.811350E+00 4.718E-02
  3.987430E+00 4.180E-02
  4.170540E+00 3.704E-02
  4.360880E+00 3.281E-02
  4.558690E+00 2.905E-02
  4.764180E+00 2.573E-02
  4.977610E+00 2.278E-02
  5.199210E+00 2.017E-02
  5.429220E+00 1.785E-02
  5.667890E+00 1.580E-02
  5.915480E+00 1.398E-02
  6.172250E+00 1.237E-02
  6.438450E+00 1.094E-02
  6.714370E+00 9.679E-03
  7.000270E+00 8.560E-03
  7.296450E+00 7.570E-03
  7.603170E+00 6.693E-03
  7.920740E+00 5.917E-03
  8.249450E+00 5.230E-03
  8.589600E+00 4.623E-03
  8.941510E+00 4.085E-03
  9.305480E+00 3.610E-03
  9.681830E+00 3.189E-03
  1.007090E+01 2.818E-03
  1.047300E+01 2.489E-03
  1.088850E+01 2.198E-03
  1.131770E+01 1.941E-03
      46   9   2   120    7  -7.90102E-01      61
  5.925765E-01 4.004E+00
  6.578700E-01 3.060E+00
  7.894620E-01 2.049E+00
  8.317100E-01 1.825E+00
  8.761110E-01 1.625E+00
  9.227610E-01 1.447E+00
  9.717590E-01 1.288E+00
  1.023210E+00 1.147E+00
  1.077210E+00 1.021E+00
  1.133880E+00 9.082E-01
  1.193320E+00 8.080E-01
  1.255660E+00 7.187E-01
  1.321000E+00 6.392E-01
  1.389480E+00 5.684E-01
  1.461210E+00 5.054E-01
  1.536330E+00 4.493E-01
  1.614970E+00 3.993E-01
  1.697270E+00 3.548E-01
  1.783370E+00 3.153E-01
  1.873400E+00 2.801E-01
  1.967520E+00 2.487E-01
  2.065880E+00 2.209E-01
  2.168640E+00 1.961E-01
  2.275950E+00 1.741E-01
  2.387970E+00 1.545E-01
  2.504880E+00 1.371E-01
  2.626840E+00 1.217E-01
  2.754030E+00 1.080E-01
  2.886620E+00 9.575E-02
  3.024810E+00 8.492E-02
  3.168770E+00 7.530E-02
  3.318700E+00 6.676E-02
  3.474790E+00 5.917E-02
  3.637250E+00 5.244E-02
  3.806270E+00 4.647E-02
  3.982060E+00 4.117E-02
  4.164840E+00 3.647E-02
  4.354830E+00 3.231E-02
  4.552230E+00 2.861E-02
  4.757290E+00 2.533E-02
  4.970230E+00 2.243E-02
  5.191280E+00 1.985E-02
  5.420680E+00 1.757E-02
  5.658680E+00 1.555E-02
  5.905530E+00 1.376E-02
  6.161470E+00 1.217E-02
  6.426770E+00 1.077E-02
  6.701690E+00 9.521E-03
  6.986490E+00 8.420E-03
  7.281460E+00 7.445E-03
  7.586860E+00 6.581E-03
  7.902980E+00 5.818E-03
  8.230100E+00 5.142E-03
  8.568530E+00 4.544E-03
  8.918550E+00 4.015E-03
  9.280470E+00 3.547E-03
  9.654590E+00 3.133E-03
  1.004120E+01 2.768E-03
  1.044070E+01 2.444E-03
  1.085340E+01 2.158E-03
  1.127950E+01 1.906E-03
      47   9   2   111    8  -7.89112E-01      62
  5.918339E-01 3.853E+00
  6.568800E-01 2.962E+00
  7.884720E-01 2.003E+00
  8.307400E-01 1.787E+00
  8.753060E-01 1.595E+00
  9.222920E-01 1.423E+00
  9.718210E-01 1.269E+00
  1.024020E+00 1.132E+00
  1.079040E+00 1.010E+00
  1.137010E+00 9.008E-01
  1.198090E+00 8.034E-01
  1.262430E+00 7.164E-01
  1.330190E+00 6.388E-01
  1.401550E+00 5.695E-01
  1.476680E+00 5.077E-01
  1.555770E+00 4.526E-01
  1.639000E+00 4.034E-01
  1.726580E+00 3.595E-01
  1.818720E+00 3.204E-01
  1.915630E+00 2.855E-01
  2.017540E+00 2.543E-01
  2.124680E+00 2.266E-01
  2.237290E+00 2.018E-01
  2.355620E+00 1.797E-01
  2.479950E+00 1.600E-01
  2.610530E+00 1.425E-01
  2.747650E+00 1.269E-01
  2.891600E+00 1.129E-01
  3.042680E+00 1.005E-01
  3.201200E+00 8.945E-02
  3.367490E+00 7.959E-02
  3.541870E+00 7.081E-02
  3.724700E+00 6.299E-02
  3.916330E+00 5.602E-02
  4.117120E+00 4.982E-02
  4.327460E+00 4.430E-02
  4.547740E+00 3.939E-02
  4.778360E+00 3.501E-02
  5.019740E+00 3.112E-02
  5.272320E+00 2.766E-02
  5.536530E+00 2.457E-02
  5.812830E+00 2.183E-02
  6.101690E+00 1.939E-02
  6.403600E+00 1.723E-02
  6.719050E+00 1.530E-02
  7.048550E+00 1.358E-02
  7.392640E+00 1.206E-02
  7.751850E+00 1.071E-02
  8.126750E+00 9.502E-03
  8.517900E+00 8.432E-03
  8.925890E+00 7.482E-03
  9.351330E+00 6.638E-03
  9.794830E+00 5.889E-03
  1.025700E+01 5.223E-03
  1.073860E+01 4.632E-03
  1.124020E+01 4.107E-03
  1.176250E+01 3.641E-03
  1.230620E+01 3.228E-03
  1.287200E+01 2.861E-03
  1.346070E+01 2.535E-03
  1.407300E+01 2.247E-03
  1.470980E+01 1.991E-03
      48   9   2   300    9  -6.46843E-01      64
  4.851322E-01 3.762E+00
  5.146110E-01 3.164E+00
  6.462030E-01 1.968E+00
  6.817060E-01 1.757E+00
  7.191770E-01 1.569E+00
  7.587240E-01 1.401E+00
  8.004610E-01 1.251E+00
  8.445100E-01 1.117E+00
  8.909970E-01 9.970E-01
  9.400570E-01 8.902E-01
  9.918300E-01 7.947E-01
  1.046470E+00 7.095E-01
  1.104130E+00 6.335E-01
  1.164970E+00 5.655E-01
  1.229170E+00 5.049E-01
  1.296920E+00 4.507E-01
  1.368410E+00 4.024E-01
  1.443830E+00 3.592E-01
  1.523420E+00 3.207E-01
  1.607390E+00 2.863E-01
  1.695970E+00 2.555E-01
  1.789430E+00 2.281E-01
  1.888030E+00 2.036E-01
  1.992040E+00 1.817E-01
  2.101760E+00 1.622E-01
  2.217490E+00 1.448E-01
  2.339560E+00 1.292E-01
  2.468310E+00 1.153E-01
  2.604100E+00 1.029E-01
  2.747310E+00 9.188E-02
  2.898330E+00 8.200E-02
  3.057580E+00 7.317E-02
  3.225500E+00 6.530E-02
  3.402560E+00 5.827E-02
  3.589240E+00 5.200E-02
  3.786050E+00 4.640E-02
  3.993520E+00 4.140E-02
  4.212230E+00 3.694E-02
  4.442760E+00 3.296E-02
  4.685740E+00 2.941E-02
  4.941820E+00 2.624E-02
  5.211690E+00 2.341E-02
  5.496080E+00 2.088E-02
  5.795740E+00 1.863E-02
  6.111470E+00 1.662E-02
  6.444110E+00 1.482E-02
  6.794530E+00 1.322E-02
  7.163670E+00 1.179E-02
  7.552470E+00 1.052E-02
  7.961980E+00 9.380E-03
  8.393240E+00 8.365E-03
  8.847380E+00 7.460E-03
  9.325580E+00 6.652E-03
  9.829050E+00 5.932E-03
  1.035910E+01 5.289E-03
  1.091710E+01 4.716E-03
  1.150440E+01 4.205E-03
  1.212260E+01 3.749E-03
  1.277320E+01 3.342E-03
  1.345780E+01 2.980E-03
  1.417810E+01 2.656E-03
  1.493600E+01 2.368E-03
  1.573330E+01 2.110E-03
  1.657201E+01 1.881E-03
      49   9   2   311    9  -6.42511E-01      63
  4.818832E-01 4.402E+00
  5.102800E-01 3.705E+00
  6.418710E-01 2.278E+00
  6.765280E-01 2.033E+00
  7.130910E-01 1.815E+00
  7.516640E-01 1.620E+00
  7.923530E-01 1.446E+00
  8.352710E-01 1.290E+00
  8.805340E-01 1.151E+00
  9.282670E-01 1.027E+00
  9.785990E-01 9.166E-01
  1.031660E+00 8.178E-01
  1.087600E+00 7.296E-01
  1.146570E+00 6.509E-01
  1.208710E+00 5.806E-01
  1.274190E+00 5.178E-01
  1.343180E+00 4.618E-01
  1.415850E+00 4.118E-01
  1.492400E+00 3.672E-01
  1.573000E+00 3.274E-01
  1.657870E+00 2.919E-01
  1.747210E+00 2.602E-01
  1.841240E+00 2.319E-01
  1.940180E+00 2.067E-01
  2.044280E+00 1.842E-01
  2.153770E+00 1.642E-01
  2.268920E+00 1.463E-01
  2.390000E+00 1.303E-01
  2.517260E+00 1.161E-01
  2.651020E+00 1.034E-01
  2.791560E+00 9.207E-02
  2.939190E+00 8.199E-02
  3.094240E+00 7.300E-02
  3.257050E+00 6.499E-02
  3.427950E+00 5.785E-02
  3.607300E+00 5.149E-02
  3.795490E+00 4.582E-02
  3.992890E+00 4.077E-02
  4.199910E+00 3.628E-02
  4.416950E+00 3.227E-02
  4.644450E+00 2.871E-02
  4.882850E+00 2.553E-02
  5.132610E+00 2.270E-02
  5.394190E+00 2.019E-02
  5.668100E+00 1.795E-02
  5.954830E+00 1.595E-02
  6.254900E+00 1.418E-02
  6.568860E+00 1.260E-02
  6.897260E+00 1.120E-02
  7.240670E+00 9.948E-03
  7.599680E+00 8.838E-03
  7.974910E+00 7.850E-03
  8.366980E+00 6.972E-03
  8.776540E+00 6.191E-03
  9.204250E+00 5.497E-03
  9.650810E+00 4.880E-03
  1.011690E+01 4.332E-03
  1.060330E+01 3.845E-03
  1.111070E+01 3.412E-03
  1.163990E+01 3.027E-03
  1.219170E+01 2.686E-03
  1.276690E+01 2.383E-03
  1.336640E+01 2.113E-03
      50   9   2   100   10  -6.42482E-01      64
  4.818615E-01 3.901E+00
  5.102500E-01 3.290E+00
  6.418420E-01 2.034E+00
  6.768800E-01 1.816E+00
  7.138590E-01 1.621E+00
  7.528840E-01 1.448E+00
  7.940690E-01 1.293E+00
  8.375330E-01 1.154E+00
  8.834020E-01 1.030E+00
  9.318080E-01 9.199E-01
  9.828900E-01 8.213E-01
  1.036800E+00 7.332E-01
  1.093680E+00 6.546E-01
  1.153710E+00 5.844E-01
  1.217040E+00 5.217E-01
  1.283880E+00 4.658E-01
  1.354400E+00 4.158E-01
  1.428800E+00 3.712E-01
  1.507300E+00 3.313E-01
  1.590120E+00 2.958E-01
  1.677490E+00 2.640E-01
  1.769670E+00 2.357E-01
  1.866900E+00 2.103E-01
  1.969470E+00 1.877E-01
  2.077660E+00 1.676E-01
  2.191760E+00 1.496E-01
  2.312110E+00 1.335E-01
  2.439030E+00 1.191E-01
  2.572880E+00 1.063E-01
  2.714020E+00 9.487E-02
  2.862840E+00 8.466E-02
  3.019750E+00 7.555E-02
  3.185180E+00 6.741E-02
  3.359580E+00 6.015E-02
  3.543420E+00 5.367E-02
  3.737200E+00 4.788E-02
  3.941450E+00 4.272E-02
  4.156700E+00 3.811E-02
  4.383540E+00 3.400E-02
  4.622570E+00 3.033E-02
  4.874420E+00 2.705E-02
  5.139760E+00 2.413E-02
  5.419290E+00 2.152E-02
  5.713740E+00 1.920E-02
  6.023870E+00 1.712E-02
  6.350500E+00 1.527E-02
  6.694470E+00 1.362E-02
  7.056650E+00 1.214E-02
  7.438000E+00 1.083E-02
  7.839460E+00 9.655E-03
  8.262080E+00 8.608E-03
  8.706900E+00 7.674E-03
  9.175050E+00 6.842E-03
  9.667710E+00 6.099E-03
  1.018610E+01 5.437E-03
  1.073150E+01 4.846E-03
  1.130530E+01 4.320E-03
  1.190880E+01 3.850E-03
  1.254350E+01 3.431E-03
  1.321110E+01 3.058E-03
  1.391300E+01 2.725E-03
  1.465100E+01 2.428E-03
  1.542680E+01 2.163E-03
  1.624229E+01 1.927E-03
      51   9   2   320    8  -6.40176E-01      61
  4.801320E-01 4.786E+00
  5.079450E-01 4.017E+00
  6.395360E-01 2.430E+00
  6.738340E-01 2.165E+00
  7.099140E-01 1.929E+00
  7.478610E-01 1.719E+00
  7.877600E-01 1.531E+00
  8.296990E-01 1.364E+00
  8.737710E-01 1.214E+00
  9.200710E-01 1.081E+00
  9.686980E-01 9.627E-01
  1.019750E+00 8.569E-01
  1.073340E+00 7.626E-01
  1.129570E+00 6.786E-01
  1.188550E+00 6.038E-01
  1.250400E+00 5.371E-01
  1.315240E+00 4.777E-01
  1.383180E+00 4.248E-01
  1.454360E+00 3.777E-01
  1.528910E+00 3.358E-01
  1.606960E+00 2.985E-01
  1.688640E+00 2.652E-01
  1.774090E+00 2.357E-01
  1.863470E+00 2.094E-01
  1.956920E+00 1.860E-01
  2.054590E+00 1.652E-01
  2.156640E+00 1.467E-01
  2.263230E+00 1.302E-01
  2.374520E+00 1.156E-01
  2.490680E+00 1.026E-01
  2.611890E+00 9.104E-02
  2.738330E+00 8.078E-02
  2.870160E+00 7.166E-02
  3.007590E+00 6.356E-02
  3.150790E+00 5.637E-02
  3.299970E+00 4.998E-02
  3.455330E+00 4.431E-02
  3.617050E+00 3.927E-02
  3.785370E+00 3.481E-02
  3.960470E+00 3.084E-02
  4.142590E+00 2.733E-02
  4.331940E+00 2.421E-02
  4.528750E+00 2.144E-02
  4.733250E+00 1.899E-02
  4.945680E+00 1.681E-02
  5.166280E+00 1.489E-02
  5.395280E+00 1.318E-02
  5.632950E+00 1.166E-02
  5.879540E+00 1.032E-02
  6.135300E+00 9.133E-03
  6.400510E+00 8.080E-03
  6.675430E+00 7.148E-03
  6.960340E+00 6.322E-03
  7.255520E+00 5.591E-03
  7.561260E+00 4.943E-03
  7.877840E+00 4.371E-03
  8.205570E+00 3.864E-03
  8.544750E+00 3.415E-03
  8.895680E+00 3.018E-03
  9.258680E+00 2.667E-03
  9.634070E+00 2.356E-03
      52   9   2   120    8  -6.39985E-01      61
  4.799888E-01 4.706E+00
  5.077540E-01 3.951E+00
  6.393450E-01 2.390E+00
  6.735520E-01 2.130E+00
  7.095430E-01 1.898E+00
  7.473990E-01 1.691E+00
  7.872080E-01 1.506E+00
  8.290590E-01 1.342E+00
  8.730430E-01 1.195E+00
  9.192570E-01 1.064E+00
  9.677990E-01 9.473E-01
  1.018770E+00 8.432E-01
  1.072280E+00 7.505E-01
  1.128430E+00 6.678E-01
  1.187340E+00 5.942E-01
  1.249110E+00 5.286E-01
  1.313880E+00 4.702E-01
  1.381760E+00 4.181E-01
  1.452880E+00 3.718E-01
  1.527360E+00 3.305E-01
  1.605350E+00 2.938E-01
  1.686970E+00 2.611E-01
  1.772370E+00 2.320E-01
  1.861700E+00 2.061E-01
  1.955090E+00 1.831E-01
  2.052710E+00 1.626E-01
  2.154700E+00 1.444E-01
  2.261230E+00 1.282E-01
  2.372460E+00 1.138E-01
  2.488560E+00 1.010E-01
  2.609700E+00 8.960E-02
  2.736050E+00 7.950E-02
  2.867800E+00 7.052E-02
  3.005130E+00 6.255E-02
  3.148220E+00 5.546E-02
  3.297260E+00 4.918E-02
  3.452460E+00 4.359E-02
  3.614020E+00 3.864E-02
  3.782130E+00 3.424E-02
  3.957010E+00 3.034E-02
  4.138860E+00 2.688E-02
  4.327920E+00 2.381E-02
  4.524390E+00 2.109E-02
  4.728520E+00 1.867E-02
  4.940510E+00 1.653E-02
  5.160620E+00 1.464E-02
  5.389080E+00 1.295E-02
  5.626130E+00 1.146E-02
  5.872040E+00 1.014E-02
  6.127040E+00 8.975E-03
  6.391400E+00 7.939E-03
  6.665380E+00 7.022E-03
  6.949250E+00 6.210E-03
  7.243280E+00 5.491E-03
  7.547760E+00 4.855E-03
  7.862960E+00 4.291E-03
  8.189170E+00 3.793E-03
  8.526680E+00 3.352E-03
  8.875800E+00 2.962E-03
  9.236830E+00 2.617E-03
  9.610070E+00 2.312E-03
      53   9   2   111    9  -6.39265E-01      63
  4.794487E-01 4.558E+00
  5.070330E-01 3.838E+00
  6.386250E-01 2.340E+00
  6.725730E-01 2.088E+00
  7.083760E-01 1.864E+00
  7.461330E-01 1.663E+00
  7.859470E-01 1.484E+00
  8.279270E-01 1.324E+00
  8.721850E-01 1.181E+00
  9.188420E-01 1.054E+00
  9.680210E-01 9.403E-01
  1.019850E+00 8.388E-01
  1.074470E+00 7.481E-01
  1.132020E+00 6.673E-01
  1.192650E+00 5.951E-01
  1.256520E+00 5.307E-01
  1.323780E+00 4.732E-01
  1.394600E+00 4.219E-01
  1.469170E+00 3.761E-01
  1.547660E+00 3.352E-01
  1.630260E+00 2.988E-01
  1.717170E+00 2.663E-01
  1.808610E+00 2.373E-01
  1.904780E+00 2.114E-01
  2.005910E+00 1.884E-01
  2.112220E+00 1.678E-01
  2.223970E+00 1.495E-01
  2.341400E+00 1.331E-01
  2.464770E+00 1.185E-01
  2.594360E+00 1.056E-01
  2.730420E+00 9.397E-02
  2.873270E+00 8.365E-02
  3.023200E+00 7.445E-02
  3.180510E+00 6.625E-02
  3.345530E+00 5.895E-02
  3.518590E+00 5.245E-02
  3.700040E+00 4.666E-02
  3.890220E+00 4.150E-02
  4.089500E+00 3.691E-02
  4.298260E+00 3.282E-02
  4.516900E+00 2.918E-02
  4.745810E+00 2.594E-02
  4.985410E+00 2.305E-02
  5.236120E+00 2.049E-02
  5.498390E+00 1.821E-02
  5.772670E+00 1.618E-02
  6.059440E+00 1.437E-02
  6.359160E+00 1.276E-02
  6.672340E+00 1.133E-02
  6.999490E+00 1.006E-02
  7.341130E+00 8.936E-03
  7.697800E+00 7.932E-03
  8.070050E+00 7.040E-03
  8.458460E+00 6.248E-03
  8.863610E+00 5.544E-03
  9.286100E+00 4.919E-03
  9.726540E+00 4.363E-03
  1.018560E+01 3.870E-03
  1.066380E+01 3.432E-03
  1.116200E+01 3.043E-03
  1.168080E+01 2.698E-03
  1.222080E+01 2.392E-03
  1.278290E+01 2.120E-03
 ================================================
