 ================================================
       I  NZ  NE  ISLP  ILV        E(RYD)      NP
 ================================================
       1   8   3   200    1  -1.01405E+01      86
  9.780490E+00 3.570E-01
  9.852490E+00 3.530E-01
  9.924490E+00 3.480E-01
  9.996490E+00 3.440E-01
  1.006850E+01 3.390E-01
  1.014050E+01 3.350E-01
  1.061720E+01 3.080E-01
  1.111020E+01 2.840E-01
  1.162020E+01 2.610E-01
  1.214750E+01 2.400E-01
  1.269290E+01 2.210E-01
  1.325690E+01 2.030E-01
  1.384000E+01 1.870E-01
  1.444290E+01 1.720E-01
  1.506620E+01 1.590E-01
  1.571050E+01 1.460E-01
  1.637660E+01 1.340E-01
  1.706509E+01 1.230E-01
  1.930790E+01 9.259E-02
  2.388960E+01 6.023E-02
  2.847130E+01 4.160E-02
  3.305300E+01 3.005E-02
  3.763470E+01 2.249E-02
  4.221640E+01 1.730E-02
  4.679800E+01 1.362E-02
  5.137970E+01 1.093E-02
  5.138070E+01 2.124E-01
  5.144530E+01 2.118E-01
  5.150980E+01 2.112E-01
  5.157430E+01 2.105E-01
  5.163890E+01 2.099E-01
  5.170340E+01 2.092E-01
  5.176800E+01 2.086E-01
  5.183250E+01 2.080E-01
  5.189700E+01 2.074E-01
  5.196160E+01 2.068E-01
  5.196210E+01 2.747E-01
  5.385500E+01 2.517E-01
  5.581690E+01 2.305E-01
  5.785030E+01 2.110E-01
  5.995770E+01 1.930E-01
  6.214190E+01 1.764E-01
  6.440560E+01 1.612E-01
  6.675180E+01 1.472E-01
  6.918350E+01 1.343E-01
  7.170380E+01 1.225E-01
  7.431590E+01 1.117E-01
  7.702310E+01 1.018E-01
  7.982900E+01 9.276E-02
  8.273710E+01 8.446E-02
  8.575110E+01 7.686E-02
  8.887490E+01 6.992E-02
  9.211250E+01 6.357E-02
  9.546800E+01 5.778E-02
  9.894580E+01 5.249E-02
  1.025500E+02 4.767E-02
  1.062860E+02 4.327E-02
  1.101580E+02 3.926E-02
  1.141710E+02 3.561E-02
  1.183300E+02 3.229E-02
  1.226410E+02 2.926E-02
  1.271080E+02 2.651E-02
  1.317390E+02 2.401E-02
  1.365380E+02 2.174E-02
  1.415120E+02 1.967E-02
  1.466670E+02 1.779E-02
  1.520100E+02 1.609E-02
  1.575470E+02 1.454E-02
  1.632860E+02 1.314E-02
  1.692350E+02 1.187E-02
  1.754000E+02 1.072E-02
  1.817890E+02 9.678E-03
  1.884120E+02 8.734E-03
  1.952750E+02 7.879E-03
  2.023890E+02 7.105E-03
  2.097620E+02 6.406E-03
  2.174030E+02 5.773E-03
  2.253230E+02 5.201E-03
  2.335310E+02 4.685E-03
  2.420380E+02 4.218E-03
  2.508560E+02 3.797E-03
  2.599940E+02 3.418E-03
  2.694650E+02 3.074E-03
  2.792820E+02 2.765E-03
  2.894550E+02 2.486E-03
  3.000000E+02 2.235E-03
       2   8   3   211    1  -9.26305E+00      73
  8.903050E+00 4.560E-01
  8.975050E+00 4.450E-01
  9.047050E+00 4.350E-01
  9.119050E+00 4.250E-01
  9.191050E+00 4.150E-01
  9.263050E+00 4.060E-01
  9.535940E+00 3.720E-01
  9.816310E+00 3.410E-01
  1.010430E+01 3.130E-01
  1.040020E+01 2.870E-01
  1.070400E+01 2.630E-01
  1.101610E+01 2.420E-01
  1.133650E+01 2.210E-01
  1.166540E+01 2.030E-01
  1.200310E+01 1.860E-01
  1.234970E+01 1.710E-01
  1.270550E+01 1.560E-01
  1.307060E+01 1.430E-01
  1.344520E+01 1.320E-01
  1.382950E+01 1.210E-01
  1.422380E+01 1.100E-01
  1.462820E+01 1.010E-01
  1.504300E+01 9.280E-02
  1.546830E+01 8.510E-02
  1.590440E+01 7.790E-02
  1.635159E+01 7.140E-02
  1.680991E+01 6.540E-02
  1.727980E+01 6.000E-02
  1.776131E+01 5.490E-02
  1.825470E+01 5.030E-02
  1.876030E+01 4.610E-02
  1.927820E+01 4.220E-02
  1.980890E+01 3.870E-02
  2.035240E+01 3.540E-02
  2.090900E+01 3.240E-02
  2.147900E+01 2.970E-02
  2.206261E+01 2.720E-02
  2.266010E+01 2.490E-02
  2.327170E+01 2.280E-02
  2.389780E+01 2.090E-02
  2.453850E+01 1.910E-02
  2.519420E+01 1.750E-02
  2.546300E+01 1.690E-02
  2.644250E+01 1.493E-02
  2.745580E+01 1.316E-02
  2.850391E+01 1.161E-02
  2.958789E+01 1.023E-02
  3.070888E+01 9.019E-03
  3.186800E+01 7.951E-03
  3.306641E+01 7.008E-03
  3.430531E+01 6.177E-03
  3.558595E+01 5.445E-03
  3.690958E+01 4.799E-03
  3.827750E+01 4.229E-03
  3.969104E+01 3.727E-03
  4.115161E+01 3.285E-03
  4.266060E+01 2.894E-03
  4.421945E+01 2.550E-03
  4.582964E+01 2.247E-03
  4.749272E+01 1.980E-03
  4.921025E+01 1.745E-03
  5.098386E+01 1.537E-03
  5.281519E+01 1.354E-03
  5.470593E+01 1.193E-03
  5.665784E+01 1.051E-03
  5.867271E+01 9.257E-04
  6.075235E+01 8.154E-04
  6.289870E+01 7.183E-04
  6.511365E+01 6.326E-04
  6.739922E+01 5.572E-04
  6.975749E+01 4.907E-04
  7.219049E+01 4.322E-04
  7.470038E+01 3.806E-04
       3   8   3   200    2  -4.31564E+00      79
  3.955640E+00 6.460E-01
  4.027640E+00 6.250E-01
  4.099640E+00 6.060E-01
  4.171640E+00 5.870E-01
  4.243640E+00 5.690E-01
  4.315640E+00 5.520E-01
  4.511420E+00 5.090E-01
  4.714930E+00 4.700E-01
  4.926440E+00 4.330E-01
  5.146220E+00 3.990E-01
  5.374570E+00 3.680E-01
  5.611790E+00 3.390E-01
  5.858170E+00 3.130E-01
  6.114050E+00 2.880E-01
  6.379730E+00 2.660E-01
  6.655570E+00 2.450E-01
  6.941900E+00 2.260E-01
  7.239090E+00 2.080E-01
  7.547510E+00 1.920E-01
  7.867530E+00 1.770E-01
  8.199550E+00 1.630E-01
  8.543980E+00 1.500E-01
  8.901230E+00 1.380E-01
  9.271720E+00 1.270E-01
  9.655920E+00 1.170E-01
  1.005430E+01 1.080E-01
  1.046720E+01 9.960E-02
  1.089530E+01 9.180E-02
  1.133900E+01 8.450E-02
  1.179880E+01 7.780E-02
  1.227530E+01 7.170E-02
  1.276890E+01 6.600E-02
  1.328040E+01 6.080E-02
  1.381020E+01 5.600E-02
  1.435890E+01 5.160E-02
  1.492720E+01 4.750E-02
  1.551560E+01 4.370E-02
  1.612500E+01 4.020E-02
  1.675580E+01 3.710E-02
  1.740891E+01 3.410E-02
  1.808490E+01 3.140E-02
  1.878461E+01 2.890E-02
  1.950870E+01 2.660E-02
  2.025800E+01 2.450E-02
  2.103329E+01 2.250E-02
  2.183549E+01 2.070E-02
  2.266530E+01 1.910E-02
  2.352370E+01 1.760E-02
  2.441150E+01 1.620E-02
  2.532980E+01 1.490E-02
  2.627940E+01 1.370E-02
  2.726131E+01 1.260E-02
  2.771561E+01 1.210E-02
  2.921048E+01 1.075E-02
  3.077797E+01 9.531E-03
  3.242126E+01 8.449E-03
  3.414368E+01 7.490E-03
  3.594867E+01 6.639E-03
  3.783977E+01 5.885E-03
  3.982074E+01 5.216E-03
  4.189543E+01 4.622E-03
  4.406787E+01 4.096E-03
  4.634222E+01 3.629E-03
  4.872285E+01 3.215E-03
  5.121419E+01 2.849E-03
  5.382097E+01 2.524E-03
  5.654807E+01 2.236E-03
  5.940050E+01 1.980E-03
  6.238347E+01 1.754E-03
  6.550252E+01 1.553E-03
  6.876320E+01 1.376E-03
  7.217140E+01 1.218E-03
  7.573311E+01 1.079E-03
  7.945483E+01 9.550E-04
  8.334290E+01 8.455E-04
  8.740422E+01 7.485E-04
  9.164578E+01 6.626E-04
  9.607489E+01 5.865E-04
  1.006992E+02 5.192E-04
       4   8   3   211    2  -4.07808E+00      78
  3.718080E+00 9.420E-01
  3.790080E+00 9.010E-01
  3.862080E+00 8.630E-01
  3.934080E+00 8.260E-01
  4.006080E+00 7.920E-01
  4.078080E+00 7.600E-01
  4.227310E+00 6.980E-01
  4.381060E+00 6.410E-01
  4.539440E+00 5.880E-01
  4.702580E+00 5.400E-01
  4.870600E+00 4.960E-01
  5.043610E+00 4.560E-01
  5.221750E+00 4.180E-01
  5.405140E+00 3.840E-01
  5.593900E+00 3.530E-01
  5.788180E+00 3.240E-01
  5.988110E+00 2.970E-01
  6.193840E+00 2.730E-01
  6.405490E+00 2.500E-01
  6.623220E+00 2.300E-01
  6.847170E+00 2.110E-01
  7.077500E+00 1.940E-01
  7.314360E+00 1.780E-01
  7.557910E+00 1.630E-01
  7.808300E+00 1.500E-01
  8.065710E+00 1.370E-01
  8.330300E+00 1.260E-01
  8.602240E+00 1.150E-01
  8.881710E+00 1.060E-01
  9.168880E+00 9.720E-02
  9.463930E+00 8.920E-02
  9.767060E+00 8.180E-02
  1.007850E+01 7.500E-02
  1.039830E+01 6.880E-02
  1.072680E+01 6.310E-02
  1.106410E+01 5.790E-02
  1.141050E+01 5.310E-02
  1.176620E+01 4.870E-02
  1.213130E+01 4.460E-02
  1.250610E+01 4.090E-02
  1.289090E+01 3.750E-02
  1.328580E+01 3.440E-02
  1.369100E+01 3.160E-02
  1.410690E+01 2.890E-02
  1.453360E+01 2.650E-02
  1.497150E+01 2.430E-02
  1.542060E+01 2.230E-02
  1.588140E+01 2.040E-02
  1.635400E+01 1.870E-02
  1.683870E+01 1.720E-02
  1.733580E+01 1.570E-02
  1.784560E+01 1.440E-02
  1.836839E+01 1.320E-02
  1.890430E+01 1.210E-02
  1.945380E+01 1.110E-02
  2.001711E+01 1.020E-02
  2.027811E+01 9.770E-03
  2.112114E+01 8.620E-03
  2.199448E+01 7.604E-03
  2.289903E+01 6.707E-03
  2.383578E+01 5.915E-03
  2.480573E+01 5.216E-03
  2.580989E+01 4.600E-03
  2.684933E+01 4.056E-03
  2.792513E+01 3.577E-03
  2.903836E+01 3.153E-03
  3.019020E+01 2.780E-03
  3.138182E+01 2.451E-03
  3.261441E+01 2.161E-03
  3.388922E+01 1.905E-03
  3.520750E+01 1.679E-03
  3.657054E+01 1.480E-03
  3.797969E+01 1.304E-03
  3.943633E+01 1.149E-03
  4.094183E+01 1.013E-03
  4.249768E+01 8.926E-04
  4.410535E+01 7.865E-04
  4.576631E+01 6.930E-04
       5   8   3   220    1  -4.00317E+00      82
  3.643170E+00 6.990E-01
  3.715170E+00 6.540E-01
  3.787170E+00 6.120E-01
  3.859170E+00 5.740E-01
  3.931170E+00 5.390E-01
  4.003170E+00 5.070E-01
  4.107230E+00 4.640E-01
  4.213670E+00 4.250E-01
  4.322560E+00 3.890E-01
  4.433930E+00 3.560E-01
  4.547840E+00 3.260E-01
  4.664340E+00 2.980E-01
  4.783480E+00 2.730E-01
  4.905310E+00 2.500E-01
  5.029870E+00 2.290E-01
  5.157240E+00 2.090E-01
  5.287440E+00 1.920E-01
  5.420560E+00 1.750E-01
  5.556620E+00 1.600E-01
  5.695710E+00 1.470E-01
  5.837860E+00 1.340E-01
  5.983150E+00 1.230E-01
  6.131630E+00 1.120E-01
  6.283350E+00 1.030E-01
  6.438390E+00 9.410E-02
  6.596800E+00 8.610E-02
  6.758650E+00 7.880E-02
  6.923990E+00 7.210E-02
  7.092900E+00 6.590E-02
  7.265440E+00 6.030E-02
  7.441680E+00 5.520E-02
  7.621680E+00 5.050E-02
  7.805520E+00 4.620E-02
  7.993260E+00 4.220E-02
  8.184980E+00 3.860E-02
  8.380750E+00 3.530E-02
  8.580640E+00 3.230E-02
  8.784720E+00 2.960E-02
  8.993080E+00 2.700E-02
  9.205780E+00 2.470E-02
  9.422910E+00 2.260E-02
  9.644540E+00 2.070E-02
  9.870760E+00 1.890E-02
  1.010170E+01 1.730E-02
  1.033730E+01 1.580E-02
  1.057780E+01 1.440E-02
  1.082310E+01 1.320E-02
  1.107350E+01 1.210E-02
  1.132900E+01 1.110E-02
  1.158970E+01 1.010E-02
  1.185560E+01 9.230E-03
  1.212690E+01 8.440E-03
  1.240360E+01 7.720E-03
  1.268590E+01 7.050E-03
  1.297390E+01 6.450E-03
  1.326760E+01 5.890E-03
  1.356710E+01 5.390E-03
  1.387250E+01 4.930E-03
  1.418400E+01 4.500E-03
  1.450170E+01 4.120E-03
  1.482560E+01 3.760E-03
  1.515580E+01 3.440E-03
  1.549250E+01 3.140E-03
  1.583570E+01 2.870E-03
  1.618570E+01 2.620E-03
  1.654240E+01 2.400E-03
  1.690601E+01 2.190E-03
  1.727660E+01 2.000E-03
  1.765440E+01 1.830E-03
  1.803940E+01 1.670E-03
  1.843179E+01 1.530E-03
  1.883160E+01 1.400E-03
  1.923911E+01 1.280E-03
  1.965430E+01 1.170E-03
  2.007739E+01 1.060E-03
  2.020320E+01 1.040E-03
  2.082802E+01 9.155E-04
  2.147002E+01 8.048E-04
  2.212961E+01 7.074E-04
  2.280722E+01 6.219E-04
  2.350330E+01 5.466E-04
  2.421832E+01 4.805E-04
       6   8   3   200    3  -2.37976E+00      84
  2.019760E+00 1.090E+00
  2.091760E+00 1.020E+00
  2.163760E+00 9.560E-01
  2.235760E+00 9.000E-01
  2.307760E+00 8.490E-01
  2.379760E+00 8.020E-01
  2.484090E+00 7.400E-01
  2.592660E+00 6.830E-01
  2.705640E+00 6.300E-01
  2.823180E+00 5.810E-01
  2.945460E+00 5.360E-01
  3.072650E+00 4.950E-01
  3.204940E+00 4.560E-01
  3.342520E+00 4.210E-01
  3.485580E+00 3.880E-01
  3.634320E+00 3.580E-01
  3.788960E+00 3.300E-01
  3.949700E+00 3.050E-01
  4.116770E+00 2.810E-01
  4.290410E+00 2.590E-01
  4.470840E+00 2.390E-01
  4.658330E+00 2.200E-01
  4.853110E+00 2.030E-01
  5.055460E+00 1.870E-01
  5.265640E+00 1.730E-01
  5.483940E+00 1.590E-01
  5.710650E+00 1.470E-01
  5.946060E+00 1.350E-01
  6.190490E+00 1.250E-01
  6.444260E+00 1.150E-01
  6.707690E+00 1.060E-01
  6.981130E+00 9.780E-02
  7.264930E+00 9.010E-02
  7.559450E+00 8.310E-02
  7.865070E+00 7.650E-02
  8.182170E+00 7.050E-02
  8.511150E+00 6.500E-02
  8.852430E+00 5.990E-02
  9.206440E+00 5.520E-02
  9.573600E+00 5.090E-02
  9.954380E+00 4.690E-02
  1.034920E+01 4.320E-02
  1.075870E+01 3.980E-02
  1.118320E+01 3.660E-02
  1.162320E+01 3.380E-02
  1.207940E+01 3.110E-02
  1.255220E+01 2.860E-02
  1.304230E+01 2.640E-02
  1.355010E+01 2.430E-02
  1.407640E+01 2.240E-02
  1.462160E+01 2.060E-02
  1.518660E+01 1.900E-02
  1.577180E+01 1.750E-02
  1.637801E+01 1.610E-02
  1.700580E+01 1.480E-02
  1.765610E+01 1.370E-02
  1.832961E+01 1.260E-02
  1.902690E+01 1.160E-02
  1.974899E+01 1.070E-02
  2.049651E+01 9.810E-03
  2.127040E+01 9.030E-03
  2.207150E+01 8.320E-03
  2.290070E+01 7.650E-03
  2.375890E+01 7.050E-03
  2.464700E+01 6.490E-03
  2.556610E+01 5.970E-03
  2.577980E+01 5.860E-03
  2.717445E+01 5.212E-03
  2.863954E+01 4.625E-03
  3.017839E+01 4.105E-03
  3.179446E+01 3.642E-03
  3.349139E+01 3.232E-03
  3.527296E+01 2.868E-03
  3.714311E+01 2.544E-03
  3.910596E+01 2.257E-03
  4.116582E+01 2.002E-03
  4.332719E+01 1.776E-03
  4.559474E+01 1.575E-03
  4.797334E+01 1.397E-03
  5.046806E+01 1.239E-03
  5.308426E+01 1.099E-03
  5.582747E+01 9.747E-04
  5.870348E+01 8.643E-04
  6.171829E+01 7.664E-04
       7   8   3   211    3  -2.28297E+00      82
  1.922970E+00 1.640E+00
  1.994970E+00 1.520E+00
  2.066970E+00 1.410E+00
  2.138970E+00 1.310E+00
  2.210970E+00 1.220E+00
  2.282970E+00 1.130E+00
  2.371400E+00 1.040E+00
  2.462850E+00 9.600E-01
  2.557400E+00 8.830E-01
  2.655140E+00 8.120E-01
  2.756160E+00 7.470E-01
  2.860550E+00 6.870E-01
  2.968420E+00 6.320E-01
  3.079840E+00 5.810E-01
  3.194940E+00 5.340E-01
  3.313790E+00 4.910E-01
  3.436520E+00 4.510E-01
  3.563210E+00 4.150E-01
  3.693990E+00 3.820E-01
  3.828960E+00 3.510E-01
  3.968230E+00 3.220E-01
  4.111920E+00 2.960E-01
  4.260150E+00 2.720E-01
  4.413030E+00 2.500E-01
  4.570690E+00 2.300E-01
  4.733250E+00 2.110E-01
  4.900840E+00 1.940E-01
  5.073580E+00 1.780E-01
  5.251620E+00 1.640E-01
  5.435080E+00 1.500E-01
  5.624110E+00 1.380E-01
  5.818840E+00 1.270E-01
  6.019420E+00 1.170E-01
  6.226000E+00 1.070E-01
  6.438720E+00 9.820E-02
  6.657730E+00 9.010E-02
  6.883200E+00 8.280E-02
  7.115270E+00 7.600E-02
  7.354120E+00 6.980E-02
  7.599900E+00 6.400E-02
  7.852780E+00 5.880E-02
  8.112940E+00 5.390E-02
  8.380540E+00 4.950E-02
  8.655770E+00 4.540E-02
  8.938800E+00 4.170E-02
  9.229830E+00 3.820E-02
  9.529030E+00 3.510E-02
  9.836590E+00 3.220E-02
  1.015270E+01 2.950E-02
  1.047760E+01 2.710E-02
  1.081150E+01 2.490E-02
  1.115450E+01 2.280E-02
  1.150690E+01 2.090E-02
  1.186890E+01 1.920E-02
  1.224070E+01 1.760E-02
  1.262250E+01 1.610E-02
  1.301460E+01 1.480E-02
  1.341710E+01 1.360E-02
  1.383040E+01 1.240E-02
  1.425460E+01 1.140E-02
  1.469000E+01 1.050E-02
  1.513690E+01 9.590E-03
  1.559540E+01 8.790E-03
  1.606590E+01 8.060E-03
  1.654849E+01 7.390E-03
  1.704370E+01 6.770E-03
  1.755150E+01 6.200E-03
  1.807240E+01 5.690E-03
  1.848300E+01 5.320E-03
  1.927528E+01 4.723E-03
  2.009738E+01 4.169E-03
  2.095030E+01 3.680E-03
  2.183505E+01 3.248E-03
  2.275267E+01 2.867E-03
  2.370428E+01 2.530E-03
  2.469095E+01 2.233E-03
  2.571382E+01 1.970E-03
  2.677409E+01 1.738E-03
  2.787299E+01 1.534E-03
  2.901172E+01 1.353E-03
  3.019160E+01 1.194E-03
  3.141391E+01 1.053E-03
       8   8   3   220    2  -2.25163E+00      87
  1.891640E+00 1.620E+00
  1.963640E+00 1.460E+00
  2.035640E+00 1.330E+00
  2.107640E+00 1.210E+00
  2.179640E+00 1.100E+00
  2.251640E+00 1.010E+00
  2.322970E+00 9.210E-01
  2.396140E+00 8.440E-01
  2.471170E+00 7.740E-01
  2.548110E+00 7.090E-01
  2.627000E+00 6.500E-01
  2.707870E+00 5.950E-01
  2.790780E+00 5.450E-01
  2.875740E+00 5.000E-01
  2.962830E+00 4.580E-01
  3.052060E+00 4.190E-01
  3.143490E+00 3.840E-01
  3.237160E+00 3.520E-01
  3.333120E+00 3.220E-01
  3.431410E+00 2.950E-01
  3.532080E+00 2.710E-01
  3.635170E+00 2.480E-01
  3.740730E+00 2.270E-01
  3.848820E+00 2.080E-01
  3.959480E+00 1.900E-01
  4.072760E+00 1.740E-01
  4.188710E+00 1.600E-01
  4.307390E+00 1.460E-01
  4.428840E+00 1.340E-01
  4.553120E+00 1.230E-01
  4.680290E+00 1.120E-01
  4.810400E+00 1.030E-01
  4.943510E+00 9.400E-02
  5.079670E+00 8.600E-02
  5.218940E+00 7.870E-02
  5.361380E+00 7.210E-02
  5.507050E+00 6.590E-02
  5.656010E+00 6.040E-02
  5.808330E+00 5.530E-02
  5.964060E+00 5.060E-02
  6.123270E+00 4.630E-02
  6.286020E+00 4.230E-02
  6.452380E+00 3.870E-02
  6.622410E+00 3.550E-02
  6.796200E+00 3.240E-02
  6.973790E+00 2.970E-02
  7.155260E+00 2.720E-02
  7.340680E+00 2.480E-02
  7.530130E+00 2.270E-02
  7.723680E+00 2.080E-02
  7.921400E+00 1.900E-02
  8.123360E+00 1.740E-02
  8.329640E+00 1.590E-02
  8.540330E+00 1.460E-02
  8.755490E+00 1.330E-02
  8.975210E+00 1.220E-02
  9.199570E+00 1.110E-02
  9.428650E+00 1.020E-02
  9.662530E+00 9.320E-03
  9.901310E+00 8.520E-03
  1.014510E+01 7.790E-03
  1.039390E+01 7.130E-03
  1.064780E+01 6.520E-03
  1.090700E+01 5.960E-03
  1.117160E+01 5.450E-03
  1.144150E+01 4.980E-03
  1.171700E+01 4.560E-03
  1.199810E+01 4.170E-03
  1.228490E+01 3.810E-03
  1.257740E+01 3.480E-03
  1.287600E+01 3.180E-03
  1.318050E+01 2.910E-03
  1.349110E+01 2.660E-03
  1.380790E+01 2.430E-03
  1.413110E+01 2.220E-03
  1.446060E+01 2.030E-03
  1.479670E+01 1.860E-03
  1.513950E+01 1.700E-03
  1.548890E+01 1.550E-03
  1.584530E+01 1.420E-03
  1.620860E+01 1.300E-03
  1.657910E+01 1.180E-03
  1.695670E+01 1.080E-03
  1.734171E+01 9.900E-04
  1.773410E+01 9.040E-04
  1.813409E+01 8.260E-04
  1.845160E+01 7.700E-04
       9   8   3   200    4  -1.50555E+00      88
  1.145550E+00 1.810E+00
  1.217550E+00 1.610E+00
  1.289550E+00 1.450E+00
  1.361550E+00 1.310E+00
  1.433550E+00 1.190E+00
  1.505550E+00 1.080E+00
  1.569580E+00 9.980E-01
  1.636250E+00 9.210E-01
  1.705640E+00 8.500E-01
  1.777870E+00 7.850E-01
  1.853040E+00 7.240E-01
  1.931280E+00 6.680E-01
  2.012700E+00 6.170E-01
  2.097420E+00 5.690E-01
  2.185560E+00 5.250E-01
  2.277270E+00 4.840E-01
  2.372680E+00 4.470E-01
  2.471920E+00 4.130E-01
  2.575150E+00 3.810E-01
  2.682510E+00 3.510E-01
  2.794170E+00 3.240E-01
  2.910280E+00 2.990E-01
  3.031010E+00 2.760E-01
  3.156540E+00 2.540E-01
  3.287040E+00 2.350E-01
  3.422710E+00 2.160E-01
  3.563730E+00 2.000E-01
  3.710310E+00 1.840E-01
  3.862650E+00 1.700E-01
  4.020960E+00 1.570E-01
  4.185460E+00 1.440E-01
  4.356390E+00 1.330E-01
  4.533970E+00 1.230E-01
  4.718450E+00 1.130E-01
  4.910090E+00 1.040E-01
  5.109150E+00 9.630E-02
  5.315890E+00 8.880E-02
  5.530590E+00 8.180E-02
  5.753540E+00 7.540E-02
  5.985040E+00 6.950E-02
  6.225400E+00 6.410E-02
  6.474930E+00 5.910E-02
  6.733960E+00 5.450E-02
  7.002830E+00 5.020E-02
  7.281890E+00 4.630E-02
  7.571500E+00 4.270E-02
  7.872040E+00 3.930E-02
  8.183880E+00 3.620E-02
  8.507440E+00 3.340E-02
  8.843110E+00 3.080E-02
  9.191330E+00 2.840E-02
  9.552540E+00 2.610E-02
  9.927170E+00 2.410E-02
  1.031570E+01 2.220E-02
  1.071860E+01 2.040E-02
  1.113640E+01 1.880E-02
  1.156960E+01 1.730E-02
  1.201870E+01 1.600E-02
  1.248430E+01 1.470E-02
  1.296690E+01 1.360E-02
  1.346700E+01 1.250E-02
  1.398540E+01 1.150E-02
  1.452270E+01 1.060E-02
  1.507930E+01 9.760E-03
  1.565610E+01 8.990E-03
  1.625369E+01 8.280E-03
  1.687280E+01 7.630E-03
  1.751401E+01 7.020E-03
  1.817821E+01 6.470E-03
  1.886610E+01 5.950E-03
  1.957851E+01 5.480E-03
  2.031619E+01 5.050E-03
  2.108000E+01 4.650E-03
  2.187090E+01 4.280E-03
  2.268950E+01 3.940E-03
  2.353700E+01 3.630E-03
  2.441420E+01 3.340E-03
  2.490550E+01 3.190E-03
  2.625790E+01 2.851E-03
  2.768018E+01 2.531E-03
  2.917575E+01 2.248E-03
  3.074821E+01 1.996E-03
  3.240137E+01 1.772E-03
  3.413911E+01 1.573E-03
  3.596556E+01 1.396E-03
  3.788509E+01 1.240E-03
  3.990213E+01 1.100E-03
  4.202147E+01 9.768E-04
      10   8   3   211    4  -1.45688E+00      86
  1.096880E+00 2.800E+00
  1.168880E+00 2.450E+00
  1.240880E+00 2.160E+00
  1.312880E+00 1.920E+00
  1.384880E+00 1.720E+00
  1.456880E+00 1.540E+00
  1.514050E+00 1.420E+00
  1.573310E+00 1.310E+00
  1.634710E+00 1.200E+00
  1.698320E+00 1.110E+00
  1.764220E+00 1.020E+00
  1.832470E+00 9.400E-01
  1.903160E+00 8.650E-01
  1.976340E+00 7.970E-01
  2.052110E+00 7.330E-01
  2.130530E+00 6.750E-01
  2.211700E+00 6.210E-01
  2.295680E+00 5.720E-01
  2.382580E+00 5.260E-01
  2.472460E+00 4.840E-01
  2.565420E+00 4.450E-01
  2.661560E+00 4.100E-01
  2.760960E+00 3.770E-01
  2.863710E+00 3.470E-01
  2.969920E+00 3.190E-01
  3.079680E+00 2.930E-01
  3.193100E+00 2.700E-01
  3.310270E+00 2.480E-01
  3.431300E+00 2.280E-01
  3.556310E+00 2.100E-01
  3.685390E+00 1.930E-01
  3.818670E+00 1.770E-01
  3.956250E+00 1.630E-01
  4.098260E+00 1.500E-01
  4.244820E+00 1.380E-01
  4.396040E+00 1.270E-01
  4.552050E+00 1.160E-01
  4.712980E+00 1.070E-01
  4.878960E+00 9.820E-02
  5.050110E+00 9.020E-02
  5.226590E+00 8.290E-02
  5.408520E+00 7.610E-02
  5.596040E+00 6.990E-02
  5.789310E+00 6.420E-02
  5.988450E+00 5.900E-02
  6.193630E+00 5.420E-02
  6.405000E+00 4.980E-02
  6.622700E+00 4.570E-02
  6.846910E+00 4.200E-02
  7.077770E+00 3.850E-02
  7.315460E+00 3.540E-02
  7.560130E+00 3.250E-02
  7.811970E+00 2.980E-02
  8.071140E+00 2.740E-02
  8.337820E+00 2.510E-02
  8.612190E+00 2.310E-02
  8.894430E+00 2.120E-02
  9.184730E+00 1.940E-02
  9.483280E+00 1.780E-02
  9.790270E+00 1.640E-02
  1.010590E+01 1.500E-02
  1.043040E+01 1.380E-02
  1.076390E+01 1.260E-02
  1.110660E+01 1.160E-02
  1.145890E+01 1.060E-02
  1.182080E+01 9.750E-03
  1.219250E+01 8.940E-03
  1.257440E+01 8.200E-03
  1.296670E+01 7.520E-03
  1.336950E+01 6.900E-03
  1.378310E+01 6.320E-03
  1.420780E+01 5.800E-03
  1.464370E+01 5.320E-03
  1.509120E+01 4.880E-03
  1.555040E+01 4.470E-03
  1.602170E+01 4.100E-03
  1.650520E+01 3.760E-03
  1.700130E+01 3.440E-03
  1.751019E+01 3.160E-03
  1.765691E+01 3.080E-03
  1.842984E+01 2.763E-03
  1.923312E+01 2.441E-03
  2.006778E+01 2.156E-03
  2.093494E+01 1.905E-03
  2.183572E+01 1.682E-03
  2.277130E+01 1.486E-03
      11   8   3   220    3  -1.44091E+00      97
  1.080910E+00 3.030E+00
  1.152910E+00 2.600E+00
  1.224910E+00 2.250E+00
  1.296910E+00 1.950E+00
  1.368910E+00 1.710E+00
  1.440910E+00 1.510E+00
  1.491090E+00 1.380E+00
  1.542720E+00 1.270E+00
  1.595810E+00 1.160E+00
  1.650420E+00 1.070E+00
  1.706570E+00 9.790E-01
  1.764290E+00 8.990E-01
  1.823630E+00 8.240E-01
  1.884610E+00 7.560E-01
  1.947270E+00 6.940E-01
  2.011650E+00 6.360E-01
  2.077790E+00 5.840E-01
  2.145720E+00 5.350E-01
  2.215480E+00 4.910E-01
  2.287120E+00 4.500E-01
  2.360670E+00 4.130E-01
  2.436170E+00 3.780E-01
  2.513670E+00 3.470E-01
  2.593200E+00 3.180E-01
  2.674810E+00 2.910E-01
  2.758550E+00 2.670E-01
  2.844450E+00 2.450E-01
  2.932560E+00 2.240E-01
  3.022920E+00 2.060E-01
  3.115590E+00 1.880E-01
  3.210600E+00 1.730E-01
  3.308020E+00 1.580E-01
  3.407870E+00 1.450E-01
  3.510220E+00 1.330E-01
  3.615120E+00 1.220E-01
  3.722600E+00 1.120E-01
  3.832740E+00 1.020E-01
  3.945570E+00 9.360E-02
  4.061140E+00 8.570E-02
  4.179530E+00 7.850E-02
  4.300770E+00 7.190E-02
  4.424920E+00 6.580E-02
  4.552050E+00 6.030E-02
  4.682200E+00 5.520E-02
  4.815430E+00 5.050E-02
  4.951810E+00 4.630E-02
  5.091390E+00 4.240E-02
  5.234230E+00 3.880E-02
  5.380400E+00 3.550E-02
  5.529950E+00 3.250E-02
  5.682950E+00 2.980E-02
  5.839470E+00 2.720E-02
  5.999560E+00 2.490E-02
  6.163300E+00 2.280E-02
  6.330750E+00 2.090E-02
  6.501980E+00 1.910E-02
  6.677050E+00 1.750E-02
  6.856040E+00 1.600E-02
  7.039030E+00 1.470E-02
  7.226070E+00 1.340E-02
  7.417240E+00 1.230E-02
  7.612620E+00 1.120E-02
  7.812270E+00 1.030E-02
  8.016290E+00 9.400E-03
  8.224740E+00 8.600E-03
  8.437700E+00 7.870E-03
  8.655250E+00 7.190E-03
  8.877470E+00 6.580E-03
  9.104440E+00 6.020E-03
  9.336250E+00 5.510E-03
  9.572970E+00 5.040E-03
  9.814700E+00 4.610E-03
  1.006150E+01 4.210E-03
  1.031350E+01 3.850E-03
  1.057070E+01 3.520E-03
  1.083330E+01 3.220E-03
  1.110140E+01 2.950E-03
  1.137500E+01 2.690E-03
  1.165420E+01 2.460E-03
  1.193910E+01 2.250E-03
  1.222980E+01 2.060E-03
  1.252650E+01 1.880E-03
  1.282910E+01 1.720E-03
  1.313790E+01 1.570E-03
  1.345290E+01 1.440E-03
  1.377410E+01 1.320E-03
  1.410180E+01 1.200E-03
  1.443610E+01 1.100E-03
  1.477690E+01 1.000E-03
  1.512450E+01 9.180E-04
  1.547890E+01 8.390E-04
  1.584030E+01 7.670E-04
  1.620869E+01 7.010E-04
  1.658430E+01 6.400E-04
  1.696710E+01 5.850E-04
  1.735741E+01 5.350E-04
  1.764090E+01 5.010E-04
      12   8   3   200    5  -1.03762E+00      89
  8.216220E-01 2.180E+00
  8.936220E-01 1.850E+00
  9.656220E-01 1.600E+00
  1.037620E+00 1.390E+00
  1.080780E+00 1.280E+00
  1.125700E+00 1.180E+00
  1.172450E+00 1.090E+00
  1.221130E+00 1.010E+00
  1.271780E+00 9.300E-01
  1.324510E+00 8.580E-01
  1.379380E+00 7.920E-01
  1.436480E+00 7.310E-01
  1.495900E+00 6.750E-01
  1.557740E+00 6.230E-01
  1.622070E+00 5.750E-01
  1.689010E+00 5.300E-01
  1.758650E+00 4.890E-01
  1.831100E+00 4.510E-01
  1.906470E+00 4.170E-01
  1.984870E+00 3.840E-01
  2.066410E+00 3.550E-01
  2.151230E+00 3.270E-01
  2.239440E+00 3.020E-01
  2.331170E+00 2.790E-01
  2.426570E+00 2.570E-01
  2.525760E+00 2.370E-01
  2.628900E+00 2.190E-01
  2.736130E+00 2.020E-01
  2.847620E+00 1.860E-01
  2.963510E+00 1.720E-01
  3.083980E+00 1.580E-01
  3.209200E+00 1.460E-01
  3.339360E+00 1.350E-01
  3.474620E+00 1.240E-01
  3.615190E+00 1.150E-01
  3.761270E+00 1.060E-01
  3.913050E+00 9.750E-02
  4.070760E+00 8.990E-02
  4.234600E+00 8.290E-02
  4.404810E+00 7.640E-02
  4.581630E+00 7.050E-02
  4.765280E+00 6.500E-02
  4.956040E+00 5.990E-02
  5.154150E+00 5.530E-02
  5.359890E+00 5.090E-02
  5.573530E+00 4.700E-02
  5.795370E+00 4.330E-02
  6.025690E+00 3.990E-02
  6.264800E+00 3.680E-02
  6.513030E+00 3.390E-02
  6.770700E+00 3.130E-02
  7.038140E+00 2.880E-02
  7.315720E+00 2.660E-02
  7.603780E+00 2.450E-02
  7.902710E+00 2.260E-02
  8.212890E+00 2.080E-02
  8.534720E+00 1.920E-02
  8.868600E+00 1.770E-02
  9.214980E+00 1.630E-02
  9.574280E+00 1.500E-02
  9.946950E+00 1.380E-02
  1.033350E+01 1.270E-02
  1.073430E+01 1.170E-02
  1.115000E+01 1.080E-02
  1.158100E+01 9.960E-03
  1.202790E+01 9.180E-03
  1.249120E+01 8.450E-03
  1.297150E+01 7.790E-03
  1.346930E+01 7.170E-03
  1.398540E+01 6.610E-03
  1.452020E+01 6.090E-03
  1.507440E+01 5.610E-03
  1.564870E+01 5.160E-03
  1.624380E+01 4.760E-03
  1.686040E+01 4.380E-03
  1.749910E+01 4.030E-03
  1.816080E+01 3.720E-03
  1.884610E+01 3.420E-03
  1.955600E+01 3.150E-03
  2.029120E+01 2.900E-03
  2.105251E+01 2.670E-03
  2.184090E+01 2.460E-03
  2.265710E+01 2.270E-03
  2.350220E+01 2.090E-03
  2.437700E+01 1.920E-03
  2.443761E+01 1.910E-03
  2.577138E+01 1.714E-03
  2.717534E+01 1.523E-03
  2.865300E+01 1.353E-03
      13   8   3   211    5  -1.00977E+00      87
  7.937660E-01 3.280E+00
  8.657660E-01 2.740E+00
  9.377660E-01 2.320E+00
  1.009770E+00 1.990E+00
  1.049350E+00 1.830E+00
  1.090420E+00 1.690E+00
  1.133040E+00 1.550E+00
  1.177250E+00 1.430E+00
  1.223110E+00 1.320E+00
  1.270670E+00 1.220E+00
  1.319990E+00 1.120E+00
  1.371140E+00 1.030E+00
  1.424160E+00 9.500E-01
  1.479130E+00 8.750E-01
  1.536090E+00 8.060E-01
  1.595130E+00 7.420E-01
  1.656300E+00 6.840E-01
  1.719670E+00 6.290E-01
  1.785320E+00 5.800E-01
  1.853320E+00 5.340E-01
  1.923730E+00 4.910E-01
  1.996630E+00 4.520E-01
  2.072110E+00 4.160E-01
  2.150240E+00 3.830E-01
  2.231100E+00 3.530E-01
  2.314780E+00 3.250E-01
  2.401360E+00 2.990E-01
  2.490920E+00 2.750E-01
  2.583560E+00 2.530E-01
  2.679370E+00 2.330E-01
  2.778440E+00 2.140E-01
  2.880870E+00 1.970E-01
  2.986750E+00 1.810E-01
  3.096190E+00 1.670E-01
  3.209280E+00 1.530E-01
  3.326140E+00 1.410E-01
  3.446860E+00 1.300E-01
  3.571560E+00 1.190E-01
  3.700350E+00 1.090E-01
  3.833340E+00 1.010E-01
  3.970640E+00 9.260E-02
  4.112390E+00 8.510E-02
  4.258690E+00 7.820E-02
  4.409680E+00 7.190E-02
  4.565480E+00 6.610E-02
  4.726210E+00 6.070E-02
  4.892010E+00 5.580E-02
  5.063020E+00 5.130E-02
  5.239370E+00 4.710E-02
  5.421200E+00 4.330E-02
  5.608650E+00 3.980E-02
  5.801860E+00 3.650E-02
  6.001000E+00 3.360E-02
  6.206200E+00 3.080E-02
  6.417630E+00 2.830E-02
  6.635430E+00 2.600E-02
  6.859770E+00 2.390E-02
  7.090810E+00 2.190E-02
  7.328720E+00 2.010E-02
  7.573660E+00 1.850E-02
  7.825820E+00 1.700E-02
  8.085360E+00 1.560E-02
  8.352460E+00 1.430E-02
  8.627300E+00 1.310E-02
  8.910080E+00 1.200E-02
  9.200970E+00 1.110E-02
  9.500170E+00 1.020E-02
  9.807880E+00 9.310E-03
  1.012430E+01 8.540E-03
  1.044960E+01 7.840E-03
  1.078400E+01 7.190E-03
  1.112780E+01 6.600E-03
  1.148110E+01 6.050E-03
  1.184410E+01 5.550E-03
  1.221710E+01 5.090E-03
  1.260030E+01 4.670E-03
  1.299390E+01 4.280E-03
  1.339820E+01 3.930E-03
  1.381340E+01 3.600E-03
  1.423970E+01 3.300E-03
  1.467730E+01 3.030E-03
  1.512660E+01 2.780E-03
  1.558780E+01 2.550E-03
  1.606100E+01 2.340E-03
  1.654671E+01 2.140E-03
  1.704500E+01 1.960E-03
  1.720979E+01 1.910E-03
      14   8   3   220    4  -1.00055E+00     104
  7.845460E-01 3.550E+00
  8.565460E-01 2.900E+00
  9.285460E-01 2.410E+00
  1.000550E+00 2.020E+00
  1.037090E+00 1.860E+00
  1.074780E+00 1.700E+00
  1.113650E+00 1.570E+00
  1.153710E+00 1.440E+00
  1.195010E+00 1.320E+00
  1.237580E+00 1.210E+00
  1.281430E+00 1.110E+00
  1.326620E+00 1.020E+00
  1.373150E+00 9.400E-01
  1.421080E+00 8.630E-01
  1.470430E+00 7.930E-01
  1.521240E+00 7.280E-01
  1.573530E+00 6.680E-01
  1.627350E+00 6.130E-01
  1.682740E+00 5.630E-01
  1.739710E+00 5.160E-01
  1.798320E+00 4.740E-01
  1.858590E+00 4.350E-01
  1.920580E+00 3.990E-01
  1.984300E+00 3.660E-01
  2.049810E+00 3.360E-01
  2.117150E+00 3.080E-01
  2.186350E+00 2.830E-01
  2.257450E+00 2.590E-01
  2.330490E+00 2.380E-01
  2.405530E+00 2.180E-01
  2.482590E+00 2.000E-01
  2.561720E+00 1.830E-01
  2.642980E+00 1.680E-01
  2.726390E+00 1.540E-01
  2.812020E+00 1.410E-01
  2.899890E+00 1.300E-01
  2.990070E+00 1.190E-01
  3.082590E+00 1.090E-01
  3.177520E+00 9.980E-02
  3.274880E+00 9.150E-02
  3.374740E+00 8.380E-02
  3.477140E+00 7.680E-02
  3.582140E+00 7.040E-02
  3.689790E+00 6.450E-02
  3.800140E+00 5.910E-02
  3.913240E+00 5.420E-02
  4.029150E+00 4.960E-02
  4.147920E+00 4.540E-02
  4.269610E+00 4.160E-02
  4.394280E+00 3.810E-02
  4.521970E+00 3.490E-02
  4.652760E+00 3.200E-02
  4.786700E+00 2.930E-02
  4.923850E+00 2.680E-02
  5.064260E+00 2.460E-02
  5.208010E+00 2.250E-02
  5.355150E+00 2.060E-02
  5.505750E+00 1.890E-02
  5.659870E+00 1.730E-02
  5.817570E+00 1.580E-02
  5.978920E+00 1.450E-02
  6.144000E+00 1.320E-02
  6.312860E+00 1.210E-02
  6.485570E+00 1.110E-02
  6.662200E+00 1.020E-02
  6.842830E+00 9.290E-03
  7.027530E+00 8.510E-03
  7.216360E+00 7.780E-03
  7.409400E+00 7.120E-03
  7.606720E+00 6.520E-03
  7.808410E+00 5.960E-03
  8.014530E+00 5.460E-03
  8.225160E+00 4.990E-03
  8.440380E+00 4.570E-03
  8.660280E+00 4.180E-03
  8.884920E+00 3.820E-03
  9.114390E+00 3.500E-03
  9.348770E+00 3.200E-03
  9.588150E+00 2.920E-03
  9.832620E+00 2.680E-03
  1.008220E+01 2.450E-03
  1.033710E+01 2.240E-03
  1.059730E+01 2.050E-03
  1.086300E+01 1.870E-03
  1.113410E+01 1.710E-03
  1.141090E+01 1.560E-03
  1.169340E+01 1.430E-03
  1.198160E+01 1.310E-03
  1.227580E+01 1.200E-03
  1.257590E+01 1.090E-03
  1.288210E+01 1.000E-03
  1.319450E+01 9.140E-04
  1.351320E+01 8.350E-04
  1.383820E+01 7.640E-04
  1.416970E+01 6.980E-04
  1.450780E+01 6.380E-04
  1.485260E+01 5.830E-04
  1.520410E+01 5.330E-04
  1.556260E+01 4.870E-04
  1.592800E+01 4.450E-04
  1.630060E+01 4.070E-04
  1.668030E+01 3.720E-04
  1.706740E+01 3.400E-04
  1.720050E+01 3.290E-04
      15   8   3   200    6  -7.58255E-01      93
  6.142550E-01 2.600E+00
  6.862550E-01 2.090E+00
  7.582550E-01 1.720E+00
  7.892260E-01 1.590E+00
  8.214600E-01 1.470E+00
  8.550080E-01 1.350E+00
  8.899230E-01 1.250E+00
  9.262600E-01 1.150E+00
  9.640740E-01 1.060E+00
  1.003430E+00 9.820E-01
  1.044380E+00 9.060E-01
  1.086990E+00 8.360E-01
  1.131320E+00 7.720E-01
  1.177460E+00 7.120E-01
  1.225460E+00 6.580E-01
  1.275400E+00 6.070E-01
  1.327360E+00 5.600E-01
  1.381420E+00 5.170E-01
  1.437650E+00 4.770E-01
  1.496150E+00 4.400E-01
  1.557000E+00 4.060E-01
  1.620300E+00 3.750E-01
  1.686130E+00 3.460E-01
  1.754610E+00 3.190E-01
  1.825820E+00 2.940E-01
  1.899890E+00 2.710E-01
  1.976910E+00 2.510E-01
  2.057000E+00 2.310E-01
  2.140290E+00 2.130E-01
  2.226890E+00 1.970E-01
  2.316930E+00 1.810E-01
  2.410540E+00 1.670E-01
  2.507860E+00 1.540E-01
  2.609030E+00 1.420E-01
  2.714210E+00 1.310E-01
  2.823530E+00 1.210E-01
  2.937160E+00 1.120E-01
  3.055250E+00 1.030E-01
  3.177990E+00 9.510E-02
  3.305550E+00 8.770E-02
  3.438100E+00 8.090E-02
  3.575830E+00 7.460E-02
  3.718940E+00 6.880E-02
  3.867620E+00 6.340E-02
  4.022100E+00 5.850E-02
  4.182570E+00 5.400E-02
  4.349270E+00 4.980E-02
  4.522430E+00 4.590E-02
  4.702280E+00 4.230E-02
  4.889060E+00 3.900E-02
  5.083050E+00 3.600E-02
  5.284490E+00 3.320E-02
  5.493670E+00 3.060E-02
  5.710860E+00 2.820E-02
  5.936360E+00 2.600E-02
  6.170460E+00 2.390E-02
  6.413490E+00 2.210E-02
  6.665760E+00 2.040E-02
  6.927610E+00 1.880E-02
  7.199390E+00 1.730E-02
  7.481430E+00 1.590E-02
  7.774130E+00 1.470E-02
  8.077850E+00 1.350E-02
  8.392990E+00 1.250E-02
  8.719960E+00 1.150E-02
  9.059170E+00 1.060E-02
  9.411060E+00 9.770E-03
  9.776070E+00 9.000E-03
  1.015470E+01 8.290E-03
  1.054730E+01 7.640E-03
  1.095450E+01 7.040E-03
  1.137680E+01 6.490E-03
  1.181470E+01 5.980E-03
  1.226870E+01 5.510E-03
  1.273940E+01 5.070E-03
  1.322730E+01 4.670E-03
  1.373310E+01 4.310E-03
  1.425740E+01 3.970E-03
  1.480080E+01 3.650E-03
  1.536390E+01 3.370E-03
  1.594750E+01 3.100E-03
  1.655220E+01 2.860E-03
  1.717870E+01 2.630E-03
  1.782780E+01 2.420E-03
  1.850020E+01 2.230E-03
  1.919679E+01 2.050E-03
  1.991830E+01 1.890E-03
  2.066550E+01 1.740E-03
  2.143941E+01 1.600E-03
  2.224080E+01 1.480E-03
  2.307060E+01 1.360E-03
  2.392979E+01 1.250E-03
  2.415820E+01 1.230E-03
      16   8   3   211    6  -7.40841E-01      94
  5.968410E-01 3.880E+00
  6.688410E-01 3.060E+00
  7.408410E-01 2.470E+00
  7.697250E-01 2.270E+00
  7.997180E-01 2.100E+00
  8.308590E-01 1.930E+00
  8.631900E-01 1.780E+00
  8.967520E-01 1.640E+00
  9.315890E-01 1.510E+00
  9.677450E-01 1.390E+00
  1.005270E+00 1.280E+00
  1.044200E+00 1.180E+00
  1.084590E+00 1.090E+00
  1.126500E+00 1.010E+00
  1.169970E+00 9.270E-01
  1.215060E+00 8.540E-01
  1.261810E+00 7.860E-01
  1.310290E+00 7.240E-01
  1.360560E+00 6.670E-01
  1.412670E+00 6.150E-01
  1.466680E+00 5.660E-01
  1.522660E+00 5.210E-01
  1.580670E+00 4.800E-01
  1.640770E+00 4.420E-01
  1.703040E+00 4.070E-01
  1.767540E+00 3.750E-01
  1.834350E+00 3.450E-01
  1.903530E+00 3.180E-01
  1.975170E+00 2.930E-01
  2.049330E+00 2.690E-01
  2.126100E+00 2.480E-01
  2.205550E+00 2.280E-01
  2.287780E+00 2.100E-01
  2.372850E+00 1.930E-01
  2.460870E+00 1.780E-01
  2.551920E+00 1.640E-01
  2.646090E+00 1.500E-01
  2.743470E+00 1.380E-01
  2.844160E+00 1.270E-01
  2.948250E+00 1.170E-01
  3.055850E+00 1.080E-01
  3.167050E+00 9.920E-02
  3.281960E+00 9.120E-02
  3.400690E+00 8.390E-02
  3.523340E+00 7.710E-02
  3.650030E+00 7.090E-02
  3.780870E+00 6.520E-02
  3.915980E+00 6.000E-02
  4.055460E+00 5.510E-02
  4.199460E+00 5.070E-02
  4.348080E+00 4.660E-02
  4.501460E+00 4.280E-02
  4.659710E+00 3.930E-02
  4.822990E+00 3.620E-02
  4.991410E+00 3.320E-02
  5.165120E+00 3.050E-02
  5.344260E+00 2.810E-02
  5.528960E+00 2.580E-02
  5.719380E+00 2.370E-02
  5.915660E+00 2.170E-02
  6.117950E+00 2.000E-02
  6.326410E+00 1.840E-02
  6.541200E+00 1.680E-02
  6.762460E+00 1.550E-02
  6.990380E+00 1.420E-02
  7.225110E+00 1.310E-02
  7.466820E+00 1.200E-02
  7.715700E+00 1.100E-02
  7.971900E+00 1.010E-02
  8.235610E+00 9.280E-03
  8.507020E+00 8.510E-03
  8.786300E+00 7.810E-03
  9.073660E+00 7.170E-03
  9.369270E+00 6.580E-03
  9.673340E+00 6.040E-03
  9.986070E+00 5.540E-03
  1.030770E+01 5.090E-03
  1.063830E+01 4.670E-03
  1.097820E+01 4.280E-03
  1.132770E+01 3.930E-03
  1.168680E+01 3.600E-03
  1.205580E+01 3.310E-03
  1.243500E+01 3.030E-03
  1.282460E+01 2.780E-03
  1.322480E+01 2.550E-03
  1.363590E+01 2.340E-03
  1.405800E+01 2.150E-03
  1.449150E+01 1.970E-03
  1.493660E+01 1.810E-03
  1.539350E+01 1.660E-03
  1.586250E+01 1.520E-03
  1.634390E+01 1.390E-03
  1.683780E+01 1.270E-03
  1.694080E+01 1.250E-03
      17   8   3   220    5  -7.35045E-01     110
  5.910460E-01 4.180E+00
  6.630460E-01 3.230E+00
  7.350460E-01 2.560E+00
  7.625330E-01 2.350E+00
  7.909380E-01 2.160E+00
  8.202850E-01 1.990E+00
  8.506000E-01 1.830E+00
  8.819100E-01 1.680E+00
  9.142400E-01 1.550E+00
  9.476180E-01 1.420E+00
  9.820720E-01 1.310E+00
  1.017630E+00 1.200E+00
  1.054320E+00 1.100E+00
  1.092170E+00 1.010E+00
  1.131210E+00 9.320E-01
  1.171480E+00 8.560E-01
  1.212990E+00 7.860E-01
  1.255790E+00 7.220E-01
  1.299910E+00 6.640E-01
  1.345370E+00 6.090E-01
  1.392210E+00 5.600E-01
  1.440470E+00 5.140E-01
  1.490180E+00 4.720E-01
  1.541370E+00 4.330E-01
  1.594080E+00 3.980E-01
  1.648340E+00 3.650E-01
  1.704190E+00 3.350E-01
  1.761670E+00 3.080E-01
  1.820820E+00 2.830E-01
  1.881670E+00 2.590E-01
  1.944270E+00 2.380E-01
  2.008650E+00 2.180E-01
  2.074850E+00 2.000E-01
  2.142910E+00 1.840E-01
  2.212870E+00 1.690E-01
  2.284790E+00 1.550E-01
  2.358690E+00 1.420E-01
  2.434630E+00 1.300E-01
  2.512640E+00 1.190E-01
  2.592770E+00 1.090E-01
  2.675070E+00 1.000E-01
  2.759590E+00 9.200E-02
  2.846360E+00 8.440E-02
  2.935440E+00 7.740E-02
  3.026870E+00 7.090E-02
  3.120710E+00 6.500E-02
  3.217000E+00 5.960E-02
  3.315790E+00 5.460E-02
  3.417140E+00 5.010E-02
  3.521100E+00 4.590E-02
  3.627710E+00 4.210E-02
  3.737030E+00 3.850E-02
  3.849120E+00 3.530E-02
  3.964030E+00 3.240E-02
  4.081820E+00 2.960E-02
  4.202530E+00 2.720E-02
  4.326240E+00 2.490E-02
  4.452990E+00 2.280E-02
  4.582840E+00 2.090E-02
  4.715860E+00 1.910E-02
  4.852110E+00 1.750E-02
  4.991630E+00 1.600E-02
  5.134510E+00 1.470E-02
  5.280790E+00 1.350E-02
  5.430550E+00 1.230E-02
  5.583840E+00 1.130E-02
  5.740730E+00 1.030E-02
  5.901300E+00 9.450E-03
  6.065590E+00 8.650E-03
  6.233690E+00 7.920E-03
  6.405660E+00 7.250E-03
  6.581560E+00 6.640E-03
  6.761480E+00 6.070E-03
  6.945480E+00 5.560E-03
  7.133630E+00 5.090E-03
  7.326010E+00 4.660E-03
  7.522690E+00 4.260E-03
  7.723740E+00 3.900E-03
  7.929240E+00 3.570E-03
  8.139260E+00 3.260E-03
  8.353900E+00 2.990E-03
  8.573210E+00 2.730E-03
  8.797290E+00 2.500E-03
  9.026210E+00 2.290E-03
  9.260050E+00 2.090E-03
  9.498900E+00 1.910E-03
  9.742840E+00 1.750E-03
  9.991960E+00 1.600E-03
  1.024630E+01 1.460E-03
  1.050610E+01 1.340E-03
  1.077120E+01 1.220E-03
  1.104190E+01 1.120E-03
  1.131820E+01 1.020E-03
  1.160020E+01 9.360E-04
  1.188790E+01 8.560E-04
  1.218160E+01 7.820E-04
  1.248130E+01 7.150E-04
  1.278700E+01 6.540E-04
  1.309890E+01 5.980E-04
  1.341700E+01 5.460E-04
  1.374160E+01 4.990E-04
  1.407260E+01 4.560E-04
  1.441010E+01 4.170E-04
  1.475440E+01 3.810E-04
  1.510540E+01 3.480E-04
  1.546320E+01 3.180E-04
  1.582810E+01 2.910E-04
  1.620000E+01 2.660E-04
  1.657910E+01 2.430E-04
  1.693500E+01 2.240E-04
      18   8   3   200    7  -5.78221E-01      90
  4.342210E-01 3.670E+00
  5.062210E-01 2.710E+00
  5.782210E-01 2.080E+00
  6.015110E-01 1.920E+00
  6.257440E-01 1.770E+00
  6.509610E-01 1.630E+00
  6.771990E-01 1.510E+00
  7.045010E-01 1.390E+00
  7.329080E-01 1.280E+00
  7.624650E-01 1.190E+00
  7.932190E-01 1.090E+00
  8.252150E-01 1.010E+00
  8.585050E-01 9.320E-01
  8.931400E-01 8.600E-01
  9.291740E-01 7.940E-01
  9.666610E-01 7.330E-01
  1.005660E+00 6.760E-01
  1.046230E+00 6.240E-01
  1.088430E+00 5.760E-01
  1.132340E+00 5.310E-01
  1.178000E+00 4.900E-01
  1.225510E+00 4.520E-01
  1.274920E+00 4.170E-01
  1.326310E+00 3.850E-01
  1.379760E+00 3.550E-01
  1.435350E+00 3.280E-01
  1.493170E+00 3.030E-01
  1.553300E+00 2.790E-01
  1.615830E+00 2.580E-01
  1.680850E+00 2.380E-01
  1.748470E+00 2.190E-01
  1.818780E+00 2.020E-01
  1.891890E+00 1.870E-01
  1.967900E+00 1.720E-01
  2.046930E+00 1.590E-01
  2.129090E+00 1.460E-01
  2.214510E+00 1.350E-01
  2.303310E+00 1.250E-01
  2.395610E+00 1.150E-01
  2.491560E+00 1.060E-01
  2.591300E+00 9.790E-02
  2.694960E+00 9.030E-02
  2.802700E+00 8.330E-02
  2.914660E+00 7.680E-02
  3.031020E+00 7.080E-02
  3.151940E+00 6.530E-02
  3.277590E+00 6.020E-02
  3.408140E+00 5.560E-02
  3.543790E+00 5.120E-02
  3.684730E+00 4.730E-02
  3.831150E+00 4.360E-02
  3.983250E+00 4.020E-02
  4.141250E+00 3.710E-02
  4.305380E+00 3.420E-02
  4.475850E+00 3.150E-02
  4.652900E+00 2.910E-02
  4.836770E+00 2.680E-02
  5.027730E+00 2.470E-02
  5.226020E+00 2.280E-02
  5.431920E+00 2.100E-02
  5.645710E+00 1.940E-02
  5.867680E+00 1.790E-02
  6.098110E+00 1.640E-02
  6.337330E+00 1.520E-02
  6.585660E+00 1.400E-02
  6.843410E+00 1.290E-02
  7.110940E+00 1.190E-02
  7.388590E+00 1.090E-02
  7.676730E+00 1.010E-02
  7.975740E+00 9.300E-03
  8.286010E+00 8.570E-03
  8.607940E+00 7.900E-03
  8.941940E+00 7.280E-03
  9.288440E+00 6.710E-03
  9.647900E+00 6.180E-03
  1.002080E+01 5.700E-03
  1.040750E+01 5.250E-03
  1.080860E+01 4.840E-03
  1.122460E+01 4.460E-03
  1.165600E+01 4.110E-03
  1.210330E+01 3.780E-03
  1.256710E+01 3.490E-03
  1.304790E+01 3.210E-03
  1.354650E+01 2.960E-03
  1.406320E+01 2.730E-03
  1.459890E+01 2.510E-03
  1.515420E+01 2.310E-03
  1.572960E+01 2.130E-03
  1.632590E+01 1.960E-03
  1.677820E+01 1.850E-03
      19   8   3   211    7  -5.66616E-01     100
  4.946160E-01 3.970E+00
  5.666160E-01 2.980E+00
  5.885310E-01 2.750E+00
  6.112970E-01 2.530E+00
  6.349440E-01 2.340E+00
  6.595060E-01 2.150E+00
  6.850140E-01 1.990E+00
  7.115050E-01 1.830E+00
  7.390130E-01 1.690E+00
  7.675760E-01 1.560E+00
  7.972300E-01 1.440E+00
  8.280160E-01 1.320E+00
  8.599730E-01 1.220E+00
  8.931440E-01 1.120E+00
  9.275700E-01 1.030E+00
  9.632960E-01 9.540E-01
  1.000370E+00 8.790E-01
  1.038830E+00 8.100E-01
  1.078730E+00 7.470E-01
  1.120120E+00 6.880E-01
  1.163060E+00 6.340E-01
  1.207580E+00 5.840E-01
  1.253760E+00 5.380E-01
  1.301630E+00 4.960E-01
  1.351260E+00 4.570E-01
  1.402720E+00 4.210E-01
  1.456050E+00 3.870E-01
  1.511310E+00 3.570E-01
  1.568590E+00 3.280E-01
  1.627920E+00 3.030E-01
  1.689400E+00 2.790E-01
  1.753080E+00 2.570E-01
  1.819030E+00 2.360E-01
  1.887330E+00 2.170E-01
  1.958050E+00 2.000E-01
  2.031270E+00 1.840E-01
  2.107060E+00 1.700E-01
  2.185510E+00 1.560E-01
  2.266690E+00 1.440E-01
  2.350690E+00 1.320E-01
  2.437600E+00 1.220E-01
  2.527510E+00 1.120E-01
  2.620490E+00 1.030E-01
  2.716660E+00 9.480E-02
  2.816100E+00 8.720E-02
  2.918900E+00 8.020E-02
  3.025170E+00 7.380E-02
  3.135010E+00 6.790E-02
  3.248520E+00 6.240E-02
  3.365810E+00 5.740E-02
  3.486990E+00 5.280E-02
  3.612160E+00 4.850E-02
  3.741440E+00 4.460E-02
  3.874950E+00 4.100E-02
  4.012800E+00 3.770E-02
  4.155110E+00 3.470E-02
  4.302010E+00 3.190E-02
  4.453620E+00 2.930E-02
  4.610080E+00 2.690E-02
  4.771510E+00 2.480E-02
  4.938040E+00 2.280E-02
  5.109820E+00 2.090E-02
  5.286980E+00 1.920E-02
  5.469670E+00 1.770E-02
  5.658020E+00 1.620E-02
  5.852200E+00 1.490E-02
  6.052340E+00 1.370E-02
  6.258610E+00 1.260E-02
  6.471160E+00 1.160E-02
  6.690150E+00 1.060E-02
  6.915740E+00 9.740E-03
  7.148100E+00 8.940E-03
  7.387400E+00 8.210E-03
  7.633810E+00 7.540E-03
  7.887520E+00 6.920E-03
  8.148680E+00 6.360E-03
  8.417500E+00 5.840E-03
  8.694150E+00 5.360E-03
  8.978830E+00 4.920E-03
  9.271720E+00 4.510E-03
  9.573030E+00 4.140E-03
  9.882950E+00 3.800E-03
  1.020170E+01 3.490E-03
  1.052950E+01 3.200E-03
  1.086640E+01 2.940E-03
  1.121290E+01 2.700E-03
  1.156900E+01 2.470E-03
  1.193500E+01 2.270E-03
  1.231110E+01 2.080E-03
  1.269750E+01 1.910E-03
  1.309450E+01 1.750E-03
  1.350240E+01 1.610E-03
  1.392130E+01 1.470E-03
  1.435140E+01 1.350E-03
  1.479320E+01 1.240E-03
  1.524670E+01 1.140E-03
  1.571230E+01 1.040E-03
  1.619020E+01 9.540E-04
  1.668060E+01 8.750E-04
  1.676660E+01 8.620E-04
      20   8   3   220    6  -5.62739E-01     116
  4.907390E-01 4.230E+00
  5.627390E-01 3.120E+00
  5.840030E-01 2.870E+00
  6.060080E-01 2.650E+00
  6.287780E-01 2.430E+00
  6.523330E-01 2.240E+00
  6.766980E-01 2.060E+00
  7.018950E-01 1.900E+00
  7.279490E-01 1.740E+00
  7.548830E-01 1.600E+00
  7.827230E-01 1.480E+00
  8.114940E-01 1.360E+00
  8.412210E-01 1.250E+00
  8.719320E-01 1.150E+00
  9.036520E-01 1.060E+00
  9.364090E-01 9.700E-01
  9.702320E-01 8.910E-01
  1.005150E+00 8.190E-01
  1.041190E+00 7.530E-01
  1.078380E+00 6.920E-01
  1.116750E+00 6.360E-01
  1.156340E+00 5.850E-01
  1.197170E+00 5.370E-01
  1.239270E+00 4.930E-01
  1.282680E+00 4.530E-01
  1.327440E+00 4.160E-01
  1.373560E+00 3.820E-01
  1.421100E+00 3.510E-01
  1.470080E+00 3.230E-01
  1.520530E+00 2.960E-01
  1.572500E+00 2.720E-01
  1.626020E+00 2.500E-01
  1.681120E+00 2.290E-01
  1.737850E+00 2.110E-01
  1.796240E+00 1.930E-01
  1.856330E+00 1.770E-01
  1.918160E+00 1.630E-01
  1.981770E+00 1.490E-01
  2.047200E+00 1.370E-01
  2.114490E+00 1.260E-01
  2.183690E+00 1.150E-01
  2.254830E+00 1.060E-01
  2.327960E+00 9.720E-02
  2.403120E+00 8.920E-02
  2.480360E+00 8.180E-02
  2.559730E+00 7.500E-02
  2.641260E+00 6.880E-02
  2.725000E+00 6.310E-02
  2.811010E+00 5.780E-02
  2.899330E+00 5.300E-02
  2.990000E+00 4.860E-02
  3.083090E+00 4.460E-02
  3.178630E+00 4.090E-02
  3.276680E+00 3.750E-02
  3.377280E+00 3.440E-02
  3.480500E+00 3.150E-02
  3.586380E+00 2.890E-02
  3.694980E+00 2.640E-02
  3.806350E+00 2.420E-02
  3.920540E+00 2.220E-02
  4.037620E+00 2.040E-02
  4.157640E+00 1.860E-02
  4.280650E+00 1.710E-02
  4.406710E+00 1.570E-02
  4.535890E+00 1.430E-02
  4.668240E+00 1.310E-02
  4.803820E+00 1.200E-02
  4.942700E+00 1.100E-02
  5.084920E+00 1.010E-02
  5.230570E+00 9.240E-03
  5.379700E+00 8.460E-03
  5.532370E+00 7.750E-03
  5.688660E+00 7.090E-03
  5.848620E+00 6.490E-03
  6.012320E+00 5.940E-03
  6.179840E+00 5.440E-03
  6.351230E+00 4.980E-03
  6.526570E+00 4.560E-03
  6.705930E+00 4.170E-03
  6.889380E+00 3.820E-03
  7.076990E+00 3.500E-03
  7.268830E+00 3.200E-03
  7.464990E+00 2.930E-03
  7.665520E+00 2.680E-03
  7.870510E+00 2.450E-03
  8.080040E+00 2.240E-03
  8.294180E+00 2.050E-03
  8.513010E+00 1.880E-03
  8.736600E+00 1.720E-03
  8.965050E+00 1.570E-03
  9.198420E+00 1.440E-03
  9.436810E+00 1.320E-03
  9.680290E+00 1.200E-03
  9.928940E+00 1.100E-03
  1.018290E+01 1.010E-03
  1.044210E+01 9.200E-04
  1.070680E+01 8.410E-04
  1.097710E+01 7.690E-04
  1.125290E+01 7.030E-04
  1.153440E+01 6.430E-04
  1.182180E+01 5.880E-04
  1.211500E+01 5.380E-04
  1.241420E+01 4.920E-04
  1.271940E+01 4.490E-04
  1.303090E+01 4.110E-04
  1.334860E+01 3.760E-04
  1.367260E+01 3.430E-04
  1.400310E+01 3.140E-04
  1.434020E+01 2.870E-04
  1.468390E+01 2.620E-04
  1.503440E+01 2.400E-04
  1.539170E+01 2.190E-04
  1.575600E+01 2.000E-04
  1.612730E+01 1.830E-04
  1.650591E+01 1.670E-04
  1.676270E+01 1.570E-04
      21   8   3   200    8  -4.55453E-01      96
  3.834530E-01 3.490E+00
  4.554530E-01 2.460E+00
  4.735880E-01 2.270E+00
  4.924540E-01 2.100E+00
  5.120800E-01 1.930E+00
  5.324980E-01 1.780E+00
  5.537380E-01 1.650E+00
  5.758350E-01 1.520E+00
  5.988210E-01 1.400E+00
  6.227340E-01 1.300E+00
  6.476090E-01 1.190E+00
  6.734860E-01 1.100E+00
  7.004050E-01 1.020E+00
  7.284060E-01 9.390E-01
  7.575340E-01 8.670E-01
  7.878320E-01 8.000E-01
  8.193490E-01 7.380E-01
  8.521310E-01 6.810E-01
  8.862300E-01 6.280E-01
  9.216970E-01 5.800E-01
  9.585880E-01 5.350E-01
  9.969570E-01 4.940E-01
  1.036860E+00 4.560E-01
  1.078370E+00 4.200E-01
  1.121540E+00 3.880E-01
  1.166430E+00 3.580E-01
  1.213120E+00 3.300E-01
  1.261670E+00 3.050E-01
  1.312160E+00 2.810E-01
  1.364670E+00 2.590E-01
  1.419270E+00 2.390E-01
  1.476050E+00 2.210E-01
  1.535080E+00 2.040E-01
  1.596460E+00 1.880E-01
  1.660290E+00 1.730E-01
  1.726640E+00 1.600E-01
  1.795630E+00 1.480E-01
  1.867360E+00 1.360E-01
  1.941920E+00 1.260E-01
  2.019440E+00 1.160E-01
  2.100020E+00 1.070E-01
  2.183780E+00 9.860E-02
  2.270840E+00 9.090E-02
  2.361340E+00 8.390E-02
  2.455400E+00 7.740E-02
  2.553160E+00 7.140E-02
  2.654760E+00 6.580E-02
  2.760340E+00 6.070E-02
  2.870060E+00 5.600E-02
  2.984080E+00 5.160E-02
  3.102560E+00 4.760E-02
  3.225660E+00 4.390E-02
  3.353570E+00 4.050E-02
  3.486450E+00 3.740E-02
  3.624510E+00 3.450E-02
  3.767930E+00 3.180E-02
  3.916920E+00 2.930E-02
  4.071690E+00 2.700E-02
  4.232440E+00 2.490E-02
  4.399410E+00 2.300E-02
  4.572820E+00 2.120E-02
  4.752910E+00 1.950E-02
  4.939940E+00 1.800E-02
  5.134150E+00 1.660E-02
  5.335820E+00 1.530E-02
  5.545210E+00 1.410E-02
  5.762620E+00 1.300E-02
  5.988330E+00 1.200E-02
  6.222650E+00 1.110E-02
  6.465890E+00 1.020E-02
  6.718390E+00 9.400E-03
  6.980470E+00 8.660E-03
  7.252480E+00 7.990E-03
  7.534790E+00 7.360E-03
  7.827760E+00 6.790E-03
  8.131780E+00 6.250E-03
  8.447240E+00 5.760E-03
  8.774570E+00 5.310E-03
  9.114170E+00 4.900E-03
  9.466500E+00 4.510E-03
  9.832000E+00 4.160E-03
  1.021110E+01 3.830E-03
  1.060440E+01 3.530E-03
  1.101230E+01 3.250E-03
  1.143540E+01 3.000E-03
  1.187410E+01 2.760E-03
  1.232900E+01 2.550E-03
  1.280070E+01 2.340E-03
  1.328990E+01 2.160E-03
  1.379700E+01 1.990E-03
  1.432270E+01 1.830E-03
  1.486770E+01 1.690E-03
  1.543260E+01 1.560E-03
  1.601820E+01 1.430E-03
  1.662500E+01 1.320E-03
  1.665550E+01 1.320E-03
      22   8   3   211    8  -4.47334E-01     106
  3.753340E-01 5.120E+00
  4.473340E-01 3.530E+00
  4.645000E-01 3.250E+00
  4.823370E-01 3.000E+00
  5.008670E-01 2.770E+00
  5.201190E-01 2.550E+00
  5.401190E-01 2.350E+00
  5.608940E-01 2.170E+00
  5.824740E-01 2.000E+00
  6.048890E-01 1.850E+00
  6.281680E-01 1.700E+00
  6.523450E-01 1.570E+00
  6.774510E-01 1.450E+00
  7.035200E-01 1.330E+00
  7.305880E-01 1.230E+00
  7.586910E-01 1.130E+00
  7.878650E-01 1.040E+00
  8.181500E-01 9.620E-01
  8.495840E-01 8.870E-01
  8.822080E-01 8.180E-01
  9.160650E-01 7.540E-01
  9.511970E-01 6.950E-01
  9.876500E-01 6.400E-01
  1.025470E+00 5.900E-01
  1.064700E+00 5.430E-01
  1.105400E+00 5.010E-01
  1.147600E+00 4.610E-01
  1.191370E+00 4.250E-01
  1.236760E+00 3.910E-01
  1.283820E+00 3.610E-01
  1.332610E+00 3.320E-01
  1.383180E+00 3.060E-01
  1.435590E+00 2.820E-01
  1.489910E+00 2.600E-01
  1.546200E+00 2.390E-01
  1.604520E+00 2.200E-01
  1.664940E+00 2.030E-01
  1.727520E+00 1.870E-01
  1.792340E+00 1.720E-01
  1.859470E+00 1.580E-01
  1.928980E+00 1.460E-01
  2.000930E+00 1.340E-01
  2.075430E+00 1.230E-01
  2.152530E+00 1.140E-01
  2.232320E+00 1.050E-01
  2.314890E+00 9.620E-02
  2.400320E+00 8.860E-02
  2.488690E+00 8.150E-02
  2.580100E+00 7.500E-02
  2.674640E+00 6.900E-02
  2.772400E+00 6.350E-02
  2.873470E+00 5.840E-02
  2.977960E+00 5.370E-02
  3.085960E+00 4.940E-02
  3.197580E+00 4.540E-02
  3.312920E+00 4.180E-02
  3.432090E+00 3.840E-02
  3.555200E+00 3.530E-02
  3.682350E+00 3.250E-02
  3.813680E+00 2.990E-02
  3.949290E+00 2.750E-02
  4.089300E+00 2.530E-02
  4.233830E+00 2.320E-02
  4.383020E+00 2.140E-02
  4.536980E+00 1.960E-02
  4.695850E+00 1.800E-02
  4.859760E+00 1.660E-02
  5.028850E+00 1.520E-02
  5.203250E+00 1.400E-02
  5.383110E+00 1.290E-02
  5.568580E+00 1.180E-02
  5.759790E+00 1.090E-02
  5.956900E+00 9.970E-03
  6.160060E+00 9.160E-03
  6.369430E+00 8.410E-03
  6.585170E+00 7.730E-03
  6.807440E+00 7.100E-03
  7.036400E+00 6.520E-03
  7.272230E+00 5.990E-03
  7.515100E+00 5.500E-03
  7.765180E+00 5.050E-03
  8.022660E+00 4.630E-03
  8.287700E+00 4.250E-03
  8.560510E+00 3.910E-03
  8.841260E+00 3.590E-03
  9.130150E+00 3.290E-03
  9.427380E+00 3.020E-03
  9.733140E+00 2.770E-03
  1.004760E+01 2.540E-03
  1.037110E+01 2.340E-03
  1.070370E+01 2.140E-03
  1.104570E+01 1.970E-03
  1.139720E+01 1.800E-03
  1.175860E+01 1.660E-03
  1.213000E+01 1.520E-03
  1.251170E+01 1.390E-03
  1.290380E+01 1.280E-03
  1.330670E+01 1.170E-03
  1.372060E+01 1.070E-03
  1.414570E+01 9.850E-04
  1.458220E+01 9.040E-04
  1.503050E+01 8.290E-04
  1.549080E+01 7.600E-04
  1.596330E+01 6.970E-04
  1.644830E+01 6.390E-04
  1.664729E+01 6.170E-04
      23   8   3   220    7  -4.44614E-01     122
  3.726140E-01 5.490E+00
  4.446140E-01 3.720E+00
  4.614790E-01 3.420E+00
  4.789510E-01 3.150E+00
  4.970500E-01 2.900E+00
  5.157940E-01 2.670E+00
  5.352040E-01 2.460E+00
  5.553000E-01 2.260E+00
  5.761030E-01 2.080E+00
  5.976350E-01 1.920E+00
  6.199170E-01 1.760E+00
  6.429710E-01 1.620E+00
  6.668210E-01 1.490E+00
  6.914900E-01 1.370E+00
  7.170010E-01 1.260E+00
  7.433790E-01 1.160E+00
  7.706480E-01 1.070E+00
  7.988350E-01 9.840E-01
  8.279640E-01 9.050E-01
  8.580630E-01 8.320E-01
  8.891570E-01 7.650E-01
  9.212750E-01 7.030E-01
  9.544440E-01 6.470E-01
  9.886930E-01 5.950E-01
  1.024050E+00 5.470E-01
  1.060550E+00 5.020E-01
  1.098210E+00 4.620E-01
  1.137070E+00 4.240E-01
  1.177170E+00 3.900E-01
  1.218520E+00 3.580E-01
  1.261170E+00 3.290E-01
  1.305150E+00 3.020E-01
  1.350480E+00 2.780E-01
  1.397220E+00 2.550E-01
  1.445380E+00 2.340E-01
  1.495000E+00 2.150E-01
  1.546130E+00 1.980E-01
  1.598790E+00 1.820E-01
  1.653030E+00 1.670E-01
  1.708870E+00 1.530E-01
  1.766370E+00 1.410E-01
  1.825560E+00 1.290E-01
  1.886470E+00 1.180E-01
  1.949150E+00 1.090E-01
  2.013640E+00 9.970E-02
  2.079980E+00 9.150E-02
  2.148210E+00 8.400E-02
  2.218380E+00 7.700E-02
  2.290520E+00 7.070E-02
  2.364690E+00 6.480E-02
  2.440920E+00 5.950E-02
  2.519260E+00 5.460E-02
  2.599760E+00 5.010E-02
  2.682470E+00 4.590E-02
  2.767420E+00 4.210E-02
  2.854680E+00 3.860E-02
  2.944280E+00 3.540E-02
  3.036280E+00 3.250E-02
  3.130720E+00 2.980E-02
  3.227670E+00 2.730E-02
  3.327160E+00 2.500E-02
  3.429250E+00 2.290E-02
  3.534000E+00 2.100E-02
  3.641460E+00 1.930E-02
  3.751670E+00 1.770E-02
  3.864710E+00 1.620E-02
  3.980610E+00 1.480E-02
  4.099450E+00 1.360E-02
  4.221260E+00 1.240E-02
  4.346130E+00 1.140E-02
  4.474100E+00 1.050E-02
  4.605230E+00 9.570E-03
  4.739580E+00 8.770E-03
  4.877210E+00 8.030E-03
  5.018190E+00 7.350E-03
  5.162580E+00 6.730E-03
  5.310440E+00 6.170E-03
  5.461840E+00 5.650E-03
  5.616840E+00 5.170E-03
  5.775500E+00 4.740E-03
  5.937890E+00 4.340E-03
  6.104090E+00 3.970E-03
  6.274160E+00 3.630E-03
  6.448160E+00 3.330E-03
  6.626170E+00 3.040E-03
  6.808260E+00 2.790E-03
  6.994500E+00 2.550E-03
  7.184970E+00 2.330E-03
  7.379730E+00 2.140E-03
  7.578850E+00 1.950E-03
  7.782430E+00 1.790E-03
  7.990530E+00 1.640E-03
  8.203220E+00 1.500E-03
  8.420600E+00 1.370E-03
  8.642720E+00 1.250E-03
  8.869690E+00 1.150E-03
  9.101560E+00 1.050E-03
  9.338440E+00 9.590E-04
  9.580390E+00 8.780E-04
  9.827500E+00 8.030E-04
  1.007990E+01 7.340E-04
  1.033760E+01 6.710E-04
  1.060070E+01 6.140E-04
  1.086930E+01 5.610E-04
  1.114350E+01 5.130E-04
  1.142340E+01 4.690E-04
  1.170910E+01 4.290E-04
  1.200060E+01 3.930E-04
  1.229810E+01 3.590E-04
  1.260160E+01 3.280E-04
  1.291130E+01 3.000E-04
  1.322720E+01 2.740E-04
  1.354940E+01 2.510E-04
  1.387810E+01 2.290E-04
  1.421330E+01 2.090E-04
  1.455520E+01 1.910E-04
  1.490370E+01 1.750E-04
  1.525910E+01 1.600E-04
  1.562150E+01 1.460E-04
  1.599080E+01 1.330E-04
  1.636729E+01 1.220E-04
  1.664461E+01 1.140E-04
      24   8   3   200    9  -3.68006E-01      95
  2.960070E-01 4.350E+00
  3.680070E-01 2.870E+00
  3.825600E-01 2.650E+00
  3.976970E-01 2.440E+00
  4.134400E-01 2.250E+00
  4.298120E-01 2.080E+00
  4.468410E-01 1.920E+00
  4.645510E-01 1.770E+00
  4.829700E-01 1.630E+00
  5.021270E-01 1.510E+00
  5.220500E-01 1.390E+00
  5.427700E-01 1.280E+00
  5.643200E-01 1.180E+00
  5.867320E-01 1.090E+00
  6.100400E-01 1.010E+00
  6.342810E-01 9.300E-01
  6.594900E-01 8.580E-01
  6.857080E-01 7.920E-01
  7.129730E-01 7.310E-01
  7.413270E-01 6.740E-01
  7.708140E-01 6.220E-01
  8.014780E-01 5.740E-01
  8.333660E-01 5.300E-01
  8.665260E-01 4.890E-01
  9.010090E-01 4.510E-01
  9.368660E-01 4.160E-01
  9.741530E-01 3.840E-01
  1.012920E+00 3.540E-01
  1.053240E+00 3.270E-01
  1.095160E+00 3.020E-01
  1.138750E+00 2.780E-01
  1.184070E+00 2.570E-01
  1.231190E+00 2.370E-01
  1.280180E+00 2.180E-01
  1.331120E+00 2.010E-01
  1.384080E+00 1.860E-01
  1.439130E+00 1.720E-01
  1.496370E+00 1.580E-01
  1.555870E+00 1.460E-01
  1.617730E+00 1.350E-01
  1.682040E+00 1.240E-01
  1.748880E+00 1.150E-01
  1.818370E+00 1.060E-01
  1.890590E+00 9.750E-02
  1.965670E+00 9.000E-02
  2.043700E+00 8.300E-02
  2.124800E+00 7.650E-02
  2.209090E+00 7.060E-02
  2.296700E+00 6.510E-02
  2.387740E+00 6.010E-02
  2.482360E+00 5.540E-02
  2.580690E+00 5.110E-02
  2.682860E+00 4.710E-02
  2.789040E+00 4.350E-02
  2.899360E+00 4.010E-02
  3.013990E+00 3.700E-02
  3.133100E+00 3.410E-02
  3.256840E+00 3.150E-02
  3.385410E+00 2.900E-02
  3.518980E+00 2.670E-02
  3.657730E+00 2.470E-02
  3.801870E+00 2.280E-02
  3.951600E+00 2.100E-02
  4.107130E+00 1.930E-02
  4.268680E+00 1.780E-02
  4.436470E+00 1.640E-02
  4.610740E+00 1.520E-02
  4.791720E+00 1.400E-02
  4.979680E+00 1.290E-02
  5.174870E+00 1.190E-02
  5.377550E+00 1.100E-02
  5.588010E+00 1.010E-02
  5.806540E+00 9.320E-03
  6.033440E+00 8.590E-03
  6.269000E+00 7.920E-03
  6.513560E+00 7.300E-03
  6.767450E+00 6.730E-03
  7.031000E+00 6.210E-03
  7.304580E+00 5.720E-03
  7.588550E+00 5.270E-03
  7.883290E+00 4.860E-03
  8.189190E+00 4.480E-03
  8.506660E+00 4.130E-03
  8.836130E+00 3.810E-03
  9.178010E+00 3.510E-03
  9.532780E+00 3.230E-03
  9.900890E+00 2.980E-03
  1.028280E+01 2.750E-03
  1.067910E+01 2.530E-03
  1.109020E+01 2.330E-03
  1.151660E+01 2.150E-03
  1.195900E+01 1.980E-03
  1.241790E+01 1.830E-03
  1.289380E+01 1.680E-03
  1.296800E+01 1.660E-03
      25   8   3   211    9  -3.62106E-01       0
      26   8   3   220    8  -3.60124E-01       0
 ================================================
