 ================================================
       I  NZ  NE  ISLP  ILV        E(RYD)      NP
 ================================================
       1   8   2   100    1  -5.42742E+01      61
  5.386929E+01 2.583E-01
  5.397050E+01 2.572E-01
  5.407170E+01 2.561E-01
  5.417300E+01 2.549E-01
  5.427370E+01 2.538E-01
  5.692290E+01 2.256E-01
  5.970740E+01 2.004E-01
  6.262959E+01 1.778E-01
  6.569141E+01 1.576E-01
  6.889391E+01 1.396E-01
  7.228358E+01 1.234E-01
  7.581467E+01 1.091E-01
  7.949223E+01 9.644E-02
  8.332140E+01 8.524E-02
  8.730759E+01 7.533E-02
  9.145631E+01 6.657E-02
  9.577327E+01 5.883E-02
  1.002643E+02 5.198E-02
  1.049355E+02 4.592E-02
  1.097931E+02 4.057E-02
  1.148435E+02 3.584E-02
  1.200933E+02 3.165E-02
  1.255493E+02 2.796E-02
  1.312186E+02 2.469E-02
  1.371083E+02 2.180E-02
  1.432258E+02 1.925E-02
  1.495789E+02 1.700E-02
  1.561754E+02 1.501E-02
  1.630235E+02 1.325E-02
  1.701314E+02 1.170E-02
  1.775078E+02 1.033E-02
  1.851614E+02 9.114E-03
  1.931013E+02 8.044E-03
  2.013370E+02 7.099E-03
  2.098782E+02 6.265E-03
  2.187345E+02 5.528E-03
  2.279162E+02 4.878E-03
  2.374338E+02 4.304E-03
  2.472981E+02 3.797E-03
  2.575200E+02 3.350E-03
  2.681111E+02 2.955E-03
  2.790830E+02 2.607E-03
  2.904480E+02 2.300E-03
  3.022180E+02 2.033E-03
  3.037000E+02 2.001E-03
  3.199710E+02 1.718E-03
  3.371130E+02 1.474E-03
  3.551750E+02 1.264E-03
  3.742030E+02 1.083E-03
  3.942520E+02 9.270E-04
  4.153740E+02 7.925E-04
  4.376280E+02 6.773E-04
  4.610750E+02 5.788E-04
  4.857770E+02 4.937E-04
  5.118030E+02 4.214E-04
  5.392230E+02 3.589E-04
  5.681130E+02 3.060E-04
  5.985500E+02 2.607E-04
  6.306180E+02 2.218E-04
  6.644040E+02 1.887E-04
  7.000000E+02 1.604E-04
       2   8   2   300    1  -1.30889E+01      62
  1.268400E+01 2.945E-01
  1.278520E+01 2.900E-01
  1.288640E+01 2.856E-01
  1.298770E+01 2.813E-01
  1.308840E+01 2.772E-01
  1.389390E+01 2.466E-01
  1.473740E+01 2.194E-01
  1.562070E+01 1.952E-01
  1.654570E+01 1.737E-01
  1.751450E+01 1.545E-01
  1.852930E+01 1.375E-01
  1.959219E+01 1.223E-01
  2.070570E+01 1.088E-01
  2.187210E+01 9.685E-02
  2.309410E+01 8.619E-02
  2.437450E+01 7.670E-02
  2.571609E+01 6.826E-02
  2.712190E+01 6.075E-02
  2.859509E+01 5.407E-02
  3.018314E+01 4.786E-02
  3.184666E+01 4.240E-02
  3.358875E+01 3.756E-02
  3.541260E+01 3.327E-02
  3.732152E+01 2.947E-02
  3.931898E+01 2.610E-02
  4.140851E+01 2.311E-02
  4.359380E+01 2.047E-02
  4.587868E+01 1.812E-02
  4.826711E+01 1.604E-02
  5.076312E+01 1.420E-02
  5.337100E+01 1.257E-02
  5.609505E+01 1.113E-02
  5.893985E+01 9.847E-03
  6.191003E+01 8.714E-03
  6.501048E+01 7.710E-03
  6.824615E+01 6.822E-03
  7.162224E+01 6.035E-03
  7.514404E+01 5.339E-03
  7.881708E+01 4.722E-03
  8.264711E+01 4.177E-03
  8.664001E+01 3.694E-03
  9.080186E+01 3.267E-03
  9.513893E+01 2.889E-03
  9.965779E+01 2.554E-03
  1.043651E+02 2.258E-03
  1.092677E+02 1.997E-03
  1.143730E+02 1.765E-03
  1.196883E+02 1.560E-03
  1.252210E+02 1.379E-03
  1.309793E+02 1.219E-03
  1.369712E+02 1.077E-03
  1.432051E+02 9.520E-04
  1.496897E+02 8.412E-04
  1.564339E+02 7.433E-04
  1.634469E+02 6.567E-04
  1.707384E+02 5.802E-04
  1.783180E+02 5.126E-04
  1.861959E+02 4.528E-04
  1.943826E+02 4.000E-04
  2.028887E+02 3.533E-04
  2.117255E+02 3.120E-04
  2.209045E+02 2.755E-04
       3   8   2   311    1  -1.25388E+01      61
  1.213380E+01 3.239E-01
  1.223500E+01 3.160E-01
  1.233630E+01 3.084E-01
  1.243750E+01 3.011E-01
  1.253830E+01 2.939E-01
  1.306090E+01 2.601E-01
  1.360280E+01 2.302E-01
  1.416460E+01 2.038E-01
  1.474710E+01 1.804E-01
  1.535090E+01 1.596E-01
  1.597680E+01 1.413E-01
  1.662560E+01 1.250E-01
  1.729820E+01 1.107E-01
  1.799530E+01 9.793E-02
  1.871780E+01 8.666E-02
  1.946671E+01 7.670E-02
  2.024290E+01 6.787E-02
  2.104730E+01 6.006E-02
  2.188091E+01 5.315E-02
  2.274490E+01 4.704E-02
  2.364020E+01 4.162E-02
  2.456799E+01 3.683E-02
  2.552940E+01 3.260E-02
  2.652580E+01 2.884E-02
  2.755820E+01 2.553E-02
  2.864833E+01 2.251E-02
  2.977797E+01 1.986E-02
  3.094836E+01 1.752E-02
  3.216092E+01 1.546E-02
  3.341698E+01 1.364E-02
  3.471797E+01 1.203E-02
  3.606543E+01 1.062E-02
  3.746083E+01 9.365E-03
  3.890578E+01 8.261E-03
  4.040181E+01 7.287E-03
  4.195067E+01 6.427E-03
  4.355403E+01 5.669E-03
  4.521367E+01 5.000E-03
  4.693143E+01 4.410E-03
  4.870912E+01 3.889E-03
  5.054872E+01 3.430E-03
  5.245218E+01 3.024E-03
  5.442157E+01 2.667E-03
  5.645897E+01 2.352E-03
  5.856656E+01 2.074E-03
  6.074657E+01 1.828E-03
  6.300124E+01 1.612E-03
  6.533298E+01 1.421E-03
  6.774417E+01 1.253E-03
  7.023740E+01 1.105E-03
  7.281516E+01 9.739E-04
  7.548010E+01 8.585E-04
  7.823495E+01 7.568E-04
  8.108257E+01 6.671E-04
  8.402580E+01 5.880E-04
  8.706758E+01 5.183E-04
  9.021095E+01 4.568E-04
  9.345906E+01 4.026E-04
  9.681517E+01 3.548E-04
  1.002826E+02 3.127E-04
  1.038647E+02 2.756E-04
       4   8   2   100    2  -1.25091E+01      62
  1.210410E+01 3.081E-01
  1.220530E+01 3.031E-01
  1.230660E+01 2.982E-01
  1.240780E+01 2.934E-01
  1.250860E+01 2.887E-01
  1.324680E+01 2.571E-01
  1.402370E+01 2.289E-01
  1.484060E+01 2.036E-01
  1.569870E+01 1.811E-01
  1.659950E+01 1.610E-01
  1.754430E+01 1.431E-01
  1.853419E+01 1.272E-01
  1.957060E+01 1.129E-01
  2.065480E+01 1.002E-01
  2.178799E+01 8.895E-02
  2.297150E+01 7.890E-02
  2.420660E+01 6.996E-02
  2.549440E+01 6.201E-02
  2.683630E+01 5.495E-02
  2.823331E+01 4.867E-02
  2.972456E+01 4.312E-02
  3.127995E+01 3.813E-02
  3.290173E+01 3.372E-02
  3.459222E+01 2.981E-02
  3.635388E+01 2.635E-02
  3.818922E+01 2.329E-02
  4.010078E+01 2.059E-02
  4.209125E+01 1.819E-02
  4.416333E+01 1.608E-02
  4.631982E+01 1.420E-02
  4.856360E+01 1.255E-02
  5.089764E+01 1.109E-02
  5.332503E+01 9.793E-03
  5.584886E+01 8.650E-03
  5.847243E+01 7.639E-03
  6.119904E+01 6.746E-03
  6.403209E+01 5.957E-03
  6.697513E+01 5.260E-03
  7.003174E+01 4.644E-03
  7.320572E+01 4.100E-03
  7.650084E+01 3.619E-03
  7.992104E+01 3.195E-03
  8.347035E+01 2.820E-03
  8.715292E+01 2.489E-03
  9.097305E+01 2.196E-03
  9.493520E+01 1.938E-03
  9.904373E+01 1.710E-03
  1.033034E+02 1.509E-03
  1.077189E+02 1.331E-03
  1.122952E+02 1.174E-03
  1.170373E+02 1.036E-03
  1.219504E+02 9.137E-04
  1.270396E+02 8.059E-04
  1.323106E+02 7.107E-04
  1.377689E+02 6.268E-04
  1.434202E+02 5.527E-04
  1.492705E+02 4.874E-04
  1.553257E+02 4.297E-04
  1.615922E+02 3.789E-04
  1.680763E+02 3.340E-04
  1.747843E+02 2.945E-04
  1.817232E+02 2.596E-04
       5   8   2   111    1  -1.21479E+01      60
  1.174290E+01 2.979E-01
  1.184410E+01 2.901E-01
  1.194540E+01 2.825E-01
  1.204660E+01 2.752E-01
  1.214740E+01 2.682E-01
  1.262650E+01 2.374E-01
  1.312410E+01 2.101E-01
  1.364070E+01 1.859E-01
  1.417670E+01 1.645E-01
  1.473250E+01 1.454E-01
  1.530880E+01 1.286E-01
  1.590570E+01 1.136E-01
  1.652380E+01 1.004E-01
  1.716350E+01 8.870E-02
  1.782520E+01 7.833E-02
  1.850929E+01 6.916E-02
  1.921609E+01 6.104E-02
  1.994611E+01 5.386E-02
  2.069949E+01 4.751E-02
  2.147659E+01 4.190E-02
  2.227789E+01 3.694E-02
  2.310361E+01 3.256E-02
  2.395399E+01 2.870E-02
  2.482930E+01 2.528E-02
  2.572990E+01 2.227E-02
  2.665610E+01 1.961E-02
  2.760800E+01 1.726E-02
  2.860954E+01 1.527E-02
  2.964189E+01 1.344E-02
  3.070580E+01 1.183E-02
  3.180212E+01 1.041E-02
  3.293169E+01 9.161E-03
  3.409535E+01 8.061E-03
  3.529402E+01 7.093E-03
  3.652856E+01 6.241E-03
  3.779994E+01 5.491E-03
  3.910909E+01 4.831E-03
  4.045697E+01 4.250E-03
  4.184456E+01 3.739E-03
  4.327286E+01 3.289E-03
  4.474289E+01 2.893E-03
  4.625574E+01 2.545E-03
  4.781247E+01 2.238E-03
  4.941420E+01 1.969E-03
  5.106200E+01 1.731E-03
  5.275703E+01 1.523E-03
  5.450049E+01 1.339E-03
  5.629358E+01 1.177E-03
  5.813750E+01 1.035E-03
  6.003351E+01 9.104E-04
  6.198289E+01 8.005E-04
  6.398700E+01 7.038E-04
  6.604706E+01 6.187E-04
  6.816449E+01 5.440E-04
  7.034067E+01 4.782E-04
  7.257706E+01 4.204E-04
  7.487505E+01 3.695E-04
  7.723613E+01 3.248E-04
  7.966182E+01 2.855E-04
  8.215364E+01 2.510E-04
       6   8   2   300    2  -5.67685E+00      64
  5.271890E+00 5.365E-01
  5.373130E+00 5.173E-01
  5.474370E+00 4.991E-01
  5.575610E+00 4.818E-01
  5.676360E+00 4.654E-01
  6.019940E+00 4.152E-01
  6.382140E+00 3.703E-01
  6.763880E+00 3.303E-01
  7.166110E+00 2.946E-01
  7.589830E+00 2.627E-01
  8.036090E+00 2.342E-01
  8.505980E+00 2.088E-01
  9.000630E+00 1.861E-01
  9.521230E+00 1.659E-01
  1.006900E+01 1.479E-01
  1.064530E+01 1.318E-01
  1.125150E+01 1.174E-01
  1.188890E+01 1.046E-01
  1.255900E+01 9.321E-02
  1.326340E+01 8.303E-02
  1.400370E+01 7.396E-02
  1.478160E+01 6.588E-02
  1.559870E+01 5.867E-02
  1.645700E+01 5.225E-02
  1.735840E+01 4.652E-02
  1.830470E+01 4.142E-02
  1.929810E+01 3.688E-02
  2.034081E+01 3.283E-02
  2.143500E+01 2.922E-02
  2.261377E+01 2.592E-02
  2.385153E+01 2.300E-02
  2.515097E+01 2.040E-02
  2.651491E+01 1.810E-02
  2.794626E+01 1.605E-02
  2.944804E+01 1.423E-02
  3.102347E+01 1.262E-02
  3.267578E+01 1.119E-02
  3.440846E+01 9.926E-03
  3.622507E+01 8.801E-03
  3.812932E+01 7.803E-03
  4.012511E+01 6.917E-03
  4.221642E+01 6.132E-03
  4.440746E+01 5.435E-03
  4.670264E+01 4.818E-03
  4.910641E+01 4.270E-03
  5.162357E+01 3.784E-03
  5.425899E+01 3.353E-03
  5.701775E+01 2.971E-03
  5.990518E+01 2.633E-03
  6.292677E+01 2.333E-03
  6.608829E+01 2.066E-03
  6.939566E+01 1.831E-03
  7.285507E+01 1.622E-03
  7.647295E+01 1.436E-03
  8.025601E+01 1.272E-03
  8.421118E+01 1.127E-03
  8.834570E+01 9.979E-04
  9.266699E+01 8.837E-04
  9.718280E+01 7.826E-04
  1.019013E+02 6.929E-04
  1.068309E+02 6.135E-04
  1.119802E+02 5.432E-04
  1.173584E+02 4.809E-04
  1.229747E+02 4.257E-04
       7   8   2   311    2  -5.52658E+00      62
  5.121620E+00 6.559E-01
  5.222860E+00 6.265E-01
  5.324100E+00 5.988E-01
  5.425340E+00 5.728E-01
  5.526090E+00 5.484E-01
  5.809110E+00 4.867E-01
  6.104260E+00 4.318E-01
  6.411980E+00 3.831E-01
  6.732730E+00 3.398E-01
  7.066960E+00 3.014E-01
  7.415160E+00 2.673E-01
  7.777810E+00 2.370E-01
  8.155440E+00 2.102E-01
  8.548560E+00 1.863E-01
  8.957700E+00 1.652E-01
  9.383430E+00 1.464E-01
  9.826320E+00 1.298E-01
  1.028700E+01 1.150E-01
  1.076590E+01 1.019E-01
  1.126390E+01 9.027E-02
  1.178150E+01 7.997E-02
  1.231930E+01 7.084E-02
  1.287810E+01 6.275E-02
  1.345850E+01 5.557E-02
  1.406130E+01 4.921E-02
  1.468730E+01 4.358E-02
  1.533710E+01 3.858E-02
  1.601151E+01 3.416E-02
  1.671140E+01 3.024E-02
  1.743761E+01 2.677E-02
  1.819090E+01 2.369E-02
  1.897220E+01 2.097E-02
  1.978239E+01 1.855E-02
  2.062241E+01 1.642E-02
  2.149319E+01 1.453E-02
  2.241528E+01 1.282E-02
  2.337154E+01 1.132E-02
  2.436302E+01 9.985E-03
  2.539088E+01 8.810E-03
  2.645628E+01 7.773E-03
  2.756038E+01 6.858E-03
  2.870444E+01 6.050E-03
  2.988971E+01 5.336E-03
  3.111749E+01 4.707E-03
  3.238911E+01 4.152E-03
  3.370595E+01 3.662E-03
  3.506940E+01 3.229E-03
  3.648091E+01 2.848E-03
  3.794197E+01 2.511E-03
  3.945409E+01 2.214E-03
  4.101883E+01 1.952E-03
  4.263783E+01 1.721E-03
  4.431270E+01 1.517E-03
  4.604514E+01 1.338E-03
  4.783693E+01 1.179E-03
  4.968980E+01 1.039E-03
  5.160565E+01 9.161E-04
  5.358632E+01 8.075E-04
  5.563376E+01 7.116E-04
  5.774997E+01 6.272E-04
  5.993695E+01 5.527E-04
  6.219685E+01 4.870E-04
       8   8   2   100    3  -5.52337E+00      64
  5.118410E+00 5.630E-01
  5.219650E+00 5.420E-01
  5.320890E+00 5.221E-01
  5.422130E+00 5.033E-01
  5.522880E+00 4.855E-01
  5.850460E+00 4.332E-01
  6.196090E+00 3.865E-01
  6.560620E+00 3.447E-01
  6.944960E+00 3.075E-01
  7.350030E+00 2.742E-01
  7.776820E+00 2.444E-01
  8.226330E+00 2.179E-01
  8.699590E+00 1.942E-01
  9.197700E+00 1.730E-01
  9.721760E+00 1.542E-01
  1.027290E+01 1.373E-01
  1.085240E+01 1.223E-01
  1.146140E+01 1.089E-01
  1.210130E+01 9.697E-02
  1.277330E+01 8.633E-02
  1.347890E+01 7.683E-02
  1.421930E+01 6.837E-02
  1.499620E+01 6.084E-02
  1.581100E+01 5.412E-02
  1.666521E+01 4.814E-02
  1.756050E+01 4.281E-02
  1.849850E+01 3.806E-02
  1.948090E+01 3.384E-02
  2.050951E+01 3.008E-02
  2.161797E+01 2.673E-02
  2.278053E+01 2.370E-02
  2.399957E+01 2.102E-02
  2.527756E+01 1.863E-02
  2.661708E+01 1.652E-02
  2.802080E+01 1.464E-02
  2.949156E+01 1.298E-02
  3.103224E+01 1.150E-02
  3.264584E+01 1.019E-02
  3.433551E+01 9.033E-03
  3.610451E+01 8.004E-03
  3.795622E+01 7.092E-03
  3.989413E+01 6.283E-03
  4.192197E+01 5.566E-03
  4.404346E+01 4.931E-03
  4.626257E+01 4.368E-03
  4.858342E+01 3.869E-03
  5.101025E+01 3.426E-03
  5.354742E+01 3.034E-03
  5.619958E+01 2.687E-03
  5.897147E+01 2.380E-03
  6.186797E+01 2.107E-03
  6.489424E+01 1.865E-03
  6.805562E+01 1.652E-03
  7.135759E+01 1.462E-03
  7.480586E+01 1.294E-03
  7.840634E+01 1.146E-03
  8.216524E+01 1.014E-03
  8.608888E+01 8.975E-04
  9.018399E+01 7.943E-04
  9.445728E+01 7.029E-04
  9.891605E+01 6.220E-04
  1.035675E+02 5.504E-04
  1.084193E+02 4.870E-04
  1.134794E+02 4.309E-04
       9   8   2   320    1  -5.44809E+00      60
  5.043130E+00 4.839E-01
  5.144370E+00 4.523E-01
  5.245610E+00 4.232E-01
  5.346850E+00 3.965E-01
  5.447600E+00 3.719E-01
  5.647490E+00 3.285E-01
  5.853940E+00 2.901E-01
  6.067130E+00 2.562E-01
  6.287260E+00 2.262E-01
  6.514510E+00 1.998E-01
  6.749090E+00 1.764E-01
  6.991200E+00 1.557E-01
  7.241030E+00 1.375E-01
  7.498800E+00 1.213E-01
  7.764740E+00 1.071E-01
  8.039040E+00 9.452E-02
  8.321950E+00 8.342E-02
  8.613700E+00 7.362E-02
  8.914500E+00 6.496E-02
  9.224620E+00 5.732E-02
  9.544280E+00 5.057E-02
  9.873740E+00 4.462E-02
  1.021330E+01 3.936E-02
  1.056310E+01 3.472E-02
  1.092350E+01 3.063E-02
  1.129480E+01 2.701E-02
  1.167720E+01 2.382E-02
  1.207100E+01 2.101E-02
  1.247650E+01 1.853E-02
  1.289400E+01 1.634E-02
  1.332380E+01 1.440E-02
  1.376620E+01 1.270E-02
  1.422150E+01 1.120E-02
  1.469010E+01 9.870E-03
  1.517220E+01 8.700E-03
  1.566820E+01 7.669E-03
  1.617841E+01 6.759E-03
  1.670320E+01 5.957E-03
  1.724290E+01 5.250E-03
  1.779790E+01 4.626E-03
  1.836850E+01 4.076E-03
  1.895520E+01 3.592E-03
  1.955820E+01 3.165E-03
  2.017799E+01 2.788E-03
  2.081500E+01 2.456E-03
  2.148228E+01 2.166E-03
  2.216859E+01 1.905E-03
  2.287439E+01 1.675E-03
  2.360016E+01 1.473E-03
  2.434644E+01 1.296E-03
  2.511371E+01 1.139E-03
  2.590254E+01 1.002E-03
  2.671342E+01 8.808E-04
  2.754695E+01 7.745E-04
  2.840370E+01 6.809E-04
  2.928421E+01 5.987E-04
  3.018907E+01 5.263E-04
  3.111890E+01 4.627E-04
  3.207431E+01 4.068E-04
  3.305594E+01 3.576E-04
      10   8   2   120    1  -5.44444E+00      60
  5.039470E+00 4.790E-01
  5.140720E+00 4.476E-01
  5.241950E+00 4.187E-01
  5.343190E+00 3.921E-01
  5.443940E+00 3.677E-01
  5.642680E+00 3.248E-01
  5.847970E+00 2.868E-01
  6.060000E+00 2.533E-01
  6.278960E+00 2.237E-01
  6.505020E+00 1.975E-01
  6.738390E+00 1.744E-01
  6.979250E+00 1.540E-01
  7.227820E+00 1.359E-01
  7.484280E+00 1.200E-01
  7.748850E+00 1.059E-01
  8.021730E+00 9.343E-02
  8.303150E+00 8.245E-02
  8.593320E+00 7.275E-02
  8.892460E+00 6.419E-02
  9.200800E+00 5.663E-02
  9.518580E+00 4.996E-02
  9.846010E+00 4.406E-02
  1.018340E+01 3.887E-02
  1.053090E+01 3.428E-02
  1.088870E+01 3.023E-02
  1.125730E+01 2.665E-02
  1.163670E+01 2.350E-02
  1.202730E+01 2.072E-02
  1.242930E+01 1.827E-02
  1.284310E+01 1.610E-02
  1.326870E+01 1.419E-02
  1.370670E+01 1.251E-02
  1.415720E+01 1.102E-02
  1.462050E+01 9.715E-03
  1.509690E+01 8.560E-03
  1.558670E+01 7.542E-03
  1.609019E+01 6.645E-03
  1.660780E+01 5.854E-03
  1.713969E+01 5.157E-03
  1.768620E+01 4.542E-03
  1.824770E+01 4.001E-03
  1.882449E+01 3.523E-03
  1.941690E+01 3.103E-03
  2.002521E+01 2.732E-03
  2.064990E+01 2.406E-03
  2.129120E+01 2.118E-03
  2.196422E+01 1.872E-03
  2.265599E+01 1.646E-03
  2.336699E+01 1.447E-03
  2.409767E+01 1.272E-03
  2.484857E+01 1.118E-03
  2.562012E+01 9.832E-04
  2.641284E+01 8.643E-04
  2.722728E+01 7.597E-04
  2.806390E+01 6.678E-04
  2.892331E+01 5.870E-04
  2.980603E+01 5.159E-04
  3.071260E+01 4.535E-04
  3.164362E+01 3.985E-04
  3.259966E+01 3.503E-04
      11   8   2   111    2  -5.41781E+00      61
  5.012850E+00 6.433E-01
  5.114090E+00 6.128E-01
  5.215330E+00 5.842E-01
  5.316570E+00 5.573E-01
  5.417320E+00 5.321E-01
  5.683530E+00 4.722E-01
  5.961240E+00 4.189E-01
  6.250840E+00 3.716E-01
  6.552720E+00 3.295E-01
  6.867290E+00 2.922E-01
  7.194940E+00 2.591E-01
  7.536090E+00 2.296E-01
  7.891160E+00 2.035E-01
  8.260580E+00 1.803E-01
  8.644780E+00 1.597E-01
  9.044210E+00 1.415E-01
  9.459320E+00 1.253E-01
  9.890570E+00 1.109E-01
  1.033840E+01 9.820E-02
  1.080330E+01 8.692E-02
  1.128580E+01 7.692E-02
  1.178630E+01 6.806E-02
  1.230540E+01 6.021E-02
  1.284350E+01 5.326E-02
  1.340110E+01 4.710E-02
  1.397890E+01 4.165E-02
  1.457720E+01 3.682E-02
  1.519660E+01 3.255E-02
  1.583780E+01 2.877E-02
  1.650121E+01 2.542E-02
  1.718730E+01 2.246E-02
  1.789680E+01 1.984E-02
  1.863020E+01 1.753E-02
  1.938820E+01 1.548E-02
  2.017120E+01 1.367E-02
  2.098000E+01 1.207E-02
  2.183833E+01 1.070E-02
  2.272647E+01 9.431E-03
  2.364529E+01 8.314E-03
  2.459573E+01 7.328E-03
  2.557869E+01 6.459E-03
  2.659511E+01 5.693E-03
  2.764600E+01 5.017E-03
  2.873235E+01 4.421E-03
  2.985521E+01 3.896E-03
  3.101563E+01 3.433E-03
  3.221466E+01 3.025E-03
  3.345345E+01 2.665E-03
  3.473311E+01 2.348E-03
  3.605481E+01 2.068E-03
  3.741977E+01 1.822E-03
  3.882919E+01 1.605E-03
  4.028432E+01 1.414E-03
  4.178648E+01 1.245E-03
  4.333693E+01 1.097E-03
  4.493706E+01 9.657E-04
  4.658827E+01 8.504E-04
  4.829192E+01 7.489E-04
  5.004951E+01 6.594E-04
  5.186250E+01 5.806E-04
  5.373242E+01 5.112E-04
      12   8   2   300    3  -3.15815E+00      65
  2.753190E+00 8.938E-01
  2.854430E+00 8.333E-01
  2.955670E+00 7.787E-01
  3.056910E+00 7.292E-01
  3.157660E+00 6.843E-01
  3.344980E+00 6.109E-01
  3.542720E+00 5.453E-01
  3.751420E+00 4.868E-01
  3.971660E+00 4.345E-01
  4.204020E+00 3.877E-01
  4.449130E+00 3.460E-01
  4.707660E+00 3.087E-01
  4.980280E+00 2.755E-01
  5.267720E+00 2.458E-01
  5.570720E+00 2.193E-01
  5.890090E+00 1.956E-01
  6.226640E+00 1.745E-01
  6.581250E+00 1.556E-01
  6.954810E+00 1.388E-01
  7.348290E+00 1.237E-01
  7.762680E+00 1.103E-01
  8.199010E+00 9.839E-02
  8.658380E+00 8.772E-02
  9.141920E+00 7.820E-02
  9.650840E+00 6.971E-02
  1.018640E+01 6.214E-02
  1.074980E+01 5.539E-02
  1.134260E+01 4.936E-02
  1.196600E+01 4.399E-02
  1.262170E+01 3.920E-02
  1.331120E+01 3.493E-02
  1.403600E+01 3.112E-02
  1.479800E+01 2.773E-02
  1.559890E+01 2.470E-02
  1.644051E+01 2.201E-02
  1.732480E+01 1.960E-02
  1.825391E+01 1.746E-02
  1.925671E+01 1.551E-02
  2.031137E+01 1.377E-02
  2.142038E+01 1.222E-02
  2.258635E+01 1.085E-02
  2.381207E+01 9.635E-03
  2.510040E+01 8.553E-03
  2.645439E+01 7.592E-03
  2.787718E+01 6.739E-03
  2.937204E+01 5.982E-03
  3.094244E+01 5.309E-03
  3.259198E+01 4.712E-03
  3.432440E+01 4.181E-03
  3.614363E+01 3.710E-03
  3.805380E+01 3.292E-03
  4.005916E+01 2.921E-03
  4.216420E+01 2.592E-03
  4.437364E+01 2.300E-03
  4.669231E+01 2.040E-03
  4.912534E+01 1.810E-03
  5.167804E+01 1.606E-03
  5.435600E+01 1.424E-03
  5.716498E+01 1.263E-03
  6.011111E+01 1.120E-03
  6.320059E+01 9.937E-04
  6.644017E+01 8.813E-04
  6.983665E+01 7.816E-04
  7.339717E+01 6.931E-04
  7.712930E+01 6.146E-04
      13   8   2   311    3  -3.09675E+00      62
  2.691790E+00 1.112E+00
  2.793030E+00 1.027E+00
  2.894270E+00 9.501E-01
  2.995510E+00 8.814E-01
  3.096260E+00 8.197E-01
  3.265790E+00 7.288E-01
  3.443320E+00 6.480E-01
  3.629170E+00 5.760E-01
  3.823660E+00 5.119E-01
  4.027150E+00 4.549E-01
  4.239990E+00 4.042E-01
  4.462530E+00 3.591E-01
  4.695170E+00 3.190E-01
  4.938290E+00 2.833E-01
  5.192290E+00 2.516E-01
  5.457600E+00 2.234E-01
  5.734630E+00 1.984E-01
  6.023850E+00 1.761E-01
  6.325690E+00 1.563E-01
  6.640640E+00 1.388E-01
  6.969180E+00 1.231E-01
  7.311820E+00 1.093E-01
  7.669070E+00 9.694E-02
  8.041480E+00 8.600E-02
  8.429580E+00 7.629E-02
  8.833950E+00 6.766E-02
  9.255190E+00 6.001E-02
  9.693870E+00 5.321E-02
  1.015070E+01 4.718E-02
  1.062610E+01 4.183E-02
  1.112100E+01 3.708E-02
  1.163600E+01 3.287E-02
  1.217170E+01 2.913E-02
  1.272890E+01 2.582E-02
  1.330830E+01 2.288E-02
  1.391070E+01 2.027E-02
  1.453690E+01 1.796E-02
  1.518770E+01 1.591E-02
  1.586400E+01 1.409E-02
  1.656650E+01 1.248E-02
  1.729620E+01 1.106E-02
  1.805389E+01 9.790E-03
  1.884070E+01 8.669E-03
  1.967729E+01 7.670E-03
  2.054659E+01 6.775E-03
  2.144969E+01 5.983E-03
  2.238777E+01 5.284E-03
  2.336205E+01 4.666E-03
  2.437373E+01 4.120E-03
  2.542413E+01 3.638E-03
  2.651453E+01 3.212E-03
  2.764629E+01 2.836E-03
  2.882077E+01 2.503E-03
  3.003946E+01 2.210E-03
  3.130379E+01 1.951E-03
  3.261530E+01 1.722E-03
  3.397556E+01 1.520E-03
  3.538618E+01 1.341E-03
  3.684883E+01 1.184E-03
  3.836525E+01 1.044E-03
  3.993713E+01 9.216E-04
  4.156631E+01 8.132E-04
      14   8   2   100    4  -3.09602E+00      64
  2.691060E+00 9.392E-01
  2.792300E+00 8.736E-01
  2.893540E+00 8.145E-01
  2.994780E+00 7.611E-01
  3.095530E+00 7.129E-01
  3.276380E+00 6.365E-01
  3.467360E+00 5.683E-01
  3.668990E+00 5.073E-01
  3.881830E+00 4.528E-01
  4.106460E+00 4.041E-01
  4.343460E+00 3.606E-01
  4.593480E+00 3.218E-01
  4.857160E+00 2.871E-01
  5.135210E+00 2.561E-01
  5.428330E+00 2.285E-01
  5.737270E+00 2.038E-01
  6.062810E+00 1.817E-01
  6.405780E+00 1.620E-01
  6.767010E+00 1.445E-01
  7.147400E+00 1.288E-01
  7.547860E+00 1.148E-01
  7.969380E+00 1.023E-01
  8.412930E+00 9.122E-02
  8.879580E+00 8.129E-02
  9.370410E+00 7.243E-02
  9.886540E+00 6.453E-02
  1.042920E+01 5.748E-02
  1.099950E+01 5.120E-02
  1.159880E+01 4.560E-02
  1.222850E+01 4.061E-02
  1.288980E+01 3.616E-02
  1.358420E+01 3.219E-02
  1.431330E+01 2.866E-02
  1.507850E+01 2.551E-02
  1.588150E+01 2.270E-02
  1.672391E+01 2.021E-02
  1.760741E+01 1.798E-02
  1.853380E+01 1.600E-02
  1.953596E+01 1.425E-02
  2.058891E+01 1.265E-02
  2.169505E+01 1.122E-02
  2.285687E+01 9.961E-03
  2.407704E+01 8.840E-03
  2.535828E+01 7.844E-03
  2.670348E+01 6.960E-03
  2.811559E+01 6.175E-03
  2.959779E+01 5.478E-03
  3.115332E+01 4.860E-03
  3.278558E+01 4.311E-03
  3.449818E+01 3.824E-03
  3.629477E+01 3.392E-03
  3.817923E+01 3.009E-03
  4.015564E+01 2.669E-03
  4.222821E+01 2.367E-03
  4.440131E+01 2.099E-03
  4.667950E+01 1.861E-03
  4.906764E+01 1.650E-03
  5.157068E+01 1.463E-03
  5.419382E+01 1.298E-03
  5.694246E+01 1.150E-03
  5.982233E+01 1.020E-03
  6.283925E+01 9.042E-04
  6.599945E+01 8.015E-04
  6.930928E+01 7.105E-04
      15   8   2   320    2  -3.06441E+00      61
  2.659460E+00 1.087E+00
  2.760690E+00 9.821E-01
  2.861930E+00 8.900E-01
  2.963170E+00 8.086E-01
  3.063920E+00 7.370E-01
  3.201600E+00 6.519E-01
  3.344210E+00 5.765E-01
  3.491910E+00 5.098E-01
  3.644840E+00 4.508E-01
  3.803160E+00 3.986E-01
  3.967030E+00 3.524E-01
  4.136610E+00 3.115E-01
  4.312060E+00 2.753E-01
  4.493550E+00 2.433E-01
  4.681260E+00 2.150E-01
  4.875360E+00 1.900E-01
  5.076040E+00 1.679E-01
  5.283480E+00 1.483E-01
  5.497880E+00 1.311E-01
  5.719430E+00 1.158E-01
  5.948320E+00 1.023E-01
  6.184770E+00 9.032E-02
  6.428990E+00 7.977E-02
  6.681190E+00 7.044E-02
  6.941590E+00 6.220E-02
  7.210420E+00 5.492E-02
  7.487910E+00 4.849E-02
  7.774300E+00 4.281E-02
  8.069820E+00 3.779E-02
  8.374730E+00 3.336E-02
  8.689270E+00 2.945E-02
  9.013710E+00 2.599E-02
  9.348320E+00 2.294E-02
  9.693370E+00 2.024E-02
  1.004910E+01 1.786E-02
  1.041590E+01 1.576E-02
  1.079390E+01 1.390E-02
  1.118360E+01 1.227E-02
  1.158510E+01 1.082E-02
  1.199880E+01 9.547E-03
  1.242510E+01 8.421E-03
  1.286420E+01 7.428E-03
  1.331650E+01 6.551E-03
  1.378230E+01 5.778E-03
  1.426200E+01 5.096E-03
  1.475590E+01 4.494E-03
  1.526440E+01 3.962E-03
  1.578790E+01 3.494E-03
  1.632671E+01 3.080E-03
  1.688130E+01 2.716E-03
  1.745200E+01 2.394E-03
  1.803931E+01 2.111E-03
  1.864349E+01 1.861E-03
  1.927496E+01 1.635E-03
  1.992471E+01 1.438E-03
  2.059320E+01 1.265E-03
  2.128085E+01 1.112E-03
  2.198819E+01 9.782E-04
  2.271570E+01 8.602E-04
  2.346387E+01 7.564E-04
  2.423317E+01 6.651E-04
      16   8   2   120    2  -3.06242E+00      61
  2.657460E+00 1.075E+00
  2.758700E+00 9.712E-01
  2.859940E+00 8.798E-01
  2.961180E+00 7.991E-01
  3.061930E+00 7.281E-01
  3.198820E+00 6.441E-01
  3.340660E+00 5.696E-01
  3.487590E+00 5.038E-01
  3.639760E+00 4.455E-01
  3.797310E+00 3.939E-01
  3.960410E+00 3.482E-01
  4.129210E+00 3.078E-01
  4.303880E+00 2.721E-01
  4.484570E+00 2.405E-01
  4.671460E+00 2.125E-01
  4.864720E+00 1.878E-01
  5.064520E+00 1.659E-01
  5.271060E+00 1.466E-01
  5.484510E+00 1.295E-01
  5.705070E+00 1.144E-01
  5.932920E+00 1.010E-01
  6.168270E+00 8.921E-02
  6.411320E+00 7.878E-02
  6.662270E+00 6.956E-02
  6.921340E+00 6.142E-02
  7.188740E+00 5.422E-02
  7.464690E+00 4.787E-02
  7.749420E+00 4.225E-02
  8.043160E+00 3.729E-02
  8.346140E+00 3.291E-02
  8.658620E+00 2.904E-02
  8.980820E+00 2.563E-02
  9.313000E+00 2.261E-02
  9.655420E+00 1.995E-02
  1.000830E+01 1.760E-02
  1.037200E+01 1.553E-02
  1.074680E+01 1.370E-02
  1.113280E+01 1.208E-02
  1.153040E+01 1.065E-02
  1.194000E+01 9.397E-03
  1.236170E+01 8.286E-03
  1.279600E+01 7.307E-03
  1.324300E+01 6.442E-03
  1.370310E+01 5.680E-03
  1.417670E+01 5.008E-03
  1.466410E+01 4.414E-03
  1.516560E+01 3.891E-03
  1.568140E+01 3.430E-03
  1.621220E+01 3.023E-03
  1.675800E+01 2.664E-03
  1.731931E+01 2.348E-03
  1.789661E+01 2.069E-03
  1.849010E+01 1.823E-03
  1.911174E+01 1.606E-03
  1.975116E+01 1.413E-03
  2.040880E+01 1.242E-03
  2.108510E+01 1.092E-03
  2.178050E+01 9.603E-04
  2.249550E+01 8.443E-04
  2.323053E+01 7.423E-04
  2.398610E+01 6.526E-04
      17   8   2   111    3  -3.05193E+00      62
  2.646970E+00 1.121E+00
  2.748210E+00 1.031E+00
  2.849450E+00 9.504E-01
  2.950690E+00 8.785E-01
  3.051440E+00 8.142E-01
  3.212810E+00 7.239E-01
  3.381780E+00 6.435E-01
  3.558660E+00 5.719E-01
  3.743750E+00 5.082E-01
  3.937360E+00 4.515E-01
  4.139810E+00 4.011E-01
  4.351440E+00 3.562E-01
  4.572570E+00 3.163E-01
  4.803570E+00 2.808E-01
  5.044770E+00 2.493E-01
  5.296570E+00 2.213E-01
  5.559310E+00 1.964E-01
  5.833410E+00 1.742E-01
  6.119240E+00 1.546E-01
  6.417210E+00 1.371E-01
  6.727740E+00 1.216E-01
  7.051250E+00 1.078E-01
  7.388180E+00 9.560E-02
  7.738970E+00 8.475E-02
  8.104080E+00 7.512E-02
  8.483980E+00 6.657E-02
  8.879140E+00 5.898E-02
  9.290050E+00 5.226E-02
  9.717220E+00 4.629E-02
  1.016110E+01 4.100E-02
  1.062240E+01 3.631E-02
  1.110140E+01 3.215E-02
  1.159880E+01 2.846E-02
  1.211510E+01 2.519E-02
  1.265090E+01 2.230E-02
  1.320680E+01 1.973E-02
  1.378340E+01 1.746E-02
  1.438130E+01 1.545E-02
  1.500100E+01 1.367E-02
  1.564330E+01 1.209E-02
  1.630881E+01 1.069E-02
  1.699809E+01 9.454E-03
  1.771190E+01 8.359E-03
  1.845090E+01 7.390E-03
  1.923969E+01 6.572E-03
  2.005788E+01 5.801E-03
  2.090645E+01 5.119E-03
  2.178636E+01 4.517E-03
  2.269862E+01 3.986E-03
  2.364432E+01 3.517E-03
  2.462448E+01 3.103E-03
  2.564026E+01 2.738E-03
  2.669276E+01 2.415E-03
  2.778319E+01 2.131E-03
  2.891270E+01 1.879E-03
  3.008255E+01 1.658E-03
  3.129404E+01 1.462E-03
  3.254843E+01 1.290E-03
  3.384709E+01 1.137E-03
  3.519141E+01 1.003E-03
  3.658278E+01 8.844E-04
  3.802266E+01 7.798E-04
      18   8   2   300    4  -2.00837E+00      66
  1.603420E+00 1.451E+00
  1.704660E+00 1.287E+00
  1.805890E+00 1.149E+00
  1.907140E+00 1.031E+00
  2.007880E+00 9.307E-01
  2.121820E+00 8.319E-01
  2.242410E+00 7.435E-01
  2.370000E+00 6.645E-01
  2.505000E+00 5.938E-01
  2.647820E+00 5.306E-01
  2.798880E+00 4.741E-01
  2.958640E+00 4.235E-01
  3.127560E+00 3.783E-01
  3.306140E+00 3.379E-01
  3.494890E+00 3.018E-01
  3.694360E+00 2.695E-01
  3.905100E+00 2.406E-01
  4.127700E+00 2.148E-01
  4.362770E+00 1.918E-01
  4.610950E+00 1.712E-01
  4.872900E+00 1.528E-01
  5.149310E+00 1.363E-01
  5.440900E+00 1.216E-01
  5.748410E+00 1.085E-01
  6.072620E+00 9.674E-02
  6.414330E+00 8.627E-02
  6.774370E+00 7.692E-02
  7.153620E+00 6.857E-02
  7.552960E+00 6.112E-02
  7.973320E+00 5.447E-02
  8.415660E+00 4.853E-02
  8.880970E+00 4.324E-02
  9.370290E+00 3.851E-02
  9.884660E+00 3.430E-02
  1.042520E+01 3.054E-02
  1.099300E+01 2.719E-02
  1.158920E+01 2.420E-02
  1.221510E+01 2.154E-02
  1.287190E+01 1.916E-02
  1.356090E+01 1.705E-02
  1.428330E+01 1.516E-02
  1.504050E+01 1.349E-02
  1.563040E+01 1.235E-02
  1.598940E+01 1.168E-02
  1.709430E+01 1.006E-02
  1.802650E+01 9.057E-03
  1.900719E+01 8.044E-03
  2.003873E+01 7.143E-03
  2.112366E+01 6.343E-03
  2.226459E+01 5.633E-03
  2.346429E+01 5.001E-03
  2.472568E+01 4.441E-03
  2.605174E+01 3.943E-03
  2.744568E+01 3.501E-03
  2.891078E+01 3.108E-03
  3.045052E+01 2.759E-03
  3.206853E+01 2.449E-03
  3.376863E+01 2.174E-03
  3.555472E+01 1.930E-03
  3.743108E+01 1.713E-03
  3.940195E+01 1.520E-03
  4.147195E+01 1.349E-03
  4.364577E+01 1.197E-03
  4.592848E+01 1.063E-03
  4.832521E+01 9.430E-04
  5.084143E+01 8.368E-04
      19   8   2   311    4  -1.97748E+00      63
  1.572520E+00 1.809E+00
  1.673760E+00 1.587E+00
  1.775000E+00 1.402E+00
  1.876240E+00 1.247E+00
  1.976990E+00 1.115E+00
  2.084900E+00 9.937E-01
  2.198460E+00 8.855E-01
  2.317930E+00 7.889E-01
  2.443570E+00 7.027E-01
  2.575650E+00 6.258E-01
  2.714470E+00 5.573E-01
  2.860320E+00 4.962E-01
  3.013480E+00 4.417E-01
  3.174290E+00 3.931E-01
  3.343060E+00 3.498E-01
  3.520110E+00 3.112E-01
  3.705780E+00 2.768E-01
  3.900430E+00 2.462E-01
  4.104420E+00 2.189E-01
  4.318100E+00 1.946E-01
  4.541850E+00 1.730E-01
  4.776080E+00 1.537E-01
  5.021160E+00 1.366E-01
  5.277500E+00 1.213E-01
  5.545530E+00 1.078E-01
  5.825670E+00 9.571E-02
  6.118350E+00 8.498E-02
  6.424030E+00 7.544E-02
  6.743150E+00 6.696E-02
  7.076190E+00 5.942E-02
  7.423620E+00 5.272E-02
  7.785930E+00 4.676E-02
  8.163630E+00 4.148E-02
  8.557210E+00 3.678E-02
  8.967200E+00 3.261E-02
  9.394120E+00 2.891E-02
  9.838530E+00 2.562E-02
  1.030100E+01 2.270E-02
  1.078200E+01 2.012E-02
  1.128220E+01 1.782E-02
  1.180220E+01 1.578E-02
  1.234250E+01 1.398E-02
  1.290370E+01 1.238E-02
  1.348660E+01 1.096E-02
  1.409160E+01 9.698E-03
  1.471950E+01 8.583E-03
  1.537090E+01 7.595E-03
  1.559950E+01 7.283E-03
  1.651781E+01 6.229E-03
  1.759579E+01 5.260E-03
  1.838928E+01 4.667E-03
  1.921480E+01 4.124E-03
  2.007350E+01 3.645E-03
  2.096657E+01 3.221E-03
  2.189525E+01 2.846E-03
  2.286084E+01 2.514E-03
  2.386464E+01 2.222E-03
  2.490800E+01 1.963E-03
  2.599236E+01 1.734E-03
  2.711914E+01 1.531E-03
  2.828984E+01 1.353E-03
  2.950601E+01 1.195E-03
  3.076926E+01 1.055E-03
      20   8   2   100    5  -1.97724E+00      66
  1.572280E+00 1.529E+00
  1.673520E+00 1.351E+00
  1.774760E+00 1.202E+00
  1.876000E+00 1.076E+00
  1.976750E+00 9.687E-01
  2.088280E+00 8.657E-01
  2.206250E+00 7.736E-01
  2.331040E+00 6.912E-01
  2.463000E+00 6.175E-01
  2.602540E+00 5.517E-01
  2.750070E+00 4.928E-01
  2.906020E+00 4.402E-01
  3.070840E+00 3.931E-01
  3.245010E+00 3.511E-01
  3.429010E+00 3.135E-01
  3.623370E+00 2.799E-01
  3.828620E+00 2.498E-01
  4.045320E+00 2.230E-01
  4.274060E+00 1.990E-01
  4.515440E+00 1.776E-01
  4.770100E+00 1.585E-01
  5.038700E+00 1.414E-01
  5.321930E+00 1.261E-01
  5.620490E+00 1.125E-01
  5.935130E+00 1.003E-01
  6.266620E+00 8.940E-02
  6.615740E+00 7.970E-02
  6.983330E+00 7.103E-02
  7.370230E+00 6.330E-02
  7.777350E+00 5.640E-02
  8.205580E+00 5.025E-02
  8.655880E+00 4.476E-02
  9.129230E+00 3.986E-02
  9.626630E+00 3.549E-02
  1.014910E+01 3.160E-02
  1.069780E+01 2.813E-02
  1.127380E+01 2.503E-02
  1.187820E+01 2.227E-02
  1.251220E+01 1.982E-02
  1.317710E+01 1.763E-02
  1.387400E+01 1.568E-02
  1.460440E+01 1.394E-02
  1.536940E+01 1.239E-02
  1.559920E+01 1.197E-02
  1.595830E+01 1.132E-02
  1.706320E+01 9.700E-03
  1.798395E+01 8.748E-03
  1.895200E+01 7.767E-03
  1.996962E+01 6.896E-03
  2.103925E+01 6.122E-03
  2.216342E+01 5.435E-03
  2.334479E+01 4.825E-03
  2.458612E+01 4.283E-03
  2.589030E+01 3.801E-03
  2.726039E+01 3.374E-03
  2.869952E+01 2.995E-03
  3.021106E+01 2.658E-03
  3.179845E+01 2.359E-03
  3.346533E+01 2.093E-03
  3.521547E+01 1.858E-03
  3.705287E+01 1.648E-03
  3.898166E+01 1.463E-03
  4.100616E+01 1.298E-03
  4.313095E+01 1.151E-03
  4.536070E+01 1.022E-03
  4.770041E+01 9.063E-04
      21   8   2   320    3  -1.96109E+00      61
  1.556130E+00 1.944E+00
  1.657370E+00 1.669E+00
  1.758610E+00 1.444E+00
  1.859850E+00 1.258E+00
  1.960600E+00 1.103E+00
  2.058430E+00 9.771E-01
  2.160100E+00 8.655E-01
  2.265740E+00 7.666E-01
  2.375470E+00 6.789E-01
  2.489430E+00 6.011E-01
  2.607740E+00 5.322E-01
  2.730550E+00 4.711E-01
  2.857990E+00 4.170E-01
  2.990210E+00 3.691E-01
  3.127350E+00 3.266E-01
  3.269570E+00 2.890E-01
  3.417020E+00 2.557E-01
  3.569860E+00 2.262E-01
  3.728250E+00 2.001E-01
  3.892360E+00 1.770E-01
  4.062360E+00 1.565E-01
  4.238430E+00 1.384E-01
  4.420750E+00 1.224E-01
  4.609500E+00 1.082E-01
  4.804880E+00 9.569E-02
  5.007070E+00 8.459E-02
  5.216270E+00 7.477E-02
  5.432700E+00 6.609E-02
  5.656550E+00 5.841E-02
  5.888050E+00 5.162E-02
  6.127410E+00 4.561E-02
  6.374850E+00 4.030E-02
  6.630620E+00 3.560E-02
  6.894930E+00 3.145E-02
  7.168050E+00 2.778E-02
  7.450200E+00 2.454E-02
  7.741650E+00 2.168E-02
  8.042660E+00 1.914E-02
  8.353490E+00 1.690E-02
  8.674420E+00 1.493E-02
  9.005720E+00 1.318E-02
  9.347680E+00 1.164E-02
  9.700590E+00 1.027E-02
  1.006470E+01 9.069E-03
  1.044050E+01 8.005E-03
  1.082800E+01 7.066E-03
  1.122780E+01 6.236E-03
  1.164010E+01 5.504E-03
  1.206530E+01 4.857E-03
  1.250360E+01 4.286E-03
  1.295550E+01 3.782E-03
  1.342130E+01 3.337E-03
  1.390140E+01 2.944E-03
  1.439620E+01 2.597E-03
  1.490590E+01 2.291E-03
  1.543120E+01 2.021E-03
  1.597220E+01 1.783E-03
  1.652950E+01 1.572E-03
  1.710350E+01 1.387E-03
  1.769450E+01 1.223E-03
  1.830321E+01 1.078E-03
      22   8   2   120    3  -1.95997E+00      61
  1.555010E+00 1.921E+00
  1.656250E+00 1.649E+00
  1.757490E+00 1.426E+00
  1.858730E+00 1.242E+00
  1.959480E+00 1.089E+00
  2.056720E+00 9.648E-01
  2.157810E+00 8.547E-01
  2.262870E+00 7.571E-01
  2.372030E+00 6.705E-01
  2.485430E+00 5.937E-01
  2.603180E+00 5.257E-01
  2.725430E+00 4.654E-01
  2.852310E+00 4.120E-01
  2.983960E+00 3.646E-01
  3.120530E+00 3.227E-01
  3.262180E+00 2.855E-01
  3.409040E+00 2.526E-01
  3.561290E+00 2.235E-01
  3.719060E+00 1.977E-01
  3.882540E+00 1.749E-01
  4.051890E+00 1.546E-01
  4.227280E+00 1.368E-01
  4.408880E+00 1.209E-01
  4.596880E+00 1.069E-01
  4.791460E+00 9.451E-02
  4.992810E+00 8.354E-02
  5.201130E+00 7.383E-02
  5.416600E+00 6.525E-02
  5.639430E+00 5.766E-02
  5.869830E+00 5.095E-02
  6.108010E+00 4.502E-02
  6.354190E+00 3.977E-02
  6.608580E+00 3.513E-02
  6.871420E+00 3.103E-02
  7.142940E+00 2.741E-02
  7.423370E+00 2.420E-02
  7.712950E+00 2.137E-02
  8.011940E+00 1.887E-02
  8.320580E+00 1.666E-02
  8.639140E+00 1.471E-02
  8.967870E+00 1.298E-02
  9.307060E+00 1.146E-02
  9.656970E+00 1.012E-02
  1.001790E+01 8.928E-03
  1.039010E+01 7.879E-03
  1.077390E+01 6.953E-03
  1.116960E+01 6.135E-03
  1.157750E+01 5.413E-03
  1.199800E+01 4.775E-03
  1.243120E+01 4.213E-03
  1.287770E+01 3.716E-03
  1.333760E+01 3.278E-03
  1.381140E+01 2.891E-03
  1.429940E+01 2.550E-03
  1.480190E+01 2.248E-03
  1.531930E+01 1.983E-03
  1.585200E+01 1.748E-03
  1.640041E+01 1.541E-03
  1.696490E+01 1.359E-03
  1.754581E+01 1.198E-03
  1.814360E+01 1.056E-03
      23   8   2   111    4  -1.95478E+00      62
  1.549820E+00 1.855E+00
  1.651060E+00 1.619E+00
  1.752300E+00 1.424E+00
  1.853540E+00 1.260E+00
  1.954290E+00 1.122E+00
  2.058260E+00 9.996E-01
  2.167600E+00 8.904E-01
  2.282560E+00 7.930E-01
  2.403370E+00 7.062E-01
  2.530300E+00 6.287E-01
  2.663600E+00 5.596E-01
  2.803550E+00 4.981E-01
  2.950430E+00 4.432E-01
  3.104520E+00 3.943E-01
  3.266120E+00 3.507E-01
  3.435510E+00 3.119E-01
  3.613020E+00 2.773E-01
  3.798960E+00 2.465E-01
  3.993640E+00 2.191E-01
  4.197400E+00 1.947E-01
  4.410580E+00 1.729E-01
  4.633510E+00 1.536E-01
  4.866560E+00 1.364E-01
  5.110070E+00 1.211E-01
  5.364430E+00 1.075E-01
  5.629990E+00 9.543E-02
  5.907140E+00 8.468E-02
  6.196260E+00 7.512E-02
  6.497760E+00 6.663E-02
  6.812030E+00 5.909E-02
  7.139490E+00 5.239E-02
  7.480540E+00 4.645E-02
  7.835620E+00 4.117E-02
  8.205150E+00 3.648E-02
  8.589560E+00 3.232E-02
  8.989320E+00 2.863E-02
  9.404850E+00 2.535E-02
  9.836630E+00 2.245E-02
  1.028510E+01 1.988E-02
  1.075080E+01 1.759E-02
  1.123410E+01 1.557E-02
  1.173560E+01 1.378E-02
  1.225570E+01 1.219E-02
  1.279500E+01 1.078E-02
  1.335390E+01 9.535E-03
  1.393310E+01 8.432E-03
  1.453280E+01 7.455E-03
  1.515380E+01 6.590E-03
  1.557680E+01 6.073E-03
  1.649510E+01 5.147E-03
  1.757310E+01 4.305E-03
  1.833818E+01 3.846E-03
  1.913286E+01 3.396E-03
  1.995818E+01 2.999E-03
  2.081519E+01 2.649E-03
  2.170497E+01 2.339E-03
  2.262865E+01 2.065E-03
  2.358739E+01 1.823E-03
  2.458237E+01 1.610E-03
  2.561481E+01 1.421E-03
  2.668599E+01 1.254E-03
  2.779720E+01 1.107E-03
      24   8   2   300    5  -1.38892E+00      66
  1.041690E+00 2.152E+00
  1.085200E+00 1.971E+00
  1.186440E+00 1.650E+00
  1.287680E+00 1.400E+00
  1.388430E+00 1.203E+00
  1.466650E+00 1.075E+00
  1.549350E+00 9.605E-01
  1.636790E+00 8.581E-01
  1.729230E+00 7.667E-01
  1.826950E+00 6.849E-01
  1.930240E+00 6.119E-01
  2.039400E+00 5.466E-01
  2.154770E+00 4.882E-01
  2.276680E+00 4.360E-01
  2.405480E+00 3.894E-01
  2.541560E+00 3.478E-01
  2.685290E+00 3.106E-01
  2.837100E+00 2.773E-01
  2.997410E+00 2.476E-01
  3.166680E+00 2.210E-01
  3.345380E+00 1.973E-01
  3.534000E+00 1.761E-01
  3.733060E+00 1.572E-01
  3.943110E+00 1.403E-01
  4.164710E+00 1.252E-01
  4.398450E+00 1.117E-01
  4.644960E+00 9.968E-02
  4.904880E+00 8.893E-02
  5.178890E+00 7.933E-02
  5.467690E+00 7.075E-02
  5.772030E+00 6.310E-02
  6.092660E+00 5.627E-02
  6.430390E+00 5.018E-02
  6.786060E+00 4.473E-02
  7.160530E+00 3.988E-02
  7.554710E+00 3.555E-02
  7.969530E+00 3.168E-02
  8.406000E+00 2.823E-02
  8.865110E+00 2.516E-02
  9.347940E+00 2.241E-02
  9.855590E+00 1.997E-02
  1.038920E+01 1.778E-02
  1.095000E+01 1.584E-02
  1.153910E+01 1.411E-02
  1.215800E+01 1.256E-02
  1.280780E+01 1.118E-02
  1.349000E+01 9.953E-03
  1.420600E+01 8.859E-03
  1.495740E+01 7.884E-03
  1.501090E+01 7.821E-03
  1.592930E+01 6.810E-03
  1.700729E+01 5.892E-03
  1.793579E+01 5.306E-03
  1.891327E+01 4.714E-03
  1.994220E+01 4.188E-03
  2.102524E+01 3.720E-03
  2.216510E+01 3.305E-03
  2.336469E+01 2.936E-03
  2.462700E+01 2.608E-03
  2.595526E+01 2.317E-03
  2.735274E+01 2.058E-03
  2.882295E+01 1.828E-03
  3.036957E+01 1.623E-03
  3.199640E+01 1.442E-03
  3.370749E+01 1.280E-03
  3.550705E+01 1.137E-03
      25   8   2   311    5  -1.37118E+00      64
  1.028384E+00 2.640E+00
  1.067460E+00 2.426E+00
  1.168700E+00 2.009E+00
  1.269940E+00 1.688E+00
  1.370690E+00 1.436E+00
  1.445960E+00 1.281E+00
  1.525260E+00 1.142E+00
  1.608780E+00 1.018E+00
  1.696740E+00 9.076E-01
  1.789340E+00 8.089E-01
  1.886800E+00 7.209E-01
  1.989350E+00 6.424E-01
  2.097220E+00 5.724E-01
  2.210650E+00 5.099E-01
  2.329900E+00 4.541E-01
  2.455240E+00 4.044E-01
  2.586920E+00 3.601E-01
  2.725220E+00 3.206E-01
  2.870450E+00 2.854E-01
  3.022890E+00 2.540E-01
  3.182850E+00 2.260E-01
  3.350650E+00 2.011E-01
  3.526620E+00 1.789E-01
  3.711090E+00 1.591E-01
  3.904410E+00 1.415E-01
  4.106940E+00 1.258E-01
  4.319040E+00 1.118E-01
  4.541090E+00 9.940E-02
  4.773490E+00 8.834E-02
  5.016640E+00 7.849E-02
  5.270940E+00 6.973E-02
  5.536820E+00 6.194E-02
  5.814700E+00 5.501E-02
  6.105050E+00 4.885E-02
  6.408320E+00 4.337E-02
  6.724960E+00 3.850E-02
  7.055470E+00 3.417E-02
  7.400340E+00 3.032E-02
  7.760080E+00 2.690E-02
  8.135190E+00 2.387E-02
  8.526220E+00 2.117E-02
  8.933700E+00 1.877E-02
  9.358190E+00 1.665E-02
  9.800260E+00 1.476E-02
  1.026050E+01 1.308E-02
  1.073950E+01 1.160E-02
  1.123780E+01 1.028E-02
  1.175620E+01 9.105E-03
  1.229520E+01 8.066E-03
  1.285540E+01 7.145E-03
  1.343760E+01 6.328E-03
  1.404240E+01 5.603E-03
  1.467050E+01 4.961E-03
  1.499320E+01 4.668E-03
  1.535220E+01 4.371E-03
  1.645711E+01 3.623E-03
  1.721324E+01 3.255E-03
  1.800102E+01 2.879E-03
  1.882164E+01 2.546E-03
  1.967632E+01 2.251E-03
  2.056638E+01 1.990E-03
  2.149315E+01 1.760E-03
  2.245804E+01 1.556E-03
  2.346243E+01 1.376E-03
      26   8   2   100    6  -1.37110E+00      66
  1.028325E+00 2.249E+00
  1.067380E+00 2.073E+00
  1.168620E+00 1.728E+00
  1.269860E+00 1.461E+00
  1.370610E+00 1.252E+00
  1.447300E+00 1.119E+00
  1.528380E+00 9.993E-01
  1.614070E+00 8.927E-01
  1.704650E+00 7.975E-01
  1.800360E+00 7.124E-01
  1.901510E+00 6.363E-01
  2.008380E+00 5.683E-01
  2.121300E+00 5.076E-01
  2.240580E+00 4.533E-01
  2.366580E+00 4.048E-01
  2.499650E+00 3.614E-01
  2.640180E+00 3.227E-01
  2.788550E+00 2.881E-01
  2.945190E+00 2.572E-01
  3.110530E+00 2.296E-01
  3.285030E+00 2.049E-01
  3.469170E+00 1.829E-01
  3.663440E+00 1.632E-01
  3.868370E+00 1.456E-01
  4.084490E+00 1.299E-01
  4.312390E+00 1.159E-01
  4.552660E+00 1.034E-01
  4.805910E+00 9.224E-02
  5.072790E+00 8.227E-02
  5.353990E+00 7.337E-02
  5.650210E+00 6.542E-02
  5.962170E+00 5.833E-02
  6.290650E+00 5.200E-02
  6.636450E+00 4.635E-02
  7.000380E+00 4.131E-02
  7.383320E+00 3.682E-02
  7.786160E+00 3.281E-02
  8.209830E+00 2.923E-02
  8.655310E+00 2.604E-02
  9.123600E+00 2.319E-02
  9.615740E+00 2.066E-02
  1.013280E+01 1.840E-02
  1.067600E+01 1.638E-02
  1.124640E+01 1.458E-02
  1.184530E+01 1.298E-02
  1.247380E+01 1.155E-02
  1.313340E+01 1.028E-02
  1.382530E+01 9.151E-03
  1.455100E+01 8.142E-03
  1.499310E+01 7.602E-03
  1.535210E+01 7.162E-03
  1.645711E+01 6.105E-03
  1.734857E+01 5.525E-03
  1.828665E+01 4.908E-03
  1.927367E+01 4.359E-03
  2.031210E+01 3.872E-03
  2.140454E+01 3.439E-03
  2.255368E+01 3.054E-03
  2.376236E+01 2.713E-03
  2.503355E+01 2.409E-03
  2.637044E+01 2.139E-03
  2.777620E+01 1.900E-03
  2.925433E+01 1.687E-03
  3.080840E+01 1.498E-03
  3.244221E+01 1.330E-03
  3.415967E+01 1.181E-03
      27   8   2   320    4  -1.36175E+00      62
  1.021312E+00 2.902E+00
  1.058030E+00 2.656E+00
  1.159270E+00 2.154E+00
  1.260510E+00 1.773E+00
  1.361260E+00 1.480E+00
  1.432060E+00 1.314E+00
  1.505950E+00 1.166E+00
  1.583040E+00 1.035E+00
  1.663440E+00 9.179E-01
  1.747260E+00 8.142E-01
  1.834630E+00 7.221E-01
  1.925670E+00 6.404E-01
  2.020480E+00 5.678E-01
  2.119210E+00 5.034E-01
  2.221980E+00 4.462E-01
  2.328920E+00 3.954E-01
  2.440170E+00 3.504E-01
  2.555870E+00 3.105E-01
  2.676160E+00 2.751E-01
  2.801190E+00 2.436E-01
  2.931110E+00 2.158E-01
  3.066070E+00 1.911E-01
  3.206220E+00 1.692E-01
  3.351740E+00 1.498E-01
  3.502780E+00 1.326E-01
  3.659510E+00 1.174E-01
  3.822100E+00 1.039E-01
  3.990740E+00 9.190E-02
  4.165600E+00 8.131E-02
  4.346860E+00 7.193E-02
  4.534720E+00 6.363E-02
  4.729370E+00 5.628E-02
  4.931010E+00 4.977E-02
  5.139830E+00 4.401E-02
  5.356050E+00 3.891E-02
  5.579880E+00 3.440E-02
  5.811530E+00 3.041E-02
  6.051220E+00 2.688E-02
  6.299180E+00 2.375E-02
  6.555640E+00 2.099E-02
  6.820840E+00 1.855E-02
  7.095010E+00 1.639E-02
  7.378400E+00 1.448E-02
  7.671260E+00 1.279E-02
  7.973860E+00 1.130E-02
  8.286440E+00 9.976E-03
  8.609270E+00 8.810E-03
  8.942640E+00 7.779E-03
  9.286810E+00 6.868E-03
  9.642080E+00 6.064E-03
  1.000870E+01 5.353E-03
  1.038700E+01 4.725E-03
  1.077740E+01 4.170E-03
  1.117990E+01 3.680E-03
  1.159510E+01 3.248E-03
  1.202330E+01 2.866E-03
  1.246460E+01 2.528E-03
  1.291960E+01 2.231E-03
  1.338840E+01 1.968E-03
  1.387160E+01 1.736E-03
  1.436940E+01 1.531E-03
  1.488210E+01 1.350E-03
      28   8   2   120    4  -1.36107E+00      62
  1.020802E+00 2.862E+00
  1.057360E+00 2.620E+00
  1.158590E+00 2.125E+00
  1.259830E+00 1.749E+00
  1.360580E+00 1.459E+00
  1.431060E+00 1.295E+00
  1.504630E+00 1.150E+00
  1.581400E+00 1.020E+00
  1.661480E+00 9.051E-01
  1.744990E+00 8.029E-01
  1.832040E+00 7.122E-01
  1.922760E+00 6.316E-01
  2.017260E+00 5.600E-01
  2.115680E+00 4.965E-01
  2.218130E+00 4.401E-01
  2.324750E+00 3.900E-01
  2.435670E+00 3.456E-01
  2.551040E+00 3.062E-01
  2.671000E+00 2.713E-01
  2.795680E+00 2.403E-01
  2.925230E+00 2.128E-01
  3.059810E+00 1.885E-01
  3.199580E+00 1.669E-01
  3.344680E+00 1.477E-01
  3.495280E+00 1.308E-01
  3.651550E+00 1.157E-01
  3.813650E+00 1.024E-01
  3.981760E+00 9.061E-02
  4.156050E+00 8.016E-02
  4.336700E+00 7.091E-02
  4.523900E+00 6.272E-02
  4.717840E+00 5.546E-02
  4.918700E+00 4.904E-02
  5.126690E+00 4.336E-02
  5.342000E+00 3.833E-02
  5.564840E+00 3.389E-02
  5.795410E+00 2.995E-02
  6.033930E+00 2.647E-02
  6.280620E+00 2.339E-02
  6.535700E+00 2.067E-02
  6.799400E+00 1.826E-02
  7.071940E+00 1.613E-02
  7.353560E+00 1.425E-02
  7.644500E+00 1.258E-02
  7.945010E+00 1.111E-02
  8.255330E+00 9.810E-03
  8.575730E+00 8.662E-03
  8.906460E+00 7.647E-03
  9.247780E+00 6.750E-03
  9.599970E+00 5.958E-03
  9.963300E+00 5.258E-03
  1.033800E+01 4.640E-03
  1.072450E+01 4.095E-03
  1.112300E+01 3.613E-03
  1.153370E+01 3.187E-03
  1.195710E+01 2.812E-03
  1.239330E+01 2.480E-03
  1.284280E+01 2.188E-03
  1.330580E+01 1.929E-03
  1.378270E+01 1.701E-03
  1.427370E+01 1.500E-03
  1.477930E+01 1.323E-03
      29   8   2   111    5  -1.35813E+00      63
  1.018598E+00 2.716E+00
  1.054410E+00 2.505E+00
  1.155650E+00 2.061E+00
  1.256890E+00 1.721E+00
  1.357640E+00 1.457E+00
  1.430490E+00 1.299E+00
  1.507200E+00 1.158E+00
  1.587940E+00 1.032E+00
  1.672920E+00 9.198E-01
  1.762340E+00 8.196E-01
  1.856380E+00 7.302E-01
  1.955280E+00 6.504E-01
  2.059250E+00 5.793E-01
  2.168500E+00 5.159E-01
  2.283290E+00 4.593E-01
  2.403850E+00 4.089E-01
  2.530430E+00 3.639E-01
  2.663290E+00 3.239E-01
  2.802690E+00 2.882E-01
  2.948900E+00 2.564E-01
  3.102220E+00 2.280E-01
  3.262910E+00 2.028E-01
  3.431280E+00 1.803E-01
  3.607650E+00 1.603E-01
  3.792310E+00 1.425E-01
  3.985590E+00 1.266E-01
  4.187820E+00 1.125E-01
  4.399330E+00 9.995E-02
  4.620480E+00 8.878E-02
  4.851610E+00 7.884E-02
  5.093100E+00 7.000E-02
  5.345300E+00 6.214E-02
  5.608610E+00 5.516E-02
  5.883410E+00 4.895E-02
  6.170090E+00 4.343E-02
  6.469070E+00 3.853E-02
  6.780760E+00 3.417E-02
  7.105580E+00 3.030E-02
  7.443960E+00 2.687E-02
  7.796350E+00 2.382E-02
  8.163190E+00 2.111E-02
  8.544950E+00 1.871E-02
  8.942090E+00 1.658E-02
  9.355100E+00 1.469E-02
  9.784450E+00 1.301E-02
  1.023060E+01 1.152E-02
  1.069420E+01 1.020E-02
  1.117560E+01 9.031E-03
  1.167540E+01 7.995E-03
  1.219410E+01 7.076E-03
  1.273230E+01 6.261E-03
  1.329050E+01 5.540E-03
  1.386930E+01 4.901E-03
  1.446930E+01 4.335E-03
  1.498010E+01 3.917E-03
  1.589850E+01 3.300E-03
  1.697650E+01 2.743E-03
  1.772932E+01 2.480E-03
  1.851237E+01 2.192E-03
  1.932675E+01 1.937E-03
  2.017358E+01 1.711E-03
  2.105405E+01 1.512E-03
  2.196938E+01 1.336E-03
      30   8   2   300    6  -1.01744E+00      65
  7.630799E-01 2.718E+00
  8.149560E-01 2.350E+00
  9.161960E-01 1.854E+00
  1.016950E+00 1.500E+00
  1.073880E+00 1.340E+00
  1.134040E+00 1.197E+00
  1.197610E+00 1.069E+00
  1.264770E+00 9.551E-01
  1.335720E+00 8.531E-01
  1.410680E+00 7.619E-01
  1.489870E+00 6.805E-01
  1.573520E+00 6.078E-01
  1.661870E+00 5.428E-01
  1.755190E+00 4.847E-01
  1.853730E+00 4.329E-01
  1.957800E+00 3.865E-01
  2.067690E+00 3.451E-01
  2.183710E+00 3.082E-01
  2.306200E+00 2.751E-01
  2.435500E+00 2.456E-01
  2.571980E+00 2.193E-01
  2.716030E+00 1.958E-01
  2.868030E+00 1.747E-01
  3.028430E+00 1.560E-01
  3.197650E+00 1.392E-01
  3.376170E+00 1.242E-01
  3.564480E+00 1.109E-01
  3.763080E+00 9.894E-02
  3.972510E+00 8.828E-02
  4.193330E+00 7.877E-02
  4.426130E+00 7.027E-02
  4.671530E+00 6.269E-02
  4.930170E+00 5.592E-02
  5.202720E+00 4.988E-02
  5.489900E+00 4.449E-02
  5.792430E+00 3.968E-02
  6.111100E+00 3.538E-02
  6.446710E+00 3.155E-02
  6.800100E+00 2.813E-02
  7.172160E+00 2.508E-02
  7.563820E+00 2.236E-02
  7.976020E+00 1.993E-02
  8.409790E+00 1.776E-02
  8.866160E+00 1.583E-02
  9.346230E+00 1.411E-02
  9.851160E+00 1.257E-02
  1.038210E+01 1.120E-02
  1.094040E+01 9.981E-03
  1.152720E+01 8.892E-03
  1.214400E+01 7.921E-03
  1.279210E+01 7.055E-03
  1.347290E+01 6.284E-03
  1.418820E+01 5.596E-03
  1.463940E+01 5.216E-03
  1.555780E+01 4.529E-03
  1.663580E+01 3.903E-03
  1.754672E+01 3.520E-03
  1.850627E+01 3.129E-03
  1.951698E+01 2.780E-03
  2.058148E+01 2.471E-03
  2.170261E+01 2.196E-03
  2.288327E+01 1.951E-03
  2.412656E+01 1.734E-03
  2.543570E+01 1.541E-03
  2.681410E+01 1.369E-03
      31   8   2   311    6  -1.00632E+00      62
  7.547400E-01 3.300E+00
  8.038410E-01 2.854E+00
  9.050800E-01 2.228E+00
  1.005830E+00 1.784E+00
  1.061000E+00 1.592E+00
  1.119160E+00 1.420E+00
  1.180470E+00 1.266E+00
  1.245080E+00 1.130E+00
  1.313160E+00 1.007E+00
  1.384870E+00 8.982E-01
  1.460400E+00 8.008E-01
  1.539930E+00 7.139E-01
  1.623660E+00 6.363E-01
  1.711780E+00 5.671E-01
  1.804500E+00 5.054E-01
  1.902040E+00 4.503E-01
  2.004620E+00 4.012E-01
  2.112470E+00 3.574E-01
  2.225840E+00 3.183E-01
  2.344980E+00 2.835E-01
  2.470140E+00 2.524E-01
  2.601590E+00 2.247E-01
  2.739610E+00 2.001E-01
  2.884490E+00 1.781E-01
  3.036530E+00 1.585E-01
  3.196020E+00 1.410E-01
  3.363290E+00 1.254E-01
  3.538670E+00 1.116E-01
  3.722490E+00 9.924E-02
  3.915110E+00 8.825E-02
  4.116870E+00 7.847E-02
  4.328160E+00 6.976E-02
  4.549350E+00 6.201E-02
  4.780840E+00 5.511E-02
  5.023040E+00 4.897E-02
  5.276360E+00 4.351E-02
  5.541220E+00 3.865E-02
  5.818090E+00 3.433E-02
  6.107400E+00 3.049E-02
  6.409630E+00 2.707E-02
  6.725250E+00 2.404E-02
  7.054760E+00 2.134E-02
  7.398670E+00 1.894E-02
  7.757500E+00 1.680E-02
  8.131780E+00 1.491E-02
  8.522060E+00 1.323E-02
  8.928910E+00 1.173E-02
  9.352900E+00 1.041E-02
  9.794620E+00 9.229E-03
  1.025470E+01 8.183E-03
  1.073370E+01 7.255E-03
  1.123230E+01 6.431E-03
  1.175120E+01 5.699E-03
  1.229100E+01 5.051E-03
  1.285240E+01 4.475E-03
  1.343610E+01 3.965E-03
  1.404290E+01 3.512E-03
  1.462830E+01 3.137E-03
  1.554670E+01 2.655E-03
  1.662469E+01 2.215E-03
  1.739641E+01 2.010E-03
  1.820119E+01 1.778E-03
      32   8   2   100    7  -1.00629E+00      65
  7.547178E-01 2.840E+00
  8.038110E-01 2.466E+00
  9.050510E-01 1.936E+00
  1.005800E+00 1.560E+00
  1.061780E+00 1.393E+00
  1.120930E+00 1.245E+00
  1.183410E+00 1.112E+00
  1.249410E+00 9.929E-01
  1.319120E+00 8.867E-01
  1.392760E+00 7.919E-01
  1.470530E+00 7.072E-01
  1.552660E+00 6.316E-01
  1.639390E+00 5.640E-01
  1.730970E+00 5.036E-01
  1.827670E+00 4.497E-01
  1.929760E+00 4.015E-01
  2.037540E+00 3.584E-01
  2.151300E+00 3.200E-01
  2.271370E+00 2.857E-01
  2.398090E+00 2.550E-01
  2.531820E+00 2.276E-01
  2.672910E+00 2.032E-01
  2.821770E+00 1.813E-01
  2.978790E+00 1.618E-01
  3.144420E+00 1.444E-01
  3.319090E+00 1.289E-01
  3.503280E+00 1.150E-01
  3.697480E+00 1.026E-01
  3.902210E+00 9.152E-02
  4.118010E+00 8.164E-02
  4.345430E+00 7.283E-02
  4.585080E+00 6.496E-02
  4.837570E+00 5.793E-02
  5.103560E+00 5.167E-02
  5.383710E+00 4.607E-02
  5.678730E+00 4.108E-02
  5.989360E+00 3.663E-02
  6.316380E+00 3.265E-02
  6.660590E+00 2.911E-02
  7.022830E+00 2.595E-02
  7.403990E+00 2.313E-02
  7.804970E+00 2.061E-02
  8.226730E+00 1.837E-02
  8.670280E+00 1.636E-02
  9.136640E+00 1.458E-02
  9.626910E+00 1.299E-02
  1.014220E+01 1.157E-02
  1.068370E+01 1.031E-02
  1.125270E+01 9.179E-03
  1.185030E+01 8.174E-03
  1.247800E+01 7.279E-03
  1.313710E+01 6.481E-03
  1.382900E+01 5.770E-03
  1.455530E+01 5.136E-03
  1.462830E+01 5.078E-03
  1.554660E+01 4.393E-03
  1.662460E+01 3.771E-03
  1.752654E+01 3.415E-03
  1.847607E+01 3.035E-03
  1.947568E+01 2.696E-03
  2.052792E+01 2.395E-03
  2.163547E+01 2.128E-03
  2.280118E+01 1.891E-03
  2.402800E+01 1.680E-03
  2.531906E+01 1.492E-03
      33   8   2   320    5  -1.00041E+00      61
  7.503076E-01 3.630E+00
  7.979310E-01 3.118E+00
  8.991700E-01 2.386E+00
  9.999200E-01 1.874E+00
  1.052950E+00 1.666E+00
  1.108470E+00 1.481E+00
  1.166580E+00 1.316E+00
  1.227360E+00 1.169E+00
  1.290930E+00 1.039E+00
  1.357390E+00 9.224E-01
  1.426840E+00 8.191E-01
  1.499390E+00 7.273E-01
  1.575150E+00 6.457E-01
  1.654250E+00 5.731E-01
  1.736790E+00 5.086E-01
  1.822910E+00 4.513E-01
  1.912710E+00 4.004E-01
  2.006340E+00 3.551E-01
  2.103920E+00 3.150E-01
  2.205580E+00 2.793E-01
  2.311460E+00 2.476E-01
  2.421710E+00 2.195E-01
  2.536460E+00 1.946E-01
  2.655860E+00 1.724E-01
  2.780060E+00 1.528E-01
  2.909220E+00 1.354E-01
  3.043500E+00 1.199E-01
  3.183040E+00 1.062E-01
  3.328030E+00 9.406E-02
  3.478620E+00 8.329E-02
  3.634990E+00 7.374E-02
  3.797320E+00 6.527E-02
  3.965780E+00 5.777E-02
  4.140550E+00 5.113E-02
  4.321830E+00 4.524E-02
  4.509810E+00 4.003E-02
  4.704680E+00 3.541E-02
  4.906640E+00 3.132E-02
  5.115890E+00 2.770E-02
  5.332650E+00 2.450E-02
  5.557120E+00 2.166E-02
  5.789520E+00 1.915E-02
  6.030080E+00 1.693E-02
  6.279010E+00 1.496E-02
  6.536550E+00 1.322E-02
  6.802940E+00 1.169E-02
  7.078400E+00 1.032E-02
  7.363200E+00 9.122E-03
  7.657560E+00 8.058E-03
  7.961750E+00 7.117E-03
  8.276030E+00 6.286E-03
  8.600660E+00 5.551E-03
  8.935900E+00 4.902E-03
  9.282040E+00 4.328E-03
  9.639340E+00 3.821E-03
  1.000810E+01 3.373E-03
  1.038860E+01 2.977E-03
  1.078110E+01 2.627E-03
  1.118600E+01 2.318E-03
  1.160350E+01 2.046E-03
  1.203400E+01 1.805E-03
      34   8   2   120    5  -9.99972E-01      61
  7.499790E-01 3.576E+00
  7.974930E-01 3.072E+00
  8.987320E-01 2.350E+00
  9.994820E-01 1.846E+00
  1.052280E+00 1.641E+00
  1.107560E+00 1.459E+00
  1.165430E+00 1.296E+00
  1.225980E+00 1.152E+00
  1.289310E+00 1.023E+00
  1.355530E+00 9.090E-01
  1.424740E+00 8.073E-01
  1.497050E+00 7.168E-01
  1.572580E+00 6.364E-01
  1.651440E+00 5.649E-01
  1.733750E+00 5.013E-01
  1.819620E+00 4.448E-01
  1.909180E+00 3.947E-01
  2.002560E+00 3.501E-01
  2.099890E+00 3.105E-01
  2.201300E+00 2.753E-01
  2.306920E+00 2.441E-01
  2.416900E+00 2.164E-01
  2.531370E+00 1.918E-01
  2.650480E+00 1.700E-01
  2.774380E+00 1.506E-01
  2.903210E+00 1.334E-01
  3.037140E+00 1.182E-01
  3.176330E+00 1.047E-01
  3.320930E+00 9.269E-02
  3.471100E+00 8.207E-02
  3.627030E+00 7.265E-02
  3.788870E+00 6.431E-02
  3.956800E+00 5.691E-02
  4.131010E+00 5.036E-02
  4.311680E+00 4.456E-02
  4.498980E+00 3.942E-02
  4.693120E+00 3.487E-02
  4.894290E+00 3.084E-02
  5.102680E+00 2.727E-02
  5.318490E+00 2.411E-02
  5.541930E+00 2.132E-02
  5.773220E+00 1.884E-02
  6.012560E+00 1.665E-02
  6.260160E+00 1.472E-02
  6.516260E+00 1.301E-02
  6.781080E+00 1.149E-02
  7.054840E+00 1.015E-02
  7.337790E+00 8.967E-03
  7.630160E+00 7.920E-03
  7.932180E+00 6.994E-03
  8.244120E+00 6.176E-03
  8.566220E+00 5.453E-03
  8.898740E+00 4.814E-03
  9.241930E+00 4.250E-03
  9.596070E+00 3.751E-03
  9.961420E+00 3.310E-03
  1.033830E+01 2.921E-03
  1.072690E+01 2.578E-03
  1.112750E+01 2.274E-03
  1.154050E+01 2.006E-03
  1.196620E+01 1.770E-03
      35   8   2   111    6  -9.98135E-01      63
  7.486012E-01 3.409E+00
  7.956560E-01 2.952E+00
  8.968950E-01 2.287E+00
  9.976450E-01 1.820E+00
  1.051280E+00 1.623E+00
  1.107790E+00 1.448E+00
  1.167320E+00 1.291E+00
  1.230030E+00 1.151E+00
  1.296060E+00 1.026E+00
  1.365580E+00 9.148E-01
  1.438760E+00 8.153E-01
  1.515770E+00 7.266E-01
  1.596790E+00 6.475E-01
  1.682010E+00 5.769E-01
  1.771630E+00 5.139E-01
  1.865840E+00 4.578E-01
  1.964860E+00 4.077E-01
  2.068890E+00 3.630E-01
  2.178180E+00 3.232E-01
  2.292940E+00 2.877E-01
  2.413410E+00 2.561E-01
  2.539850E+00 2.279E-01
  2.672500E+00 2.028E-01
  2.811630E+00 1.804E-01
  2.957510E+00 1.605E-01
  3.110420E+00 1.427E-01
  3.270650E+00 1.269E-01
  3.438490E+00 1.128E-01
  3.614250E+00 1.003E-01
  3.798240E+00 8.916E-02
  3.990790E+00 7.924E-02
  4.192220E+00 7.040E-02
  4.402880E+00 6.255E-02
  4.623110E+00 5.556E-02
  4.853280E+00 4.934E-02
  5.093750E+00 4.381E-02
  5.344900E+00 3.890E-02
  5.607120E+00 3.453E-02
  5.880800E+00 3.064E-02
  6.166360E+00 2.719E-02
  6.464200E+00 2.412E-02
  6.774760E+00 2.140E-02
  7.098470E+00 1.898E-02
  7.435780E+00 1.683E-02
  7.787150E+00 1.493E-02
  8.153050E+00 1.323E-02
  8.533950E+00 1.173E-02
  8.930340E+00 1.039E-02
  9.342720E+00 9.211E-03
  9.771600E+00 8.161E-03
  1.021750E+01 7.229E-03
  1.068100E+01 6.403E-03
  1.116250E+01 5.671E-03
  1.166280E+01 5.021E-03
  1.218220E+01 4.445E-03
  1.272150E+01 3.935E-03
  1.328110E+01 3.483E-03
  1.386180E+01 3.082E-03
  1.446400E+01 2.727E-03
  1.462010E+01 2.644E-03
  1.553850E+01 2.218E-03
  1.661650E+01 1.835E-03
  1.736351E+01 1.676E-03
      36   8   2   300    7  -7.77271E-01      65
  5.829532E-01 3.292E+00
  6.760310E-01 2.420E+00
  7.767810E-01 1.820E+00
  8.199660E-01 1.626E+00
  8.655790E-01 1.452E+00
  9.137550E-01 1.297E+00
  9.646360E-01 1.158E+00
  1.018370E+00 1.034E+00
  1.075120E+00 9.237E-01
  1.135050E+00 8.249E-01
  1.198340E+00 7.367E-01
  1.265170E+00 6.579E-01
  1.335730E+00 5.875E-01
  1.410240E+00 5.246E-01
  1.488900E+00 4.684E-01
  1.571950E+00 4.182E-01
  1.659620E+00 3.734E-01
  1.752170E+00 3.334E-01
  1.849850E+00 2.977E-01
  1.952960E+00 2.658E-01
  2.061780E+00 2.373E-01
  2.176610E+00 2.118E-01
  2.297790E+00 1.891E-01
  2.425650E+00 1.688E-01
  2.560560E+00 1.506E-01
  2.702880E+00 1.345E-01
  2.853010E+00 1.200E-01
  3.011360E+00 1.071E-01
  3.178380E+00 9.557E-02
  3.354510E+00 8.529E-02
  3.540240E+00 7.610E-02
  3.736070E+00 6.791E-02
  3.942530E+00 6.059E-02
  4.160160E+00 5.406E-02
  4.389560E+00 4.823E-02
  4.631330E+00 4.302E-02
  4.886100E+00 3.838E-02
  5.154560E+00 3.423E-02
  5.437390E+00 3.053E-02
  5.735330E+00 2.723E-02
  6.049160E+00 2.428E-02
  6.379670E+00 2.166E-02
  6.727720E+00 1.931E-02
  7.094180E+00 1.722E-02
  7.479970E+00 1.535E-02
  7.886080E+00 1.369E-02
  8.313500E+00 1.220E-02
  8.763290E+00 1.088E-02
  9.236570E+00 9.694E-03
  9.734480E+00 8.641E-03
  1.025830E+01 7.701E-03
  1.080910E+01 6.863E-03
  1.138840E+01 6.115E-03
  1.199750E+01 5.449E-03
  1.263790E+01 4.855E-03
  1.331100E+01 4.325E-03
  1.401850E+01 3.853E-03
  1.439930E+01 3.629E-03
  1.475830E+01 3.420E-03
  1.586320E+01 2.909E-03
  1.673456E+01 2.627E-03
  1.765286E+01 2.335E-03
  1.862059E+01 2.076E-03
  1.964037E+01 1.845E-03
  2.071494E+01 1.640E-03
      37   8   2   311    7  -7.69850E-01      62
  5.773875E-01 3.968E+00
  6.686110E-01 2.898E+00
  7.693600E-01 2.156E+00
  8.117790E-01 1.924E+00
  8.565010E-01 1.716E+00
  9.036450E-01 1.531E+00
  9.533330E-01 1.366E+00
  1.005690E+00 1.218E+00
  1.060860E+00 1.086E+00
  1.118980E+00 9.686E-01
  1.180180E+00 8.637E-01
  1.244640E+00 7.700E-01
  1.312490E+00 6.865E-01
  1.383920E+00 6.119E-01
  1.459090E+00 5.454E-01
  1.538180E+00 4.861E-01
  1.621380E+00 4.331E-01
  1.708890E+00 3.859E-01
  1.800900E+00 3.438E-01
  1.897630E+00 3.063E-01
  1.999290E+00 2.728E-01
  2.106120E+00 2.430E-01
  2.218340E+00 2.164E-01
  2.336220E+00 1.926E-01
  2.459990E+00 1.715E-01
  2.589920E+00 1.527E-01
  2.726290E+00 1.359E-01
  2.869390E+00 1.209E-01
  3.019500E+00 1.076E-01
  3.176940E+00 9.576E-02
  3.342010E+00 8.519E-02
  3.515050E+00 7.578E-02
  3.696390E+00 6.740E-02
  3.886390E+00 5.994E-02
  4.085410E+00 5.330E-02
  4.293830E+00 4.739E-02
  4.512020E+00 4.213E-02
  4.740400E+00 3.745E-02
  4.979380E+00 3.328E-02
  5.229380E+00 2.958E-02
  5.490850E+00 2.628E-02
  5.764240E+00 2.335E-02
  6.050030E+00 2.074E-02
  6.348700E+00 1.842E-02
  6.660750E+00 1.636E-02
  6.986710E+00 1.453E-02
  7.327090E+00 1.290E-02
  7.682460E+00 1.145E-02
  8.053370E+00 1.017E-02
  8.440410E+00 9.023E-03
  8.844190E+00 8.007E-03
  9.265310E+00 7.105E-03
  9.704420E+00 6.304E-03
  1.016220E+01 5.593E-03
  1.063920E+01 4.961E-03
  1.113630E+01 4.400E-03
  1.165410E+01 3.902E-03
  1.219330E+01 3.460E-03
  1.275480E+01 3.067E-03
  1.333920E+01 2.719E-03
  1.394740E+01 2.410E-03
  1.458020E+01 2.136E-03
      38   8   2   100    8  -7.69839E-01      64
  5.773792E-01 3.442E+00
  6.685990E-01 2.529E+00
  7.693490E-01 1.893E+00
  8.120920E-01 1.690E+00
  8.572220E-01 1.510E+00
  9.048690E-01 1.348E+00
  9.551720E-01 1.204E+00
  1.008280E+00 1.075E+00
  1.064340E+00 9.597E-01
  1.123520E+00 8.568E-01
  1.185980E+00 7.650E-01
  1.251920E+00 6.830E-01
  1.321510E+00 6.098E-01
  1.394960E+00 5.444E-01
  1.472470E+00 4.860E-01
  1.554270E+00 4.339E-01
  1.640580E+00 3.873E-01
  1.731650E+00 3.458E-01
  1.827740E+00 3.086E-01
  1.929120E+00 2.755E-01
  2.036070E+00 2.459E-01
  2.148880E+00 2.195E-01
  2.267870E+00 1.959E-01
  2.393370E+00 1.748E-01
  2.525720E+00 1.560E-01
  2.665290E+00 1.392E-01
  2.812460E+00 1.242E-01
  2.967630E+00 1.108E-01
  3.131220E+00 9.890E-02
  3.303660E+00 8.824E-02
  3.485430E+00 7.873E-02
  3.677010E+00 7.023E-02
  3.878910E+00 6.265E-02
  4.091660E+00 5.589E-02
  4.315830E+00 4.985E-02
  4.552000E+00 4.447E-02
  4.800790E+00 3.966E-02
  5.062850E+00 3.537E-02
  5.338850E+00 3.155E-02
  5.629510E+00 2.813E-02
  5.935570E+00 2.508E-02
  6.257810E+00 2.237E-02
  6.597040E+00 1.994E-02
  6.954130E+00 1.778E-02
  7.329970E+00 1.585E-02
  7.725490E+00 1.413E-02
  8.141680E+00 1.260E-02
  8.579560E+00 1.123E-02
  9.040200E+00 1.001E-02
  9.524740E+00 8.918E-03
  1.003440E+01 7.948E-03
  1.057020E+01 7.082E-03
  1.113370E+01 6.311E-03
  1.172610E+01 5.623E-03
  1.234890E+01 5.010E-03
  1.300340E+01 4.463E-03
  1.369120E+01 3.976E-03
  1.441400E+01 3.542E-03
  1.517340E+01 3.155E-03
  1.597110E+01 2.810E-03
  1.684204E+01 2.526E-03
  1.775954E+01 2.245E-03
  1.872600E+01 1.995E-03
  1.974402E+01 1.773E-03
      39   8   2   320    6  -7.65904E-01      61
  5.744280E-01 4.352E+00
  6.646650E-01 3.132E+00
  7.654140E-01 2.288E+00
  8.063270E-01 2.036E+00
  8.492550E-01 1.812E+00
  8.942800E-01 1.612E+00
  9.414920E-01 1.434E+00
  9.909770E-01 1.275E+00
  1.042830E+00 1.134E+00
  1.097140E+00 1.008E+00
  1.154010E+00 8.960E-01
  1.213530E+00 7.963E-01
  1.275820E+00 7.076E-01
  1.340970E+00 6.286E-01
  1.409090E+00 5.584E-01
  1.480300E+00 4.959E-01
  1.554700E+00 4.404E-01
  1.632420E+00 3.910E-01
  1.713580E+00 3.471E-01
  1.798290E+00 3.081E-01
  1.886690E+00 2.734E-01
  1.978900E+00 2.426E-01
  2.075060E+00 2.152E-01
  2.175300E+00 1.909E-01
  2.279760E+00 1.693E-01
  2.388580E+00 1.501E-01
  2.501910E+00 1.331E-01
  2.619890E+00 1.180E-01
  2.742690E+00 1.045E-01
  2.870440E+00 9.264E-02
  3.003320E+00 8.208E-02
  3.141490E+00 7.272E-02
  3.285100E+00 6.441E-02
  3.434340E+00 5.704E-02
  3.589370E+00 5.051E-02
  3.750370E+00 4.472E-02
  3.917520E+00 3.959E-02
  4.091010E+00 3.504E-02
  4.271020E+00 3.101E-02
  4.457740E+00 2.744E-02
  4.651380E+00 2.428E-02
  4.852130E+00 2.148E-02
  5.060190E+00 1.900E-02
  5.275780E+00 1.680E-02
  5.499100E+00 1.486E-02
  5.730370E+00 1.314E-02
  5.969820E+00 1.161E-02
  6.217660E+00 1.027E-02
  6.474120E+00 9.074E-03
  6.739440E+00 8.019E-03
  7.013850E+00 7.086E-03
  7.297600E+00 6.261E-03
  7.590930E+00 5.531E-03
  7.894090E+00 4.886E-03
  8.207350E+00 4.315E-03
  8.530950E+00 3.811E-03
  8.865160E+00 3.365E-03
  9.210250E+00 2.971E-03
  9.566510E+00 2.623E-03
  9.934190E+00 2.315E-03
  1.031360E+01 2.043E-03
      40   8   2   120    6  -7.65606E-01      61
  5.742044E-01 4.282E+00
  6.643660E-01 3.082E+00
  7.651160E-01 2.251E+00
  8.058840E-01 2.003E+00
  8.486670E-01 1.783E+00
  8.935480E-01 1.586E+00
  9.406150E-01 1.411E+00
  9.899560E-01 1.255E+00
  1.041660E+00 1.116E+00
  1.095830E+00 9.921E-01
  1.152560E+00 8.819E-01
  1.211950E+00 7.838E-01
  1.274090E+00 6.965E-01
  1.339100E+00 6.188E-01
  1.407090E+00 5.497E-01
  1.478160E+00 4.882E-01
  1.552430E+00 4.336E-01
  1.630010E+00 3.849E-01
  1.711020E+00 3.417E-01
  1.795600E+00 3.033E-01
  1.883850E+00 2.691E-01
  1.975910E+00 2.388E-01
  2.071920E+00 2.118E-01
  2.172000E+00 1.879E-01
  2.276290E+00 1.666E-01
  2.384930E+00 1.478E-01
  2.498070E+00 1.310E-01
  2.615860E+00 1.161E-01
  2.738430E+00 1.029E-01
  2.865950E+00 9.118E-02
  2.998570E+00 8.078E-02
  3.136460E+00 7.156E-02
  3.279760E+00 6.338E-02
  3.428660E+00 5.612E-02
  3.583320E+00 4.969E-02
  3.743910E+00 4.399E-02
  3.910600E+00 3.894E-02
  4.083590E+00 3.446E-02
  4.263050E+00 3.050E-02
  4.449170E+00 2.698E-02
  4.642150E+00 2.387E-02
  4.842160E+00 2.111E-02
  5.049420E+00 1.867E-02
  5.264120E+00 1.651E-02
  5.486470E+00 1.460E-02
  5.716670E+00 1.291E-02
  5.954950E+00 1.141E-02
  6.201520E+00 1.008E-02
  6.456590E+00 8.911E-03
  6.720400E+00 7.874E-03
  6.993170E+00 6.956E-03
  7.275130E+00 6.145E-03
  7.566520E+00 5.428E-03
  7.867590E+00 4.794E-03
  8.178570E+00 4.233E-03
  8.499710E+00 3.738E-03
  8.831270E+00 3.300E-03
  9.173510E+00 2.913E-03
  9.526690E+00 2.571E-03
  9.891070E+00 2.269E-03
  1.026690E+01 2.002E-03
      41   8   2   111    7  -7.64381E-01      62
  5.732857E-01 4.112E+00
  6.631410E-01 2.991E+00
  7.638910E-01 2.209E+00
  8.052030E-01 1.970E+00
  8.487390E-01 1.758E+00
  8.946110E-01 1.567E+00
  9.429360E-01 1.398E+00
  9.938370E-01 1.246E+00
  1.047440E+00 1.111E+00
  1.103880E+00 9.908E-01
  1.163300E+00 8.832E-01
  1.225830E+00 7.872E-01
  1.291640E+00 7.016E-01
  1.360870E+00 6.252E-01
  1.433690E+00 5.571E-01
  1.510270E+00 4.963E-01
  1.590780E+00 4.422E-01
  1.675410E+00 3.938E-01
  1.764340E+00 3.508E-01
  1.857780E+00 3.124E-01
  1.955920E+00 2.781E-01
  2.058970E+00 2.476E-01
  2.167170E+00 2.204E-01
  2.280720E+00 1.962E-01
  2.399870E+00 1.746E-01
  2.524860E+00 1.553E-01
  2.655940E+00 1.382E-01
  2.793370E+00 1.229E-01
  2.937420E+00 1.094E-01
  3.088370E+00 9.726E-02
  3.246500E+00 8.648E-02
  3.412110E+00 7.689E-02
  3.585500E+00 6.835E-02
  3.767000E+00 6.075E-02
  3.956910E+00 5.399E-02
  4.155590E+00 4.798E-02
  4.363370E+00 4.263E-02
  4.580620E+00 3.787E-02
  4.807680E+00 3.364E-02
  5.044950E+00 2.987E-02
  5.292820E+00 2.653E-02
  5.551670E+00 2.355E-02
  5.821930E+00 2.091E-02
  6.104010E+00 1.856E-02
  6.398350E+00 1.647E-02
  6.705390E+00 1.462E-02
  7.025600E+00 1.297E-02
  7.359440E+00 1.150E-02
  7.707400E+00 1.020E-02
  8.069980E+00 9.050E-03
  8.447680E+00 8.025E-03
  8.841020E+00 7.115E-03
  9.250550E+00 6.308E-03
  9.676810E+00 5.592E-03
  1.012040E+01 4.956E-03
  1.058180E+01 4.392E-03
  1.106170E+01 3.892E-03
  1.156070E+01 3.448E-03
  1.207940E+01 3.054E-03
  1.261840E+01 2.705E-03
  1.317840E+01 2.396E-03
  1.376000E+01 2.121E-03
      42   8   2   300    8  -6.13100E-01      64
  4.598250E-01 4.057E+00
  5.118600E-01 3.135E+00
  6.126100E-01 2.162E+00
  6.466230E-01 1.931E+00
  6.825300E-01 1.724E+00
  7.204360E-01 1.539E+00
  7.604510E-01 1.375E+00
  8.026920E-01 1.227E+00
  8.472800E-01 1.096E+00
  8.943460E-01 9.785E-01
  9.440250E-01 8.737E-01
  9.964600E-01 7.801E-01
  1.051800E+00 6.965E-01
  1.110210E+00 6.218E-01
  1.171860E+00 5.552E-01
  1.236910E+00 4.956E-01
  1.305560E+00 4.425E-01
  1.378010E+00 3.950E-01
  1.454460E+00 3.526E-01
  1.535120E+00 3.148E-01
  1.620220E+00 2.810E-01
  1.710020E+00 2.509E-01
  1.804750E+00 2.239E-01
  1.904680E+00 1.999E-01
  2.010110E+00 1.784E-01
  2.121310E+00 1.592E-01
  2.238610E+00 1.421E-01
  2.362320E+00 1.268E-01
  2.492790E+00 1.132E-01
  2.630390E+00 1.010E-01
  2.775500E+00 9.016E-02
  2.928500E+00 8.046E-02
  3.089830E+00 7.180E-02
  3.259920E+00 6.407E-02
  3.439240E+00 5.717E-02
  3.628280E+00 5.101E-02
  3.827540E+00 4.551E-02
  4.037580E+00 4.061E-02
  4.258950E+00 3.623E-02
  4.492240E+00 3.232E-02
  4.738090E+00 2.883E-02
  4.997150E+00 2.572E-02
  5.270100E+00 2.294E-02
  5.557680E+00 2.047E-02
  5.860630E+00 1.826E-02
  6.179760E+00 1.628E-02
  6.515900E+00 1.452E-02
  6.869930E+00 1.295E-02
  7.242760E+00 1.155E-02
  7.635380E+00 1.030E-02
  8.048780E+00 9.185E-03
  8.484030E+00 8.191E-03
  8.942250E+00 7.303E-03
  9.424600E+00 6.512E-03
  9.932310E+00 5.806E-03
  1.046670E+01 5.176E-03
  1.102900E+01 4.615E-03
  1.162080E+01 4.114E-03
  1.224340E+01 3.667E-03
  1.289850E+01 3.269E-03
  1.358760E+01 2.914E-03
  1.431240E+01 2.597E-03
  1.507480E+01 2.314E-03
  1.587660E+01 2.063E-03
      43   8   2   311    8  -6.07902E-01      63
  4.559265E-01 4.861E+00
  5.066620E-01 3.745E+00
  6.074120E-01 2.554E+00
  6.405920E-01 2.279E+00
  6.755890E-01 2.034E+00
  7.124990E-01 1.815E+00
  7.514210E-01 1.620E+00
  7.924590E-01 1.445E+00
  8.357240E-01 1.289E+00
  8.813280E-01 1.150E+00
  9.293920E-01 1.026E+00
  9.800410E-01 9.149E-01
  1.033400E+00 8.160E-01
  1.089620E+00 7.277E-01
  1.148830E+00 6.489E-01
  1.211180E+00 5.785E-01
  1.276830E+00 5.158E-01
  1.345930E+00 4.598E-01
  1.418670E+00 4.098E-01
  1.495200E+00 3.653E-01
  1.575720E+00 3.255E-01
  1.660410E+00 2.900E-01
  1.749480E+00 2.584E-01
  1.843130E+00 2.302E-01
  1.941560E+00 2.051E-01
  2.045020E+00 1.827E-01
  2.153710E+00 1.627E-01
  2.267900E+00 1.449E-01
  2.387820E+00 1.290E-01
  2.513730E+00 1.148E-01
  2.645910E+00 1.022E-01
  2.784630E+00 9.097E-02
  2.930170E+00 8.096E-02
  3.082850E+00 7.204E-02
  3.242960E+00 6.410E-02
  3.410830E+00 5.702E-02
  3.586800E+00 5.072E-02
  3.771200E+00 4.511E-02
  3.964390E+00 4.012E-02
  4.166740E+00 3.567E-02
  4.378630E+00 3.172E-02
  4.600450E+00 2.819E-02
  4.832610E+00 2.506E-02
  5.075530E+00 2.227E-02
  5.329640E+00 1.979E-02
  5.595390E+00 1.759E-02
  5.873240E+00 1.562E-02
  6.163670E+00 1.388E-02
  6.467170E+00 1.233E-02
  6.784250E+00 1.095E-02
  7.115420E+00 9.720E-03
  7.461220E+00 8.630E-03
  7.822220E+00 7.661E-03
  8.198980E+00 6.800E-03
  8.592090E+00 6.035E-03
  9.002150E+00 5.356E-03
  9.429790E+00 4.752E-03
  9.875650E+00 4.216E-03
  1.034040E+01 3.740E-03
  1.082470E+01 3.317E-03
  1.132920E+01 2.942E-03
  1.185480E+01 2.609E-03
  1.240200E+01 2.313E-03
      44   8   2   100    9  -6.07897E-01      64
  4.559235E-01 4.239E+00
  5.066580E-01 3.279E+00
  6.074080E-01 2.249E+00
  6.408510E-01 2.008E+00
  6.761560E-01 1.793E+00
  7.134240E-01 1.601E+00
  7.527640E-01 1.430E+00
  7.942900E-01 1.277E+00
  8.381230E-01 1.140E+00
  8.843900E-01 1.018E+00
  9.332250E-01 9.087E-01
  9.847670E-01 8.113E-01
  1.039170E+00 7.244E-01
  1.096580E+00 6.467E-01
  1.157170E+00 5.774E-01
  1.221110E+00 5.155E-01
  1.288580E+00 4.602E-01
  1.359780E+00 4.108E-01
  1.434900E+00 3.667E-01
  1.514170E+00 3.273E-01
  1.597790E+00 2.922E-01
  1.686020E+00 2.608E-01
  1.779090E+00 2.328E-01
  1.877260E+00 2.078E-01
  1.980820E+00 1.854E-01
  2.090040E+00 1.655E-01
  2.205230E+00 1.477E-01
  2.326710E+00 1.318E-01
  2.454810E+00 1.176E-01
  2.589880E+00 1.050E-01
  2.732290E+00 9.367E-02
  2.882430E+00 8.358E-02
  3.040700E+00 7.457E-02
  3.207540E+00 6.653E-02
  3.383380E+00 5.936E-02
  3.568700E+00 5.295E-02
  3.764000E+00 4.724E-02
  3.969780E+00 4.214E-02
  4.186600E+00 3.759E-02
  4.415030E+00 3.353E-02
  4.655650E+00 2.990E-02
  4.909110E+00 2.667E-02
  5.176050E+00 2.378E-02
  5.457170E+00 2.121E-02
  5.753190E+00 1.891E-02
  6.064860E+00 1.686E-02
  6.392980E+00 1.504E-02
  6.738370E+00 1.341E-02
  7.101910E+00 1.195E-02
  7.484510E+00 1.066E-02
  7.887120E+00 9.499E-03
  8.310740E+00 8.467E-03
  8.756410E+00 7.547E-03
  9.225230E+00 6.726E-03
  9.718340E+00 5.995E-03
  1.023690E+01 5.342E-03
  1.078230E+01 4.761E-03
  1.135560E+01 4.242E-03
  1.195840E+01 3.780E-03
  1.259210E+01 3.367E-03
  1.325800E+01 3.000E-03
  1.395790E+01 2.673E-03
  1.469330E+01 2.381E-03
  1.546590E+01 2.120E-03
      45   8   2   320    7  -6.05137E-01      61
  4.538527E-01 5.321E+00
  5.038980E-01 4.065E+00
  6.046470E-01 2.722E+00
  6.370450E-01 2.424E+00
  6.710910E-01 2.159E+00
  7.068580E-01 1.922E+00
  7.444240E-01 1.711E+00
  7.838650E-01 1.523E+00
  8.252620E-01 1.356E+00
  8.686980E-01 1.206E+00
  9.142590E-01 1.073E+00
  9.620340E-01 9.546E-01
  1.012110E+00 8.490E-01
  1.064590E+00 7.550E-01
  1.119560E+00 6.712E-01
  1.177130E+00 5.967E-01
  1.237390E+00 5.303E-01
  1.300460E+00 4.713E-01
  1.366430E+00 4.187E-01
  1.435420E+00 3.720E-01
  1.507540E+00 3.304E-01
  1.582920E+00 2.934E-01
  1.661660E+00 2.605E-01
  1.743900E+00 2.313E-01
  1.829750E+00 2.053E-01
  1.919350E+00 1.822E-01
  2.012830E+00 1.617E-01
  2.110320E+00 1.434E-01
  2.211970E+00 1.272E-01
  2.317900E+00 1.128E-01
  2.428280E+00 1.001E-01
  2.543240E+00 8.871E-02
  2.662940E+00 7.864E-02
  2.787530E+00 6.970E-02
  2.917180E+00 6.177E-02
  3.052040E+00 5.473E-02
  3.192270E+00 4.849E-02
  3.338060E+00 4.295E-02
  3.489560E+00 3.804E-02
  3.646960E+00 3.369E-02
  3.810430E+00 2.983E-02
  3.980170E+00 2.640E-02
  4.156340E+00 2.337E-02
  4.339150E+00 2.068E-02
  4.528800E+00 1.830E-02
  4.725470E+00 1.619E-02
  4.929370E+00 1.433E-02
  5.140710E+00 1.267E-02
  5.359690E+00 1.121E-02
  5.586540E+00 9.910E-03
  5.821470E+00 8.762E-03
  6.064690E+00 7.746E-03
  6.316450E+00 6.847E-03
  6.576960E+00 6.052E-03
  6.846460E+00 5.348E-03
  7.125190E+00 4.726E-03
  7.413400E+00 4.175E-03
  7.711330E+00 3.688E-03
  8.019230E+00 3.258E-03
  8.337360E+00 2.877E-03
  8.665970E+00 2.541E-03
      46   8   2   120    7  -6.04925E-01      61
  4.536945E-01 5.227E+00
  5.036860E-01 3.994E+00
  6.044360E-01 2.675E+00
  6.367250E-01 2.383E+00
  6.706630E-01 2.122E+00
  7.063230E-01 1.889E+00
  7.437800E-01 1.682E+00
  7.831140E-01 1.497E+00
  8.244040E-01 1.333E+00
  8.677350E-01 1.186E+00
  9.131920E-01 1.055E+00
  9.608630E-01 9.386E-01
  1.010840E+00 8.348E-01
  1.063220E+00 7.424E-01
  1.118090E+00 6.601E-01
  1.175560E+00 5.868E-01
  1.235730E+00 5.216E-01
  1.298700E+00 4.635E-01
  1.364580E+00 4.118E-01
  1.433470E+00 3.659E-01
  1.505510E+00 3.250E-01
  1.580790E+00 2.886E-01
  1.659440E+00 2.562E-01
  1.741580E+00 2.275E-01
  1.827330E+00 2.019E-01
  1.916830E+00 1.792E-01
  2.010200E+00 1.590E-01
  2.107580E+00 1.410E-01
  2.209100E+00 1.251E-01
  2.314910E+00 1.110E-01
  2.425140E+00 9.839E-02
  2.539950E+00 8.723E-02
  2.659480E+00 7.732E-02
  2.783890E+00 6.853E-02
  2.913330E+00 6.072E-02
  3.047950E+00 5.380E-02
  3.187930E+00 4.766E-02
  3.333430E+00 4.221E-02
  3.484610E+00 3.738E-02
  3.641650E+00 3.310E-02
  3.804730E+00 2.930E-02
  3.974020E+00 2.594E-02
  4.149710E+00 2.296E-02
  4.331970E+00 2.032E-02
  4.521010E+00 1.797E-02
  4.717010E+00 1.590E-02
  4.920180E+00 1.407E-02
  5.130700E+00 1.244E-02
  5.348790E+00 1.100E-02
  5.574650E+00 9.726E-03
  5.808490E+00 8.598E-03
  6.050530E+00 7.600E-03
  6.300980E+00 6.717E-03
  6.560080E+00 5.936E-03
  6.828030E+00 5.244E-03
  7.105090E+00 4.633E-03
  7.391470E+00 4.093E-03
  7.687420E+00 3.615E-03
  7.993170E+00 3.192E-03
  8.308980E+00 2.819E-03
  8.635100E+00 2.489E-03
      47   8   2   111    8  -6.04068E-01      62
  4.530510E-01 5.051E+00
  5.028280E-01 3.882E+00
  6.035780E-01 2.625E+00
  6.359700E-01 2.342E+00
  6.701220E-01 2.090E+00
  7.061240E-01 1.864E+00
  7.440720E-01 1.663E+00
  7.840660E-01 1.484E+00
  8.262120E-01 1.323E+00
  8.706170E-01 1.180E+00
  9.173960E-01 1.052E+00
  9.666680E-01 9.385E-01
  1.018560E+00 8.368E-01
  1.073190E+00 7.460E-01
  1.130710E+00 6.651E-01
  1.191250E+00 5.928E-01
  1.254960E+00 5.284E-01
  1.321990E+00 4.709E-01
  1.392500E+00 4.196E-01
  1.466660E+00 3.738E-01
  1.544630E+00 3.330E-01
  1.626600E+00 2.967E-01
  1.712740E+00 2.642E-01
  1.803260E+00 2.353E-01
  1.898340E+00 2.095E-01
  1.998210E+00 1.866E-01
  2.103060E+00 1.661E-01
  2.213130E+00 1.478E-01
  2.328640E+00 1.316E-01
  2.449830E+00 1.171E-01
  2.576940E+00 1.042E-01
  2.710240E+00 9.268E-02
  2.849980E+00 8.245E-02
  2.996440E+00 7.333E-02
  3.149890E+00 6.521E-02
  3.310630E+00 5.798E-02
  3.478960E+00 5.155E-02
  3.655180E+00 4.582E-02
  3.839620E+00 4.073E-02
  4.032600E+00 3.620E-02
  4.234460E+00 3.216E-02
  4.445550E+00 2.857E-02
  4.666230E+00 2.538E-02
  4.896880E+00 2.254E-02
  5.137870E+00 2.002E-02
  5.389590E+00 1.778E-02
  5.652460E+00 1.578E-02
  5.926870E+00 1.401E-02
  6.213270E+00 1.244E-02
  6.512090E+00 1.104E-02
  6.823780E+00 9.793E-03
  7.148800E+00 8.688E-03
  7.487630E+00 7.707E-03
  7.840750E+00 6.836E-03
  8.208680E+00 6.063E-03
  8.591920E+00 5.376E-03
  8.990990E+00 4.766E-03
  9.406450E+00 4.225E-03
  9.838840E+00 3.745E-03
  1.028870E+01 3.319E-03
  1.075670E+01 2.941E-03
  1.124340E+01 2.606E-03
      48   8   2   300    9  -4.95940E-01      64
  3.719550E-01 4.821E+00
  3.947000E-01 4.054E+00
  4.954500E-01 2.526E+00
  5.227310E-01 2.255E+00
  5.515260E-01 2.014E+00
  5.819190E-01 1.798E+00
  6.139990E-01 1.606E+00
  6.478580E-01 1.434E+00
  6.835950E-01 1.280E+00
  7.213140E-01 1.143E+00
  7.611220E-01 1.020E+00
  8.031360E-01 9.111E-01
  8.474770E-01 8.134E-01
  8.942730E-01 7.263E-01
  9.436570E-01 6.484E-01
  9.957730E-01 5.789E-01
  1.050770E+00 5.168E-01
  1.108800E+00 4.614E-01
  1.170040E+00 4.119E-01
  1.234660E+00 3.677E-01
  1.302840E+00 3.283E-01
  1.374770E+00 2.930E-01
  1.450670E+00 2.616E-01
  1.530740E+00 2.335E-01
  1.615220E+00 2.084E-01
  1.704330E+00 1.860E-01
  1.798340E+00 1.661E-01
  1.897500E+00 1.482E-01
  2.002090E+00 1.323E-01
  2.112410E+00 1.181E-01
  2.228760E+00 1.054E-01
  2.351460E+00 9.405E-02
  2.480860E+00 8.394E-02
  2.617320E+00 7.491E-02
  2.761200E+00 6.685E-02
  2.912910E+00 5.965E-02
  3.072860E+00 5.323E-02
  3.241490E+00 4.750E-02
  3.419260E+00 4.238E-02
  3.606640E+00 3.781E-02
  3.804160E+00 3.374E-02
  4.012340E+00 3.010E-02
  4.231750E+00 2.686E-02
  4.462970E+00 2.396E-02
  4.706620E+00 2.137E-02
  4.963350E+00 1.907E-02
  5.233850E+00 1.701E-02
  5.518820E+00 1.517E-02
  5.819030E+00 1.353E-02
  6.135260E+00 1.207E-02
  6.468340E+00 1.076E-02
  6.819140E+00 9.600E-03
  7.188570E+00 8.562E-03
  7.577600E+00 7.635E-03
  7.987220E+00 6.809E-03
  8.418490E+00 6.071E-03
  8.872510E+00 5.414E-03
  9.350450E+00 4.827E-03
  9.853510E+00 4.304E-03
  1.038300E+01 3.837E-03
  1.094020E+01 3.421E-03
  1.152650E+01 3.049E-03
  1.214350E+01 2.718E-03
  1.279260E+01 2.423E-03
      49   8   2   311    9  -4.92158E-01      63
  3.691192E-01 5.744E+00
  3.909190E-01 4.834E+00
  4.916690E-01 2.975E+00
  5.183000E-01 2.655E+00
  5.463970E-01 2.370E+00
  5.760380E-01 2.115E+00
  6.073030E-01 1.888E+00
  6.402790E-01 1.685E+00
  6.750570E-01 1.503E+00
  7.117310E-01 1.341E+00
  7.504000E-01 1.197E+00
  7.911670E-01 1.068E+00
  8.341410E-01 9.527E-01
  8.794360E-01 8.498E-01
  9.271690E-01 7.580E-01
  9.774650E-01 6.761E-01
  1.030450E+00 6.030E-01
  1.086270E+00 5.377E-01
  1.145060E+00 4.794E-01
  1.206960E+00 4.275E-01
  1.272130E+00 3.811E-01
  1.340730E+00 3.397E-01
  1.412940E+00 3.028E-01
  1.488910E+00 2.699E-01
  1.568840E+00 2.405E-01
  1.652910E+00 2.143E-01
  1.741320E+00 1.909E-01
  1.834270E+00 1.701E-01
  1.931980E+00 1.515E-01
  2.034670E+00 1.350E-01
  2.142570E+00 1.202E-01
  2.255910E+00 1.070E-01
  2.374950E+00 9.530E-02
  2.499940E+00 8.484E-02
  2.631160E+00 7.553E-02
  2.768860E+00 6.722E-02
  2.913350E+00 5.983E-02
  3.064920E+00 5.324E-02
  3.223890E+00 4.737E-02
  3.390550E+00 4.214E-02
  3.565260E+00 3.749E-02
  3.748350E+00 3.334E-02
  3.940180E+00 2.965E-02
  4.141110E+00 2.636E-02
  4.351520E+00 2.344E-02
  4.571800E+00 2.084E-02
  4.802360E+00 1.852E-02
  5.043610E+00 1.646E-02
  5.295990E+00 1.463E-02
  5.559930E+00 1.300E-02
  5.835910E+00 1.155E-02
  6.124390E+00 1.026E-02
  6.425870E+00 9.111E-03
  6.740840E+00 8.092E-03
  7.069830E+00 7.185E-03
  7.413360E+00 6.379E-03
  7.772010E+00 5.663E-03
  8.146330E+00 5.027E-03
  8.536900E+00 4.462E-03
  8.944330E+00 3.959E-03
  9.369240E+00 3.513E-03
  9.812270E+00 3.117E-03
  1.027410E+01 2.765E-03
      50   8   2   100   10  -4.92157E-01      64
  3.691177E-01 5.031E+00
  3.909170E-01 4.244E+00
  4.916670E-01 2.627E+00
  5.185280E-01 2.346E+00
  5.468780E-01 2.094E+00
  5.768000E-01 1.870E+00
  6.083810E-01 1.670E+00
  6.417120E-01 1.491E+00
  6.768900E-01 1.331E+00
  7.140170E-01 1.188E+00
  7.532010E-01 1.061E+00
  7.945540E-01 9.474E-01
  8.381960E-01 8.458E-01
  8.842520E-01 7.551E-01
  9.328550E-01 6.742E-01
  9.841440E-01 6.019E-01
  1.038270E+00 5.373E-01
  1.095380E+00 4.797E-01
  1.155640E+00 4.282E-01
  1.219220E+00 3.823E-01
  1.286310E+00 3.412E-01
  1.357080E+00 3.046E-01
  1.431750E+00 2.719E-01
  1.510530E+00 2.427E-01
  1.593620E+00 2.166E-01
  1.681280E+00 1.934E-01
  1.773740E+00 1.726E-01
  1.871250E+00 1.540E-01
  1.974100E+00 1.375E-01
  2.082560E+00 1.227E-01
  2.196940E+00 1.095E-01
  2.317540E+00 9.770E-02
  2.444710E+00 8.718E-02
  2.578780E+00 7.779E-02
  2.720130E+00 6.941E-02
  2.869130E+00 6.193E-02
  3.026200E+00 5.526E-02
  3.191740E+00 4.930E-02
  3.366210E+00 4.398E-02
  3.550080E+00 3.924E-02
  3.743820E+00 3.500E-02
  3.947970E+00 3.122E-02
  4.163040E+00 2.785E-02
  4.389620E+00 2.484E-02
  4.628290E+00 2.216E-02
  4.879670E+00 1.976E-02
  5.144420E+00 1.762E-02
  5.423220E+00 1.571E-02
  5.716790E+00 1.401E-02
  6.025880E+00 1.249E-02
  6.351270E+00 1.114E-02
  6.693790E+00 9.933E-03
  7.054300E+00 8.856E-03
  7.433710E+00 7.895E-03
  7.832970E+00 7.038E-03
  8.253060E+00 6.273E-03
  8.695030E+00 5.592E-03
  9.159960E+00 4.984E-03
  9.648980E+00 4.442E-03
  1.016330E+01 3.958E-03
  1.070410E+01 3.527E-03
  1.127280E+01 3.143E-03
  1.187070E+01 2.801E-03
  1.249920E+01 2.495E-03
      51   8   2   320    8  -4.90147E-01      61
  3.676102E-01 6.262E+00
  3.889070E-01 5.255E+00
  4.896570E-01 3.178E+00
  5.158620E-01 2.832E+00
  5.434320E-01 2.524E+00
  5.724290E-01 2.248E+00
  6.029210E-01 2.003E+00
  6.349750E-01 1.784E+00
  6.686610E-01 1.589E+00
  7.040540E-01 1.415E+00
  7.412280E-01 1.259E+00
  7.802610E-01 1.121E+00
  8.212350E-01 9.978E-01
  8.642320E-01 8.879E-01
  9.093390E-01 7.900E-01
  9.566440E-01 7.028E-01
  1.006240E+00 6.251E-01
  1.058220E+00 5.559E-01
  1.112670E+00 4.943E-01
  1.169710E+00 4.395E-01
  1.229430E+00 3.906E-01
  1.291930E+00 3.472E-01
  1.357330E+00 3.085E-01
  1.425740E+00 2.741E-01
  1.497270E+00 2.435E-01
  1.572030E+00 2.162E-01
  1.650150E+00 1.920E-01
  1.731760E+00 1.705E-01
  1.816970E+00 1.513E-01
  1.905920E+00 1.343E-01
  1.998730E+00 1.192E-01
  2.095550E+00 1.058E-01
  2.196520E+00 9.382E-02
  2.301770E+00 8.321E-02
  2.411450E+00 7.380E-02
  2.525710E+00 6.544E-02
  2.644700E+00 5.801E-02
  2.768580E+00 5.142E-02
  2.897510E+00 4.558E-02
  3.031650E+00 4.039E-02
  3.171160E+00 3.578E-02
  3.316210E+00 3.170E-02
  3.466980E+00 2.808E-02
  3.623640E+00 2.486E-02
  3.786380E+00 2.202E-02
  3.955370E+00 1.949E-02
  4.130810E+00 1.725E-02
  4.312870E+00 1.527E-02
  4.501770E+00 1.351E-02
  4.697700E+00 1.196E-02
  4.900860E+00 1.058E-02
  5.111450E+00 9.358E-03
  5.329690E+00 8.276E-03
  5.555790E+00 7.319E-03
  5.789970E+00 6.472E-03
  6.032450E+00 5.721E-03
  6.283450E+00 5.058E-03
  6.543210E+00 4.470E-03
  6.811960E+00 3.951E-03
  7.089940E+00 3.491E-03
  7.377390E+00 3.084E-03
      52   8   2   120    8  -4.89991E-01      61
  3.674932E-01 6.143E+00
  3.887520E-01 5.158E+00
  4.895010E-01 3.120E+00
  5.156180E-01 2.781E+00
  5.430980E-01 2.478E+00
  5.720060E-01 2.208E+00
  6.024080E-01 1.967E+00
  6.343720E-01 1.752E+00
  6.679690E-01 1.560E+00
  7.032730E-01 1.389E+00
  7.403600E-01 1.237E+00
  7.793080E-01 1.101E+00
  8.201980E-01 9.802E-01
  8.631130E-01 8.723E-01
  9.081390E-01 7.762E-01
  9.553660E-01 6.905E-01
  1.004880E+00 6.142E-01
  1.056790E+00 5.463E-01
  1.111170E+00 4.857E-01
  1.168140E+00 4.318E-01
  1.227790E+00 3.839E-01
  1.290230E+00 3.412E-01
  1.355570E+00 3.032E-01
  1.423910E+00 2.693E-01
  1.495380E+00 2.393E-01
  1.570080E+00 2.125E-01
  1.648150E+00 1.887E-01
  1.729690E+00 1.675E-01
  1.814830E+00 1.487E-01
  1.903710E+00 1.320E-01
  1.996460E+00 1.171E-01
  2.093200E+00 1.039E-01
  2.194080E+00 9.218E-02
  2.299240E+00 8.176E-02
  2.408810E+00 7.250E-02
  2.522960E+00 6.429E-02
  2.641820E+00 5.699E-02
  2.765550E+00 5.051E-02
  2.894310E+00 4.476E-02
  3.028250E+00 3.966E-02
  3.167540E+00 3.514E-02
  3.312350E+00 3.113E-02
  3.462840E+00 2.757E-02
  3.619190E+00 2.441E-02
  3.781570E+00 2.161E-02
  3.950160E+00 1.913E-02
  4.125150E+00 1.693E-02
  4.306720E+00 1.499E-02
  4.495050E+00 1.326E-02
  4.690360E+00 1.173E-02
  4.892820E+00 1.038E-02
  5.102640E+00 9.178E-03
  5.320030E+00 8.116E-03
  5.545190E+00 7.176E-03
  5.778330E+00 6.345E-03
  6.019670E+00 5.608E-03
  6.269430E+00 4.957E-03
  6.527820E+00 4.380E-03
  6.795080E+00 3.871E-03
  7.071440E+00 3.420E-03
  7.357120E+00 3.021E-03
      53   8   2   111    9  -4.89367E-01      63
  3.670253E-01 5.975E+00
  3.881270E-01 5.031E+00
  4.888770E-01 3.066E+00
  5.149110E-01 2.736E+00
  5.423650E-01 2.442E+00
  5.713150E-01 2.179E+00
  6.018390E-01 1.944E+00
  6.340220E-01 1.735E+00
  6.679480E-01 1.548E+00
  7.037090E-01 1.381E+00
  7.414000E-01 1.232E+00
  7.811190E-01 1.099E+00
  8.229720E-01 9.798E-01
  8.670640E-01 8.738E-01
  9.135110E-01 7.792E-01
  9.624300E-01 6.949E-01
  1.013940E+00 6.195E-01
  1.068180E+00 5.523E-01
  1.125280E+00 4.924E-01
  1.185370E+00 4.389E-01
  1.248610E+00 3.912E-01
  1.315140E+00 3.486E-01
  1.385120E+00 3.106E-01
  1.458720E+00 2.768E-01
  1.536100E+00 2.466E-01
  1.617450E+00 2.196E-01
  1.702940E+00 1.956E-01
  1.792770E+00 1.742E-01
  1.887140E+00 1.551E-01
  1.986240E+00 1.381E-01
  2.090300E+00 1.230E-01
  2.199530E+00 1.094E-01
  2.314160E+00 9.741E-02
  2.434430E+00 8.668E-02
  2.560590E+00 7.713E-02
  2.692880E+00 6.862E-02
  2.831570E+00 6.104E-02
  2.976920E+00 5.429E-02
  3.129230E+00 4.828E-02
  3.288770E+00 4.293E-02
  3.455850E+00 3.817E-02
  3.630770E+00 3.393E-02
  3.813850E+00 3.016E-02
  4.005420E+00 2.680E-02
  4.205810E+00 2.382E-02
  4.415380E+00 2.116E-02
  4.634480E+00 1.880E-02
  4.863470E+00 1.670E-02
  5.102750E+00 1.483E-02
  5.352700E+00 1.317E-02
  5.613720E+00 1.169E-02
  5.886230E+00 1.038E-02
  6.170650E+00 9.210E-03
  6.467420E+00 8.174E-03
  6.776990E+00 7.253E-03
  7.099820E+00 6.435E-03
  7.436380E+00 5.709E-03
  7.787160E+00 5.064E-03
  8.152670E+00 4.491E-03
  8.533400E+00 3.982E-03
  8.929900E+00 3.531E-03
  9.342690E+00 3.130E-03
  9.772330E+00 2.775E-03
 ================================================
