 ================================================
       I  NZ  NE  ISLP  ILV        E(RYD)      NP
 ================================================
       1   6   3   200    1  -4.73567E+00      87
  4.575833E+00 6.978E-01
  4.607673E+00 6.900E-01
  4.639673E+00 6.823E-01
  4.671673E+00 6.747E-01
  4.703673E+00 6.673E-01
  4.735673E+00 6.599E-01
  4.981426E+00 6.068E-01
  5.234778E+00 5.580E-01
  5.496067E+00 5.132E-01
  5.765627E+00 4.720E-01
  6.043797E+00 4.342E-01
  6.330920E+00 3.994E-01
  6.627343E+00 3.674E-01
  6.933422E+00 3.380E-01
  7.249519E+00 3.110E-01
  7.576007E+00 2.861E-01
  7.913267E+00 2.633E-01
  8.261694E+00 2.423E-01
  8.621694E+00 2.230E-01
  9.614460E+00 1.747E-01
  1.205480E+01 1.132E-01
  1.449510E+01 7.792E-02
  1.693550E+01 5.617E-02
  1.937580E+01 4.197E-02
  2.181610E+01 3.226E-02
  2.425650E+01 2.538E-02
  2.669680E+01 2.037E-02
  2.669730E+01 4.190E-01
  2.674210E+01 4.173E-01
  2.678690E+01 4.157E-01
  2.683160E+01 4.141E-01
  2.687640E+01 4.125E-01
  2.692120E+01 4.109E-01
  2.696600E+01 4.093E-01
  2.701070E+01 4.078E-01
  2.705550E+01 4.062E-01
  2.710030E+01 4.046E-01
  2.710060E+01 5.395E-01
  2.783240E+01 5.068E-01
  2.858400E+01 4.759E-01
  2.935580E+01 4.467E-01
  3.014850E+01 4.191E-01
  3.096260E+01 3.931E-01
  3.179870E+01 3.685E-01
  3.265740E+01 3.454E-01
  3.353930E+01 3.236E-01
  3.444490E+01 3.030E-01
  3.537510E+01 2.837E-01
  3.633030E+01 2.655E-01
  3.731140E+01 2.484E-01
  3.831890E+01 2.323E-01
  3.935360E+01 2.172E-01
  4.041630E+01 2.030E-01
  4.150770E+01 1.897E-01
  4.262850E+01 1.772E-01
  4.377960E+01 1.655E-01
  4.496180E+01 1.545E-01
  4.617600E+01 1.442E-01
  4.742290E+01 1.346E-01
  4.870340E+01 1.255E-01
  5.001860E+01 1.171E-01
  5.136930E+01 1.092E-01
  5.275640E+01 1.018E-01
  5.418100E+01 9.485E-02
  5.564410E+01 8.838E-02
  5.714670E+01 8.233E-02
  5.868980E+01 7.667E-02
  6.027460E+01 7.139E-02
  6.190230E+01 6.646E-02
  6.357380E+01 6.184E-02
  6.529050E+01 5.754E-02
  6.705360E+01 5.352E-02
  6.886430E+01 4.977E-02
  7.072380E+01 4.629E-02
  7.263360E+01 4.303E-02
  7.459500E+01 3.999E-02
  7.660930E+01 3.716E-02
  7.867800E+01 3.452E-02
  8.080260E+01 3.206E-02
  8.298450E+01 2.977E-02
  8.522540E+01 2.764E-02
  8.752670E+01 2.565E-02
  8.989020E+01 2.381E-02
  9.231760E+01 2.209E-02
  9.481050E+01 2.049E-02
  9.737070E+01 1.901E-02
  1.000000E+02 1.763E-02
       2   6   3   211    1  -4.14785E+00      73
  3.988015E+00 1.047E+00
  4.019855E+00 1.023E+00
  4.051855E+00 9.998E-01
  4.083855E+00 9.771E-01
  4.115855E+00 9.550E-01
  4.147855E+00 9.336E-01
  4.271513E+00 8.564E-01
  4.398550E+00 7.856E-01
  4.529045E+00 7.206E-01
  4.663080E+00 6.609E-01
  4.800740E+00 6.062E-01
  4.942110E+00 5.559E-01
  5.087276E+00 5.098E-01
  5.236328E+00 4.675E-01
  5.389356E+00 4.287E-01
  5.546452E+00 3.931E-01
  5.707710E+00 3.605E-01
  5.873226E+00 3.305E-01
  6.043096E+00 3.030E-01
  6.217420E+00 2.778E-01
  6.396298E+00 2.547E-01
  6.579835E+00 2.335E-01
  6.768134E+00 2.141E-01
  6.961302E+00 1.962E-01
  7.159448E+00 1.799E-01
  7.362682E+00 1.648E-01
  7.571116E+00 1.511E-01
  7.784866E+00 1.385E-01
  8.004047E+00 1.269E-01
  8.228778E+00 1.163E-01
  8.459180E+00 1.066E-01
  8.695375E+00 9.766E-02
  8.937489E+00 8.949E-02
  9.185649E+00 8.200E-02
  9.439983E+00 7.513E-02
  9.700624E+00 6.884E-02
  9.967705E+00 6.306E-02
  1.024136E+01 5.778E-02
  1.052173E+01 5.293E-02
  1.080896E+01 4.848E-02
  1.110318E+01 4.441E-02
  1.134785E+01 4.135E-02
  1.179149E+01 3.651E-02
  1.225079E+01 3.221E-02
  1.272625E+01 2.840E-02
  1.321839E+01 2.505E-02
  1.372772E+01 2.209E-02
  1.425480E+01 1.948E-02
  1.480019E+01 1.718E-02
  1.536445E+01 1.515E-02
  1.594819E+01 1.335E-02
  1.655202E+01 1.177E-02
  1.717654E+01 1.038E-02
  1.782243E+01 9.152E-03
  1.849034E+01 8.068E-03
  1.918094E+01 7.113E-03
  1.989494E+01 6.270E-03
  2.063309E+01 5.527E-03
  2.139609E+01 4.871E-03
  2.218472E+01 4.294E-03
  2.299976E+01 3.784E-03
  2.384200E+01 3.335E-03
  2.471230E+01 2.939E-03
  2.561148E+01 2.590E-03
  2.654042E+01 2.283E-03
  2.750005E+01 2.011E-03
  2.849124E+01 1.772E-03
  2.951498E+01 1.562E-03
  3.057224E+01 1.376E-03
  3.166399E+01 1.212E-03
  3.279129E+01 1.068E-03
  3.395518E+01 9.410E-04
  3.515674E+01 8.290E-04
       3   6   3   200    2  -1.97910E+00      76
  1.819261E+00 1.227E+00
  1.851101E+00 1.192E+00
  1.883101E+00 1.159E+00
  1.915101E+00 1.126E+00
  1.947101E+00 1.095E+00
  1.979101E+00 1.066E+00
  2.074714E+00 9.834E-01
  2.174157E+00 9.071E-01
  2.277565E+00 8.367E-01
  2.385080E+00 7.717E-01
  2.496847E+00 7.117E-01
  2.613016E+00 6.563E-01
  2.733742E+00 6.052E-01
  2.859186E+00 5.581E-01
  2.989512E+00 5.146E-01
  3.124892E+00 4.744E-01
  3.265501E+00 4.374E-01
  3.411523E+00 4.032E-01
  3.563145E+00 3.717E-01
  3.720561E+00 3.426E-01
  3.883972E+00 3.158E-01
  4.053585E+00 2.911E-01
  4.229614E+00 2.682E-01
  4.412279E+00 2.472E-01
  4.601809E+00 2.278E-01
  4.798439E+00 2.099E-01
  5.002412E+00 1.934E-01
  5.213978E+00 1.782E-01
  5.433397E+00 1.642E-01
  5.660936E+00 1.513E-01
  5.896872E+00 1.394E-01
  6.141488E+00 1.284E-01
  6.395080E+00 1.183E-01
  6.657950E+00 1.090E-01
  6.930413E+00 1.004E-01
  7.212792E+00 9.247E-02
  7.505421E+00 8.517E-02
  7.808645E+00 7.844E-02
  8.122819E+00 7.225E-02
  8.448312E+00 6.654E-02
  8.785502E+00 6.128E-02
  9.134780E+00 5.643E-02
  9.179101E+00 5.586E-02
  9.706275E+00 4.947E-02
  1.026013E+01 4.389E-02
  1.084188E+01 3.894E-02
  1.145274E+01 3.454E-02
  1.209404E+01 3.063E-02
  1.276710E+01 2.717E-02
  1.347332E+01 2.409E-02
  1.421416E+01 2.136E-02
  1.499112E+01 1.894E-02
  1.580580E+01 1.679E-02
  1.665977E+01 1.488E-02
  1.755478E+01 1.319E-02
  1.849257E+01 1.169E-02
  1.947498E+01 1.036E-02
  2.050386E+01 9.181E-03
  2.158122E+01 8.135E-03
  2.270909E+01 7.208E-03
  2.388957E+01 6.385E-03
  2.512492E+01 5.657E-03
  2.641737E+01 5.011E-03
  2.776930E+01 4.438E-03
  2.918320E+01 3.930E-03
  3.066154E+01 3.481E-03
  3.220708E+01 3.082E-03
  3.382243E+01 2.729E-03
  3.551054E+01 2.416E-03
  3.727429E+01 2.139E-03
  3.911678E+01 1.894E-03
  4.104115E+01 1.676E-03
  4.305070E+01 1.484E-03
  4.514882E+01 1.313E-03
  4.733900E+01 1.162E-03
  4.962495E+01 1.029E-03
       4   6   3   211    2  -1.82214E+00      77
  1.662299E+00 2.145E+00
  1.694139E+00 2.054E+00
  1.726139E+00 1.967E+00
  1.758139E+00 1.885E+00
  1.790139E+00 1.808E+00
  1.822139E+00 1.735E+00
  1.889394E+00 1.594E+00
  1.958708E+00 1.464E+00
  2.030134E+00 1.345E+00
  2.103725E+00 1.235E+00
  2.179538E+00 1.134E+00
  2.257629E+00 1.042E+00
  2.338055E+00 9.567E-01
  2.420876E+00 8.785E-01
  2.506152E+00 8.066E-01
  2.593944E+00 7.406E-01
  2.684315E+00 6.800E-01
  2.777330E+00 6.242E-01
  2.873054E+00 5.730E-01
  2.971554E+00 5.260E-01
  3.072899E+00 4.828E-01
  3.177159E+00 4.432E-01
  3.284404E+00 4.067E-01
  3.394708E+00 3.733E-01
  3.508145E+00 3.426E-01
  3.624791E+00 3.144E-01
  3.744724E+00 2.885E-01
  3.868022E+00 2.647E-01
  3.994768E+00 2.429E-01
  4.125042E+00 2.228E-01
  4.258929E+00 2.044E-01
  4.396516E+00 1.875E-01
  4.537890E+00 1.720E-01
  4.683140E+00 1.578E-01
  4.832358E+00 1.448E-01
  4.985636E+00 1.328E-01
  5.143071E+00 1.218E-01
  5.304759E+00 1.117E-01
  5.470799E+00 1.024E-01
  5.641292E+00 9.394E-02
  5.816341E+00 8.615E-02
  5.996051E+00 7.899E-02
  6.180530E+00 7.243E-02
  6.369886E+00 6.642E-02
  6.564232E+00 6.090E-02
  6.763681E+00 5.583E-02
  6.968350E+00 5.119E-02
  7.178355E+00 4.693E-02
  7.393819E+00 4.302E-02
  7.614865E+00 3.943E-02
  7.841617E+00 3.615E-02
  8.074204E+00 3.313E-02
  8.312756E+00 3.037E-02
  8.557407E+00 2.784E-02
  8.808291E+00 2.551E-02
  9.022139E+00 2.372E-02
  9.401377E+00 2.093E-02
  9.794390E+00 1.847E-02
  1.020162E+01 1.629E-02
  1.062350E+01 1.437E-02
  1.106050E+01 1.267E-02
  1.151310E+01 1.118E-02
  1.198177E+01 9.859E-03
  1.246701E+01 8.694E-03
  1.296934E+01 7.667E-03
  1.348927E+01 6.760E-03
  1.402736E+01 5.961E-03
  1.458415E+01 5.256E-03
  1.516022E+01 4.633E-03
  1.575615E+01 4.085E-03
  1.637254E+01 3.601E-03
  1.701001E+01 3.174E-03
  1.766919E+01 2.798E-03
  1.835072E+01 2.466E-03
  1.905528E+01 2.173E-03
  1.978357E+01 1.915E-03
  2.053625E+01 1.688E-03
       5   6   3   220    1  -1.77946E+00      82
  1.619624E+00 1.576E+00
  1.651464E+00 1.475E+00
  1.683464E+00 1.382E+00
  1.715464E+00 1.296E+00
  1.747464E+00 1.217E+00
  1.779464E+00 1.144E+00
  1.825853E+00 1.047E+00
  1.873303E+00 9.587E-01
  1.921834E+00 8.775E-01
  1.971469E+00 8.032E-01
  2.022228E+00 7.352E-01
  2.074134E+00 6.729E-01
  2.127208E+00 6.159E-01
  2.181475E+00 5.637E-01
  2.236956E+00 5.159E-01
  2.293675E+00 4.721E-01
  2.351657E+00 4.320E-01
  2.410925E+00 3.954E-01
  2.471504E+00 3.618E-01
  2.533418E+00 3.311E-01
  2.596695E+00 3.029E-01
  2.661358E+00 2.772E-01
  2.727435E+00 2.536E-01
  2.794953E+00 2.320E-01
  2.863937E+00 2.123E-01
  2.934417E+00 1.942E-01
  3.006420E+00 1.777E-01
  3.079974E+00 1.626E-01
  3.155108E+00 1.487E-01
  3.231851E+00 1.360E-01
  3.310234E+00 1.244E-01
  3.390287E+00 1.138E-01
  3.472040E+00 1.041E-01
  3.555525E+00 9.523E-02
  3.640773E+00 8.710E-02
  3.727816E+00 7.967E-02
  3.816688E+00 7.286E-02
  3.907422E+00 6.664E-02
  4.000050E+00 6.094E-02
  4.094608E+00 5.574E-02
  4.191130E+00 5.097E-02
  4.289652E+00 4.661E-02
  4.390210E+00 4.262E-02
  4.492839E+00 3.898E-02
  4.597576E+00 3.564E-02
  4.704461E+00 3.259E-02
  4.813529E+00 2.980E-02
  4.924821E+00 2.724E-02
  5.038375E+00 2.491E-02
  5.154231E+00 2.277E-02
  5.272429E+00 2.082E-02
  5.393011E+00 1.904E-02
  5.516019E+00 1.740E-02
  5.641494E+00 1.591E-02
  5.769479E+00 1.454E-02
  5.900018E+00 1.330E-02
  6.033156E+00 1.215E-02
  6.168936E+00 1.111E-02
  6.307405E+00 1.016E-02
  6.448609E+00 9.282E-03
  6.592594E+00 8.484E-03
  6.739408E+00 7.755E-03
  6.889099E+00 7.088E-03
  7.041717E+00 6.478E-03
  7.197310E+00 5.921E-03
  7.355930E+00 5.411E-03
  7.517627E+00 4.945E-03
  7.682452E+00 4.519E-03
  7.850460E+00 4.130E-03
  8.021702E+00 3.774E-03
  8.196233E+00 3.449E-03
  8.374109E+00 3.152E-03
  8.555383E+00 2.880E-03
  8.740114E+00 2.631E-03
  8.928358E+00 2.404E-03
  8.979464E+00 2.347E-03
  9.256963E+00 2.068E-03
  9.542081E+00 1.818E-03
  9.834993E+00 1.598E-03
  1.013589E+01 1.404E-03
  1.044497E+01 1.234E-03
  1.076244E+01 1.085E-03
       6   6   3   200    3  -1.08232E+00      81
  9.224801E-01 2.018E+00
  9.543201E-01 1.904E+00
  9.863201E-01 1.798E+00
  1.018320E+00 1.701E+00
  1.050320E+00 1.611E+00
  1.082320E+00 1.528E+00
  1.131912E+00 1.411E+00
  1.183580E+00 1.302E+00
  1.237404E+00 1.202E+00
  1.293468E+00 1.110E+00
  1.351855E+00 1.025E+00
  1.412656E+00 9.456E-01
  1.475961E+00 8.728E-01
  1.541865E+00 8.055E-01
  1.610467E+00 7.434E-01
  1.681868E+00 6.860E-01
  1.756173E+00 6.330E-01
  1.833490E+00 5.841E-01
  1.913932E+00 5.389E-01
  1.997617E+00 4.972E-01
  2.084662E+00 4.587E-01
  2.175195E+00 4.232E-01
  2.269342E+00 3.904E-01
  2.367238E+00 3.601E-01
  2.469019E+00 3.321E-01
  2.574829E+00 3.064E-01
  2.684814E+00 2.826E-01
  2.799126E+00 2.606E-01
  2.917924E+00 2.403E-01
  3.041369E+00 2.216E-01
  3.169630E+00 2.044E-01
  3.302880E+00 1.884E-01
  3.441299E+00 1.737E-01
  3.585072E+00 1.602E-01
  3.734392E+00 1.477E-01
  3.889456E+00 1.362E-01
  4.050468E+00 1.255E-01
  4.217641E+00 1.157E-01
  4.391192E+00 1.067E-01
  4.571348E+00 9.832E-02
  4.758341E+00 9.062E-02
  4.952412E+00 8.353E-02
  5.153809E+00 7.698E-02
  5.362790E+00 7.095E-02
  5.579619E+00 6.538E-02
  5.804569E+00 6.025E-02
  6.037925E+00 5.552E-02
  6.279976E+00 5.116E-02
  6.531025E+00 4.714E-02
  6.791382E+00 4.343E-02
  7.061367E+00 4.002E-02
  7.341314E+00 3.687E-02
  7.631562E+00 3.397E-02
  7.932465E+00 3.129E-02
  8.244386E+00 2.883E-02
  8.282320E+00 2.854E-02
  8.754358E+00 2.535E-02
  9.251305E+00 2.252E-02
  9.774382E+00 2.000E-02
  1.032486E+01 1.776E-02
  1.090407E+01 1.577E-02
  1.151340E+01 1.400E-02
  1.215431E+01 1.243E-02
  1.282832E+01 1.104E-02
  1.353702E+01 9.799E-03
  1.428207E+01 8.698E-03
  1.506519E+01 7.721E-03
  1.588819E+01 6.853E-03
  1.675296E+01 6.082E-03
  1.766150E+01 5.398E-03
  1.861583E+01 4.790E-03
  1.961813E+01 4.250E-03
  2.067062E+01 3.771E-03
  2.177567E+01 3.346E-03
  2.293568E+01 2.969E-03
  2.415323E+01 2.634E-03
  2.543098E+01 2.336E-03
  2.677168E+01 2.072E-03
  2.817824E+01 1.838E-03
  2.965367E+01 1.630E-03
  3.120116E+01 1.446E-03
       7   6   3   211    3  -1.01876E+00      82
  8.589218E-01 3.720E+00
  8.907618E-01 3.444E+00
  9.227618E-01 3.194E+00
  9.547618E-01 2.969E+00
  9.867618E-01 2.765E+00
  1.018762E+00 2.581E+00
  1.058412E+00 2.375E+00
  1.099428E+00 2.185E+00
  1.141848E+00 2.010E+00
  1.185714E+00 1.850E+00
  1.231067E+00 1.701E+00
  1.277950E+00 1.565E+00
  1.326406E+00 1.439E+00
  1.376480E+00 1.324E+00
  1.428216E+00 1.217E+00
  1.481663E+00 1.119E+00
  1.536866E+00 1.029E+00
  1.593876E+00 9.464E-01
  1.652741E+00 8.701E-01
  1.713512E+00 7.998E-01
  1.776242E+00 7.352E-01
  1.840982E+00 6.758E-01
  1.907788E+00 6.211E-01
  1.976714E+00 5.708E-01
  2.047818E+00 5.246E-01
  2.121155E+00 4.820E-01
  2.196787E+00 4.429E-01
  2.274772E+00 4.069E-01
  2.355171E+00 3.738E-01
  2.438048E+00 3.434E-01
  2.523467E+00 3.155E-01
  2.611492E+00 2.898E-01
  2.702190E+00 2.661E-01
  2.795629E+00 2.444E-01
  2.891878E+00 2.245E-01
  2.991009E+00 2.061E-01
  3.093092E+00 1.893E-01
  3.198201E+00 1.738E-01
  3.306412E+00 1.596E-01
  3.417800E+00 1.465E-01
  3.532444E+00 1.345E-01
  3.650423E+00 1.234E-01
  3.771818E+00 1.133E-01
  3.896711E+00 1.040E-01
  4.025187E+00 9.545E-02
  4.157331E+00 8.760E-02
  4.293231E+00 8.039E-02
  4.432975E+00 7.376E-02
  4.576655E+00 6.768E-02
  4.724362E+00 6.210E-02
  4.876192E+00 5.698E-02
  5.032239E+00 5.227E-02
  5.192601E+00 4.795E-02
  5.357378E+00 4.399E-02
  5.526670E+00 4.035E-02
  5.700582E+00 3.701E-02
  5.879218E+00 3.394E-02
  6.062685E+00 3.113E-02
  6.251092E+00 2.855E-02
  6.444549E+00 2.618E-02
  6.643169E+00 2.400E-02
  6.847068E+00 2.201E-02
  7.056361E+00 2.018E-02
  7.271168E+00 1.850E-02
  7.491610E+00 1.696E-02
  7.717809E+00 1.555E-02
  7.949891E+00 1.425E-02
  8.187984E+00 1.306E-02
  8.218762E+00 1.292E-02
  8.575623E+00 1.148E-02
  8.946146E+00 1.014E-02
  9.330801E+00 8.953E-03
  9.730056E+00 7.904E-03
  1.014441E+01 6.978E-03
  1.057436E+01 6.160E-03
  1.102044E+01 5.437E-03
  1.148318E+01 4.799E-03
  1.196313E+01 4.236E-03
  1.246087E+01 3.738E-03
  1.297698E+01 3.299E-03
  1.351205E+01 2.911E-03
  1.406672E+01 2.569E-03
       8   6   3   220    2  -1.00086E+00      87
  8.410241E-01 3.650E+00
  8.728641E-01 3.302E+00
  9.048641E-01 2.995E+00
  9.368641E-01 2.723E+00
  9.688641E-01 2.482E+00
  1.000864E+00 2.268E+00
  1.032563E+00 2.079E+00
  1.065079E+00 1.905E+00
  1.098429E+00 1.746E+00
  1.132631E+00 1.600E+00
  1.167701E+00 1.467E+00
  1.203658E+00 1.344E+00
  1.240519E+00 1.231E+00
  1.278304E+00 1.128E+00
  1.317031E+00 1.034E+00
  1.356718E+00 9.471E-01
  1.397386E+00 8.676E-01
  1.439054E+00 7.948E-01
  1.481743E+00 7.281E-01
  1.525471E+00 6.669E-01
  1.570261E+00 6.108E-01
  1.616132E+00 5.594E-01
  1.663107E+00 5.124E-01
  1.711207E+00 4.692E-01
  1.760454E+00 4.297E-01
  1.810870E+00 3.935E-01
  1.862478E+00 3.603E-01
  1.915301E+00 3.299E-01
  1.969363E+00 3.021E-01
  2.024687E+00 2.766E-01
  2.081297E+00 2.532E-01
  2.139219E+00 2.318E-01
  2.198476E+00 2.122E-01
  2.259094E+00 1.942E-01
  2.321100E+00 1.778E-01
  2.384518E+00 1.627E-01
  2.449376E+00 1.490E-01
  2.515701E+00 1.363E-01
  2.583519E+00 1.248E-01
  2.652858E+00 1.142E-01
  2.723747E+00 1.045E-01
  2.796215E+00 9.562E-02
  2.870289E+00 8.750E-02
  2.946000E+00 8.007E-02
  3.023378E+00 7.326E-02
  3.102453E+00 6.703E-02
  3.183255E+00 6.133E-02
  3.265817E+00 5.611E-02
  3.350168E+00 5.133E-02
  3.436343E+00 4.696E-02
  3.524374E+00 4.296E-02
  3.614293E+00 3.930E-02
  3.706134E+00 3.594E-02
  3.799932E+00 3.288E-02
  3.895720E+00 3.007E-02
  3.993536E+00 2.751E-02
  4.093412E+00 2.516E-02
  4.195387E+00 2.301E-02
  4.299497E+00 2.104E-02
  4.405779E+00 1.924E-02
  4.514270E+00 1.760E-02
  4.625009E+00 1.609E-02
  4.738036E+00 1.471E-02
  4.853388E+00 1.345E-02
  4.971107E+00 1.230E-02
  5.091233E+00 1.125E-02
  5.213806E+00 1.028E-02
  5.338869E+00 9.403E-03
  5.466465E+00 8.596E-03
  5.596635E+00 7.859E-03
  5.729423E+00 7.184E-03
  5.864874E+00 6.568E-03
  6.003032E+00 6.004E-03
  6.143942E+00 5.488E-03
  6.287651E+00 5.017E-03
  6.434205E+00 4.585E-03
  6.583652E+00 4.191E-03
  6.736039E+00 3.831E-03
  6.891414E+00 3.501E-03
  7.049828E+00 3.200E-03
  7.211330E+00 2.924E-03
  7.375971E+00 2.673E-03
  7.543802E+00 2.442E-03
  7.714875E+00 2.232E-03
  7.889242E+00 2.040E-03
  8.066958E+00 1.864E-03
  8.200864E+00 1.743E-03
       9   6   3   200    4  -6.81451E-01      85
  5.216109E-01 3.298E+00
  5.534509E-01 2.970E+00
  5.854509E-01 2.687E+00
  6.174509E-01 2.442E+00
  6.494509E-01 2.229E+00
  6.814509E-01 2.043E+00
  7.115148E-01 1.887E+00
  7.428455E-01 1.742E+00
  7.754934E-01 1.609E+00
  8.095109E-01 1.485E+00
  8.449524E-01 1.371E+00
  8.818744E-01 1.266E+00
  9.203352E-01 1.169E+00
  9.603956E-01 1.079E+00
  1.002118E+00 9.963E-01
  1.045569E+00 9.197E-01
  1.090815E+00 8.489E-01
  1.137926E+00 7.836E-01
  1.186975E+00 7.233E-01
  1.238037E+00 6.676E-01
  1.291191E+00 6.161E-01
  1.346516E+00 5.686E-01
  1.404098E+00 5.248E-01
  1.464022E+00 4.843E-01
  1.526379E+00 4.469E-01
  1.591261E+00 4.124E-01
  1.658766E+00 3.805E-01
  1.728993E+00 3.511E-01
  1.802045E+00 3.240E-01
  1.878030E+00 2.989E-01
  1.957059E+00 2.757E-01
  2.039246E+00 2.544E-01
  2.124711E+00 2.347E-01
  2.213576E+00 2.165E-01
  2.305969E+00 1.997E-01
  2.402021E+00 1.842E-01
  2.501870E+00 1.699E-01
  2.605656E+00 1.567E-01
  2.713525E+00 1.445E-01
  2.825628E+00 1.333E-01
  2.942123E+00 1.229E-01
  3.063170E+00 1.134E-01
  3.188937E+00 1.045E-01
  3.319596E+00 9.641E-02
  3.455328E+00 8.889E-02
  3.596315E+00 8.197E-02
  3.742751E+00 7.557E-02
  3.894833E+00 6.968E-02
  4.052765E+00 6.424E-02
  4.216758E+00 5.923E-02
  4.387031E+00 5.460E-02
  4.563810E+00 5.033E-02
  4.747327E+00 4.640E-02
  4.937825E+00 4.277E-02
  5.135552E+00 3.942E-02
  5.340766E+00 3.634E-02
  5.553732E+00 3.349E-02
  5.774726E+00 3.087E-02
  6.004030E+00 2.845E-02
  6.241939E+00 2.621E-02
  6.488754E+00 2.416E-02
  6.744789E+00 2.226E-02
  7.010366E+00 2.051E-02
  7.285819E+00 1.890E-02
  7.571491E+00 1.742E-02
  7.867738E+00 1.605E-02
  7.881451E+00 1.599E-02
  8.330187E+00 1.424E-02
  8.803190E+00 1.266E-02
  9.301711E+00 1.125E-02
  9.827057E+00 9.998E-03
  1.038060E+01 8.885E-03
  1.096378E+01 7.895E-03
  1.157811E+01 7.015E-03
  1.222517E+01 6.233E-03
  1.290660E+01 5.538E-03
  1.362416E+01 4.920E-03
  1.437966E+01 4.371E-03
  1.517502E+01 3.883E-03
  1.601222E+01 3.449E-03
  1.689340E+01 3.064E-03
  1.782072E+01 2.721E-03
  1.879649E+01 2.417E-03
  1.982312E+01 2.147E-03
  2.090314E+01 1.906E-03
      10   6   3   211    4  -6.49614E-01      86
  4.897744E-01 6.313E+00
  5.216144E-01 5.544E+00
  5.536144E-01 4.900E+00
  5.856144E-01 4.357E+00
  6.176144E-01 3.897E+00
  6.496144E-01 3.503E+00
  6.752159E-01 3.227E+00
  7.017546E-01 2.972E+00
  7.292606E-01 2.737E+00
  7.577648E-01 2.520E+00
  7.872989E-01 2.321E+00
  8.178954E-01 2.137E+00
  8.495875E-01 1.968E+00
  8.824096E-01 1.811E+00
  9.163965E-01 1.668E+00
  9.515843E-01 1.535E+00
  9.880095E-01 1.413E+00
  1.025710E+00 1.300E+00
  1.064724E+00 1.197E+00
  1.105092E+00 1.101E+00
  1.146853E+00 1.013E+00
  1.190050E+00 9.324E-01
  1.234723E+00 8.578E-01
  1.280918E+00 7.892E-01
  1.328678E+00 7.260E-01
  1.378049E+00 6.678E-01
  1.429076E+00 6.142E-01
  1.481809E+00 5.649E-01
  1.536294E+00 5.195E-01
  1.592582E+00 4.777E-01
  1.650723E+00 4.393E-01
  1.710770E+00 4.039E-01
  1.772774E+00 3.713E-01
  1.836792E+00 3.414E-01
  1.902876E+00 3.138E-01
  1.971085E+00 2.885E-01
  2.041476E+00 2.651E-01
  2.114108E+00 2.437E-01
  2.189040E+00 2.239E-01
  2.266335E+00 2.058E-01
  2.346054E+00 1.891E-01
  2.428263E+00 1.737E-01
  2.513026E+00 1.596E-01
  2.600410E+00 1.467E-01
  2.690482E+00 1.347E-01
  2.783313E+00 1.237E-01
  2.878972E+00 1.137E-01
  2.977532E+00 1.044E-01
  3.079067E+00 9.588E-02
  3.183651E+00 8.805E-02
  3.291361E+00 8.085E-02
  3.402275E+00 7.424E-02
  3.516473E+00 6.816E-02
  3.634034E+00 6.258E-02
  3.755042E+00 5.745E-02
  3.879581E+00 5.274E-02
  4.007736E+00 4.841E-02
  4.139594E+00 4.443E-02
  4.275245E+00 4.078E-02
  4.414779E+00 3.743E-02
  4.558289E+00 3.435E-02
  4.705867E+00 3.152E-02
  4.857609E+00 2.892E-02
  5.013614E+00 2.653E-02
  5.173979E+00 2.434E-02
  5.338807E+00 2.233E-02
  5.508198E+00 2.049E-02
  5.682259E+00 1.879E-02
  5.861094E+00 1.724E-02
  6.044813E+00 1.581E-02
  6.233525E+00 1.450E-02
  6.427343E+00 1.330E-02
  6.626379E+00 1.220E-02
  6.830751E+00 1.118E-02
  7.040576E+00 1.026E-02
  7.255973E+00 9.403E-03
  7.477065E+00 8.621E-03
  7.703976E+00 7.904E-03
  7.849614E+00 7.484E-03
  8.197549E+00 6.718E-03
  8.559349E+00 5.936E-03
  8.935516E+00 5.244E-03
  9.326561E+00 4.633E-03
  9.733020E+00 4.093E-03
  1.015544E+01 3.616E-03
  1.059439E+01 3.194E-03
      11   6   3   220    3  -6.40477E-01      97
  4.806367E-01 6.844E+00
  5.124767E-01 5.871E+00
  5.444767E-01 5.072E+00
  5.764767E-01 4.411E+00
  6.084767E-01 3.861E+00
  6.404767E-01 3.398E+00
  6.627628E-01 3.119E+00
  6.856912E-01 2.862E+00
  7.092765E-01 2.627E+00
  7.335336E-01 2.410E+00
  7.584777E-01 2.212E+00
  7.841241E-01 2.029E+00
  8.104884E-01 1.862E+00
  8.375866E-01 1.708E+00
  8.654347E-01 1.567E+00
  8.940493E-01 1.437E+00
  9.234470E-01 1.318E+00
  9.536448E-01 1.209E+00
  9.846600E-01 1.108E+00
  1.016510E+00 1.016E+00
  1.049213E+00 9.320E-01
  1.082786E+00 8.546E-01
  1.117249E+00 7.835E-01
  1.152620E+00 7.183E-01
  1.188917E+00 6.584E-01
  1.226161E+00 6.036E-01
  1.264370E+00 5.532E-01
  1.303565E+00 5.070E-01
  1.343765E+00 4.647E-01
  1.384992E+00 4.259E-01
  1.427266E+00 3.903E-01
  1.470609E+00 3.576E-01
  1.515041E+00 3.277E-01
  1.560585E+00 3.002E-01
  1.607262E+00 2.750E-01
  1.655096E+00 2.520E-01
  1.704109E+00 2.308E-01
  1.754324E+00 2.114E-01
  1.805765E+00 1.937E-01
  1.858455E+00 1.774E-01
  1.912419E+00 1.625E-01
  1.967681E+00 1.488E-01
  2.024267E+00 1.363E-01
  2.082201E+00 1.248E-01
  2.141510E+00 1.143E-01
  2.202218E+00 1.046E-01
  2.264354E+00 9.578E-02
  2.327943E+00 8.770E-02
  2.393013E+00 8.029E-02
  2.459591E+00 7.350E-02
  2.527706E+00 6.728E-02
  2.597385E+00 6.159E-02
  2.668658E+00 5.637E-02
  2.741554E+00 5.160E-02
  2.816102E+00 4.722E-02
  2.892332E+00 4.322E-02
  2.970276E+00 3.955E-02
  3.049962E+00 3.620E-02
  3.131424E+00 3.312E-02
  3.214693E+00 3.031E-02
  3.299801E+00 2.773E-02
  3.386780E+00 2.537E-02
  3.475664E+00 2.321E-02
  3.566486E+00 2.124E-02
  3.659281E+00 1.943E-02
  3.754082E+00 1.777E-02
  3.850925E+00 1.626E-02
  3.949844E+00 1.487E-02
  4.050877E+00 1.360E-02
  4.154058E+00 1.244E-02
  4.259426E+00 1.138E-02
  4.367017E+00 1.041E-02
  4.476869E+00 9.519E-03
  4.589021E+00 8.705E-03
  4.703512E+00 7.961E-03
  4.820380E+00 7.280E-03
  4.939665E+00 6.657E-03
  5.061409E+00 6.087E-03
  5.185652E+00 5.565E-03
  5.312435E+00 5.088E-03
  5.441800E+00 4.652E-03
  5.573790E+00 4.253E-03
  5.708449E+00 3.888E-03
  5.845819E+00 3.555E-03
  5.985945E+00 3.249E-03
  6.128871E+00 2.970E-03
  6.274644E+00 2.715E-03
  6.423308E+00 2.482E-03
  6.574911E+00 2.268E-03
  6.729500E+00 2.073E-03
  6.887121E+00 1.895E-03
  7.047824E+00 1.732E-03
  7.211657E+00 1.583E-03
  7.378670E+00 1.446E-03
  7.548913E+00 1.322E-03
  7.722437E+00 1.208E-03
  7.840477E+00 1.137E-03
      12   6   3   200    5  -4.68185E-01      86
  3.721849E-01 3.982E+00
  4.041849E-01 3.423E+00
  4.361849E-01 2.973E+00
  4.681849E-01 2.606E+00
  4.882894E-01 2.406E+00
  5.092374E-01 2.222E+00
  5.310630E-01 2.052E+00
  5.538019E-01 1.895E+00
  5.774907E-01 1.749E+00
  6.021679E-01 1.615E+00
  6.278733E-01 1.491E+00
  6.546480E-01 1.377E+00
  6.825351E-01 1.271E+00
  7.115789E-01 1.174E+00
  7.418257E-01 1.083E+00
  7.733235E-01 1.000E+00
  8.061221E-01 9.233E-01
  8.402730E-01 8.523E-01
  8.758299E-01 7.868E-01
  9.128485E-01 7.262E-01
  9.513864E-01 6.703E-01
  9.915035E-01 6.187E-01
  1.033262E+00 5.711E-01
  1.076726E+00 5.271E-01
  1.121963E+00 4.864E-01
  1.169042E+00 4.489E-01
  1.218034E+00 4.143E-01
  1.269015E+00 3.823E-01
  1.322061E+00 3.528E-01
  1.377253E+00 3.256E-01
  1.434674E+00 3.004E-01
  1.494409E+00 2.772E-01
  1.556548E+00 2.558E-01
  1.621184E+00 2.360E-01
  1.688413E+00 2.178E-01
  1.758332E+00 2.009E-01
  1.831047E+00 1.854E-01
  1.906662E+00 1.710E-01
  1.985289E+00 1.578E-01
  2.067042E+00 1.455E-01
  2.152039E+00 1.343E-01
  2.240403E+00 1.238E-01
  2.332262E+00 1.142E-01
  2.427746E+00 1.054E-01
  2.526993E+00 9.719E-02
  2.630142E+00 8.964E-02
  2.737341E+00 8.267E-02
  2.848740E+00 7.625E-02
  2.964496E+00 7.032E-02
  3.084770E+00 6.485E-02
  3.209731E+00 5.980E-02
  3.339552E+00 5.515E-02
  3.474412E+00 5.085E-02
  3.614497E+00 4.689E-02
  3.760000E+00 4.324E-02
  3.911117E+00 3.987E-02
  4.068057E+00 3.676E-02
  4.231030E+00 3.389E-02
  4.400257E+00 3.124E-02
  4.575965E+00 2.880E-02
  4.758390E+00 2.655E-02
  4.947773E+00 2.448E-02
  5.144368E+00 2.256E-02
  5.348433E+00 2.080E-02
  5.560237E+00 1.917E-02
  5.780057E+00 1.767E-02
  6.008181E+00 1.629E-02
  6.244905E+00 1.501E-02
  6.490535E+00 1.384E-02
  6.745388E+00 1.275E-02
  7.009791E+00 1.175E-02
  7.284081E+00 1.083E-02
  7.568608E+00 9.979E-03
  7.668185E+00 9.704E-03
  8.105201E+00 8.671E-03
  8.566227E+00 7.710E-03
  9.052544E+00 6.855E-03
  9.565485E+00 6.095E-03
  1.010647E+01 5.419E-03
  1.067697E+01 4.818E-03
  1.127854E+01 4.283E-03
  1.191280E+01 3.808E-03
  1.258148E+01 3.385E-03
  1.328638E+01 3.009E-03
  1.402939E+01 2.674E-03
  1.481250E+01 2.377E-03
      13   6   3   211    5  -4.50009E-01      87
  3.540090E-01 7.423E+00
  3.860090E-01 6.207E+00
  4.180090E-01 5.258E+00
  4.500090E-01 4.505E+00
  4.677230E-01 4.152E+00
  4.861073E-01 3.826E+00
  5.051849E-01 3.526E+00
  5.249795E-01 3.249E+00
  5.455155E-01 2.994E+00
  5.668179E-01 2.759E+00
  5.889126E-01 2.542E+00
  6.118259E-01 2.341E+00
  6.355851E-01 2.157E+00
  6.602181E-01 1.987E+00
  6.857537E-01 1.830E+00
  7.122212E-01 1.685E+00
  7.396511E-01 1.552E+00
  7.680743E-01 1.429E+00
  7.975227E-01 1.316E+00
  8.280291E-01 1.212E+00
  8.596270E-01 1.116E+00
  8.923507E-01 1.027E+00
  9.262356E-01 9.458E-01
  9.613179E-01 8.706E-01
  9.976346E-01 8.014E-01
  1.035224E+00 7.376E-01
  1.074124E+00 6.788E-01
  1.114376E+00 6.247E-01
  1.156020E+00 5.749E-01
  1.199098E+00 5.290E-01
  1.243652E+00 4.867E-01
  1.289727E+00 4.478E-01
  1.337368E+00 4.119E-01
  1.386619E+00 3.789E-01
  1.437529E+00 3.486E-01
  1.490146E+00 3.206E-01
  1.544517E+00 2.949E-01
  1.600695E+00 2.712E-01
  1.658729E+00 2.494E-01
  1.718673E+00 2.293E-01
  1.780580E+00 2.108E-01
  1.844505E+00 1.938E-01
  1.910505E+00 1.782E-01
  1.978635E+00 1.638E-01
  2.048955E+00 1.506E-01
  2.121525E+00 1.384E-01
  2.196405E+00 1.272E-01
  2.273657E+00 1.169E-01
  2.353346E+00 1.074E-01
  2.435536E+00 9.870E-02
  2.520293E+00 9.069E-02
  2.607684E+00 8.332E-02
  2.697779E+00 7.655E-02
  2.790648E+00 7.032E-02
  2.886363E+00 6.460E-02
  2.984996E+00 5.933E-02
  3.086622E+00 5.450E-02
  3.191318E+00 5.005E-02
  3.299160E+00 4.596E-02
  3.410228E+00 4.221E-02
  3.524601E+00 3.875E-02
  3.642363E+00 3.558E-02
  3.763597E+00 3.267E-02
  3.888388E+00 2.999E-02
  4.016822E+00 2.753E-02
  4.148988E+00 2.527E-02
  4.284976E+00 2.320E-02
  4.424878E+00 2.129E-02
  4.568787E+00 1.954E-02
  4.716798E+00 1.793E-02
  4.869008E+00 1.645E-02
  5.025515E+00 1.510E-02
  5.186419E+00 1.385E-02
  5.351823E+00 1.271E-02
  5.521830E+00 1.166E-02
  5.696546E+00 1.070E-02
  5.876079E+00 9.812E-03
  6.060537E+00 9.000E-03
  6.250032E+00 8.255E-03
  6.444678E+00 7.571E-03
  6.644589E+00 6.943E-03
  6.849882E+00 6.367E-03
  7.060676E+00 5.839E-03
  7.277093E+00 5.354E-03
  7.499255E+00 4.909E-03
  7.650009E+00 4.634E-03
  7.994224E+00 4.204E-03
      14   6   3   220    4  -4.44731E-01     104
  3.487309E-01 8.024E+00
  3.807309E-01 6.560E+00
  4.127309E-01 5.439E+00
  4.447309E-01 4.563E+00
  4.609527E-01 4.193E+00
  4.776843E-01 3.853E+00
  4.949382E-01 3.539E+00
  5.127277E-01 3.252E+00
  5.310660E-01 2.987E+00
  5.499666E-01 2.743E+00
  5.694431E-01 2.520E+00
  5.895097E-01 2.314E+00
  6.101804E-01 2.125E+00
  6.314698E-01 1.951E+00
  6.533927E-01 1.791E+00
  6.759638E-01 1.645E+00
  6.991986E-01 1.510E+00
  7.231123E-01 1.386E+00
  7.477208E-01 1.272E+00
  7.730400E-01 1.167E+00
  7.990863E-01 1.071E+00
  8.258760E-01 9.831E-01
  8.534260E-01 9.021E-01
  8.817533E-01 8.277E-01
  9.108753E-01 7.594E-01
  9.408095E-01 6.967E-01
  9.715739E-01 6.391E-01
  1.003187E+00 5.862E-01
  1.035666E+00 5.376E-01
  1.069031E+00 4.931E-01
  1.103301E+00 4.522E-01
  1.138494E+00 4.147E-01
  1.174631E+00 3.802E-01
  1.211731E+00 3.486E-01
  1.249815E+00 3.196E-01
  1.288903E+00 2.930E-01
  1.329015E+00 2.686E-01
  1.370175E+00 2.462E-01
  1.412401E+00 2.257E-01
  1.455717E+00 2.068E-01
  1.500144E+00 1.896E-01
  1.545706E+00 1.737E-01
  1.592424E+00 1.592E-01
  1.640321E+00 1.459E-01
  1.689422E+00 1.336E-01
  1.739750E+00 1.224E-01
  1.791329E+00 1.122E-01
  1.844183E+00 1.028E-01
  1.898337E+00 9.414E-02
  1.953817E+00 8.623E-02
  2.010647E+00 7.898E-02
  2.068854E+00 7.233E-02
  2.128464E+00 6.624E-02
  2.189504E+00 6.066E-02
  2.251999E+00 5.555E-02
  2.315979E+00 5.087E-02
  2.381470E+00 4.658E-02
  2.448500E+00 4.264E-02
  2.517098E+00 3.904E-02
  2.587293E+00 3.574E-02
  2.659113E+00 3.272E-02
  2.732589E+00 2.995E-02
  2.807751E+00 2.741E-02
  2.884628E+00 2.509E-02
  2.963252E+00 2.297E-02
  3.043654E+00 2.102E-02
  3.125866E+00 1.924E-02
  3.209918E+00 1.760E-02
  3.295845E+00 1.611E-02
  3.383678E+00 1.474E-02
  3.473452E+00 1.349E-02
  3.565199E+00 1.234E-02
  3.658955E+00 1.129E-02
  3.754752E+00 1.033E-02
  3.852628E+00 9.447E-03
  3.952616E+00 8.642E-03
  4.054753E+00 7.905E-03
  4.159076E+00 7.231E-03
  4.265621E+00 6.614E-03
  4.374425E+00 6.049E-03
  4.485526E+00 5.532E-03
  4.598963E+00 5.059E-03
  4.714773E+00 4.627E-03
  4.832997E+00 4.231E-03
  4.953674E+00 3.869E-03
  5.076844E+00 3.538E-03
  5.202547E+00 3.235E-03
  5.330825E+00 2.957E-03
  5.461720E+00 2.704E-03
  5.595273E+00 2.472E-03
  5.731527E+00 2.260E-03
  5.870525E+00 2.066E-03
  6.012311E+00 1.888E-03
  6.156929E+00 1.726E-03
  6.304424E+00 1.578E-03
  6.454840E+00 1.442E-03
  6.608225E+00 1.318E-03
  6.764623E+00 1.205E-03
  6.924082E+00 1.101E-03
  7.086650E+00 1.006E-03
  7.252373E+00 9.194E-04
  7.421301E+00 8.402E-04
  7.593482E+00 7.677E-04
  7.644731E+00 7.476E-04
      15   6   3   200    6  -3.41376E-01      87
  2.773757E-01 4.759E+00
  3.093757E-01 3.875E+00
  3.413757E-01 3.214E+00
  3.557294E-01 2.968E+00
  3.706812E-01 2.740E+00
  3.862557E-01 2.530E+00
  4.024781E-01 2.336E+00
  4.193749E-01 2.157E+00
  4.369734E-01 1.991E+00
  4.553022E-01 1.839E+00
  4.743909E-01 1.698E+00
  4.942702E-01 1.567E+00
  5.149721E-01 1.447E+00
  5.365298E-01 1.336E+00
  5.589777E-01 1.233E+00
  5.823518E-01 1.138E+00
  6.066893E-01 1.051E+00
  6.320288E-01 9.701E-01
  6.584104E-01 8.955E-01
  6.858759E-01 8.266E-01
  7.144686E-01 7.631E-01
  7.442334E-01 7.043E-01
  7.752170E-01 6.501E-01
  8.074679E-01 6.001E-01
  8.410364E-01 5.539E-01
  8.759746E-01 5.112E-01
  9.123368E-01 4.718E-01
  9.501793E-01 4.355E-01
  9.895604E-01 4.019E-01
  1.030541E+00 3.709E-01
  1.073183E+00 3.423E-01
  1.117553E+00 3.159E-01
  1.163717E+00 2.915E-01
  1.211747E+00 2.690E-01
  1.261714E+00 2.482E-01
  1.313695E+00 2.290E-01
  1.367768E+00 2.113E-01
  1.424013E+00 1.950E-01
  1.482516E+00 1.799E-01
  1.543363E+00 1.660E-01
  1.606646E+00 1.532E-01
  1.672457E+00 1.413E-01
  1.740894E+00 1.304E-01
  1.812058E+00 1.203E-01
  1.886054E+00 1.110E-01
  1.962990E+00 1.024E-01
  2.042977E+00 9.444E-02
  2.126133E+00 8.712E-02
  2.212579E+00 8.036E-02
  2.302437E+00 7.413E-02
  2.395839E+00 6.837E-02
  2.492919E+00 6.307E-02
  2.593814E+00 5.817E-02
  2.698668E+00 5.365E-02
  2.807631E+00 4.948E-02
  2.920857E+00 4.563E-02
  3.038505E+00 4.209E-02
  3.160741E+00 3.881E-02
  3.287735E+00 3.579E-02
  3.419664E+00 3.301E-02
  3.556713E+00 3.044E-02
  3.699070E+00 2.807E-02
  3.846932E+00 2.588E-02
  4.000502E+00 2.386E-02
  4.159991E+00 2.200E-02
  4.325616E+00 2.028E-02
  4.497601E+00 1.870E-02
  4.676180E+00 1.724E-02
  4.861594E+00 1.590E-02
  5.054092E+00 1.465E-02
  5.253930E+00 1.351E-02
  5.461377E+00 1.245E-02
  5.676706E+00 1.148E-02
  5.900204E+00 1.058E-02
  6.132164E+00 9.753E-03
  6.372891E+00 8.990E-03
  6.622699E+00 8.286E-03
  6.881914E+00 7.637E-03
  7.150873E+00 7.038E-03
  7.429922E+00 6.486E-03
  7.541376E+00 6.283E-03
  7.971958E+00 5.631E-03
  8.426483E+00 5.008E-03
  8.906261E+00 4.455E-03
  9.412647E+00 3.962E-03
  9.947083E+00 3.524E-03
  1.051109E+01 3.134E-03
      16   6   3   211    6  -3.30034E-01      93
  2.660343E-01 8.761E+00
  2.980343E-01 6.918E+00
  3.300343E-01 5.588E+00
  3.429408E-01 5.152E+00
  3.563446E-01 4.750E+00
  3.702636E-01 4.379E+00
  3.847162E-01 4.037E+00
  3.997214E-01 3.721E+00
  4.152988E-01 3.430E+00
  4.314686E-01 3.161E+00
  4.482516E-01 2.914E+00
  4.656692E-01 2.685E+00
  4.837434E-01 2.475E+00
  5.024969E-01 2.280E+00
  5.219530E-01 2.101E+00
  5.421359E-01 1.936E+00
  5.630702E-01 1.784E+00
  5.847812E-01 1.643E+00
  6.072953E-01 1.514E+00
  6.306392E-01 1.395E+00
  6.548405E-01 1.285E+00
  6.799276E-01 1.183E+00
  7.059297E-01 1.090E+00
  7.328767E-01 1.004E+00
  7.607993E-01 9.244E-01
  7.897292E-01 8.512E-01
  8.196986E-01 7.838E-01
  8.507409E-01 7.217E-01
  8.828901E-01 6.644E-01
  9.161813E-01 6.117E-01
  9.506503E-01 5.631E-01
  9.863338E-01 5.183E-01
  1.023270E+00 4.771E-01
  1.061497E+00 4.391E-01
  1.101054E+00 4.041E-01
  1.141982E+00 3.719E-01
  1.184324E+00 3.422E-01
  1.228120E+00 3.149E-01
  1.273416E+00 2.897E-01
  1.320255E+00 2.665E-01
  1.368683E+00 2.452E-01
  1.418747E+00 2.256E-01
  1.470495E+00 2.075E-01
  1.523975E+00 1.908E-01
  1.579239E+00 1.755E-01
  1.636336E+00 1.614E-01
  1.695319E+00 1.484E-01
  1.756242E+00 1.365E-01
  1.819160E+00 1.255E-01
  1.884127E+00 1.154E-01
  1.951202E+00 1.061E-01
  2.020443E+00 9.750E-02
  2.091909E+00 8.962E-02
  2.165662E+00 8.238E-02
  2.241762E+00 7.571E-02
  2.320274E+00 6.958E-02
  2.401263E+00 6.394E-02
  2.484794E+00 5.875E-02
  2.570936E+00 5.399E-02
  2.659756E+00 4.960E-02
  2.751325E+00 4.557E-02
  2.845716E+00 4.186E-02
  2.943000E+00 3.845E-02
  3.043252E+00 3.532E-02
  3.146549E+00 3.244E-02
  3.252967E+00 2.979E-02
  3.362587E+00 2.736E-02
  3.475488E+00 2.513E-02
  3.591752E+00 2.307E-02
  3.711463E+00 2.118E-02
  3.834707E+00 1.945E-02
  3.961570E+00 1.786E-02
  4.092140E+00 1.639E-02
  4.226507E+00 1.505E-02
  4.364764E+00 1.381E-02
  4.507004E+00 1.268E-02
  4.653322E+00 1.163E-02
  4.803814E+00 1.068E-02
  4.958580E+00 9.797E-03
  5.117719E+00 8.989E-03
  5.281334E+00 8.248E-03
  5.449528E+00 7.567E-03
  5.622408E+00 6.943E-03
  5.800082E+00 6.369E-03
  5.982657E+00 5.842E-03
  6.170247E+00 5.359E-03
  6.362964E+00 4.915E-03
  6.560924E+00 4.508E-03
  6.764243E+00 4.134E-03
  6.973041E+00 3.791E-03
  7.187439E+00 3.477E-03
  7.407560E+00 3.188E-03
  7.530034E+00 3.041E-03
      17   6   3   220    5  -3.26715E-01     110
  2.627150E-01 9.456E+00
  2.947150E-01 7.307E+00
  3.267150E-01 5.781E+00
  3.389170E-01 5.317E+00
  3.515268E-01 4.890E+00
  3.645555E-01 4.496E+00
  3.780147E-01 4.134E+00
  3.919159E-01 3.801E+00
  4.062710E-01 3.495E+00
  4.210922E-01 3.212E+00
  4.363917E-01 2.953E+00
  4.521821E-01 2.714E+00
  4.684761E-01 2.494E+00
  4.852869E-01 2.292E+00
  5.026276E-01 2.106E+00
  5.205117E-01 1.935E+00
  5.389530E-01 1.778E+00
  5.579655E-01 1.633E+00
  5.775633E-01 1.500E+00
  5.977609E-01 1.378E+00
  6.185731E-01 1.265E+00
  6.400148E-01 1.162E+00
  6.621012E-01 1.067E+00
  6.848479E-01 9.798E-01
  7.082705E-01 8.996E-01
  7.323850E-01 8.259E-01
  7.572078E-01 7.581E-01
  7.827553E-01 6.959E-01
  8.090444E-01 6.387E-01
  8.360921E-01 5.862E-01
  8.639157E-01 5.380E-01
  8.925329E-01 4.937E-01
  9.219615E-01 4.530E-01
  9.522197E-01 4.156E-01
  9.833261E-01 3.813E-01
  1.015299E+00 3.498E-01
  1.048158E+00 3.209E-01
  1.081922E+00 2.943E-01
  1.116611E+00 2.699E-01
  1.152245E+00 2.476E-01
  1.188844E+00 2.270E-01
  1.226428E+00 2.082E-01
  1.265018E+00 1.909E-01
  1.304635E+00 1.750E-01
  1.345302E+00 1.605E-01
  1.387038E+00 1.471E-01
  1.429868E+00 1.348E-01
  1.473812E+00 1.236E-01
  1.518894E+00 1.133E-01
  1.565136E+00 1.038E-01
  1.612563E+00 9.514E-02
  1.661197E+00 8.719E-02
  1.711062E+00 7.989E-02
  1.762184E+00 7.320E-02
  1.814586E+00 6.707E-02
  1.868293E+00 6.144E-02
  1.923332E+00 5.629E-02
  1.979727E+00 5.156E-02
  2.037505E+00 4.723E-02
  2.096692E+00 4.326E-02
  2.157315E+00 3.962E-02
  2.219400E+00 3.629E-02
  2.282976E+00 3.323E-02
  2.348070E+00 3.043E-02
  2.414710E+00 2.786E-02
  2.482926E+00 2.551E-02
  2.552745E+00 2.336E-02
  2.624197E+00 2.138E-02
  2.697312E+00 1.958E-02
  2.772119E+00 1.792E-02
  2.848651E+00 1.640E-02
  2.926936E+00 1.502E-02
  3.007007E+00 1.374E-02
  3.088894E+00 1.258E-02
  3.172631E+00 1.151E-02
  3.258249E+00 1.053E-02
  3.345781E+00 9.640E-03
  3.435261E+00 8.821E-03
  3.526722E+00 8.071E-03
  3.620198E+00 7.384E-03
  3.715724E+00 6.756E-03
  3.813334E+00 6.181E-03
  3.913064E+00 5.654E-03
  4.014950E+00 5.172E-03
  4.119027E+00 4.731E-03
  4.225333E+00 4.328E-03
  4.333904E+00 3.958E-03
  4.444778E+00 3.620E-03
  4.557993E+00 3.311E-03
  4.673587E+00 3.028E-03
  4.791599E+00 2.769E-03
  4.912069E+00 2.532E-03
  5.035036E+00 2.315E-03
  5.160539E+00 2.117E-03
  5.288621E+00 1.936E-03
  5.419322E+00 1.770E-03
  5.552684E+00 1.618E-03
  5.688749E+00 1.479E-03
  5.827559E+00 1.352E-03
  5.969157E+00 1.236E-03
  6.113588E+00 1.130E-03
  6.260895E+00 1.033E-03
  6.411122E+00 9.438E-04
  6.564315E+00 8.626E-04
  6.720519E+00 7.884E-04
  6.879780E+00 7.205E-04
  7.042146E+00 6.585E-04
  7.207662E+00 6.017E-04
  7.376377E+00 5.498E-04
  7.526715E+00 5.081E-04
      18   6   3   200    7  -2.59894E-01      89
  1.958943E-01 6.650E+00
  2.278943E-01 4.981E+00
  2.598943E-01 3.866E+00
  2.706376E-01 3.569E+00
  2.818255E-01 3.295E+00
  2.934760E-01 3.043E+00
  3.056082E-01 2.809E+00
  3.182417E-01 2.593E+00
  3.313970E-01 2.394E+00
  3.450953E-01 2.210E+00
  3.593587E-01 2.041E+00
  3.742102E-01 1.884E+00
  3.896737E-01 1.739E+00
  4.057741E-01 1.606E+00
  4.225371E-01 1.482E+00
  4.399897E-01 1.368E+00
  4.581596E-01 1.263E+00
  4.770760E-01 1.166E+00
  4.967688E-01 1.076E+00
  5.172695E-01 9.936E-01
  5.386104E-01 9.172E-01
  5.608255E-01 8.466E-01
  5.839498E-01 7.815E-01
  6.080199E-01 7.213E-01
  6.330734E-01 6.658E-01
  6.591499E-01 6.145E-01
  6.862902E-01 5.672E-01
  7.145368E-01 5.235E-01
  7.439336E-01 4.832E-01
  7.745265E-01 4.460E-01
  8.063631E-01 4.116E-01
  8.394926E-01 3.799E-01
  8.739663E-01 3.506E-01
  9.098374E-01 3.235E-01
  9.471611E-01 2.986E-01
  9.859947E-01 2.756E-01
  1.026398E+00 2.543E-01
  1.068432E+00 2.347E-01
  1.112161E+00 2.165E-01
  1.157652E+00 1.998E-01
  1.204973E+00 1.844E-01
  1.254197E+00 1.701E-01
  1.305397E+00 1.570E-01
  1.358650E+00 1.449E-01
  1.414037E+00 1.337E-01
  1.471640E+00 1.233E-01
  1.531545E+00 1.138E-01
  1.593841E+00 1.050E-01
  1.658621E+00 9.685E-02
  1.725980E+00 8.935E-02
  1.796018E+00 8.243E-02
  1.868838E+00 7.604E-02
  1.944546E+00 7.015E-02
  2.023254E+00 6.471E-02
  2.105075E+00 5.969E-02
  2.190129E+00 5.507E-02
  2.278540E+00 5.079E-02
  2.370434E+00 4.685E-02
  2.465943E+00 4.321E-02
  2.565206E+00 3.986E-02
  2.668364E+00 3.676E-02
  2.775564E+00 3.391E-02
  2.886959E+00 3.127E-02
  3.002705E+00 2.884E-02
  3.122968E+00 2.660E-02
  3.247915E+00 2.453E-02
  3.377723E+00 2.262E-02
  3.512572E+00 2.086E-02
  3.652651E+00 1.924E-02
  3.798153E+00 1.774E-02
  3.949281E+00 1.636E-02
  4.106243E+00 1.508E-02
  4.269254E+00 1.390E-02
  4.438538E+00 1.282E-02
  4.614326E+00 1.182E-02
  4.796856E+00 1.090E-02
  4.986375E+00 1.005E-02
  5.183141E+00 9.262E-03
  5.387417E+00 8.539E-03
  5.599477E+00 7.872E-03
  5.819604E+00 7.256E-03
  6.048092E+00 6.689E-03
  6.285242E+00 6.166E-03
  6.531368E+00 5.683E-03
  6.786794E+00 5.238E-03
  7.051855E+00 4.828E-03
  7.326896E+00 4.450E-03
  7.459894E+00 4.282E-03
  7.886750E+00 3.850E-03
      19   6   3   211    7  -2.52347E-01      99
  2.203467E-01 8.969E+00
  2.523467E-01 6.750E+00
  2.621393E-01 6.225E+00
  2.723128E-01 5.740E+00
  2.828814E-01 5.293E+00
  2.938595E-01 4.880E+00
  3.052624E-01 4.500E+00
  3.171054E-01 4.149E+00
  3.294046E-01 3.825E+00
  3.421767E-01 3.526E+00
  3.554387E-01 3.251E+00
  3.692081E-01 2.997E+00
  3.835032E-01 2.763E+00
  3.983427E-01 2.546E+00
  4.137459E-01 2.347E+00
  4.297327E-01 2.163E+00
  4.463237E-01 1.994E+00
  4.635399E-01 1.837E+00
  4.814031E-01 1.693E+00
  4.999357E-01 1.560E+00
  5.191607E-01 1.438E+00
  5.391020E-01 1.325E+00
  5.597838E-01 1.220E+00
  5.812314E-01 1.124E+00
  6.034706E-01 1.036E+00
  6.265279E-01 9.541E-01
  6.504307E-01 8.789E-01
  6.752070E-01 8.095E-01
  7.008857E-01 7.456E-01
  7.274963E-01 6.866E-01
  7.550695E-01 6.323E-01
  7.836363E-01 5.823E-01
  8.132290E-01 5.362E-01
  8.438804E-01 4.937E-01
  8.756243E-01 4.545E-01
  9.084956E-01 4.184E-01
  9.425296E-01 3.852E-01
  9.777630E-01 3.546E-01
  1.014233E+00 3.264E-01
  1.051979E+00 3.004E-01
  1.091038E+00 2.765E-01
  1.131453E+00 2.544E-01
  1.173264E+00 2.341E-01
  1.216513E+00 2.154E-01
  1.261244E+00 1.982E-01
  1.307501E+00 1.824E-01
  1.355329E+00 1.678E-01
  1.404776E+00 1.543E-01
  1.455888E+00 1.420E-01
  1.508714E+00 1.306E-01
  1.563305E+00 1.201E-01
  1.619711E+00 1.105E-01
  1.677984E+00 1.016E-01
  1.738178E+00 9.341E-02
  1.800347E+00 8.589E-02
  1.864547E+00 7.897E-02
  1.930835E+00 7.260E-02
  1.999268E+00 6.674E-02
  2.069908E+00 6.135E-02
  2.142813E+00 5.639E-02
  2.218046E+00 5.183E-02
  2.295671E+00 4.764E-02
  2.375752E+00 4.378E-02
  2.458356E+00 4.023E-02
  2.543549E+00 3.697E-02
  2.631401E+00 3.397E-02
  2.721982E+00 3.121E-02
  2.815363E+00 2.867E-02
  2.911617E+00 2.634E-02
  3.010820E+00 2.419E-02
  3.113046E+00 2.222E-02
  3.218374E+00 2.041E-02
  3.326883E+00 1.874E-02
  3.438654E+00 1.721E-02
  3.553768E+00 1.581E-02
  3.672309E+00 1.451E-02
  3.794363E+00 1.333E-02
  3.920016E+00 1.224E-02
  4.049358E+00 1.123E-02
  4.182479E+00 1.031E-02
  4.319470E+00 9.465E-03
  4.460425E+00 8.688E-03
  4.605440E+00 7.974E-03
  4.754612E+00 7.318E-03
  4.908040E+00 6.716E-03
  5.065825E+00 6.163E-03
  5.228068E+00 5.655E-03
  5.394875E+00 5.189E-03
  5.566351E+00 4.761E-03
  5.742605E+00 4.368E-03
  5.923747E+00 4.007E-03
  6.109889E+00 3.676E-03
  6.301144E+00 3.372E-03
  6.497628E+00 3.092E-03
  6.699460E+00 2.836E-03
  6.906758E+00 2.601E-03
  7.119645E+00 2.385E-03
  7.338244E+00 2.187E-03
  7.452347E+00 2.093E-03
      20   6   3   220    6  -2.50125E-01     116
  2.181253E-01 9.575E+00
  2.501253E-01 7.060E+00
  2.595673E-01 6.498E+00
  2.693389E-01 5.980E+00
  2.794501E-01 5.503E+00
  2.899107E-01 5.063E+00
  3.007309E-01 4.658E+00
  3.119213E-01 4.286E+00
  3.234922E-01 3.943E+00
  3.354548E-01 3.626E+00
  3.478199E-01 3.335E+00
  3.605989E-01 3.068E+00
  3.738032E-01 2.821E+00
  3.874447E-01 2.594E+00
  4.015353E-01 2.385E+00
  4.160872E-01 2.193E+00
  4.311128E-01 2.016E+00
  4.466248E-01 1.853E+00
  4.626361E-01 1.703E+00
  4.791598E-01 1.565E+00
  4.962094E-01 1.439E+00
  5.137984E-01 1.322E+00
  5.319408E-01 1.215E+00
  5.506506E-01 1.116E+00
  5.699422E-01 1.025E+00
  5.898303E-01 9.418E-01
  6.103297E-01 8.651E-01
  6.314555E-01 7.946E-01
  6.532232E-01 7.297E-01
  6.756484E-01 6.701E-01
  6.987470E-01 6.154E-01
  7.225351E-01 5.650E-01
  7.470293E-01 5.187E-01
  7.722462E-01 4.762E-01
  7.982028E-01 4.372E-01
  8.249163E-01 4.013E-01
  8.524043E-01 3.683E-01
  8.806846E-01 3.380E-01
  9.097752E-01 3.102E-01
  9.396946E-01 2.846E-01
  9.704613E-01 2.612E-01
  1.002094E+00 2.396E-01
  1.034613E+00 2.198E-01
  1.068036E+00 2.017E-01
  1.102385E+00 1.850E-01
  1.137678E+00 1.697E-01
  1.173936E+00 1.556E-01
  1.211181E+00 1.427E-01
  1.249432E+00 1.309E-01
  1.288712E+00 1.200E-01
  1.329042E+00 1.100E-01
  1.370443E+00 1.009E-01
  1.412939E+00 9.248E-02
  1.456551E+00 8.478E-02
  1.501302E+00 7.771E-02
  1.547216E+00 7.123E-02
  1.594316E+00 6.529E-02
  1.642626E+00 5.983E-02
  1.692170E+00 5.483E-02
  1.742972E+00 5.024E-02
  1.795058E+00 4.604E-02
  1.848452E+00 4.218E-02
  1.903180E+00 3.865E-02
  1.959267E+00 3.540E-02
  2.016741E+00 3.243E-02
  2.075627E+00 2.971E-02
  2.135952E+00 2.721E-02
  2.197743E+00 2.492E-02
  2.261028E+00 2.282E-02
  2.325835E+00 2.090E-02
  2.392192E+00 1.914E-02
  2.460128E+00 1.753E-02
  2.529671E+00 1.605E-02
  2.600851E+00 1.469E-02
  2.673699E+00 1.345E-02
  2.748242E+00 1.231E-02
  2.824513E+00 1.127E-02
  2.902543E+00 1.032E-02
  2.982361E+00 9.445E-03
  3.064000E+00 8.645E-03
  3.147492E+00 7.912E-03
  3.232870E+00 7.241E-03
  3.320165E+00 6.626E-03
  3.409412E+00 6.063E-03
  3.500643E+00 5.548E-03
  3.593894E+00 5.076E-03
  3.689197E+00 4.645E-03
  3.786588E+00 4.249E-03
  3.886102E+00 3.887E-03
  3.987774E+00 3.556E-03
  4.091641E+00 3.253E-03
  4.197740E+00 2.975E-03
  4.306106E+00 2.722E-03
  4.416777E+00 2.489E-03
  4.529791E+00 2.277E-03
  4.645187E+00 2.082E-03
  4.763001E+00 1.904E-03
  4.883275E+00 1.741E-03
  5.006046E+00 1.592E-03
  5.131356E+00 1.456E-03
  5.259243E+00 1.331E-03
  5.389750E+00 1.217E-03
  5.522917E+00 1.113E-03
  5.658786E+00 1.017E-03
  5.797400E+00 9.297E-04
  5.938800E+00 8.499E-04
  6.083030E+00 7.769E-04
  6.230134E+00 7.101E-04
  6.380155E+00 6.490E-04
  6.533138E+00 5.932E-04
  6.689129E+00 5.421E-04
  6.848172E+00 4.955E-04
  7.010314E+00 4.528E-04
  7.175600E+00 4.138E-04
  7.344079E+00 3.781E-04
  7.450125E+00 3.575E-04
      21   6   3   200    8  -2.04453E-01      93
  1.724530E-01 6.379E+00
  2.044530E-01 4.560E+00
  2.127871E-01 4.210E+00
  2.214636E-01 3.886E+00
  2.304965E-01 3.588E+00
  2.399004E-01 3.312E+00
  2.496905E-01 3.058E+00
  2.598825E-01 2.823E+00
  2.704928E-01 2.606E+00
  2.815386E-01 2.405E+00
  2.930374E-01 2.220E+00
  3.050078E-01 2.050E+00
  3.174690E-01 1.892E+00
  3.304409E-01 1.747E+00
  3.439442E-01 1.612E+00
  3.580006E-01 1.488E+00
  3.726323E-01 1.374E+00
  3.878629E-01 1.268E+00
  4.037163E-01 1.171E+00
  4.202180E-01 1.081E+00
  4.373939E-01 9.975E-01
  4.552715E-01 9.207E-01
  4.738788E-01 8.499E-01
  4.932454E-01 7.844E-01
  5.134017E-01 7.241E-01
  5.343795E-01 6.683E-01
  5.562118E-01 6.168E-01
  5.789329E-01 5.693E-01
  6.025783E-01 5.255E-01
  6.271850E-01 4.850E-01
  6.527915E-01 4.476E-01
  6.794376E-01 4.131E-01
  7.071648E-01 3.813E-01
  7.360162E-01 3.519E-01
  7.660365E-01 3.248E-01
  7.972721E-01 2.997E-01
  8.297711E-01 2.766E-01
  8.635838E-01 2.553E-01
  8.987621E-01 2.356E-01
  9.353599E-01 2.174E-01
  9.734332E-01 2.006E-01
  1.013040E+00 1.851E-01
  1.054242E+00 1.708E-01
  1.097099E+00 1.576E-01
  1.141679E+00 1.454E-01
  1.188048E+00 1.342E-01
  1.236277E+00 1.238E-01
  1.286437E+00 1.143E-01
  1.338605E+00 1.054E-01
  1.392858E+00 9.727E-02
  1.449278E+00 8.974E-02
  1.507949E+00 8.280E-02
  1.568959E+00 7.639E-02
  1.632397E+00 7.048E-02
  1.698358E+00 6.502E-02
  1.766939E+00 5.998E-02
  1.838241E+00 5.534E-02
  1.912369E+00 5.105E-02
  1.989432E+00 4.709E-02
  2.069542E+00 4.344E-02
  2.152816E+00 4.007E-02
  2.239374E+00 3.696E-02
  2.329342E+00 3.410E-02
  2.422851E+00 3.145E-02
  2.520034E+00 2.901E-02
  2.621032E+00 2.675E-02
  2.725988E+00 2.468E-02
  2.835053E+00 2.276E-02
  2.948382E+00 2.099E-02
  3.066136E+00 1.936E-02
  3.188481E+00 1.785E-02
  3.315589E+00 1.646E-02
  3.447640E+00 1.518E-02
  3.584819E+00 1.400E-02
  3.727316E+00 1.291E-02
  3.875331E+00 1.191E-02
  4.029069E+00 1.098E-02
  4.188742E+00 1.012E-02
  4.354570E+00 9.334E-03
  4.526782E+00 8.606E-03
  4.705614E+00 7.935E-03
  4.891308E+00 7.316E-03
  5.084119E+00 6.745E-03
  5.284306E+00 6.218E-03
  5.492142E+00 5.732E-03
  5.707905E+00 5.285E-03
  5.931885E+00 4.872E-03
  6.164381E+00 4.491E-03
  6.405704E+00 4.140E-03
  6.656173E+00 3.816E-03
  6.916119E+00 3.517E-03
  7.185886E+00 3.242E-03
  7.404453E+00 3.041E-03
      22   6   3   211    8  -1.99179E-01     105
  1.671786E-01 1.158E+01
  1.991786E-01 7.988E+00
  2.068441E-01 7.367E+00
  2.148092E-01 6.795E+00
  2.230853E-01 6.266E+00
  2.316841E-01 5.779E+00
  2.406176E-01 5.329E+00
  2.498985E-01 4.914E+00
  2.595396E-01 4.532E+00
  2.695544E-01 4.178E+00
  2.799568E-01 3.853E+00
  2.907609E-01 3.552E+00
  3.019816E-01 3.275E+00
  3.136341E-01 3.020E+00
  3.257342E-01 2.784E+00
  3.382981E-01 2.566E+00
  3.513425E-01 2.366E+00
  3.648848E-01 2.181E+00
  3.789428E-01 2.010E+00
  3.935348E-01 1.853E+00
  4.086800E-01 1.708E+00
  4.243977E-01 1.574E+00
  4.407082E-01 1.451E+00
  4.576322E-01 1.337E+00
  4.751912E-01 1.232E+00
  4.934071E-01 1.135E+00
  5.123026E-01 1.046E+00
  5.319010E-01 9.637E-01
  5.522264E-01 8.879E-01
  5.733036E-01 8.180E-01
  5.951579E-01 7.536E-01
  6.178155E-01 6.942E-01
  6.413033E-01 6.394E-01
  6.656489E-01 5.890E-01
  6.908809E-01 5.424E-01
  7.170283E-01 4.996E-01
  7.441212E-01 4.601E-01
  7.721905E-01 4.237E-01
  8.012677E-01 3.901E-01
  8.313855E-01 3.592E-01
  8.625770E-01 3.307E-01
  8.948767E-01 3.045E-01
  9.283197E-01 2.803E-01
  9.629419E-01 2.580E-01
  9.987804E-01 2.375E-01
  1.035873E+00 2.186E-01
  1.074259E+00 2.012E-01
  1.113977E+00 1.852E-01
  1.155070E+00 1.704E-01
  1.197578E+00 1.568E-01
  1.241545E+00 1.443E-01
  1.287014E+00 1.327E-01
  1.334030E+00 1.221E-01
  1.382640E+00 1.123E-01
  1.432890E+00 1.033E-01
  1.484830E+00 9.505E-02
  1.538507E+00 8.743E-02
  1.593974E+00 8.041E-02
  1.651281E+00 7.395E-02
  1.710481E+00 6.800E-02
  1.771629E+00 6.253E-02
  1.834779E+00 5.749E-02
  1.899989E+00 5.286E-02
  1.967316E+00 4.860E-02
  2.036819E+00 4.468E-02
  2.108558E+00 4.107E-02
  2.182596E+00 3.775E-02
  2.258994E+00 3.469E-02
  2.337818E+00 3.189E-02
  2.419133E+00 2.930E-02
  2.503007E+00 2.693E-02
  2.589506E+00 2.474E-02
  2.678702E+00 2.273E-02
  2.770666E+00 2.089E-02
  2.865471E+00 1.919E-02
  2.963190E+00 1.763E-02
  3.063900E+00 1.619E-02
  3.167678E+00 1.487E-02
  3.274603E+00 1.366E-02
  3.384754E+00 1.255E-02
  3.498215E+00 1.152E-02
  3.615068E+00 1.058E-02
  3.735398E+00 9.714E-03
  3.859294E+00 8.920E-03
  3.986842E+00 8.189E-03
  4.118133E+00 7.518E-03
  4.253259E+00 6.902E-03
  4.392314E+00 6.335E-03
  4.535393E+00 5.815E-03
  4.682592E+00 5.337E-03
  4.834012E+00 4.898E-03
  4.989751E+00 4.495E-03
  5.149914E+00 4.125E-03
  5.314604E+00 3.785E-03
  5.483927E+00 3.473E-03
  5.657993E+00 3.187E-03
  5.836910E+00 2.923E-03
  6.020790E+00 2.682E-03
  6.209749E+00 2.460E-03
  6.403901E+00 2.257E-03
  6.603364E+00 2.070E-03
  6.808259E+00 1.898E-03
  7.018708E+00 1.741E-03
  7.234834E+00 1.597E-03
  7.399179E+00 1.497E-03
      23   6   3   220    7  -1.97620E-01     122
  1.656197E-01 1.242E+01
  1.976197E-01 8.402E+00
  2.051071E-01 7.737E+00
  2.128642E-01 7.124E+00
  2.208995E-01 6.559E+00
  2.292217E-01 6.039E+00
  2.378396E-01 5.559E+00
  2.467624E-01 5.117E+00
  2.559993E-01 4.710E+00
  2.655599E-01 4.335E+00
  2.754539E-01 3.989E+00
  2.856912E-01 3.671E+00
  2.962820E-01 3.378E+00
  3.072367E-01 3.108E+00
  3.185659E-01 2.859E+00
  3.302804E-01 2.630E+00
  3.423912E-01 2.419E+00
  3.549097E-01 2.225E+00
  3.678473E-01 2.046E+00
  3.812157E-01 1.882E+00
  3.950269E-01 1.731E+00
  4.092932E-01 1.591E+00
  4.240270E-01 1.463E+00
  4.392408E-01 1.345E+00
  4.549478E-01 1.236E+00
  4.711609E-01 1.136E+00
  4.878937E-01 1.044E+00
  5.051597E-01 9.599E-01
  5.229729E-01 8.821E-01
  5.413475E-01 8.105E-01
  5.602978E-01 7.447E-01
  5.798384E-01 6.842E-01
  5.999843E-01 6.285E-01
  6.207508E-01 5.773E-01
  6.421530E-01 5.303E-01
  6.642069E-01 4.870E-01
  6.869284E-01 4.473E-01
  7.103335E-01 4.107E-01
  7.344390E-01 3.771E-01
  7.592614E-01 3.463E-01
  7.848179E-01 3.179E-01
  8.111257E-01 2.918E-01
  8.382024E-01 2.679E-01
  8.660659E-01 2.459E-01
  8.947344E-01 2.257E-01
  9.242261E-01 2.071E-01
  9.545598E-01 1.900E-01
  9.857546E-01 1.744E-01
  1.017830E+00 1.600E-01
  1.050805E+00 1.468E-01
  1.084699E+00 1.347E-01
  1.119534E+00 1.235E-01
  1.155328E+00 1.133E-01
  1.192104E+00 1.039E-01
  1.229882E+00 9.530E-02
  1.268683E+00 8.739E-02
  1.308529E+00 8.014E-02
  1.349443E+00 7.348E-02
  1.391445E+00 6.737E-02
  1.434560E+00 6.176E-02
  1.478809E+00 5.662E-02
  1.524216E+00 5.190E-02
  1.570805E+00 4.757E-02
  1.618599E+00 4.360E-02
  1.667622E+00 3.996E-02
  1.717900E+00 3.662E-02
  1.769456E+00 3.356E-02
  1.822316E+00 3.075E-02
  1.876506E+00 2.817E-02
  1.932051E+00 2.581E-02
  1.988977E+00 2.365E-02
  2.047311E+00 2.166E-02
  2.107080E+00 1.984E-02
  2.168311E+00 1.817E-02
  2.231031E+00 1.665E-02
  2.295269E+00 1.524E-02
  2.361052E+00 1.396E-02
  2.428409E+00 1.278E-02
  2.497370E+00 1.171E-02
  2.567962E+00 1.072E-02
  2.640217E+00 9.814E-03
  2.714164E+00 8.985E-03
  2.789833E+00 8.225E-03
  2.867256E+00 7.529E-03
  2.946462E+00 6.892E-03
  3.027485E+00 6.308E-03
  3.110356E+00 5.774E-03
  3.195106E+00 5.284E-03
  3.281769E+00 4.836E-03
  3.370378E+00 4.425E-03
  3.460966E+00 4.049E-03
  3.553567E+00 3.705E-03
  3.648216E+00 3.390E-03
  3.744946E+00 3.102E-03
  3.843793E+00 2.838E-03
  3.944792E+00 2.596E-03
  4.047980E+00 2.375E-03
  4.153392E+00 2.172E-03
  4.261065E+00 1.987E-03
  4.371036E+00 1.817E-03
  4.483342E+00 1.662E-03
  4.598022E+00 1.520E-03
  4.715114E+00 1.390E-03
  4.834657E+00 1.271E-03
  4.956689E+00 1.162E-03
  5.081250E+00 1.063E-03
  5.208381E+00 9.719E-04
  5.338123E+00 8.886E-04
  5.470514E+00 8.124E-04
  5.605599E+00 7.427E-04
  5.743417E+00 6.790E-04
  5.884012E+00 6.207E-04
  6.027426E+00 5.673E-04
  6.173702E+00 5.186E-04
  6.322884E+00 4.740E-04
  6.475017E+00 4.332E-04
  6.630144E+00 3.959E-04
  6.788311E+00 3.618E-04
  6.949563E+00 3.307E-04
  7.113947E+00 3.022E-04
  7.281509E+00 2.761E-04
  7.397620E+00 2.597E-04
      24   6   3   200    9  -1.65031E-01      99
  1.330309E-01 7.857E+00
  1.650309E-01 5.294E+00
  1.716775E-01 4.887E+00
  1.785953E-01 4.511E+00
  1.857956E-01 4.164E+00
  1.932898E-01 3.844E+00
  2.010899E-01 3.548E+00
  2.092084E-01 3.275E+00
  2.176583E-01 3.023E+00
  2.264532E-01 2.791E+00
  2.356070E-01 2.576E+00
  2.451344E-01 2.378E+00
  2.550507E-01 2.195E+00
  2.653716E-01 2.026E+00
  2.761135E-01 1.870E+00
  2.872937E-01 1.726E+00
  2.989299E-01 1.593E+00
  3.110406E-01 1.471E+00
  3.236450E-01 1.358E+00
  3.367632E-01 1.253E+00
  3.504160E-01 1.157E+00
  3.646249E-01 1.068E+00
  3.794125E-01 9.854E-01
  3.948022E-01 9.096E-01
  4.108183E-01 8.395E-01
  4.274860E-01 7.749E-01
  4.448316E-01 7.152E-01
  4.628824E-01 6.601E-01
  4.816668E-01 6.093E-01
  5.012142E-01 5.623E-01
  5.215553E-01 5.190E-01
  5.427219E-01 4.790E-01
  5.647472E-01 4.421E-01
  5.876654E-01 4.080E-01
  6.115123E-01 3.766E-01
  6.363250E-01 3.475E-01
  6.621421E-01 3.207E-01
  6.890037E-01 2.960E-01
  7.169512E-01 2.732E-01
  7.460279E-01 2.521E-01
  7.762787E-01 2.327E-01
  8.077502E-01 2.147E-01
  8.404907E-01 1.981E-01
  8.745506E-01 1.828E-01
  9.099820E-01 1.687E-01
  9.468391E-01 1.557E-01
  9.851781E-01 1.437E-01
  1.025058E+00 1.326E-01
  1.066538E+00 1.223E-01
  1.109682E+00 1.129E-01
  1.154555E+00 1.042E-01
  1.201226E+00 9.610E-02
  1.249764E+00 8.867E-02
  1.300242E+00 8.181E-02
  1.352736E+00 7.549E-02
  1.407325E+00 6.965E-02
  1.464090E+00 6.426E-02
  1.523115E+00 5.928E-02
  1.584490E+00 5.469E-02
  1.648304E+00 5.046E-02
  1.714652E+00 4.655E-02
  1.783632E+00 4.294E-02
  1.855345E+00 3.962E-02
  1.929897E+00 3.655E-02
  2.007398E+00 3.371E-02
  2.087959E+00 3.110E-02
  2.171699E+00 2.869E-02
  2.258740E+00 2.646E-02
  2.349207E+00 2.441E-02
  2.443231E+00 2.251E-02
  2.540948E+00 2.077E-02
  2.642499E+00 1.915E-02
  2.748028E+00 1.767E-02
  2.857687E+00 1.629E-02
  2.971631E+00 1.503E-02
  3.090024E+00 1.386E-02
  3.213032E+00 1.278E-02
  3.340829E+00 1.179E-02
  3.473596E+00 1.087E-02
  3.611518E+00 1.002E-02
  3.754790E+00 9.243E-03
  3.903610E+00 8.524E-03
  4.058186E+00 7.860E-03
  4.218732E+00 7.247E-03
  4.385470E+00 6.683E-03
  4.558630E+00 6.162E-03
  4.738450E+00 5.681E-03
  4.925176E+00 5.238E-03
  5.119063E+00 4.829E-03
  5.320374E+00 4.452E-03
  5.529383E+00 4.105E-03
  5.746372E+00 3.784E-03
  5.971633E+00 3.488E-03
  6.205468E+00 3.216E-03
  6.448191E+00 2.964E-03
  6.700124E+00 2.733E-03
  6.961602E+00 2.519E-03
  7.232972E+00 2.322E-03
  7.365031E+00 2.234E-03
      25   6   3   211    9  -1.61201E-01       0
      26   6   3   220    8  -1.60065E-01       0
 ================================================
