 ================================================
       I  NZ  NE  ISLP  ILV        E(RYD)      NP
 ================================================
       1   6   2   100    1  -2.87756E+01      61
  2.856900E+01 4.960E-01
  2.862070E+01 4.940E-01
  2.867230E+01 4.920E-01
  2.872400E+01 4.900E-01
  2.877541E+01 4.880E-01
  3.029520E+01 4.320E-01
  3.186591E+01 3.830E-01
  3.349120E+01 3.390E-01
  3.517480E+01 3.010E-01
  3.692059E+01 2.670E-01
  3.879683E+01 2.359E-01
  4.074974E+01 2.084E-01
  4.278188E+01 1.841E-01
  4.489584E+01 1.626E-01
  4.709439E+01 1.436E-01
  4.938028E+01 1.269E-01
  5.175642E+01 1.120E-01
  5.422575E+01 9.892E-02
  5.679131E+01 8.734E-02
  5.945618E+01 7.711E-02
  6.222360E+01 6.807E-02
  6.509685E+01 6.008E-02
  6.807925E+01 5.303E-02
  7.117438E+01 4.680E-02
  7.438568E+01 4.130E-02
  7.771689E+01 3.644E-02
  8.117168E+01 3.216E-02
  8.475398E+01 2.837E-02
  8.846770E+01 2.503E-02
  9.231694E+01 2.208E-02
  9.630582E+01 1.947E-02
  1.004387E+02 1.718E-02
  1.047199E+02 1.515E-02
  1.091540E+02 1.336E-02
  1.137454E+02 1.178E-02
  1.184992E+02 1.039E-02
  1.234200E+02 9.159E-03
  1.285128E+02 8.075E-03
  1.337829E+02 7.118E-03
  1.392354E+02 6.275E-03
  1.448757E+02 5.531E-03
  1.507092E+02 4.918E-03
  1.520220E+02 4.789E-03
  1.604170E+02 4.111E-03
  1.692740E+02 3.526E-03
  1.786210E+02 3.021E-03
  1.884840E+02 2.586E-03
  1.988920E+02 2.212E-03
  2.098740E+02 1.890E-03
  2.214630E+02 1.614E-03
  2.336910E+02 1.377E-03
  2.465950E+02 1.174E-03
  2.602110E+02 1.000E-03
  2.745790E+02 8.511E-04
  2.897410E+02 7.240E-04
  3.057390E+02 6.151E-04
  3.226210E+02 5.224E-04
  3.404350E+02 4.432E-04
  3.592330E+02 3.758E-04
  3.790690E+02 3.184E-04
  4.000000E+02 2.697E-04
       2   6   2   300    1  -6.84123E+00      62
  6.634620E+00 5.520E-01
  6.686270E+00 5.440E-01
  6.737920E+00 5.360E-01
  6.789580E+00 5.290E-01
  6.840980E+00 5.210E-01
  7.283890E+00 4.630E-01
  7.745080E+00 4.110E-01
  8.225770E+00 3.660E-01
  8.727190E+00 3.250E-01
  9.250620E+00 2.890E-01
  9.797400E+00 2.570E-01
  1.036890E+01 2.290E-01
  1.096660E+01 2.040E-01
  1.159200E+01 1.810E-01
  1.224670E+01 1.610E-01
  1.293260E+01 1.440E-01
  1.365130E+01 1.280E-01
  1.440500E+01 1.140E-01
  1.519560E+01 1.020E-01
  1.605150E+01 8.993E-02
  1.694795E+01 7.967E-02
  1.788657E+01 7.057E-02
  1.886903E+01 6.250E-02
  1.989711E+01 5.535E-02
  2.097260E+01 4.901E-02
  2.209738E+01 4.339E-02
  2.327336E+01 3.842E-02
  2.450258E+01 3.401E-02
  2.578706E+01 3.010E-02
  2.712898E+01 2.664E-02
  2.853053E+01 2.358E-02
  2.999399E+01 2.086E-02
  3.152173E+01 1.846E-02
  3.311615E+01 1.633E-02
  3.477982E+01 1.445E-02
  3.651527E+01 1.278E-02
  3.832527E+01 1.130E-02
  4.021252E+01 9.996E-03
  4.217996E+01 8.840E-03
  4.423050E+01 7.817E-03
  4.636717E+01 6.911E-03
  4.859312E+01 6.110E-03
  5.091165E+01 5.402E-03
  5.332607E+01 4.775E-03
  5.583984E+01 4.221E-03
  5.845657E+01 3.730E-03
  6.117993E+01 3.297E-03
  6.401369E+01 2.913E-03
  6.696176E+01 2.574E-03
  7.002824E+01 2.275E-03
  7.321727E+01 2.010E-03
  7.653314E+01 1.776E-03
  7.998026E+01 1.569E-03
  8.356319E+01 1.386E-03
  8.728673E+01 1.224E-03
  9.115565E+01 1.081E-03
  9.517494E+01 9.546E-04
  9.934973E+01 8.430E-04
  1.036854E+02 7.444E-04
  1.081874E+02 6.573E-04
  1.128613E+02 5.803E-04
  1.177132E+02 5.124E-04
       3   6   2   311    1  -6.44318E+00      61
  6.236570E+00 6.450E-01
  6.288230E+00 6.300E-01
  6.339880E+00 6.150E-01
  6.391530E+00 6.000E-01
  6.442930E+00 5.860E-01
  6.713000E+00 5.190E-01
  6.993210E+00 4.600E-01
  7.283920E+00 4.070E-01
  7.585510E+00 3.600E-01
  7.898360E+00 3.190E-01
  8.222870E+00 2.820E-01
  8.559450E+00 2.500E-01
  8.908520E+00 2.210E-01
  9.270540E+00 1.960E-01
  9.645950E+00 1.730E-01
  1.003520E+01 1.540E-01
  1.043890E+01 1.360E-01
  1.085740E+01 1.200E-01
  1.129130E+01 1.060E-01
  1.174110E+01 9.420E-02
  1.220750E+01 8.340E-02
  1.269090E+01 7.380E-02
  1.319200E+01 6.530E-02
  1.371140E+01 5.780E-02
  1.424980E+01 5.110E-02
  1.480770E+01 4.520E-02
  1.538600E+01 4.000E-02
  1.599642E+01 3.529E-02
  1.662906E+01 3.114E-02
  1.728467E+01 2.748E-02
  1.796400E+01 2.425E-02
  1.866788E+01 2.139E-02
  1.939708E+01 1.888E-02
  2.015247E+01 1.665E-02
  2.093489E+01 1.469E-02
  2.174525E+01 1.296E-02
  2.258447E+01 1.143E-02
  2.345346E+01 1.009E-02
  2.435326E+01 8.898E-03
  2.528482E+01 7.849E-03
  2.624918E+01 6.923E-03
  2.724742E+01 6.106E-03
  2.828065E+01 5.385E-03
  2.934998E+01 4.749E-03
  3.045659E+01 4.189E-03
  3.160165E+01 3.694E-03
  3.278642E+01 3.257E-03
  3.401218E+01 2.872E-03
  3.528018E+01 2.533E-03
  3.659184E+01 2.233E-03
  3.794850E+01 1.969E-03
  3.935162E+01 1.736E-03
  4.080266E+01 1.531E-03
  4.230313E+01 1.350E-03
  4.385455E+01 1.190E-03
  4.545857E+01 1.049E-03
  4.711682E+01 9.246E-04
  4.883099E+01 8.150E-04
  5.060286E+01 7.184E-04
  5.243419E+01 6.333E-04
  5.432684E+01 5.582E-04
       4   6   2   100    2  -6.43653E+00      62
  6.229920E+00 5.910E-01
  6.281580E+00 5.810E-01
  6.333230E+00 5.720E-01
  6.384880E+00 5.630E-01
  6.436290E+00 5.550E-01
  6.807280E+00 4.950E-01
  7.201090E+00 4.420E-01
  7.618590E+00 3.940E-01
  8.060560E+00 3.520E-01
  8.527720E+00 3.130E-01
  9.020690E+00 2.790E-01
  9.539990E+00 2.480E-01
  1.008610E+01 2.200E-01
  1.065920E+01 1.950E-01
  1.125970E+01 1.730E-01
  1.188760E+01 1.530E-01
  1.254310E+01 1.360E-01
  1.322600E+01 1.200E-01
  1.393620E+01 1.060E-01
  1.467370E+01 9.370E-02
  1.545774E+01 8.330E-02
  1.627573E+01 7.367E-02
  1.712888E+01 6.514E-02
  1.801846E+01 5.760E-02
  1.894574E+01 5.092E-02
  1.991205E+01 4.501E-02
  2.091879E+01 3.979E-02
  2.196732E+01 3.517E-02
  2.305910E+01 3.108E-02
  2.419565E+01 2.746E-02
  2.537849E+01 2.426E-02
  2.660919E+01 2.144E-02
  2.788942E+01 1.894E-02
  2.922081E+01 1.673E-02
  3.060507E+01 1.477E-02
  3.204399E+01 1.305E-02
  3.353941E+01 1.152E-02
  3.509320E+01 1.018E-02
  3.670728E+01 8.984E-03
  3.838362E+01 7.932E-03
  4.012428E+01 7.003E-03
  4.193135E+01 6.182E-03
  4.380698E+01 5.456E-03
  4.575336E+01 4.816E-03
  4.777280E+01 4.250E-03
  4.986760E+01 3.751E-03
  5.204024E+01 3.310E-03
  5.429306E+01 2.920E-03
  5.662874E+01 2.577E-03
  5.904979E+01 2.273E-03
  6.155890E+01 2.005E-03
  6.415884E+01 1.769E-03
  6.685248E+01 1.560E-03
  6.964264E+01 1.376E-03
  7.253232E+01 1.214E-03
  7.552460E+01 1.070E-03
  7.862256E+01 9.438E-04
  8.182948E+01 8.322E-04
  8.514871E+01 7.338E-04
  8.858354E+01 6.469E-04
  9.213753E+01 5.704E-04
  9.581418E+01 5.028E-04
       5   6   2   111    1  -6.18527E+00      60
  5.978660E+00 5.810E-01
  6.030310E+00 5.660E-01
  6.081970E+00 5.510E-01
  6.133620E+00 5.360E-01
  6.185020E+00 5.230E-01
  6.429590E+00 4.620E-01
  6.683300E+00 4.090E-01
  6.946360E+00 3.620E-01
  7.219010E+00 3.200E-01
  7.501480E+00 2.830E-01
  7.793990E+00 2.500E-01
  8.096770E+00 2.210E-01
  8.410040E+00 1.950E-01
  8.734000E+00 1.720E-01
  9.068890E+00 1.520E-01
  9.414910E+00 1.340E-01
  9.772260E+00 1.190E-01
  1.014120E+01 1.050E-01
  1.052180E+01 9.230E-02
  1.091440E+01 8.140E-02
  1.131910E+01 7.180E-02
  1.173620E+01 6.330E-02
  1.216570E+01 5.580E-02
  1.260800E+01 4.910E-02
  1.306310E+01 4.330E-02
  1.353130E+01 3.810E-02
  1.401280E+01 3.360E-02
  1.450760E+01 2.960E-02
  1.501600E+01 2.600E-02
  1.555074E+01 2.302E-02
  1.610149E+01 2.026E-02
  1.666866E+01 1.782E-02
  1.725267E+01 1.568E-02
  1.785394E+01 1.379E-02
  1.847292E+01 1.213E-02
  1.911005E+01 1.067E-02
  1.976576E+01 9.387E-03
  2.044055E+01 8.256E-03
  2.113487E+01 7.262E-03
  2.184920E+01 6.386E-03
  2.258405E+01 5.616E-03
  2.333990E+01 4.939E-03
  2.411731E+01 4.343E-03
  2.491676E+01 3.819E-03
  2.573880E+01 3.358E-03
  2.658400E+01 2.952E-03
  2.745291E+01 2.595E-03
  2.834608E+01 2.282E-03
  2.926413E+01 2.006E-03
  3.020763E+01 1.763E-03
  3.117719E+01 1.550E-03
  3.217342E+01 1.363E-03
  3.319699E+01 1.198E-03
  3.424854E+01 1.053E-03
  3.532869E+01 9.252E-04
  3.643814E+01 8.131E-04
  3.757761E+01 7.146E-04
  3.874776E+01 6.280E-04
  3.994931E+01 5.519E-04
  4.118298E+01 4.849E-04
       6   6   2   300    2  -2.94079E+00      64
  2.734180E+00 9.990E-01
  2.785830E+00 9.640E-01
  2.837480E+00 9.320E-01
  2.889130E+00 9.010E-01
  2.940540E+00 8.710E-01
  3.122780E+00 7.770E-01
  3.314860E+00 6.930E-01
  3.517270E+00 6.180E-01
  3.730500E+00 5.510E-01
  3.955100E+00 4.920E-01
  4.191620E+00 4.380E-01
  4.440650E+00 3.910E-01
  4.702800E+00 3.480E-01
  4.978720E+00 3.110E-01
  5.269070E+00 2.770E-01
  5.574550E+00 2.470E-01
  5.895920E+00 2.200E-01
  6.233920E+00 1.960E-01
  6.589380E+00 1.750E-01
  6.963140E+00 1.560E-01
  7.356080E+00 1.390E-01
  7.769130E+00 1.230E-01
  8.203250E+00 1.100E-01
  8.659470E+00 9.810E-02
  9.138850E+00 8.730E-02
  9.642490E+00 7.780E-02
  1.017160E+01 6.930E-02
  1.072730E+01 6.170E-02
  1.131100E+01 5.500E-02
  1.192390E+01 4.900E-02
  1.258348E+01 4.337E-02
  1.327614E+01 3.847E-02
  1.400338E+01 3.413E-02
  1.476677E+01 3.028E-02
  1.556794E+01 2.685E-02
  1.640860E+01 2.382E-02
  1.729051E+01 2.112E-02
  1.821555E+01 1.873E-02
  1.918561E+01 1.661E-02
  2.020270E+01 1.472E-02
  2.126888E+01 1.305E-02
  2.238634E+01 1.157E-02
  2.355731E+01 1.026E-02
  2.478413E+01 9.093E-03
  2.606927E+01 8.060E-03
  2.741521E+01 7.143E-03
  2.882462E+01 6.330E-03
  3.030020E+01 5.609E-03
  3.184483E+01 4.970E-03
  3.346149E+01 4.404E-03
  3.515321E+01 3.902E-03
  3.692319E+01 3.457E-03
  3.877478E+01 3.062E-03
  4.071141E+01 2.712E-03
  4.273666E+01 2.402E-03
  4.485423E+01 2.128E-03
  4.706802E+01 1.884E-03
  4.938200E+01 1.669E-03
  5.180042E+01 1.478E-03
  5.432753E+01 1.309E-03
  5.696790E+01 1.159E-03
  5.972614E+01 1.026E-03
  6.260704E+01 9.082E-04
  6.561578E+01 8.040E-04
       7   6   2   100    3  -2.83358E+00      64
  2.626970E+00 1.070E+00
  2.678620E+00 1.030E+00
  2.730270E+00 9.960E-01
  2.781930E+00 9.610E-01
  2.833330E+00 9.280E-01
  3.001720E+00 8.280E-01
  3.179710E+00 7.400E-01
  3.367760E+00 6.600E-01
  3.566360E+00 5.890E-01
  3.776000E+00 5.260E-01
  3.997220E+00 4.690E-01
  4.230550E+00 4.180E-01
  4.476530E+00 3.730E-01
  4.735740E+00 3.320E-01
  5.008760E+00 2.960E-01
  5.296200E+00 2.640E-01
  5.598670E+00 2.350E-01
  5.916810E+00 2.090E-01
  6.251270E+00 1.860E-01
  6.602720E+00 1.660E-01
  6.971860E+00 1.480E-01
  7.359370E+00 1.310E-01
  7.765990E+00 1.170E-01
  8.192450E+00 1.040E-01
  8.639500E+00 9.240E-02
  9.107930E+00 8.220E-02
  9.598510E+00 7.300E-02
  1.011210E+01 6.490E-02
  1.064940E+01 5.770E-02
  1.121140E+01 5.120E-02
  1.179880E+01 4.550E-02
  1.243387E+01 4.054E-02
  1.309968E+01 3.594E-02
  1.379759E+01 3.186E-02
  1.452897E+01 2.825E-02
  1.529531E+01 2.503E-02
  1.609807E+01 2.219E-02
  1.693887E+01 1.966E-02
  1.781929E+01 1.742E-02
  1.874104E+01 1.544E-02
  1.970587E+01 1.368E-02
  2.071564E+01 1.212E-02
  2.177220E+01 1.074E-02
  2.287753E+01 9.510E-03
  2.403369E+01 8.424E-03
  2.524278E+01 7.461E-03
  2.650702E+01 6.608E-03
  2.782867E+01 5.852E-03
  2.921013E+01 5.182E-03
  3.065385E+01 4.588E-03
  3.216238E+01 4.063E-03
  3.373837E+01 3.597E-03
  3.538457E+01 3.184E-03
  3.710382E+01 2.819E-03
  3.889909E+01 2.495E-03
  4.077344E+01 2.208E-03
  4.273004E+01 1.955E-03
  4.477216E+01 1.730E-03
  4.690324E+01 1.531E-03
  4.912686E+01 1.355E-03
  5.144658E+01 1.199E-03
  5.386633E+01 1.061E-03
  5.638998E+01 9.383E-04
  5.902164E+01 8.302E-04
       8   6   2   311    2  -2.83309E+00      62
  2.626480E+00 1.290E+00
  2.678130E+00 1.240E+00
  2.729780E+00 1.180E+00
  2.781440E+00 1.130E+00
  2.832840E+00 1.080E+00
  2.980080E+00 9.630E-01
  3.133520E+00 8.540E-01
  3.293380E+00 7.570E-01
  3.459900E+00 6.720E-01
  3.633330E+00 5.960E-01
  3.813910E+00 5.280E-01
  4.001910E+00 4.680E-01
  4.197590E+00 4.150E-01
  4.401240E+00 3.680E-01
  4.613130E+00 3.260E-01
  4.833570E+00 2.890E-01
  5.062860E+00 2.560E-01
  5.301320E+00 2.270E-01
  5.549280E+00 2.010E-01
  5.807070E+00 1.780E-01
  6.075040E+00 1.580E-01
  6.353550E+00 1.400E-01
  6.642980E+00 1.240E-01
  6.943710E+00 1.100E-01
  7.256140E+00 9.740E-02
  7.580680E+00 8.630E-02
  7.917740E+00 7.640E-02
  8.267780E+00 6.770E-02
  8.631240E+00 5.990E-02
  9.008590E+00 5.310E-02
  9.400310E+00 4.700E-02
  9.806900E+00 4.160E-02
  1.022890E+01 3.680E-02
  1.066680E+01 3.260E-02
  1.112110E+01 2.890E-02
  1.159250E+01 2.560E-02
  1.209004E+01 2.250E-02
  1.260599E+01 1.985E-02
  1.314092E+01 1.752E-02
  1.369546E+01 1.546E-02
  1.427023E+01 1.364E-02
  1.486586E+01 1.203E-02
  1.548301E+01 1.061E-02
  1.612236E+01 9.361E-03
  1.678462E+01 8.257E-03
  1.747047E+01 7.283E-03
  1.818068E+01 6.423E-03
  1.891602E+01 5.664E-03
  1.967722E+01 4.995E-03
  2.046509E+01 4.404E-03
  2.128046E+01 3.883E-03
  2.212418E+01 3.424E-03
  2.299707E+01 3.019E-03
  2.390007E+01 2.661E-03
  2.483406E+01 2.346E-03
  2.579997E+01 2.068E-03
  2.679878E+01 1.823E-03
  2.783148E+01 1.607E-03
  2.889906E+01 1.416E-03
  3.000256E+01 1.248E-03
  3.114307E+01 1.100E-03
  3.232166E+01 9.691E-04
       9   6   2   320    1  -2.78014E+00      60
  2.573530E+00 9.500E-01
  2.625190E+00 8.880E-01
  2.676840E+00 8.310E-01
  2.728490E+00 7.790E-01
  2.779900E+00 7.310E-01
  2.881660E+00 6.450E-01
  2.986790E+00 5.700E-01
  3.095390E+00 5.030E-01
  3.207560E+00 4.450E-01
  3.323390E+00 3.930E-01
  3.442980E+00 3.470E-01
  3.566440E+00 3.060E-01
  3.693880E+00 2.700E-01
  3.825390E+00 2.390E-01
  3.961090E+00 2.110E-01
  4.101100E+00 1.860E-01
  4.245530E+00 1.640E-01
  4.394490E+00 1.450E-01
  4.548100E+00 1.280E-01
  4.706490E+00 1.130E-01
  4.869770E+00 9.950E-02
  5.038090E+00 8.780E-02
  5.211550E+00 7.740E-02
  5.390310E+00 6.830E-02
  5.574480E+00 6.030E-02
  5.764200E+00 5.310E-02
  5.959630E+00 4.690E-02
  6.160890E+00 4.130E-02
  6.368130E+00 3.640E-02
  6.581500E+00 3.210E-02
  6.801150E+00 2.830E-02
  7.027230E+00 2.500E-02
  7.259890E+00 2.200E-02
  7.499300E+00 1.940E-02
  7.745620E+00 1.710E-02
  7.999010E+00 1.510E-02
  8.259630E+00 1.330E-02
  8.527660E+00 1.170E-02
  8.803270E+00 1.030E-02
  9.086630E+00 9.090E-03
  9.377930E+00 8.010E-03
  9.677350E+00 7.060E-03
  9.985070E+00 6.220E-03
  1.030130E+01 5.480E-03
  1.062620E+01 4.820E-03
  1.095990E+01 4.250E-03
  1.130280E+01 3.740E-03
  1.165490E+01 3.300E-03
  1.202439E+01 2.912E-03
  1.240430E+01 2.560E-03
  1.279488E+01 2.251E-03
  1.319640E+01 1.980E-03
  1.360913E+01 1.741E-03
  1.403336E+01 1.530E-03
  1.446936E+01 1.346E-03
  1.491742E+01 1.183E-03
  1.537785E+01 1.040E-03
  1.585094E+01 9.142E-04
  1.633704E+01 8.037E-04
  1.683643E+01 7.065E-04
      10   6   2   120    1  -2.77808E+00      60
  2.571470E+00 9.390E-01
  2.623120E+00 8.770E-01
  2.674780E+00 8.210E-01
  2.726430E+00 7.680E-01
  2.777830E+00 7.210E-01
  2.878000E+00 6.370E-01
  2.981580E+00 5.630E-01
  3.088690E+00 4.970E-01
  3.199410E+00 4.390E-01
  3.313850E+00 3.880E-01
  3.432110E+00 3.430E-01
  3.554290E+00 3.030E-01
  3.680480E+00 2.670E-01
  3.810800E+00 2.360E-01
  3.945360E+00 2.080E-01
  4.084250E+00 1.840E-01
  4.227590E+00 1.620E-01
  4.375490E+00 1.430E-01
  4.528060E+00 1.260E-01
  4.685410E+00 1.120E-01
  4.847650E+00 9.840E-02
  5.014910E+00 8.680E-02
  5.187290E+00 7.660E-02
  5.364920E+00 6.760E-02
  5.547920E+00 5.960E-02
  5.736390E+00 5.250E-02
  5.930480E+00 4.630E-02
  6.130290E+00 4.080E-02
  6.335950E+00 3.600E-02
  6.547590E+00 3.170E-02
  6.765340E+00 2.800E-02
  6.989310E+00 2.460E-02
  7.219640E+00 2.170E-02
  7.456450E+00 1.910E-02
  7.699880E+00 1.680E-02
  7.950070E+00 1.480E-02
  8.207130E+00 1.310E-02
  8.471210E+00 1.150E-02
  8.742430E+00 1.010E-02
  9.020940E+00 8.920E-03
  9.306880E+00 7.850E-03
  9.600370E+00 6.910E-03
  9.901560E+00 6.080E-03
  1.021060E+01 5.350E-03
  1.052760E+01 4.710E-03
  1.085270E+01 4.140E-03
  1.118610E+01 3.650E-03
  1.152790E+01 3.210E-03
  1.188915E+01 2.855E-03
  1.226041E+01 2.510E-03
  1.264187E+01 2.207E-03
  1.303382E+01 1.940E-03
  1.343648E+01 1.705E-03
  1.385013E+01 1.499E-03
  1.427503E+01 1.317E-03
  1.471146E+01 1.158E-03
  1.515969E+01 1.018E-03
  1.562000E+01 8.944E-04
  1.609268E+01 7.860E-04
  1.657802E+01 6.908E-04
      11   6   2   111    2  -2.76025E+00      61
  2.553640E+00 1.260E+00
  2.605290E+00 1.200E+00
  2.656940E+00 1.150E+00
  2.708600E+00 1.090E+00
  2.760000E+00 1.040E+00
  2.895570E+00 9.260E-01
  3.036950E+00 8.220E-01
  3.184310E+00 7.290E-01
  3.337870E+00 6.460E-01
  3.497810E+00 5.730E-01
  3.664350E+00 5.080E-01
  3.837690E+00 4.500E-01
  4.018030E+00 3.990E-01
  4.205600E+00 3.530E-01
  4.400620E+00 3.130E-01
  4.603300E+00 2.770E-01
  4.813880E+00 2.450E-01
  5.032590E+00 2.170E-01
  5.259660E+00 1.920E-01
  5.495330E+00 1.700E-01
  5.739850E+00 1.510E-01
  5.993460E+00 1.330E-01
  6.256410E+00 1.180E-01
  6.528970E+00 1.040E-01
  6.811390E+00 9.220E-02
  7.103930E+00 8.150E-02
  7.406870E+00 7.210E-02
  7.720470E+00 6.370E-02
  8.045020E+00 5.630E-02
  8.380800E+00 4.980E-02
  8.728100E+00 4.400E-02
  9.087190E+00 3.880E-02
  9.458390E+00 3.430E-02
  9.841990E+00 3.030E-02
  1.023830E+01 2.680E-02
  1.064760E+01 2.360E-02
  1.107020E+01 2.090E-02
  1.150650E+01 1.840E-02
  1.196883E+01 1.631E-02
  1.244686E+01 1.437E-02
  1.294104E+01 1.267E-02
  1.345183E+01 1.116E-02
  1.397970E+01 9.834E-03
  1.452516E+01 8.665E-03
  1.508868E+01 7.634E-03
  1.567080E+01 6.725E-03
  1.627203E+01 5.924E-03
  1.689293E+01 5.218E-03
  1.753403E+01 4.596E-03
  1.819591E+01 4.048E-03
  1.887914E+01 3.565E-03
  1.958429E+01 3.140E-03
  2.031201E+01 2.765E-03
  2.106290E+01 2.435E-03
  2.183760E+01 2.144E-03
  2.263678E+01 1.888E-03
  2.346107E+01 1.662E-03
  2.431119E+01 1.463E-03
  2.518781E+01 1.288E-03
  2.609164E+01 1.134E-03
  2.702347E+01 9.983E-04
      12   6   2   300    3  -1.62945E+00      65
  1.422830E+00 1.660E+00
  1.474490E+00 1.550E+00
  1.526140E+00 1.450E+00
  1.577790E+00 1.360E+00
  1.629200E+00 1.280E+00
  1.726980E+00 1.140E+00
  1.830290E+00 1.020E+00
  1.939400E+00 9.090E-01
  2.054620E+00 8.120E-01
  2.176280E+00 7.250E-01
  2.304710E+00 6.470E-01
  2.440250E+00 5.770E-01
  2.583280E+00 5.150E-01
  2.734180E+00 4.600E-01
  2.893360E+00 4.100E-01
  3.061230E+00 3.660E-01
  3.238250E+00 3.270E-01
  3.424870E+00 2.920E-01
  3.621580E+00 2.600E-01
  3.828890E+00 2.320E-01
  4.047320E+00 2.070E-01
  4.277450E+00 1.840E-01
  4.519840E+00 1.640E-01
  4.775110E+00 1.470E-01
  5.043890E+00 1.310E-01
  5.326850E+00 1.170E-01
  5.624690E+00 1.040E-01
  5.938130E+00 9.260E-02
  6.267930E+00 8.260E-02
  6.614900E+00 7.360E-02
  6.979850E+00 6.560E-02
  7.363660E+00 5.840E-02
  7.767230E+00 5.210E-02
  8.191500E+00 4.640E-02
  8.637480E+00 4.130E-02
  9.106180E+00 3.680E-02
  9.598690E+00 3.280E-02
  1.011610E+01 2.920E-02
  1.067561E+01 2.598E-02
  1.126422E+01 2.307E-02
  1.188336E+01 2.048E-02
  1.253452E+01 1.819E-02
  1.321927E+01 1.615E-02
  1.393924E+01 1.434E-02
  1.469613E+01 1.273E-02
  1.549173E+01 1.130E-02
  1.632788E+01 1.003E-02
  1.720657E+01 8.904E-03
  1.812981E+01 7.903E-03
  1.909973E+01 7.014E-03
  2.011859E+01 6.225E-03
  2.118867E+01 5.525E-03
  2.231244E+01 4.903E-03
  2.349243E+01 4.350E-03
  2.473128E+01 3.860E-03
  2.603180E+01 3.425E-03
  2.739684E+01 3.039E-03
  2.882947E+01 2.696E-03
  3.033281E+01 2.392E-03
  3.191014E+01 2.122E-03
  3.356497E+01 1.882E-03
  3.530087E+01 1.669E-03
  3.712157E+01 1.481E-03
  3.903099E+01 1.313E-03
  4.103320E+01 1.165E-03
      13   6   2   100    4  -1.58609E+00      65
  1.379480E+00 1.780E+00
  1.431130E+00 1.660E+00
  1.482780E+00 1.550E+00
  1.534440E+00 1.450E+00
  1.585840E+00 1.360E+00
  1.678330E+00 1.210E+00
  1.776130E+00 1.080E+00
  1.879540E+00 9.680E-01
  1.988840E+00 8.640E-01
  2.104350E+00 7.720E-01
  2.226380E+00 6.890E-01
  2.355280E+00 6.150E-01
  2.491390E+00 5.490E-01
  2.635090E+00 4.900E-01
  2.786750E+00 4.380E-01
  2.946770E+00 3.900E-01
  3.115570E+00 3.480E-01
  3.293570E+00 3.110E-01
  3.481230E+00 2.770E-01
  3.679000E+00 2.470E-01
  3.887370E+00 2.200E-01
  4.106840E+00 1.960E-01
  4.337930E+00 1.750E-01
  4.581180E+00 1.560E-01
  4.837150E+00 1.390E-01
  5.106410E+00 1.240E-01
  5.389570E+00 1.100E-01
  5.687240E+00 9.830E-02
  6.000070E+00 8.750E-02
  6.328720E+00 7.790E-02
  6.673870E+00 6.930E-02
  7.036240E+00 6.170E-02
  7.416560E+00 5.490E-02
  7.815580E+00 4.890E-02
  8.234080E+00 4.350E-02
  8.672870E+00 3.870E-02
  9.132780E+00 3.440E-02
  9.614650E+00 3.060E-02
  1.011940E+01 2.720E-02
  1.066852E+01 2.435E-02
  1.124556E+01 2.161E-02
  1.185185E+01 1.918E-02
  1.248878E+01 1.702E-02
  1.315780E+01 1.511E-02
  1.386043E+01 1.341E-02
  1.459827E+01 1.190E-02
  1.537295E+01 1.056E-02
  1.618619E+01 9.365E-03
  1.703984E+01 8.309E-03
  1.793575E+01 7.372E-03
  1.887589E+01 6.539E-03
  1.986230E+01 5.801E-03
  2.089716E+01 5.146E-03
  2.198267E+01 4.564E-03
  2.312115E+01 4.048E-03
  2.431509E+01 3.590E-03
  2.556697E+01 3.184E-03
  2.687947E+01 2.823E-03
  2.825534E+01 2.504E-03
  2.969749E+01 2.220E-03
  3.120888E+01 1.968E-03
  3.279266E+01 1.745E-03
  3.445212E+01 1.547E-03
  3.619061E+01 1.372E-03
  3.801169E+01 1.216E-03
      14   6   2   311    3  -1.58560E+00      63
  1.378990E+00 2.180E+00
  1.430640E+00 2.020E+00
  1.482300E+00 1.870E+00
  1.533950E+00 1.740E+00
  1.585350E+00 1.620E+00
  1.672270E+00 1.440E+00
  1.763360E+00 1.280E+00
  1.858790E+00 1.140E+00
  1.958720E+00 1.010E+00
  2.063350E+00 8.980E-01
  2.172860E+00 7.980E-01
  2.287440E+00 7.090E-01
  2.407280E+00 6.300E-01
  2.532610E+00 5.600E-01
  2.663620E+00 4.970E-01
  2.800530E+00 4.420E-01
  2.943580E+00 3.920E-01
  3.092990E+00 3.480E-01
  3.249000E+00 3.090E-01
  3.411870E+00 2.740E-01
  3.581840E+00 2.440E-01
  3.759180E+00 2.160E-01
  3.944150E+00 1.920E-01
  4.137040E+00 1.700E-01
  4.338140E+00 1.510E-01
  4.547740E+00 1.340E-01
  4.766130E+00 1.190E-01
  4.993650E+00 1.050E-01
  5.230600E+00 9.340E-02
  5.477320E+00 8.280E-02
  5.734150E+00 7.340E-02
  6.001450E+00 6.510E-02
  6.279570E+00 5.770E-02
  6.568880E+00 5.110E-02
  6.869770E+00 4.530E-02
  7.182620E+00 4.010E-02
  7.507850E+00 3.560E-02
  7.845860E+00 3.150E-02
  8.197090E+00 2.790E-02
  8.561960E+00 2.470E-02
  8.940940E+00 2.190E-02
  9.334470E+00 1.940E-02
  9.743040E+00 1.720E-02
  1.016710E+01 1.520E-02
  1.061949E+01 1.349E-02
  1.108967E+01 1.191E-02
  1.157824E+01 1.052E-02
  1.208585E+01 9.293E-03
  1.261315E+01 8.207E-03
  1.316082E+01 7.248E-03
  1.372956E+01 6.400E-03
  1.432009E+01 5.651E-03
  1.493316E+01 4.990E-03
  1.556953E+01 4.406E-03
  1.622998E+01 3.889E-03
  1.691534E+01 3.434E-03
  1.762645E+01 3.031E-03
  1.836417E+01 2.675E-03
  1.912938E+01 2.362E-03
  1.992299E+01 2.084E-03
  2.074596E+01 1.839E-03
  2.159924E+01 1.623E-03
  2.248386E+01 1.433E-03
      15   6   2   320    2  -1.56373E+00      61
  1.357110E+00 2.140E+00
  1.408770E+00 1.930E+00
  1.460420E+00 1.750E+00
  1.512070E+00 1.590E+00
  1.563480E+00 1.450E+00
  1.633760E+00 1.280E+00
  1.706570E+00 1.130E+00
  1.781970E+00 1.000E+00
  1.860050E+00 8.860E-01
  1.940880E+00 7.840E-01
  2.024540E+00 6.930E-01
  2.111110E+00 6.120E-01
  2.200690E+00 5.410E-01
  2.293350E+00 4.780E-01
  2.389180E+00 4.230E-01
  2.488280E+00 3.740E-01
  2.590740E+00 3.300E-01
  2.696650E+00 2.920E-01
  2.806110E+00 2.580E-01
  2.919230E+00 2.280E-01
  3.036100E+00 2.010E-01
  3.156830E+00 1.780E-01
  3.281520E+00 1.570E-01
  3.410290E+00 1.390E-01
  3.543250E+00 1.220E-01
  3.680510E+00 1.080E-01
  3.822200E+00 9.530E-02
  3.968430E+00 8.420E-02
  4.119320E+00 7.430E-02
  4.275010E+00 6.560E-02
  4.435630E+00 5.790E-02
  4.601300E+00 5.110E-02
  4.772160E+00 4.510E-02
  4.948360E+00 3.980E-02
  5.130020E+00 3.510E-02
  5.317310E+00 3.100E-02
  5.510370E+00 2.730E-02
  5.709340E+00 2.410E-02
  5.914390E+00 2.130E-02
  6.125680E+00 1.880E-02
  6.343360E+00 1.660E-02
  6.567610E+00 1.460E-02
  6.798600E+00 1.290E-02
  7.036500E+00 1.140E-02
  7.281480E+00 1.000E-02
  7.533740E+00 8.840E-03
  7.793460E+00 7.790E-03
  8.060820E+00 6.870E-03
  8.336030E+00 6.060E-03
  8.619290E+00 5.340E-03
  8.910790E+00 4.710E-03
  9.210740E+00 4.150E-03
  9.519370E+00 3.660E-03
  9.836880E+00 3.230E-03
  1.016350E+01 2.840E-03
  1.049950E+01 2.510E-03
  1.085044E+01 2.203E-03
  1.121143E+01 1.937E-03
  1.158272E+01 1.703E-03
  1.196457E+01 1.498E-03
  1.235722E+01 1.317E-03
      16   6   2   120    2  -1.56259E+00      61
  1.355980E+00 2.110E+00
  1.407630E+00 1.900E+00
  1.459290E+00 1.720E+00
  1.510940E+00 1.570E+00
  1.562340E+00 1.430E+00
  1.632260E+00 1.260E+00
  1.704690E+00 1.120E+00
  1.779730E+00 9.870E-01
  1.857430E+00 8.720E-01
  1.937880E+00 7.710E-01
  2.021150E+00 6.820E-01
  2.107330E+00 6.030E-01
  2.196500E+00 5.330E-01
  2.288740E+00 4.710E-01
  2.384140E+00 4.160E-01
  2.482790E+00 3.680E-01
  2.584770E+00 3.250E-01
  2.690190E+00 2.870E-01
  2.799120E+00 2.540E-01
  2.911680E+00 2.240E-01
  3.027960E+00 1.980E-01
  3.148050E+00 1.750E-01
  3.272070E+00 1.540E-01
  3.400110E+00 1.360E-01
  3.532290E+00 1.200E-01
  3.668720E+00 1.060E-01
  3.809500E+00 9.370E-02
  3.954760E+00 8.270E-02
  4.104600E+00 7.300E-02
  4.259160E+00 6.440E-02
  4.418550E+00 5.680E-02
  4.582890E+00 5.020E-02
  4.752320E+00 4.430E-02
  4.926970E+00 3.910E-02
  5.106960E+00 3.450E-02
  5.292440E+00 3.040E-02
  5.483540E+00 2.680E-02
  5.680420E+00 2.360E-02
  5.883200E+00 2.080E-02
  6.092040E+00 1.840E-02
  6.307090E+00 1.620E-02
  6.528500E+00 1.430E-02
  6.756440E+00 1.260E-02
  6.991060E+00 1.110E-02
  7.232520E+00 9.800E-03
  7.481000E+00 8.640E-03
  7.736660E+00 7.620E-03
  7.999680E+00 6.710E-03
  8.270240E+00 5.910E-03
  8.548510E+00 5.210E-03
  8.834690E+00 4.590E-03
  9.128960E+00 4.050E-03
  9.431510E+00 3.570E-03
  9.742540E+00 3.140E-03
  1.006230E+01 2.770E-03
  1.039090E+01 2.440E-03
  1.073509E+01 2.151E-03
  1.108900E+01 1.891E-03
  1.145288E+01 1.663E-03
  1.182696E+01 1.462E-03
  1.221150E+01 1.285E-03
      17   6   2   111    3  -1.55546E+00      62
  1.348850E+00 2.210E+00
  1.400500E+00 2.030E+00
  1.452150E+00 1.870E+00
  1.503800E+00 1.730E+00
  1.555210E+00 1.600E+00
  1.637070E+00 1.420E+00
  1.722800E+00 1.270E+00
  1.812550E+00 1.120E+00
  1.906480E+00 1.000E+00
  2.004750E+00 8.880E-01
  2.107520E+00 7.890E-01
  2.214950E+00 7.010E-01
  2.327230E+00 6.230E-01
  2.444510E+00 5.530E-01
  2.567000E+00 4.910E-01
  2.694860E+00 4.350E-01
  2.828290E+00 3.870E-01
  2.967480E+00 3.430E-01
  3.112630E+00 3.040E-01
  3.263950E+00 2.700E-01
  3.421640E+00 2.390E-01
  3.585920E+00 2.120E-01
  3.757000E+00 1.880E-01
  3.935110E+00 1.670E-01
  4.120460E+00 1.480E-01
  4.313310E+00 1.310E-01
  4.513880E+00 1.160E-01
  4.722410E+00 1.030E-01
  4.939160E+00 9.100E-02
  5.164370E+00 8.060E-02
  5.398310E+00 7.140E-02
  5.641250E+00 6.320E-02
  5.893440E+00 5.590E-02
  6.155160E+00 4.950E-02
  6.426700E+00 4.380E-02
  6.708340E+00 3.880E-02
  7.000370E+00 3.430E-02
  7.303100E+00 3.030E-02
  7.616810E+00 2.680E-02
  7.941830E+00 2.370E-02
  8.278470E+00 2.100E-02
  8.627050E+00 1.850E-02
  8.987890E+00 1.640E-02
  9.361330E+00 1.450E-02
  9.747720E+00 1.280E-02
  1.014740E+01 1.130E-02
  1.057426E+01 1.008E-02
  1.101674E+01 8.891E-03
  1.147535E+01 7.844E-03
  1.195058E+01 6.921E-03
  1.244298E+01 6.105E-03
  1.295308E+01 5.385E-03
  1.348145E+01 4.750E-03
  1.402866E+01 4.190E-03
  1.459529E+01 3.695E-03
  1.518195E+01 3.259E-03
  1.578928E+01 2.874E-03
  1.641789E+01 2.534E-03
  1.706848E+01 2.234E-03
  1.774168E+01 1.970E-03
  1.843823E+01 1.737E-03
  1.915883E+01 1.531E-03
      18   6   2   300    4  -1.03381E+00      66
  8.272000E-01 2.670E+00
  8.788530E-01 2.380E+00
  9.305060E-01 2.130E+00
  9.821590E-01 1.910E+00
  1.033560E+00 1.730E+00
  1.093150E+00 1.550E+00
  1.156210E+00 1.390E+00
  1.222940E+00 1.240E+00
  1.293550E+00 1.110E+00
  1.368250E+00 9.880E-01
  1.447260E+00 8.830E-01
  1.530820E+00 7.890E-01
  1.619180E+00 7.050E-01
  1.712600E+00 6.290E-01
  1.811350E+00 5.620E-01
  1.915710E+00 5.020E-01
  2.025990E+00 4.480E-01
  2.142480E+00 4.000E-01
  2.265530E+00 3.570E-01
  2.395460E+00 3.190E-01
  2.532640E+00 2.850E-01
  2.677430E+00 2.540E-01
  2.830210E+00 2.270E-01
  2.991400E+00 2.020E-01
  3.161410E+00 1.810E-01
  3.340670E+00 1.610E-01
  3.529640E+00 1.440E-01
  3.728790E+00 1.280E-01
  3.938620E+00 1.140E-01
  4.159640E+00 1.020E-01
  4.392370E+00 9.080E-02
  4.637370E+00 8.090E-02
  4.895210E+00 7.210E-02
  5.166490E+00 6.420E-02
  5.451820E+00 5.720E-02
  5.751830E+00 5.100E-02
  6.067200E+00 4.540E-02
  6.398600E+00 4.040E-02
  6.746750E+00 3.600E-02
  7.112380E+00 3.200E-02
  7.496250E+00 2.850E-02
  7.899140E+00 2.540E-02
  7.983810E+00 2.480E-02
  8.175000E+00 2.340E-02
  8.863450E+00 1.940E-02
  9.516700E+00 1.660E-02
  1.003888E+01 1.496E-02
  1.058835E+01 1.328E-02
  1.116646E+01 1.180E-02
  1.177466E+01 1.048E-02
  1.241442E+01 9.305E-03
  1.308730E+01 8.263E-03
  1.379495E+01 7.338E-03
  1.453907E+01 6.516E-03
  1.532146E+01 5.785E-03
  1.614398E+01 5.137E-03
  1.700864E+01 4.560E-03
  1.791743E+01 4.049E-03
  1.887257E+01 3.594E-03
  1.987627E+01 3.191E-03
  2.093092E+01 2.832E-03
  2.203896E+01 2.514E-03
  2.320299E+01 2.231E-03
  2.442564E+01 1.981E-03
  2.570984E+01 1.758E-03
  2.705849E+01 1.560E-03
      19   6   2   100    5  -1.01210E+00      65
  8.054930E-01 2.890E+00
  8.571460E-01 2.560E+00
  9.087990E-01 2.280E+00
  9.604520E-01 2.040E+00
  1.011860E+00 1.840E+00
  1.069390E+00 1.650E+00
  1.130250E+00 1.470E+00
  1.194630E+00 1.320E+00
  1.262720E+00 1.170E+00
  1.334730E+00 1.050E+00
  1.410870E+00 9.380E-01
  1.491370E+00 8.370E-01
  1.576460E+00 7.480E-01
  1.666390E+00 6.680E-01
  1.761430E+00 5.970E-01
  1.861830E+00 5.330E-01
  1.967880E+00 4.760E-01
  2.079870E+00 4.250E-01
  2.198130E+00 3.790E-01
  2.322960E+00 3.380E-01
  2.454700E+00 3.020E-01
  2.593700E+00 2.690E-01
  2.740330E+00 2.400E-01
  2.894960E+00 2.140E-01
  3.058000E+00 1.910E-01
  3.229850E+00 1.710E-01
  3.410940E+00 1.520E-01
  3.601710E+00 1.360E-01
  3.802630E+00 1.210E-01
  4.014170E+00 1.080E-01
  4.236830E+00 9.600E-02
  4.471140E+00 8.560E-02
  4.717610E+00 7.620E-02
  4.976810E+00 6.790E-02
  5.249300E+00 6.050E-02
  5.535690E+00 5.390E-02
  5.836590E+00 4.800E-02
  6.152630E+00 4.270E-02
  6.484460E+00 3.800E-02
  6.832780E+00 3.380E-02
  7.198270E+00 3.010E-02
  7.581670E+00 2.680E-02
  7.983710E+00 2.380E-02
  8.405170E+00 2.120E-02
  8.846850E+00 1.890E-02
  9.309570E+00 1.680E-02
  9.794160E+00 1.490E-02
  1.032527E+01 1.344E-02
  1.088386E+01 1.193E-02
  1.147127E+01 1.060E-02
  1.208893E+01 9.410E-03
  1.273832E+01 8.355E-03
  1.342099E+01 7.418E-03
  1.413857E+01 6.586E-03
  1.489277E+01 5.847E-03
  1.568538E+01 5.190E-03
  1.651825E+01 4.608E-03
  1.739336E+01 4.090E-03
  1.831271E+01 3.630E-03
  1.927850E+01 3.222E-03
  2.029292E+01 2.860E-03
  2.135834E+01 2.538E-03
  2.247716E+01 2.253E-03
  2.365201E+01 1.999E-03
  2.488553E+01 1.774E-03
      20   6   2   311    4  -1.01179E+00      63
  8.051770E-01 3.540E+00
  8.568300E-01 3.110E+00
  9.084820E-01 2.750E+00
  9.601350E-01 2.450E+00
  1.011540E+00 2.190E+00
  1.066970E+00 1.950E+00
  1.125330E+00 1.740E+00
  1.186730E+00 1.550E+00
  1.251330E+00 1.380E+00
  1.319250E+00 1.230E+00
  1.390660E+00 1.100E+00
  1.465700E+00 9.760E-01
  1.544540E+00 8.690E-01
  1.627320E+00 7.740E-01
  1.714230E+00 6.890E-01
  1.805440E+00 6.130E-01
  1.901110E+00 5.450E-01
  2.001440E+00 4.850E-01
  2.106610E+00 4.310E-01
  2.216810E+00 3.830E-01
  2.332250E+00 3.410E-01
  2.453120E+00 3.030E-01
  2.579630E+00 2.690E-01
  2.712000E+00 2.390E-01
  2.850450E+00 2.130E-01
  2.995200E+00 1.890E-01
  3.146480E+00 1.680E-01
  3.304520E+00 1.490E-01
  3.469570E+00 1.320E-01
  3.641870E+00 1.170E-01
  3.821680E+00 1.040E-01
  4.009250E+00 9.230E-02
  4.204850E+00 8.190E-02
  4.408740E+00 7.260E-02
  4.621200E+00 6.440E-02
  4.842510E+00 5.710E-02
  5.072960E+00 5.060E-02
  5.312840E+00 4.490E-02
  5.562450E+00 3.980E-02
  5.822090E+00 3.520E-02
  6.092070E+00 3.120E-02
  6.372710E+00 2.760E-02
  6.664340E+00 2.450E-02
  6.967270E+00 2.170E-02
  7.281850E+00 1.920E-02
  7.608420E+00 1.700E-02
  7.947320E+00 1.500E-02
  7.961790E+00 1.490E-02
  8.152980E+00 1.400E-02
  8.501750E+00 1.240E-02
  9.172300E+00 1.010E-02
  9.808850E+00 8.430E-03
  1.024968E+01 7.470E-03
  1.070826E+01 6.601E-03
  1.118522E+01 5.833E-03
  1.168123E+01 5.154E-03
  1.219697E+01 4.554E-03
  1.273315E+01 4.024E-03
  1.329050E+01 3.555E-03
  1.386976E+01 3.140E-03
  1.447172E+01 2.774E-03
  1.509716E+01 2.450E-03
  1.574694E+01 2.164E-03
      21   6   2   320    3  -1.00070E+00      62
  7.940850E-01 3.820E+00
  8.457380E-01 3.280E+00
  8.973910E-01 2.840E+00
  9.490440E-01 2.470E+00
  1.000450E+00 2.170E+00
  1.049430E+00 1.920E+00
  1.100420E+00 1.700E+00
  1.153500E+00 1.510E+00
  1.208720E+00 1.340E+00
  1.266160E+00 1.190E+00
  1.325890E+00 1.050E+00
  1.387970E+00 9.310E-01
  1.452490E+00 8.240E-01
  1.519500E+00 7.300E-01
  1.589100E+00 6.460E-01
  1.661360E+00 5.720E-01
  1.736350E+00 5.060E-01
  1.814160E+00 4.480E-01
  1.894880E+00 3.970E-01
  1.978570E+00 3.510E-01
  2.065350E+00 3.100E-01
  2.155280E+00 2.750E-01
  2.248460E+00 2.430E-01
  2.344980E+00 2.150E-01
  2.444930E+00 1.900E-01
  2.548420E+00 1.680E-01
  2.655530E+00 1.480E-01
  2.766370E+00 1.310E-01
  2.881040E+00 1.160E-01
  2.999640E+00 1.020E-01
  3.122280E+00 9.050E-02
  3.249060E+00 7.990E-02
  3.380100E+00 7.060E-02
  3.515500E+00 6.240E-02
  3.655380E+00 5.510E-02
  3.799860E+00 4.860E-02
  3.949050E+00 4.290E-02
  4.103070E+00 3.790E-02
  4.262050E+00 3.350E-02
  4.426100E+00 2.950E-02
  4.595370E+00 2.610E-02
  4.769970E+00 2.300E-02
  4.950040E+00 2.030E-02
  5.135710E+00 1.790E-02
  5.327130E+00 1.580E-02
  5.524420E+00 1.390E-02
  5.727730E+00 1.230E-02
  5.937200E+00 1.080E-02
  6.152990E+00 9.570E-03
  6.375240E+00 8.440E-03
  6.604100E+00 7.440E-03
  6.839720E+00 6.560E-03
  7.082270E+00 5.780E-03
  7.331900E+00 5.100E-03
  7.588780E+00 4.490E-03
  7.853070E+00 3.960E-03
  7.950700E+00 3.780E-03
  8.141890E+00 3.480E-03
  8.490660E+00 2.990E-03
  8.830330E+00 2.600E-03
  9.161210E+00 2.290E-03
  9.480300E+00 1.993E-03
      22   6   2   120    3  -1.00006E+00      62
  7.934470E-01 3.760E+00
  8.451000E-01 3.230E+00
  8.967530E-01 2.790E+00
  9.484060E-01 2.430E+00
  9.998090E-01 2.130E+00
  1.048630E+00 1.890E+00
  1.099470E+00 1.680E+00
  1.152380E+00 1.490E+00
  1.207430E+00 1.320E+00
  1.264690E+00 1.170E+00
  1.324220E+00 1.030E+00
  1.386100E+00 9.150E-01
  1.450400E+00 8.110E-01
  1.517190E+00 7.180E-01
  1.586540E+00 6.350E-01
  1.658540E+00 5.620E-01
  1.733260E+00 4.980E-01
  1.810780E+00 4.400E-01
  1.891170E+00 3.900E-01
  1.974530E+00 3.450E-01
  2.060940E+00 3.050E-01
  2.150480E+00 2.700E-01
  2.243230E+00 2.380E-01
  2.339300E+00 2.110E-01
  2.438760E+00 1.860E-01
  2.541720E+00 1.650E-01
  2.648270E+00 1.460E-01
  2.758500E+00 1.290E-01
  2.872500E+00 1.140E-01
  2.990400E+00 1.010E-01
  3.112270E+00 8.880E-02
  3.238230E+00 7.840E-02
  3.368380E+00 6.930E-02
  3.502830E+00 6.120E-02
  3.641690E+00 5.400E-02
  3.785070E+00 4.770E-02
  3.933080E+00 4.210E-02
  4.085840E+00 3.720E-02
  4.243460E+00 3.280E-02
  4.406080E+00 2.890E-02
  4.573790E+00 2.550E-02
  4.746740E+00 2.250E-02
  4.925040E+00 1.990E-02
  5.108830E+00 1.750E-02
  5.298230E+00 1.550E-02
  5.493380E+00 1.370E-02
  5.694410E+00 1.200E-02
  5.901460E+00 1.060E-02
  6.114660E+00 9.360E-03
  6.334160E+00 8.250E-03
  6.560100E+00 7.270E-03
  6.792630E+00 6.410E-03
  7.031900E+00 5.650E-03
  7.278060E+00 4.980E-03
  7.531250E+00 4.390E-03
  7.791640E+00 3.870E-03
  7.950060E+00 3.590E-03
  8.141250E+00 3.290E-03
  8.490020E+00 2.830E-03
  8.829690E+00 2.460E-03
  9.160570E+00 2.150E-03
  9.476800E+00 1.881E-03
      23   6   2   111    4  -9.96497E-01      63
  7.898860E-01 3.660E+00
  8.415390E-01 3.200E+00
  8.931920E-01 2.810E+00
  9.448450E-01 2.490E+00
  9.962470E-01 2.210E+00
  1.049040E+00 1.970E+00
  1.104550E+00 1.760E+00
  1.162920E+00 1.560E+00
  1.224260E+00 1.390E+00
  1.288710E+00 1.240E+00
  1.356390E+00 1.100E+00
  1.427450E+00 9.820E-01
  1.502030E+00 8.740E-01
  1.580270E+00 7.770E-01
  1.662320E+00 6.910E-01
  1.748340E+00 6.150E-01
  1.838470E+00 5.470E-01
  1.932890E+00 4.860E-01
  2.031740E+00 4.320E-01
  2.135210E+00 3.840E-01
  2.243450E+00 3.410E-01
  2.356660E+00 3.030E-01
  2.474990E+00 2.690E-01
  2.598650E+00 2.390E-01
  2.727800E+00 2.120E-01
  2.862640E+00 1.880E-01
  3.003370E+00 1.670E-01
  3.150170E+00 1.480E-01
  3.303250E+00 1.310E-01
  3.462810E+00 1.160E-01
  3.629060E+00 1.030E-01
  3.802200E+00 9.150E-02
  3.982460E+00 8.110E-02
  4.170040E+00 7.190E-02
  4.365170E+00 6.370E-02
  4.568070E+00 5.640E-02
  4.778970E+00 5.000E-02
  4.998100E+00 4.420E-02
  5.225690E+00 3.920E-02
  5.461980E+00 3.470E-02
  5.707220E+00 3.070E-02
  5.961640E+00 2.710E-02
  6.225490E+00 2.400E-02
  6.499030E+00 2.120E-02
  6.782510E+00 1.880E-02
  7.076190E+00 1.660E-02
  7.380330E+00 1.470E-02
  7.695190E+00 1.300E-02
  7.946500E+00 1.180E-02
  8.137690E+00 1.100E-02
  8.486460E+00 9.670E-03
  8.826130E+00 8.610E-03
  9.479390E+00 6.990E-03
  9.887312E+00 6.288E-03
  1.031082E+01 5.552E-03
  1.075044E+01 4.902E-03
  1.120672E+01 4.328E-03
  1.168023E+01 3.820E-03
  1.217153E+01 3.373E-03
  1.268123E+01 2.977E-03
  1.320996E+01 2.628E-03
  1.375833E+01 2.319E-03
  1.432700E+01 2.047E-03
      24   6   2   300    5  -7.13860E-01      65
  5.353950E-01 3.971E+00
  5.589010E-01 3.630E+00
  6.105540E-01 3.050E+00
  6.622070E-01 2.590E+00
  7.136100E-01 2.240E+00
  7.543080E-01 2.000E+00
  7.973490E-01 1.790E+00
  8.428640E-01 1.600E+00
  8.909910E-01 1.430E+00
  9.418760E-01 1.270E+00
  9.956730E-01 1.140E+00
  1.052540E+00 1.020E+00
  1.112660E+00 9.080E-01
  1.176190E+00 8.110E-01
  1.243330E+00 7.250E-01
  1.314280E+00 6.470E-01
  1.389240E+00 5.780E-01
  1.468430E+00 5.160E-01
  1.552080E+00 4.610E-01
  1.640420E+00 4.120E-01
  1.733710E+00 3.680E-01
  1.832210E+00 3.280E-01
  1.936200E+00 2.930E-01
  2.045950E+00 2.610E-01
  2.161790E+00 2.330E-01
  2.284020E+00 2.080E-01
  2.412980E+00 1.860E-01
  2.549000E+00 1.660E-01
  2.692470E+00 1.480E-01
  2.843740E+00 1.320E-01
  3.003230E+00 1.180E-01
  3.171350E+00 1.050E-01
  3.348530E+00 9.370E-02
  3.535220E+00 8.360E-02
  3.731890E+00 7.450E-02
  3.939050E+00 6.650E-02
  4.157200E+00 5.920E-02
  4.386880E+00 5.280E-02
  4.628650E+00 4.710E-02
  4.883100E+00 4.200E-02
  5.150840E+00 3.740E-02
  5.432480E+00 3.330E-02
  5.728710E+00 2.970E-02
  6.040200E+00 2.650E-02
  6.367680E+00 2.360E-02
  6.711870E+00 2.100E-02
  7.073570E+00 1.870E-02
  7.453570E+00 1.670E-02
  7.663860E+00 1.570E-02
  8.203830E+00 1.330E-02
  8.874370E+00 1.120E-02
  9.510930E+00 9.600E-03
  1.003407E+01 8.679E-03
  1.058504E+01 7.712E-03
  1.116527E+01 6.853E-03
  1.177626E+01 6.089E-03
  1.241961E+01 5.410E-03
  1.309695E+01 4.807E-03
  1.381002E+01 4.271E-03
  1.456067E+01 3.794E-03
  1.535077E+01 3.371E-03
  1.618236E+01 2.994E-03
  1.705756E+01 2.660E-03
  1.797855E+01 2.363E-03
  1.894768E+01 2.099E-03
      25   6   2   100    6  -7.01450E-01      66
  5.260867E-01 4.246E+00
  5.464910E-01 3.910E+00
  5.981440E-01 3.270E+00
  6.497960E-01 2.770E+00
  7.011990E-01 2.370E+00
  7.409370E-01 2.120E+00
  7.829380E-01 1.900E+00
  8.273270E-01 1.690E+00
  8.742380E-01 1.510E+00
  9.238080E-01 1.350E+00
  9.761840E-01 1.210E+00
  1.031520E+00 1.080E+00
  1.089980E+00 9.620E-01
  1.151720E+00 8.590E-01
  1.216940E+00 7.670E-01
  1.285810E+00 6.850E-01
  1.358530E+00 6.120E-01
  1.435310E+00 5.460E-01
  1.516360E+00 4.880E-01
  1.601910E+00 4.350E-01
  1.692200E+00 3.890E-01
  1.787480E+00 3.470E-01
  1.888000E+00 3.100E-01
  1.994040E+00 2.760E-01
  2.105890E+00 2.470E-01
  2.223850E+00 2.200E-01
  2.348230E+00 1.960E-01
  2.479350E+00 1.750E-01
  2.617560E+00 1.560E-01
  2.763230E+00 1.390E-01
  2.916710E+00 1.240E-01
  3.078410E+00 1.110E-01
  3.248740E+00 9.880E-02
  3.428120E+00 8.810E-02
  3.617000E+00 7.850E-02
  3.815850E+00 7.000E-02
  4.025140E+00 6.240E-02
  4.245390E+00 5.560E-02
  4.477120E+00 4.960E-02
  4.720890E+00 4.420E-02
  4.977280E+00 3.940E-02
  5.246870E+00 3.510E-02
  5.530290E+00 3.130E-02
  5.828190E+00 2.780E-02
  6.141250E+00 2.480E-02
  6.470160E+00 2.210E-02
  6.815660E+00 1.970E-02
  7.178510E+00 1.750E-02
  7.559500E+00 1.560E-02
  7.959460E+00 1.390E-02
  8.379220E+00 1.230E-02
  8.819690E+00 1.100E-02
  9.281780E+00 9.780E-03
  9.786610E+00 8.797E-03
  1.031794E+01 7.815E-03
  1.087711E+01 6.942E-03
  1.146553E+01 6.167E-03
  1.208467E+01 5.477E-03
  1.273611E+01 4.865E-03
  1.342143E+01 4.321E-03
  1.414236E+01 3.838E-03
  1.490068E+01 3.409E-03
  1.569826E+01 3.027E-03
  1.653706E+01 2.688E-03
  1.741916E+01 2.387E-03
  1.834669E+01 2.120E-03
      26   6   2   311    5  -7.01241E-01      64
  5.259308E-01 5.172E+00
  5.462820E-01 4.750E+00
  5.979350E-01 3.940E+00
  6.495880E-01 3.310E+00
  7.009910E-01 2.820E+00
  7.395540E-01 2.520E+00
  7.801950E-01 2.240E+00
  8.230160E-01 2.000E+00
  8.681230E-01 1.780E+00
  9.156240E-01 1.590E+00
  9.656350E-01 1.420E+00
  1.018270E+00 1.260E+00
  1.073660E+00 1.120E+00
  1.131930E+00 1.000E+00
  1.193200E+00 8.930E-01
  1.257620E+00 7.960E-01
  1.325330E+00 7.090E-01
  1.396460E+00 6.310E-01
  1.471180E+00 5.620E-01
  1.549640E+00 5.000E-01
  1.631990E+00 4.450E-01
  1.718410E+00 3.960E-01
  1.809070E+00 3.520E-01
  1.904140E+00 3.130E-01
  2.003800E+00 2.790E-01
  2.108240E+00 2.480E-01
  2.217650E+00 2.200E-01
  2.332240E+00 1.960E-01
  2.452200E+00 1.740E-01
  2.577740E+00 1.550E-01
  2.709090E+00 1.380E-01
  2.846450E+00 1.220E-01
  2.990070E+00 1.080E-01
  3.140160E+00 9.640E-02
  3.296980E+00 8.550E-02
  3.460760E+00 7.600E-02
  3.631760E+00 6.740E-02
  3.810240E+00 5.980E-02
  3.996460E+00 5.310E-02
  4.190690E+00 4.710E-02
  4.393220E+00 4.180E-02
  4.604320E+00 3.710E-02
  4.824280E+00 3.290E-02
  5.053410E+00 2.920E-02
  5.292000E+00 2.580E-02
  5.540380E+00 2.290E-02
  5.798850E+00 2.030E-02
  6.067750E+00 1.800E-02
  6.347400E+00 1.590E-02
  6.638160E+00 1.410E-02
  6.940360E+00 1.250E-02
  7.254360E+00 1.110E-02
  7.580520E+00 9.800E-03
  7.651240E+00 9.560E-03
  7.842430E+00 8.900E-03
  8.191210E+00 7.890E-03
  8.861750E+00 6.370E-03
  9.498310E+00 5.290E-03
  9.932168E+00 4.743E-03
  1.038410E+01 4.194E-03
  1.085476E+01 3.709E-03
  1.134490E+01 3.279E-03
  1.185522E+01 2.899E-03
  1.238650E+01 2.563E-03
      27   6   2   320    4  -6.94856E-01      62
  5.211419E-01 5.707E+00
  5.398970E-01 5.220E+00
  5.915500E-01 4.240E+00
  6.432030E-01 3.490E+00
  6.946060E-01 2.910E+00
  7.302830E-01 2.590E+00
  7.675530E-01 2.300E+00
  8.064740E-01 2.040E+00
  8.471040E-01 1.810E+00
  8.895040E-01 1.610E+00
  9.337330E-01 1.420E+00
  9.798540E-01 1.260E+00
  1.027930E+00 1.120E+00
  1.078030E+00 9.940E-01
  1.130220E+00 8.810E-01
  1.184570E+00 7.810E-01
  1.241150E+00 6.920E-01
  1.300020E+00 6.140E-01
  1.361280E+00 5.440E-01
  1.424980E+00 4.820E-01
  1.491200E+00 4.270E-01
  1.560030E+00 3.780E-01
  1.631540E+00 3.350E-01
  1.705820E+00 2.960E-01
  1.782950E+00 2.620E-01
  1.863010E+00 2.320E-01
  1.946090E+00 2.060E-01
  2.032290E+00 1.820E-01
  2.121680E+00 1.610E-01
  2.214370E+00 1.420E-01
  2.310450E+00 1.260E-01
  2.410010E+00 1.110E-01
  2.513150E+00 9.850E-02
  2.619980E+00 8.710E-02
  2.730590E+00 7.700E-02
  2.845080E+00 6.810E-02
  2.963570E+00 6.020E-02
  3.086170E+00 5.320E-02
  3.212970E+00 4.700E-02
  3.344100E+00 4.150E-02
  3.479670E+00 3.670E-02
  3.619800E+00 3.240E-02
  3.764600E+00 2.860E-02
  3.914190E+00 2.530E-02
  4.068700E+00 2.230E-02
  4.228250E+00 1.970E-02
  4.392970E+00 1.740E-02
  4.563000E+00 1.540E-02
  4.738450E+00 1.360E-02
  4.919470E+00 1.200E-02
  5.106200E+00 1.060E-02
  5.298760E+00 9.320E-03
  5.497310E+00 8.220E-03
  5.701990E+00 7.250E-03
  5.912940E+00 6.400E-03
  6.130320E+00 5.640E-03
  6.354270E+00 4.980E-03
  6.584940E+00 4.390E-03
  6.822510E+00 3.870E-03
  7.067120E+00 3.410E-03
  7.318930E+00 3.010E-03
  7.578120E+00 2.650E-03
      28   6   2   120    4  -6.94469E-01      62
  5.208517E-01 5.603E+00
  5.395100E-01 5.130E+00
  5.911630E-01 4.160E+00
  6.428160E-01 3.420E+00
  6.942190E-01 2.860E+00
  7.298140E-01 2.540E+00
  7.670000E-01 2.250E+00
  8.058340E-01 2.000E+00
  8.463750E-01 1.770E+00
  8.886810E-01 1.570E+00
  9.328130E-01 1.400E+00
  9.788330E-01 1.240E+00
  1.026800E+00 1.100E+00
  1.076790E+00 9.750E-01
  1.128860E+00 8.650E-01
  1.183080E+00 7.660E-01
  1.239520E+00 6.790E-01
  1.298260E+00 6.020E-01
  1.359350E+00 5.330E-01
  1.422880E+00 4.730E-01
  1.488920E+00 4.190E-01
  1.557550E+00 3.710E-01
  1.628850E+00 3.280E-01
  1.702900E+00 2.910E-01
  1.779770E+00 2.570E-01
  1.859560E+00 2.280E-01
  1.942350E+00 2.010E-01
  2.028220E+00 1.780E-01
  2.117260E+00 1.580E-01
  2.209560E+00 1.400E-01
  2.305220E+00 1.230E-01
  2.404330E+00 1.090E-01
  2.506980E+00 9.650E-02
  2.613270E+00 8.530E-02
  2.723300E+00 7.540E-02
  2.837170E+00 6.670E-02
  2.954980E+00 5.890E-02
  3.076840E+00 5.210E-02
  3.202860E+00 4.600E-02
  3.333130E+00 4.060E-02
  3.467780E+00 3.590E-02
  3.606910E+00 3.170E-02
  3.750640E+00 2.800E-02
  3.899080E+00 2.470E-02
  4.052350E+00 2.180E-02
  4.210580E+00 1.930E-02
  4.373880E+00 1.700E-02
  4.542380E+00 1.500E-02
  4.716210E+00 1.320E-02
  4.895490E+00 1.170E-02
  5.080350E+00 1.030E-02
  5.270930E+00 9.100E-03
  5.467370E+00 8.030E-03
  5.669790E+00 7.080E-03
  5.878340E+00 6.240E-03
  6.093170E+00 5.510E-03
  6.314410E+00 4.860E-03
  6.542210E+00 4.280E-03
  6.776720E+00 3.770E-03
  7.018090E+00 3.330E-03
  7.266480E+00 2.930E-03
  7.522030E+00 2.590E-03
      29   6   2   111    5  -6.92441E-01      63
  5.193307E-01 5.368E+00
  5.374820E-01 4.950E+00
  5.891350E-01 4.070E+00
  6.407880E-01 3.400E+00
  6.921910E-01 2.880E+00
  7.291700E-01 2.560E+00
  7.681080E-01 2.290E+00
  8.090990E-01 2.040E+00
  8.522420E-01 1.820E+00
  8.976350E-01 1.620E+00
  9.453850E-01 1.440E+00
  9.955990E-01 1.280E+00
  1.048390E+00 1.140E+00
  1.103870E+00 1.020E+00
  1.162160E+00 9.070E-01
  1.223390E+00 8.070E-01
  1.287670E+00 7.190E-01
  1.355150E+00 6.400E-01
  1.425950E+00 5.690E-01
  1.500220E+00 5.060E-01
  1.578090E+00 4.500E-01
  1.659720E+00 4.000E-01
  1.745250E+00 3.560E-01
  1.834840E+00 3.170E-01
  1.928640E+00 2.810E-01
  2.026820E+00 2.500E-01
  2.129550E+00 2.220E-01
  2.236990E+00 1.970E-01
  2.349330E+00 1.750E-01
  2.466730E+00 1.560E-01
  2.589390E+00 1.380E-01
  2.717490E+00 1.230E-01
  2.851210E+00 1.090E-01
  2.990770E+00 9.660E-02
  3.136350E+00 8.570E-02
  3.288170E+00 7.600E-02
  3.446420E+00 6.740E-02
  3.611320E+00 5.980E-02
  3.783090E+00 5.300E-02
  3.961950E+00 4.700E-02
  4.148130E+00 4.170E-02
  4.341850E+00 3.690E-02
  4.543350E+00 3.270E-02
  4.752860E+00 2.900E-02
  4.970640E+00 2.570E-02
  5.196920E+00 2.270E-02
  5.431960E+00 2.010E-02
  5.676020E+00 1.780E-02
  5.929350E+00 1.580E-02
  6.192220E+00 1.400E-02
  6.464900E+00 1.230E-02
  6.747670E+00 1.090E-02
  7.040800E+00 9.660E-03
  7.344570E+00 8.540E-03
  7.642440E+00 7.600E-03
  7.833630E+00 7.040E-03
  8.182410E+00 6.190E-03
  8.522070E+00 5.500E-03
  9.175330E+00 4.440E-03
  9.577635E+00 4.041E-03
  9.995884E+00 3.570E-03
  1.043066E+01 3.154E-03
  1.088254E+01 2.787E-03
      30   6   2   300    6  -5.22370E-01      65
  3.917775E-01 5.011E+00
  4.190640E-01 4.330E+00
  4.707170E-01 3.430E+00
  5.221200E-01 2.780E+00
  5.516140E-01 2.490E+00
  5.827880E-01 2.220E+00
  6.157360E-01 1.990E+00
  6.505590E-01 1.770E+00
  6.873600E-01 1.580E+00
  7.262500E-01 1.410E+00
  7.673460E-01 1.260E+00
  8.107690E-01 1.130E+00
  8.566500E-01 1.010E+00
  9.051230E-01 9.010E-01
  9.563310E-01 8.040E-01
  1.010420E+00 7.190E-01
  1.067560E+00 6.420E-01
  1.127910E+00 5.730E-01
  1.191650E+00 5.120E-01
  1.258950E+00 4.570E-01
  1.330010E+00 4.080E-01
  1.405050E+00 3.640E-01
  1.484260E+00 3.250E-01
  1.567880E+00 2.900E-01
  1.656130E+00 2.590E-01
  1.749270E+00 2.310E-01
  1.847560E+00 2.060E-01
  1.951270E+00 1.840E-01
  2.060690E+00 1.640E-01
  2.176110E+00 1.470E-01
  2.297850E+00 1.310E-01
  2.426240E+00 1.170E-01
  2.561630E+00 1.040E-01
  2.704380E+00 9.310E-02
  2.854870E+00 8.310E-02
  3.013490E+00 7.410E-02
  3.180680E+00 6.610E-02
  3.356850E+00 5.900E-02
  3.542470E+00 5.260E-02
  3.738020E+00 4.690E-02
  3.944000E+00 4.180E-02
  4.160930E+00 3.730E-02
  4.389350E+00 3.330E-02
  4.629850E+00 2.960E-02
  4.883030E+00 2.640E-02
  5.149500E+00 2.360E-02
  5.429910E+00 2.100E-02
  5.724970E+00 1.870E-02
  6.035370E+00 1.670E-02
  6.361870E+00 1.490E-02
  6.705230E+00 1.320E-02
  7.066280E+00 1.180E-02
  7.445850E+00 1.050E-02
  7.844840E+00 9.370E-03
  8.264160E+00 8.350E-03
  8.704780E+00 7.430E-03
  9.167690E+00 6.620E-03
  9.674373E+00 5.960E-03
  1.020840E+01 5.298E-03
  1.077119E+01 4.709E-03
  1.136429E+01 4.186E-03
  1.198926E+01 3.721E-03
  1.264779E+01 3.307E-03
  1.334163E+01 2.939E-03
  1.407262E+01 2.612E-03
      31   6   2   100    7  -5.14613E-01      65
  3.859597E-01 5.357E+00
  4.113070E-01 4.650E+00
  4.629600E-01 3.660E+00
  5.143630E-01 2.960E+00
  5.431880E-01 2.640E+00
  5.736450E-01 2.360E+00
  6.058250E-01 2.110E+00
  6.398240E-01 1.880E+00
  6.757420E-01 1.680E+00
  7.136860E-01 1.500E+00
  7.537690E-01 1.340E+00
  7.961060E-01 1.200E+00
  8.408230E-01 1.070E+00
  8.880500E-01 9.550E-01
  9.379240E-01 8.530E-01
  9.905890E-01 7.620E-01
  1.046200E+00 6.800E-01
  1.104900E+00 6.070E-01
  1.166880E+00 5.420E-01
  1.232300E+00 4.840E-01
  1.301350E+00 4.320E-01
  1.374230E+00 3.860E-01
  1.451130E+00 3.440E-01
  1.532270E+00 3.070E-01
  1.617870E+00 2.740E-01
  1.708170E+00 2.450E-01
  1.803420E+00 2.190E-01
  1.903870E+00 1.950E-01
  2.009790E+00 1.740E-01
  2.121470E+00 1.550E-01
  2.239210E+00 1.390E-01
  2.363320E+00 1.230E-01
  2.494110E+00 1.100E-01
  2.631940E+00 9.830E-02
  2.777160E+00 8.770E-02
  2.930150E+00 7.820E-02
  3.091290E+00 6.970E-02
  3.261000E+00 6.220E-02
  3.439700E+00 5.540E-02
  3.627830E+00 4.940E-02
  3.825880E+00 4.400E-02
  4.034310E+00 3.930E-02
  4.253650E+00 3.500E-02
  4.484420E+00 3.120E-02
  4.727180E+00 2.780E-02
  4.982500E+00 2.480E-02
  5.251010E+00 2.210E-02
  5.533310E+00 1.970E-02
  5.830070E+00 1.750E-02
  6.141980E+00 1.560E-02
  6.469750E+00 1.390E-02
  6.814130E+00 1.240E-02
  7.175890E+00 1.100E-02
  7.555830E+00 9.820E-03
  7.954800E+00 8.740E-03
  8.373680E+00 7.790E-03
  8.813370E+00 6.930E-03
  9.274830E+00 6.170E-03
  9.780540E+00 5.568E-03
  1.031311E+01 4.947E-03
  1.087394E+01 4.396E-03
  1.146447E+01 3.906E-03
  1.208625E+01 3.471E-03
  1.274088E+01 3.084E-03
  1.343005E+01 2.740E-03
      32   6   2   311    6  -5.14472E-01      63
  3.858540E-01 6.457E+00
  4.111660E-01 5.580E+00
  4.628190E-01 4.360E+00
  5.142220E-01 3.500E+00
  5.424710E-01 3.120E+00
  5.722610E-01 2.780E+00
  6.036700E-01 2.490E+00
  6.367800E-01 2.220E+00
  6.716770E-01 1.980E+00
  7.084490E-01 1.760E+00
  7.471870E-01 1.570E+00
  7.879900E-01 1.400E+00
  8.309570E-01 1.250E+00
  8.761910E-01 1.110E+00
  9.238020E-01 9.930E-01
  9.739020E-01 8.850E-01
  1.026610E+00 7.880E-01
  1.082040E+00 7.020E-01
  1.140320E+00 6.260E-01
  1.201590E+00 5.570E-01
  1.265970E+00 4.960E-01
  1.333610E+00 4.420E-01
  1.404650E+00 3.930E-01
  1.479250E+00 3.500E-01
  1.557550E+00 3.120E-01
  1.639720E+00 2.770E-01
  1.725920E+00 2.470E-01
  1.816320E+00 2.200E-01
  1.911100E+00 1.950E-01
  2.010450E+00 1.740E-01
  2.114540E+00 1.540E-01
  2.223580E+00 1.370E-01
  2.337760E+00 1.220E-01
  2.457290E+00 1.080E-01
  2.582380E+00 9.650E-02
  2.713240E+00 8.570E-02
  2.850110E+00 7.620E-02
  2.993220E+00 6.760E-02
  3.142800E+00 6.010E-02
  3.299090E+00 5.340E-02
  3.462350E+00 4.740E-02
  3.632840E+00 4.210E-02
  3.810820E+00 3.730E-02
  3.996560E+00 3.310E-02
  4.190340E+00 2.940E-02
  4.392450E+00 2.610E-02
  4.603180E+00 2.310E-02
  4.822840E+00 2.050E-02
  5.051730E+00 1.820E-02
  5.290170E+00 1.610E-02
  5.538490E+00 1.430E-02
  5.797020E+00 1.270E-02
  6.066090E+00 1.120E-02
  6.346070E+00 9.970E-03
  6.637300E+00 8.830E-03
  6.940160E+00 7.830E-03
  7.255010E+00 6.930E-03
  7.464470E+00 6.410E-03
  7.655660E+00 5.960E-03
  8.004440E+00 5.270E-03
  8.674980E+00 4.240E-03
  9.311540E+00 3.500E-03
  9.742411E+00 3.178E-03
      33   6   2   320    5  -5.10466E-01      62
  3.828495E-01 7.142E+00
  4.071610E-01 6.130E+00
  4.588130E-01 4.690E+00
  5.102160E-01 3.690E+00
  5.373780E-01 3.280E+00
  5.658070E-01 2.910E+00
  5.955530E-01 2.590E+00
  6.266660E-01 2.300E+00
  6.591950E-01 2.040E+00
  6.931950E-01 1.810E+00
  7.287190E-01 1.610E+00
  7.658220E-01 1.430E+00
  8.045620E-01 1.270E+00
  8.449970E-01 1.130E+00
  8.871870E-01 1.000E+00
  9.311930E-01 8.870E-01
  9.770790E-01 7.870E-01
  1.024910E+00 6.980E-01
  1.074750E+00 6.190E-01
  1.126670E+00 5.490E-01
  1.180740E+00 4.870E-01
  1.237030E+00 4.310E-01
  1.295610E+00 3.820E-01
  1.356560E+00 3.390E-01
  1.419950E+00 3.000E-01
  1.485870E+00 2.660E-01
  1.554390E+00 2.360E-01
  1.625590E+00 2.090E-01
  1.699570E+00 1.850E-01
  1.776400E+00 1.640E-01
  1.856180E+00 1.450E-01
  1.938990E+00 1.280E-01
  2.024930E+00 1.130E-01
  2.114090E+00 1.010E-01
  2.206570E+00 8.890E-02
  2.302460E+00 7.860E-02
  2.401870E+00 6.960E-02
  2.504900E+00 6.150E-02
  2.611650E+00 5.440E-02
  2.722230E+00 4.810E-02
  2.836760E+00 4.260E-02
  2.955330E+00 3.760E-02
  3.078080E+00 3.330E-02
  3.205110E+00 2.940E-02
  3.336530E+00 2.600E-02
  3.472490E+00 2.300E-02
  3.613090E+00 2.030E-02
  3.758460E+00 1.790E-02
  3.908740E+00 1.580E-02
  4.064050E+00 1.400E-02
  4.224530E+00 1.240E-02
  4.390320E+00 1.090E-02
  4.561550E+00 9.640E-03
  4.738370E+00 8.510E-03
  4.920930E+00 7.520E-03
  5.109360E+00 6.640E-03
  5.303830E+00 5.860E-03
  5.504480E+00 5.170E-03
  5.711480E+00 4.560E-03
  5.924980E+00 4.030E-03
  6.145140E+00 3.550E-03
  6.145140E+00 3.550E-03
      34   6   2   120    5  -5.10216E-01      62
  3.826620E-01 6.996E+00
  4.069100E-01 6.010E+00
  4.585630E-01 4.600E+00
  5.099660E-01 3.610E+00
  5.370150E-01 3.210E+00
  5.653320E-01 2.850E+00
  5.949650E-01 2.540E+00
  6.259650E-01 2.250E+00
  6.583840E-01 2.000E+00
  6.922720E-01 1.780E+00
  7.276850E-01 1.580E+00
  7.646770E-01 1.400E+00
  8.033060E-01 1.240E+00
  8.436290E-01 1.110E+00
  8.857070E-01 9.800E-01
  9.296000E-01 8.700E-01
  9.753700E-01 7.720E-01
  1.023080E+00 6.840E-01
  1.072800E+00 6.070E-01
  1.124600E+00 5.380E-01
  1.178540E+00 4.770E-01
  1.234690E+00 4.230E-01
  1.293130E+00 3.750E-01
  1.353940E+00 3.320E-01
  1.417170E+00 2.940E-01
  1.482920E+00 2.610E-01
  1.551260E+00 2.310E-01
  1.622280E+00 2.050E-01
  1.696050E+00 1.810E-01
  1.772660E+00 1.600E-01
  1.852190E+00 1.420E-01
  1.934740E+00 1.260E-01
  2.020390E+00 1.110E-01
  2.109230E+00 9.840E-02
  2.201360E+00 8.710E-02
  2.296880E+00 7.700E-02
  2.395870E+00 6.810E-02
  2.498450E+00 6.030E-02
  2.604710E+00 5.330E-02
  2.714760E+00 4.710E-02
  2.828700E+00 4.170E-02
  2.946630E+00 3.680E-02
  3.068680E+00 3.250E-02
  3.194940E+00 2.880E-02
  3.325540E+00 2.540E-02
  3.460590E+00 2.250E-02
  3.600220E+00 1.980E-02
  3.744530E+00 1.750E-02
  3.893660E+00 1.550E-02
  4.047730E+00 1.370E-02
  4.206860E+00 1.210E-02
  4.371200E+00 1.070E-02
  4.540860E+00 9.410E-03
  4.715990E+00 8.310E-03
  4.896730E+00 7.330E-03
  5.083210E+00 6.470E-03
  5.275570E+00 5.710E-03
  5.473970E+00 5.040E-03
  5.678550E+00 4.450E-03
  5.889450E+00 3.920E-03
  6.106840E+00 3.460E-03
  6.106840E+00 3.460E-03
      35   6   2   111    6  -5.08949E-01      64
  3.817117E-01 6.748E+00
  4.056440E-01 5.840E+00
  4.572960E-01 4.520E+00
  5.086990E-01 3.590E+00
  5.359340E-01 3.210E+00
  5.646320E-01 2.860E+00
  5.948670E-01 2.550E+00
  6.267130E-01 2.270E+00
  6.602500E-01 2.030E+00
  6.955610E-01 1.810E+00
  7.327310E-01 1.610E+00
  7.718490E-01 1.440E+00
  8.130070E-01 1.280E+00
  8.563000E-01 1.140E+00
  9.018280E-01 1.010E+00
  9.496930E-01 9.040E-01
  1.000000E+00 8.050E-01
  1.052860E+00 7.170E-01
  1.108390E+00 6.390E-01
  1.166700E+00 5.680E-01
  1.227920E+00 5.060E-01
  1.292170E+00 4.500E-01
  1.359580E+00 4.010E-01
  1.430290E+00 3.560E-01
  1.504420E+00 3.170E-01
  1.582130E+00 2.820E-01
  1.663560E+00 2.510E-01
  1.748850E+00 2.230E-01
  1.838160E+00 1.980E-01
  1.931660E+00 1.760E-01
  2.029500E+00 1.560E-01
  2.131850E+00 1.390E-01
  2.238880E+00 1.230E-01
  2.350770E+00 1.100E-01
  2.467700E+00 9.750E-02
  2.589850E+00 8.650E-02
  2.717420E+00 7.680E-02
  2.850600E+00 6.820E-02
  2.989590E+00 6.050E-02
  3.134590E+00 5.370E-02
  3.285810E+00 4.760E-02
  3.443460E+00 4.230E-02
  3.607780E+00 3.750E-02
  3.778960E+00 3.320E-02
  3.957260E+00 2.950E-02
  4.142890E+00 2.610E-02
  4.336110E+00 2.310E-02
  4.537150E+00 2.050E-02
  4.746250E+00 1.820E-02
  4.963690E+00 1.610E-02
  5.189700E+00 1.430E-02
  5.424570E+00 1.260E-02
  5.668560E+00 1.120E-02
  5.921950E+00 9.900E-03
  6.185010E+00 8.760E-03
  6.458030E+00 7.760E-03
  6.741310E+00 6.860E-03
  7.035140E+00 6.070E-03
  7.339830E+00 5.370E-03
  7.458950E+00 5.130E-03
  7.650140E+00 4.740E-03
  7.998920E+00 4.160E-03
  8.338580E+00 3.690E-03
  8.712270E+00 3.388E-03
      36   6   2   300    7  -3.98746E-01      64
  2.990595E-01 6.060E+00
  3.470930E-01 4.470E+00
  3.984960E-01 3.370E+00
  4.207660E-01 3.010E+00
  4.442970E-01 2.690E+00
  4.691600E-01 2.410E+00
  4.954300E-01 2.150E+00
  5.231870E-01 1.920E+00
  5.525120E-01 1.710E+00
  5.834940E-01 1.530E+00
  6.162250E-01 1.370E+00
  6.508040E-01 1.220E+00
  6.873310E-01 1.090E+00
  7.259160E-01 9.740E-01
  7.666720E-01 8.700E-01
  8.097200E-01 7.770E-01
  8.551850E-01 6.940E-01
  9.032010E-01 6.200E-01
  9.539070E-01 5.540E-01
  1.007450E+00 4.940E-01
  1.063990E+00 4.410E-01
  1.123680E+00 3.940E-01
  1.186700E+00 3.520E-01
  1.253230E+00 3.140E-01
  1.323450E+00 2.800E-01
  1.397580E+00 2.500E-01
  1.475800E+00 2.240E-01
  1.558360E+00 2.000E-01
  1.645470E+00 1.780E-01
  1.737380E+00 1.590E-01
  1.834350E+00 1.420E-01
  1.936640E+00 1.270E-01
  2.044530E+00 1.130E-01
  2.158330E+00 1.010E-01
  2.278330E+00 9.000E-02
  2.404870E+00 8.030E-02
  2.538280E+00 7.170E-02
  2.678930E+00 6.390E-02
  2.827180E+00 5.700E-02
  2.983430E+00 5.090E-02
  3.148090E+00 4.540E-02
  3.321590E+00 4.050E-02
  3.504390E+00 3.610E-02
  3.696950E+00 3.220E-02
  3.899770E+00 2.870E-02
  4.113380E+00 2.560E-02
  4.338300E+00 2.280E-02
  4.575120E+00 2.040E-02
  4.824420E+00 1.820E-02
  5.086820E+00 1.620E-02
  5.362990E+00 1.440E-02
  5.653580E+00 1.290E-02
  5.959320E+00 1.150E-02
  6.280940E+00 1.020E-02
  6.619230E+00 9.100E-03
  6.974990E+00 8.110E-03
  7.349070E+00 7.230E-03
  7.742340E+00 6.440E-03
  8.155740E+00 5.740E-03
  8.590220E+00 5.110E-03
  9.046790E+00 4.550E-03
  9.547473E+00 4.110E-03
  1.007535E+01 3.654E-03
  1.063189E+01 3.249E-03
      37   6   2   100    8  -3.93577E-01      64
  2.951827E-01 6.490E+00
  3.419240E-01 4.780E+00
  3.933270E-01 3.580E+00
  4.151590E-01 3.200E+00
  4.382200E-01 2.860E+00
  4.625790E-01 2.550E+00
  4.883090E-01 2.280E+00
  5.154850E-01 2.040E+00
  5.441880E-01 1.820E+00
  5.745030E-01 1.620E+00
  6.065190E-01 1.450E+00
  6.403300E-01 1.300E+00
  6.760350E-01 1.160E+00
  7.137380E-01 1.030E+00
  7.535490E-01 9.230E-01
  7.955830E-01 8.240E-01
  8.399610E-01 7.360E-01
  8.868120E-01 6.570E-01
  9.362690E-01 5.870E-01
  9.884740E-01 5.240E-01
  1.043580E+00 4.680E-01
  1.101730E+00 4.170E-01
  1.163100E+00 3.730E-01
  1.227860E+00 3.330E-01
  1.296190E+00 2.970E-01
  1.368280E+00 2.650E-01
  1.444340E+00 2.360E-01
  1.524560E+00 2.110E-01
  1.609170E+00 1.880E-01
  1.698400E+00 1.680E-01
  1.792500E+00 1.500E-01
  1.891720E+00 1.340E-01
  1.996310E+00 1.190E-01
  2.106580E+00 1.060E-01
  2.222800E+00 9.500E-02
  2.345280E+00 8.480E-02
  2.474350E+00 7.560E-02
  2.610350E+00 6.740E-02
  2.753620E+00 6.020E-02
  2.904530E+00 5.360E-02
  3.063480E+00 4.780E-02
  3.230860E+00 4.270E-02
  3.407110E+00 3.800E-02
  3.592660E+00 3.390E-02
  3.787970E+00 3.020E-02
  3.993540E+00 2.690E-02
  4.209870E+00 2.400E-02
  4.437480E+00 2.140E-02
  4.676940E+00 1.910E-02
  4.928810E+00 1.700E-02
  5.193710E+00 1.520E-02
  5.472260E+00 1.350E-02
  5.765120E+00 1.200E-02
  6.072970E+00 1.070E-02
  6.396540E+00 9.550E-03
  6.736570E+00 8.510E-03
  7.093840E+00 7.580E-03
  7.469160E+00 6.750E-03
  7.863380E+00 6.010E-03
  8.277390E+00 5.350E-03
  8.712090E+00 4.770E-03
  9.168460E+00 4.240E-03
  9.669269E+00 3.835E-03
  1.019686E+01 3.408E-03
      38   6   2   311    7  -3.93478E-01      63
  2.951092E-01 7.759E+00
  3.418260E-01 5.670E+00
  3.932290E-01 4.230E+00
  4.147400E-01 3.770E+00
  4.374340E-01 3.370E+00
  4.613710E-01 3.000E+00
  4.866160E-01 2.680E+00
  5.132370E-01 2.390E+00
  5.413040E-01 2.130E+00
  5.708900E-01 1.900E+00
  6.020730E-01 1.700E+00
  6.349320E-01 1.510E+00
  6.695500E-01 1.350E+00
  7.060160E-01 1.200E+00
  7.444200E-01 1.070E+00
  7.848560E-01 9.570E-01
  8.274240E-01 8.530E-01
  8.722230E-01 7.600E-01
  9.193630E-01 6.780E-01
  9.689530E-01 6.040E-01
  1.021110E+00 5.380E-01
  1.075950E+00 4.790E-01
  1.133590E+00 4.270E-01
  1.194180E+00 3.800E-01
  1.257830E+00 3.380E-01
  1.324700E+00 3.010E-01
  1.394910E+00 2.680E-01
  1.468630E+00 2.390E-01
  1.545990E+00 2.130E-01
  1.627180E+00 1.890E-01
  1.712330E+00 1.680E-01
  1.801640E+00 1.500E-01
  1.895260E+00 1.330E-01
  1.993390E+00 1.190E-01
  2.096210E+00 1.050E-01
  2.203920E+00 9.370E-02
  2.316710E+00 8.330E-02
  2.434790E+00 7.400E-02
  2.558370E+00 6.580E-02
  2.687670E+00 5.850E-02
  2.822920E+00 5.200E-02
  2.964350E+00 4.620E-02
  3.112200E+00 4.100E-02
  3.266710E+00 3.640E-02
  3.428140E+00 3.230E-02
  3.596750E+00 2.870E-02
  3.772810E+00 2.550E-02
  3.956590E+00 2.260E-02
  4.148380E+00 2.010E-02
  4.348470E+00 1.780E-02
  4.557160E+00 1.580E-02
  4.774750E+00 1.400E-02
  5.001560E+00 1.240E-02
  5.237920E+00 1.100E-02
  5.484160E+00 9.790E-03
  5.740610E+00 8.680E-03
  6.007640E+00 7.700E-03
  6.285590E+00 6.820E-03
  6.574840E+00 6.040E-03
  6.875760E+00 5.360E-03
  7.188740E+00 4.750E-03
  7.343480E+00 4.480E-03
  7.694240E+00 4.092E-03
      39   6   2   320    6  -3.90803E-01      63
  2.931022E-01 8.568E+00
  3.391500E-01 6.170E+00
  3.905530E-01 4.500E+00
  4.114940E-01 4.010E+00
  4.334630E-01 3.560E+00
  4.565020E-01 3.170E+00
  4.806570E-01 2.820E+00
  5.059710E-01 2.510E+00
  5.324910E-01 2.230E+00
  5.602660E-01 1.980E+00
  5.893440E-01 1.760E+00
  6.197760E-01 1.570E+00
  6.516150E-01 1.390E+00
  6.849130E-01 1.240E+00
  7.197270E-01 1.100E+00
  7.561110E-01 9.750E-01
  7.941250E-01 8.660E-01
  8.338280E-01 7.690E-01
  8.752810E-01 6.820E-01
  9.185470E-01 6.060E-01
  9.636890E-01 5.380E-01
  1.010770E+00 4.770E-01
  1.059870E+00 4.230E-01
  1.111040E+00 3.750E-01
  1.164370E+00 3.330E-01
  1.219910E+00 2.950E-01
  1.277750E+00 2.620E-01
  1.337970E+00 2.320E-01
  1.400640E+00 2.060E-01
  1.465830E+00 1.820E-01
  1.533640E+00 1.610E-01
  1.604140E+00 1.430E-01
  1.677420E+00 1.270E-01
  1.753560E+00 1.120E-01
  1.832660E+00 9.930E-02
  1.914800E+00 8.790E-02
  2.000090E+00 7.780E-02
  2.088600E+00 6.890E-02
  2.180450E+00 6.100E-02
  2.275720E+00 5.390E-02
  2.374520E+00 4.770E-02
  2.476950E+00 4.220E-02
  2.583120E+00 3.730E-02
  2.693140E+00 3.300E-02
  2.807100E+00 2.920E-02
  2.925130E+00 2.580E-02
  3.047330E+00 2.280E-02
  3.173830E+00 2.020E-02
  3.304740E+00 1.780E-02
  3.440180E+00 1.580E-02
  3.580280E+00 1.390E-02
  3.725150E+00 1.230E-02
  3.874930E+00 1.090E-02
  4.029750E+00 9.610E-03
  4.189740E+00 8.490E-03
  4.355030E+00 7.500E-03
  4.525760E+00 6.620E-03
  4.702070E+00 5.850E-03
  4.884100E+00 5.160E-03
  5.072000E+00 4.560E-03
  5.265910E+00 4.020E-03
  5.072000E+00 4.560E-03
  5.265910E+00 4.020E-03
      40   6   2   120    6  -3.90632E-01      63
  2.929739E-01 8.381E+00
  3.389790E-01 6.030E+00
  3.903820E-01 4.400E+00
  4.112500E-01 3.920E+00
  4.331460E-01 3.490E+00
  4.561130E-01 3.100E+00
  4.801960E-01 2.760E+00
  5.054390E-01 2.450E+00
  5.318890E-01 2.180E+00
  5.595950E-01 1.940E+00
  5.886050E-01 1.720E+00
  6.189700E-01 1.530E+00
  6.507420E-01 1.360E+00
  6.839740E-01 1.210E+00
  7.187230E-01 1.080E+00
  7.550420E-01 9.550E-01
  7.929920E-01 8.480E-01
  8.326300E-01 7.530E-01
  8.740170E-01 6.680E-01
  9.172160E-01 5.930E-01
  9.622900E-01 5.260E-01
  1.009300E+00 4.670E-01
  1.058330E+00 4.140E-01
  1.109420E+00 3.670E-01
  1.162660E+00 3.260E-01
  1.218120E+00 2.890E-01
  1.275870E+00 2.560E-01
  1.335980E+00 2.270E-01
  1.398540E+00 2.010E-01
  1.463610E+00 1.780E-01
  1.531280E+00 1.580E-01
  1.601630E+00 1.400E-01
  1.674750E+00 1.240E-01
  1.750710E+00 1.100E-01
  1.829610E+00 9.710E-02
  1.911530E+00 8.600E-02
  1.996570E+00 7.610E-02
  2.084810E+00 6.730E-02
  2.176350E+00 5.960E-02
  2.271290E+00 5.270E-02
  2.369710E+00 4.660E-02
  2.471740E+00 4.130E-02
  2.577450E+00 3.650E-02
  2.686960E+00 3.230E-02
  2.800380E+00 2.850E-02
  2.917800E+00 2.520E-02
  3.039350E+00 2.230E-02
  3.165120E+00 1.970E-02
  3.295240E+00 1.740E-02
  3.429820E+00 1.540E-02
  3.568970E+00 1.360E-02
  3.712830E+00 1.200E-02
  3.861500E+00 1.060E-02
  4.015110E+00 9.370E-03
  4.173790E+00 8.270E-03
  4.337670E+00 7.310E-03
  4.506880E+00 6.450E-03
  4.681550E+00 5.690E-03
  4.861810E+00 5.030E-03
  5.047810E+00 4.440E-03
  5.239680E+00 3.910E-03
  5.047810E+00 4.440E-03
  5.239680E+00 3.910E-03
      41   6   2   111    7  -3.89787E-01      64
  2.923402E-01 8.145E+00
  3.381340E-01 5.920E+00
  3.895370E-01 4.370E+00
  4.103470E-01 3.900E+00
  4.322840E-01 3.480E+00
  4.554070E-01 3.100E+00
  4.797750E-01 2.770E+00
  5.054530E-01 2.470E+00
  5.325050E-01 2.200E+00
  5.610010E-01 1.960E+00
  5.910120E-01 1.750E+00
  6.226120E-01 1.560E+00
  6.558790E-01 1.390E+00
  6.908930E-01 1.240E+00
  7.277390E-01 1.100E+00
  7.665030E-01 9.840E-01
  8.072760E-01 8.770E-01
  8.501510E-01 7.810E-01
  8.952260E-01 6.960E-01
  9.426010E-01 6.200E-01
  9.923810E-01 5.520E-01
  1.044670E+00 4.910E-01
  1.099590E+00 4.370E-01
  1.157250E+00 3.890E-01
  1.217770E+00 3.470E-01
  1.281270E+00 3.080E-01
  1.347880E+00 2.740E-01
  1.417740E+00 2.440E-01
  1.490980E+00 2.170E-01
  1.567730E+00 1.930E-01
  1.648150E+00 1.720E-01
  1.732380E+00 1.530E-01
  1.820580E+00 1.360E-01
  1.912900E+00 1.210E-01
  2.009510E+00 1.070E-01
  2.110570E+00 9.520E-02
  2.216260E+00 8.460E-02
  2.326750E+00 7.520E-02
  2.442220E+00 6.670E-02
  2.562860E+00 5.930E-02
  2.688860E+00 5.260E-02
  2.820420E+00 4.670E-02
  2.957740E+00 4.150E-02
  3.101020E+00 3.680E-02
  3.250470E+00 3.260E-02
  3.406310E+00 2.900E-02
  3.568770E+00 2.570E-02
  3.738070E+00 2.280E-02
  3.914440E+00 2.020E-02
  4.098130E+00 1.790E-02
  4.289370E+00 1.590E-02
  4.488420E+00 1.410E-02
  4.695530E+00 1.250E-02
  4.910960E+00 1.110E-02
  5.134970E+00 9.790E-03
  5.367850E+00 8.670E-03
  5.609870E+00 7.680E-03
  5.861310E+00 6.800E-03
  6.122470E+00 6.020E-03
  6.393630E+00 5.330E-03
  6.675110E+00 4.720E-03
  6.967210E+00 4.180E-03
  6.675110E+00 4.720E-03
  6.967210E+00 4.180E-03
      42   6   2   300    8  -3.14331E-01      66
  2.357482E-01 7.459E+00
  2.626780E-01 5.770E+00
  3.140810E-01 4.000E+00
  3.314740E-01 3.580E+00
  3.498470E-01 3.190E+00
  3.692550E-01 2.850E+00
  3.897550E-01 2.550E+00
  4.114100E-01 2.280E+00
  4.342840E-01 2.030E+00
  4.584450E-01 1.820E+00
  4.839650E-01 1.620E+00
  5.109200E-01 1.450E+00
  5.393890E-01 1.290E+00
  5.694590E-01 1.160E+00
  6.012160E-01 1.030E+00
  6.347550E-01 9.220E-01
  6.701750E-01 8.230E-01
  7.075800E-01 7.350E-01
  7.470780E-01 6.570E-01
  7.887860E-01 5.860E-01
  8.328250E-01 5.240E-01
  8.793230E-01 4.680E-01
  9.284140E-01 4.170E-01
  9.802410E-01 3.730E-01
  1.034950E+00 3.330E-01
  1.092700E+00 2.970E-01
  1.153660E+00 2.650E-01
  1.218000E+00 2.370E-01
  1.285900E+00 2.110E-01
  1.357560E+00 1.890E-01
  1.433170E+00 1.690E-01
  1.512950E+00 1.500E-01
  1.597120E+00 1.340E-01
  1.685920E+00 1.200E-01
  1.779590E+00 1.070E-01
  1.878390E+00 9.540E-02
  1.982600E+00 8.520E-02
  2.092490E+00 7.600E-02
  2.208370E+00 6.780E-02
  2.330550E+00 6.050E-02
  2.459360E+00 5.400E-02
  2.595140E+00 4.820E-02
  2.738260E+00 4.300E-02
  2.889110E+00 3.830E-02
  3.048070E+00 3.420E-02
  3.215560E+00 3.050E-02
  3.392040E+00 2.720E-02
  3.577940E+00 2.430E-02
  3.773760E+00 2.160E-02
  3.980000E+00 1.930E-02
  4.197190E+00 1.720E-02
  4.425870E+00 1.540E-02
  4.666640E+00 1.370E-02
  4.920080E+00 1.220E-02
  5.186850E+00 1.090E-02
  5.467600E+00 9.700E-03
  5.763020E+00 8.640E-03
  6.073840E+00 7.700E-03
  6.400810E+00 6.870E-03
  6.744740E+00 6.120E-03
  7.106450E+00 5.450E-03
  7.486810E+00 4.860E-03
  7.886720E+00 4.330E-03
  8.307120E+00 3.860E-03
  7.886720E+00 4.330E-03
  8.307120E+00 3.860E-03
      43   6   2   100    9  -3.10715E-01      66
  2.330355E-01 7.984E+00
  2.590610E-01 6.180E+00
  3.104640E-01 4.250E+00
  3.275560E-01 3.800E+00
  3.456050E-01 3.390E+00
  3.646650E-01 3.030E+00
  3.847930E-01 2.710E+00
  4.060470E-01 2.420E+00
  4.284920E-01 2.160E+00
  4.521920E-01 1.930E+00
  4.772170E-01 1.720E+00
  5.036420E-01 1.540E+00
  5.315430E-01 1.370E+00
  5.610010E-01 1.230E+00
  5.921040E-01 1.090E+00
  6.249410E-01 9.780E-01
  6.596080E-01 8.730E-01
  6.962040E-01 7.790E-01
  7.348360E-01 6.960E-01
  7.756140E-01 6.210E-01
  8.186560E-01 5.550E-01
  8.640840E-01 4.950E-01
  9.120280E-01 4.420E-01
  9.626240E-01 3.950E-01
  1.016020E+00 3.520E-01
  1.072350E+00 3.150E-01
  1.131800E+00 2.810E-01
  1.194510E+00 2.510E-01
  1.260660E+00 2.240E-01
  1.330450E+00 2.000E-01
  1.404050E+00 1.780E-01
  1.481690E+00 1.590E-01
  1.563550E+00 1.420E-01
  1.649880E+00 1.270E-01
  1.740900E+00 1.130E-01
  1.836860E+00 1.010E-01
  1.938020E+00 8.990E-02
  2.044650E+00 8.020E-02
  2.157030E+00 7.160E-02
  2.275460E+00 6.380E-02
  2.400260E+00 5.700E-02
  2.531740E+00 5.080E-02
  2.670250E+00 4.530E-02
  2.816160E+00 4.040E-02
  2.969830E+00 3.600E-02
  3.131660E+00 3.210E-02
  3.302070E+00 2.870E-02
  3.481480E+00 2.550E-02
  3.670350E+00 2.280E-02
  3.869140E+00 2.030E-02
  4.078360E+00 1.810E-02
  4.298520E+00 1.610E-02
  4.530160E+00 1.440E-02
  4.773850E+00 1.280E-02
  5.030180E+00 1.140E-02
  5.299760E+00 1.020E-02
  5.583240E+00 9.070E-03
  5.881290E+00 8.080E-03
  6.194630E+00 7.200E-03
  6.523980E+00 6.410E-03
  6.870100E+00 5.720E-03
  7.233820E+00 5.090E-03
  7.615940E+00 4.530E-03
  8.017360E+00 4.040E-03
  7.615940E+00 4.530E-03
  8.017360E+00 4.040E-03
      44   6   2   311    8  -3.10643E-01      65
  2.329822E-01 9.475E+00
  2.589900E-01 7.320E+00
  3.103930E-01 5.000E+00
  3.273890E-01 4.470E+00
  3.453190E-01 3.980E+00
  3.642310E-01 3.560E+00
  3.841760E-01 3.170E+00
  4.052100E-01 2.830E+00
  4.273880E-01 2.530E+00
  4.507700E-01 2.250E+00
  4.754170E-01 2.010E+00
  5.013930E-01 1.790E+00
  5.287660E-01 1.600E+00
  5.576070E-01 1.430E+00
  5.879890E-01 1.270E+00
  6.199890E-01 1.130E+00
  6.536870E-01 1.010E+00
  6.891670E-01 9.020E-01
  7.265160E-01 8.040E-01
  7.658250E-01 7.160E-01
  8.071880E-01 6.390E-01
  8.507040E-01 5.690E-01
  8.964770E-01 5.070E-01
  9.446120E-01 4.520E-01
  9.952210E-01 4.030E-01
  1.048420E+00 3.590E-01
  1.104330E+00 3.190E-01
  1.163070E+00 2.840E-01
  1.224780E+00 2.530E-01
  1.289580E+00 2.260E-01
  1.357620E+00 2.010E-01
  1.429050E+00 1.790E-01
  1.504010E+00 1.590E-01
  1.582660E+00 1.410E-01
  1.665160E+00 1.260E-01
  1.751680E+00 1.120E-01
  1.842390E+00 9.970E-02
  1.937480E+00 8.870E-02
  2.037120E+00 7.890E-02
  2.141510E+00 7.010E-02
  2.250850E+00 6.240E-02
  2.365340E+00 5.540E-02
  2.485200E+00 4.930E-02
  2.610650E+00 4.380E-02
  2.741910E+00 3.890E-02
  2.879220E+00 3.460E-02
  3.022820E+00 3.080E-02
  3.172960E+00 2.730E-02
  3.329900E+00 2.430E-02
  3.493900E+00 2.150E-02
  3.665240E+00 1.910E-02
  3.844190E+00 1.700E-02
  4.031060E+00 1.510E-02
  4.226150E+00 1.340E-02
  4.429750E+00 1.190E-02
  4.642190E+00 1.050E-02
  4.863800E+00 9.360E-03
  5.094920E+00 8.310E-03
  5.335890E+00 7.370E-03
  5.587070E+00 6.540E-03
  5.848820E+00 5.800E-03
  6.121530E+00 5.140E-03
  6.405590E+00 4.560E-03
  6.121530E+00 5.140E-03
  6.405590E+00 4.560E-03
      45   6   2   320    7  -3.08768E-01      63
  2.315760E-01 1.047E+01
  2.571150E-01 8.000E+00
  3.085180E-01 5.360E+00
  3.250870E-01 4.770E+00
  3.424970E-01 4.250E+00
  3.607860E-01 3.780E+00
  3.799930E-01 3.370E+00
  4.001560E-01 3.000E+00
  4.213170E-01 2.670E+00
  4.435170E-01 2.370E+00
  4.668020E-01 2.110E+00
  4.912150E-01 1.880E+00
  5.168030E-01 1.670E+00
  5.436140E-01 1.490E+00
  5.716960E-01 1.320E+00
  6.011000E-01 1.170E+00
  6.318780E-01 1.040E+00
  6.640840E-01 9.270E-01
  6.977720E-01 8.240E-01
  7.329990E-01 7.320E-01
  7.698220E-01 6.500E-01
  8.083010E-01 5.770E-01
  8.484970E-01 5.120E-01
  8.904720E-01 4.550E-01
  9.342910E-01 4.040E-01
  9.800190E-01 3.580E-01
  1.027720E+00 3.180E-01
  1.077470E+00 2.820E-01
  1.129340E+00 2.500E-01
  1.183390E+00 2.220E-01
  1.239710E+00 1.970E-01
  1.298360E+00 1.750E-01
  1.359430E+00 1.550E-01
  1.423000E+00 1.370E-01
  1.489140E+00 1.220E-01
  1.557940E+00 1.080E-01
  1.629480E+00 9.540E-02
  1.703850E+00 8.450E-02
  1.781140E+00 7.480E-02
  1.861440E+00 6.630E-02
  1.944830E+00 5.870E-02
  2.031430E+00 5.190E-02
  2.121310E+00 4.600E-02
  2.214580E+00 4.070E-02
  2.311340E+00 3.600E-02
  2.411680E+00 3.190E-02
  2.515720E+00 2.820E-02
  2.623570E+00 2.490E-02
  2.735320E+00 2.210E-02
  2.851080E+00 1.950E-02
  2.970980E+00 1.720E-02
  3.095120E+00 1.520E-02
  3.223620E+00 1.350E-02
  3.356610E+00 1.190E-02
  3.494190E+00 1.050E-02
  3.636500E+00 9.300E-03
  3.783650E+00 8.220E-03
  3.935790E+00 7.260E-03
  4.093030E+00 6.410E-03
  4.255520E+00 5.660E-03
  4.423370E+00 5.000E-03
  4.255520E+00 5.660E-03
  4.423370E+00 5.000E-03
      46   6   2   120    7  -3.08647E-01      63
  2.314852E-01 1.023E+01
  2.569940E-01 7.820E+00
  3.083970E-01 5.240E+00
  3.249060E-01 4.660E+00
  3.422580E-01 4.150E+00
  3.604880E-01 3.700E+00
  3.796360E-01 3.290E+00
  3.997410E-01 2.930E+00
  4.208450E-01 2.610E+00
  4.429900E-01 2.320E+00
  4.662200E-01 2.060E+00
  4.905800E-01 1.840E+00
  5.161160E-01 1.630E+00
  5.428760E-01 1.450E+00
  5.709090E-01 1.290E+00
  6.002660E-01 1.150E+00
  6.309980E-01 1.020E+00
  6.631580E-01 9.070E-01
  6.968030E-01 8.060E-01
  7.319860E-01 7.160E-01
  7.687670E-01 6.360E-01
  8.072040E-01 5.640E-01
  8.473590E-01 5.010E-01
  8.892920E-01 4.450E-01
  9.330670E-01 3.950E-01
  9.787500E-01 3.500E-01
  1.026410E+00 3.110E-01
  1.076110E+00 2.760E-01
  1.127920E+00 2.450E-01
  1.181910E+00 2.170E-01
  1.238170E+00 1.920E-01
  1.296750E+00 1.710E-01
  1.357740E+00 1.510E-01
  1.421210E+00 1.340E-01
  1.487250E+00 1.190E-01
  1.555940E+00 1.050E-01
  1.627350E+00 9.320E-02
  1.701580E+00 8.250E-02
  1.778700E+00 7.310E-02
  1.858810E+00 6.470E-02
  1.942000E+00 5.730E-02
  2.028360E+00 5.070E-02
  2.117980E+00 4.490E-02
  2.210960E+00 3.970E-02
  2.307390E+00 3.520E-02
  2.407370E+00 3.110E-02
  2.511000E+00 2.750E-02
  2.618400E+00 2.430E-02
  2.729650E+00 2.150E-02
  2.844860E+00 1.900E-02
  2.964150E+00 1.680E-02
  3.087630E+00 1.490E-02
  3.215400E+00 1.310E-02
  3.347580E+00 1.160E-02
  3.484290E+00 1.030E-02
  3.625640E+00 9.060E-03
  3.771750E+00 8.000E-03
  3.922760E+00 7.070E-03
  4.078770E+00 6.240E-03
  4.239920E+00 5.510E-03
  4.406340E+00 4.870E-03
  4.239920E+00 5.510E-03
  4.406340E+00 4.870E-03
      47   6   2   111    8  -3.08055E-01      64
  2.310412E-01 1.000E+01
  2.564020E-01 7.690E+00
  3.078050E-01 5.190E+00
  3.242690E-01 4.630E+00
  3.416270E-01 4.130E+00
  3.599240E-01 3.690E+00
  3.792110E-01 3.290E+00
  3.995380E-01 2.940E+00
  4.209570E-01 2.620E+00
  4.435250E-01 2.340E+00
  4.672990E-01 2.080E+00
  4.923400E-01 1.860E+00
  5.187120E-01 1.660E+00
  5.464790E-01 1.480E+00
  5.757110E-01 1.320E+00
  6.064800E-01 1.170E+00
  6.388590E-01 1.050E+00
  6.729260E-01 9.320E-01
  7.087610E-01 8.300E-01
  7.464490E-01 7.390E-01
  7.860760E-01 6.590E-01
  8.277330E-01 5.870E-01
  8.715140E-01 5.230E-01
  9.175160E-01 4.650E-01
  9.658400E-01 4.140E-01
  1.016590E+00 3.690E-01
  1.069880E+00 3.290E-01
  1.125810E+00 2.920E-01
  1.184510E+00 2.600E-01
  1.246090E+00 2.320E-01
  1.310690E+00 2.060E-01
  1.378420E+00 1.830E-01
  1.449420E+00 1.630E-01
  1.523830E+00 1.450E-01
  1.601790E+00 1.290E-01
  1.683450E+00 1.150E-01
  1.768950E+00 1.020E-01
  1.858470E+00 9.060E-02
  1.952150E+00 8.050E-02
  2.050160E+00 7.160E-02
  2.152670E+00 6.360E-02
  2.259860E+00 5.650E-02
  2.371910E+00 5.020E-02
  2.489010E+00 4.460E-02
  2.611340E+00 3.960E-02
  2.739110E+00 3.510E-02
  2.872520E+00 3.120E-02
  3.011780E+00 2.770E-02
  3.157100E+00 2.460E-02
  3.308700E+00 2.180E-02
  3.466810E+00 1.930E-02
  3.631650E+00 1.720E-02
  3.803480E+00 1.520E-02
  3.982530E+00 1.350E-02
  4.169050E+00 1.200E-02
  4.363310E+00 1.060E-02
  4.565550E+00 9.410E-03
  4.776070E+00 8.340E-03
  4.995120E+00 7.390E-03
  5.223000E+00 6.550E-03
  5.460000E+00 5.810E-03
  5.706420E+00 5.140E-03
  5.460000E+00 5.810E-03
  5.706420E+00 5.140E-03
      48   6   2   300    9  -2.54139E-01      66
  1.906042E-01 8.865E+00
  2.024860E-01 7.450E+00
  2.538890E-01 4.670E+00
  2.678380E-01 4.170E+00
  2.825690E-01 3.730E+00
  2.981250E-01 3.330E+00
  3.145530E-01 2.970E+00
  3.319030E-01 2.660E+00
  3.502250E-01 2.370E+00
  3.695740E-01 2.120E+00
  3.900070E-01 1.890E+00
  4.115850E-01 1.690E+00
  4.343730E-01 1.510E+00
  4.584370E-01 1.350E+00
  4.838490E-01 1.200E+00
  5.106830E-01 1.080E+00
  5.390180E-01 9.600E-01
  5.689390E-01 8.580E-01
  6.005320E-01 7.660E-01
  6.338900E-01 6.840E-01
  6.691110E-01 6.110E-01
  7.062970E-01 5.450E-01
  7.455570E-01 4.870E-01
  7.870040E-01 4.350E-01
  8.307580E-01 3.880E-01
  8.769460E-01 3.470E-01
  9.257010E-01 3.100E-01
  9.771620E-01 2.760E-01
  1.031480E+00 2.470E-01
  1.088800E+00 2.200E-01
  1.149300E+00 1.970E-01
  1.213140E+00 1.760E-01
  1.280500E+00 1.570E-01
  1.351580E+00 1.400E-01
  1.426570E+00 1.250E-01
  1.505690E+00 1.110E-01
  1.589150E+00 9.940E-02
  1.677180E+00 8.880E-02
  1.770030E+00 7.920E-02
  1.867960E+00 7.070E-02
  1.971230E+00 6.310E-02
  2.080130E+00 5.630E-02
  2.194950E+00 5.020E-02
  2.316000E+00 4.480E-02
  2.443610E+00 4.000E-02
  2.578130E+00 3.570E-02
  2.719900E+00 3.180E-02
  2.869310E+00 2.840E-02
  3.026760E+00 2.530E-02
  3.192660E+00 2.260E-02
  3.367440E+00 2.010E-02
  3.551560E+00 1.800E-02
  3.745500E+00 1.600E-02
  3.949750E+00 1.430E-02
  4.164860E+00 1.270E-02
  4.391350E+00 1.140E-02
  4.629810E+00 1.010E-02
  4.880850E+00 9.040E-03
  5.145080E+00 8.060E-03
  5.423180E+00 7.180E-03
  5.715830E+00 6.400E-03
  6.023770E+00 5.710E-03
  6.347730E+00 5.090E-03
  6.688520E+00 4.530E-03
  6.347730E+00 5.090E-03
  6.688520E+00 4.530E-03
      49   6   2   100   10  -2.51510E-01      66
  1.886325E-01 9.478E+00
  1.998570E-01 8.000E+00
  2.512600E-01 4.970E+00
  2.649950E-01 4.440E+00
  2.794950E-01 3.960E+00
  2.948040E-01 3.540E+00
  3.109670E-01 3.160E+00
  3.280300E-01 2.820E+00
  3.460460E-01 2.520E+00
  3.650650E-01 2.250E+00
  3.851450E-01 2.010E+00
  4.063440E-01 1.790E+00
  4.287240E-01 1.600E+00
  4.523500E-01 1.430E+00
  4.772920E-01 1.280E+00
  5.036220E-01 1.140E+00
  5.314160E-01 1.020E+00
  5.607540E-01 9.090E-01
  5.917230E-01 8.120E-01
  6.244110E-01 7.250E-01
  6.589130E-01 6.470E-01
  6.953260E-01 5.780E-01
  7.337570E-01 5.160E-01
  7.743140E-01 4.610E-01
  8.171140E-01 4.110E-01
  8.622770E-01 3.670E-01
  9.099310E-01 3.280E-01
  9.602120E-01 2.920E-01
  1.013260E+00 2.610E-01
  1.069230E+00 2.330E-01
  1.128260E+00 2.080E-01
  1.190540E+00 1.860E-01
  1.256220E+00 1.660E-01
  1.325500E+00 1.480E-01
  1.398560E+00 1.320E-01
  1.475610E+00 1.180E-01
  1.556840E+00 1.050E-01
  1.642490E+00 9.370E-02
  1.732790E+00 8.360E-02
  1.827980E+00 7.460E-02
  1.928310E+00 6.660E-02
  2.034060E+00 5.940E-02
  2.145500E+00 5.300E-02
  2.262930E+00 4.730E-02
  2.386670E+00 4.220E-02
  2.517030E+00 3.760E-02
  2.654350E+00 3.350E-02
  2.799000E+00 2.990E-02
  2.951340E+00 2.670E-02
  3.111760E+00 2.380E-02
  3.280690E+00 2.120E-02
  3.458540E+00 1.890E-02
  3.645770E+00 1.690E-02
  3.842840E+00 1.500E-02
  4.050250E+00 1.340E-02
  4.268520E+00 1.190E-02
  4.498190E+00 1.060E-02
  4.739810E+00 9.490E-03
  4.993980E+00 8.460E-03
  5.261320E+00 7.540E-03
  5.542480E+00 6.720E-03
  5.838120E+00 5.990E-03
  6.148950E+00 5.340E-03
  6.475710E+00 4.750E-03
  6.148950E+00 5.340E-03
  6.475710E+00 4.750E-03
      50   6   2   311    9  -2.51457E-01      65
  1.885934E-01 1.124E+01
  1.998050E-01 9.450E+00
  2.512080E-01 5.830E+00
  2.648540E-01 5.200E+00
  2.792520E-01 4.640E+00
  2.944420E-01 4.140E+00
  3.104680E-01 3.700E+00
  3.273720E-01 3.300E+00
  3.452010E-01 2.950E+00
  3.640050E-01 2.630E+00
  3.838330E-01 2.350E+00
  4.047400E-01 2.090E+00
  4.267820E-01 1.870E+00
  4.500160E-01 1.670E+00
  4.745040E-01 1.490E+00
  5.003110E-01 1.320E+00
  5.275020E-01 1.180E+00
  5.561490E-01 1.050E+00
  5.863230E-01 9.400E-01
  6.181010E-01 8.380E-01
  6.515630E-01 7.470E-01
  6.867910E-01 6.660E-01
  7.238730E-01 5.940E-01
  7.628980E-01 5.290E-01
  8.039610E-01 4.720E-01
  8.471590E-01 4.200E-01
  8.925940E-01 3.750E-01
  9.403730E-01 3.340E-01
  9.906060E-01 2.970E-01
  1.043410E+00 2.650E-01
  1.098900E+00 2.360E-01
  1.157200E+00 2.100E-01
  1.218440E+00 1.870E-01
  1.282760E+00 1.670E-01
  1.350290E+00 1.480E-01
  1.421180E+00 1.320E-01
  1.495580E+00 1.170E-01
  1.573640E+00 1.050E-01
  1.655520E+00 9.300E-02
  1.741400E+00 8.280E-02
  1.831440E+00 7.370E-02
  1.925820E+00 6.550E-02
  2.024720E+00 5.830E-02
  2.128350E+00 5.180E-02
  2.236890E+00 4.610E-02
  2.350550E+00 4.100E-02
  2.469550E+00 3.640E-02
  2.594100E+00 3.240E-02
  2.724430E+00 2.880E-02
  2.860760E+00 2.560E-02
  3.003360E+00 2.270E-02
  3.152450E+00 2.020E-02
  3.308300E+00 1.790E-02
  3.471180E+00 1.590E-02
  3.641360E+00 1.410E-02
  3.819110E+00 1.260E-02
  4.004740E+00 1.120E-02
  4.198530E+00 9.900E-03
  4.400810E+00 8.790E-03
  4.611880E+00 7.800E-03
  4.832080E+00 6.920E-03
  5.061730E+00 6.140E-03
  5.301200E+00 5.450E-03
  5.061730E+00 6.140E-03
  5.301200E+00 5.450E-03
      51   6   2   320    8  -2.50093E-01      63
  1.875697E-01 1.238E+01
  1.984400E-01 1.040E+01
  2.498430E-01 6.260E+00
  2.632910E-01 5.580E+00
  2.774370E-01 4.970E+00
  2.923130E-01 4.420E+00
  3.079520E-01 3.940E+00
  3.243890E-01 3.510E+00
  3.416600E-01 3.130E+00
  3.598020E-01 2.780E+00
  3.788520E-01 2.480E+00
  3.988520E-01 2.210E+00
  4.198400E-01 1.960E+00
  4.418600E-01 1.750E+00
  4.649550E-01 1.550E+00
  4.891690E-01 1.380E+00
  5.145500E-01 1.230E+00
  5.411440E-01 1.090E+00
  5.690010E-01 9.720E-01
  5.981700E-01 8.640E-01
  6.287050E-01 7.680E-01
  6.606580E-01 6.820E-01
  6.940840E-01 6.060E-01
  7.290390E-01 5.390E-01
  7.655820E-01 4.780E-01
  8.037720E-01 4.250E-01
  8.436690E-01 3.770E-01
  8.853380E-01 3.350E-01
  9.288410E-01 2.970E-01
  9.742440E-01 2.640E-01
  1.021620E+00 2.340E-01
  1.071020E+00 2.080E-01
  1.122540E+00 1.840E-01
  1.176240E+00 1.630E-01
  1.232190E+00 1.450E-01
  1.290470E+00 1.280E-01
  1.351170E+00 1.140E-01
  1.414350E+00 1.010E-01
  1.480100E+00 8.950E-02
  1.548500E+00 7.930E-02
  1.619640E+00 7.020E-02
  1.693600E+00 6.220E-02
  1.770480E+00 5.510E-02
  1.850360E+00 4.880E-02
  1.933340E+00 4.320E-02
  2.019510E+00 3.830E-02
  2.108970E+00 3.390E-02
  2.201810E+00 3.000E-02
  2.298150E+00 2.650E-02
  2.398070E+00 2.350E-02
  2.501680E+00 2.080E-02
  2.609090E+00 1.840E-02
  2.720420E+00 1.630E-02
  2.835760E+00 1.440E-02
  2.955240E+00 1.270E-02
  3.078960E+00 1.120E-02
  3.207050E+00 9.940E-03
  3.339630E+00 8.780E-03
  3.476810E+00 7.760E-03
  3.618730E+00 6.860E-03
  3.765500E+00 6.060E-03
  3.618730E+00 6.860E-03
  3.765500E+00 6.060E-03
      52   6   2   120    8  -2.50004E-01      63
  1.875030E-01 1.203E+01
  1.983510E-01 1.010E+01
  2.497540E-01 6.110E+00
  2.630490E-01 5.440E+00
  2.770390E-01 4.850E+00
  2.917570E-01 4.320E+00
  3.072360E-01 3.850E+00
  3.235130E-01 3.430E+00
  3.406230E-01 3.050E+00
  3.586030E-01 2.720E+00
  3.774940E-01 2.420E+00
  3.973340E-01 2.160E+00
  4.181650E-01 1.920E+00
  4.400300E-01 1.710E+00
  4.629730E-01 1.520E+00
  4.870400E-01 1.350E+00
  5.122770E-01 1.200E+00
  5.387320E-01 1.070E+00
  5.664550E-01 9.510E-01
  5.954970E-01 8.460E-01
  6.259100E-01 7.520E-01
  6.577480E-01 6.680E-01
  6.910670E-01 5.940E-01
  7.259220E-01 5.280E-01
  7.623720E-01 4.690E-01
  8.004770E-01 4.160E-01
  8.402970E-01 3.700E-01
  8.818960E-01 3.280E-01
  9.253370E-01 2.910E-01
  9.706860E-01 2.590E-01
  1.018010E+00 2.290E-01
  1.067380E+00 2.040E-01
  1.118860E+00 1.810E-01
  1.172530E+00 1.600E-01
  1.228450E+00 1.420E-01
  1.286710E+00 1.260E-01
  1.347380E+00 1.120E-01
  1.410540E+00 9.900E-02
  1.476260E+00 8.770E-02
  1.544640E+00 7.770E-02
  1.615750E+00 6.890E-02
  1.689670E+00 6.100E-02
  1.766500E+00 5.400E-02
  1.846310E+00 4.780E-02
  1.929210E+00 4.240E-02
  2.015280E+00 3.750E-02
  2.104610E+00 3.320E-02
  2.197300E+00 2.940E-02
  2.293450E+00 2.600E-02
  2.393150E+00 2.300E-02
  2.496510E+00 2.030E-02
  2.603620E+00 1.800E-02
  2.714590E+00 1.590E-02
  2.829520E+00 1.410E-02
  2.948520E+00 1.240E-02
  3.071700E+00 1.100E-02
  3.199180E+00 9.710E-03
  3.331050E+00 8.580E-03
  3.467450E+00 7.580E-03
  3.608470E+00 6.700E-03
  3.754250E+00 5.920E-03
  3.608470E+00 6.700E-03
  3.754250E+00 5.920E-03
      53   6   2   111    9  -2.49573E-01      65
  1.871797E-01 1.185E+01
  1.979200E-01 9.970E+00
  2.493230E-01 6.070E+00
  2.625680E-01 5.420E+00
  2.765360E-01 4.830E+00
  2.912640E-01 4.310E+00
  3.067920E-01 3.850E+00
  3.231640E-01 3.430E+00
  3.404210E-01 3.060E+00
  3.586110E-01 2.730E+00
  3.777830E-01 2.440E+00
  3.979850E-01 2.170E+00
  4.192710E-01 1.940E+00
  4.416960E-01 1.730E+00
  4.653180E-01 1.540E+00
  4.901960E-01 1.380E+00
  5.163930E-01 1.230E+00
  5.439740E-01 1.090E+00
  5.730070E-01 9.740E-01
  6.035640E-01 8.680E-01
  6.357170E-01 7.740E-01
  6.695440E-01 6.900E-01
  7.051250E-01 6.150E-01
  7.425420E-01 5.480E-01
  7.818820E-01 4.880E-01
  8.232360E-01 4.350E-01
  8.666940E-01 3.870E-01
  9.123560E-01 3.450E-01
  9.603200E-01 3.070E-01
  1.010690E+00 2.730E-01
  1.063580E+00 2.430E-01
  1.119090E+00 2.160E-01
  1.177340E+00 1.930E-01
  1.238460E+00 1.710E-01
  1.302560E+00 1.530E-01
  1.369770E+00 1.360E-01
  1.440230E+00 1.210E-01
  1.514070E+00 1.070E-01
  1.591440E+00 9.550E-02
  1.672480E+00 8.490E-02
  1.757330E+00 7.550E-02
  1.846160E+00 6.710E-02
  1.939130E+00 5.960E-02
  2.036400E+00 5.300E-02
  2.138140E+00 4.710E-02
  2.244530E+00 4.180E-02
  2.355750E+00 3.720E-02
  2.471980E+00 3.300E-02
  2.593410E+00 2.930E-02
  2.720250E+00 2.600E-02
  2.852690E+00 2.310E-02
  2.990940E+00 2.050E-02
  3.135220E+00 1.820E-02
  3.285750E+00 1.620E-02
  3.442750E+00 1.430E-02
  3.606450E+00 1.270E-02
  3.777100E+00 1.130E-02
  3.954930E+00 1.000E-02
  4.140200E+00 8.870E-03
  4.333170E+00 7.870E-03
  4.534090E+00 6.970E-03
  4.743250E+00 6.180E-03
  4.960910E+00 5.480E-03
  4.743250E+00 6.180E-03
  4.960910E+00 5.480E-03
 ================================================
