 ====================================================================
      i NZ NE iSLP iLV iCONF                 E(RYD)      TE(RYD)   gi
 ====================================================================
      1  8  8  310   1 2s2 2p4         -1.00351E+00  0.00000E+00  9.0
      2  8  8  120   1 2s2 2p4         -8.51519E-01  1.51991E-01  5.0
      3  8  8  100   1 2s2 2p4         -6.77557E-01  3.25953E-01  1.0
      4  8  8  501   1 2p3(4SO) 3s     -3.21618E-01  6.81892E-01  5.0
      5  8  8  301   1 2p3(4SO) 3s     -2.93894E-01  7.09616E-01  3.0
      6  8  8  510   1 2p3(4SO) 3p     -2.08196E-01  7.95314E-01 15.0
      7  8  8  310   2 2p3(4SO) 3p     -1.89969E-01  8.13541E-01  9.0
      8  8  8  501   2 2p3(4SO) 4s     -1.29298E-01  8.74212E-01  5.0
      9  8  8  301   2 2p3(4SO) 4s     -1.22358E-01  8.81152E-01  3.0
     10  8  8  521   1 2p3(4SO) 3d     -1.12247E-01  8.91263E-01 25.0
     11  8  8  321   1 2p3(4SO) 3d     -1.11481E-01  8.92029E-01 15.0
     12  8  8  510   2 2p3(4SO) 4p     -9.70244E-02  9.06486E-01 15.0
     13  8  8  310   3 2p3(4SO) 4p     -9.15127E-02  9.11997E-01  9.0
     14  8  8  321   2 2p3(2DO) 3s     -7.00860E-02  9.33424E-01 15.0
     15  8  8  501   3 2p3(4SO) 5s     -6.97565E-02  9.33753E-01  5.0
     16  8  8  301   3 2p3(4SO) 5s     -6.70033E-02  9.36507E-01  3.0
     17  8  8  521   2 2p3(4SO) 4d     -6.31442E-02  9.40366E-01 25.0
     18  8  8  321   3 2p3(4SO) 4d     -6.26251E-02  9.40885E-01 15.0
     19  8  8  530   1 2p3(4SO) 4f     -6.25090E-02  9.41001E-01 35.0
     20  8  8  330   1 2p3(4SO) 4f     -6.25066E-02  9.41003E-01 21.0
     21  8  8  510   3 2p3(4SO) 5p     -5.62360E-02  9.47274E-01 15.0
     22  8  8  121   1 2p3(2DO) 3s     -5.61535E-02  9.47357E-01  5.0
     23  8  8  310   4 2p3(4SO) 5p     -5.39101E-02  9.49600E-01  9.0
     24  8  8  501   4 2p3(4SO) 6s     -4.36117E-02  9.59898E-01  5.0
     25  8  8  301   4 2p3(4SO) 6s     -4.22472E-02  9.61263E-01  3.0
     26  8  8  521   3 2p3(4SO) 5d     -4.03693E-02  9.63141E-01 25.0
     27  8  8  321   4 2p3(4SO) 5d     -4.01011E-02  9.63409E-01 15.0
     28  8  8  530   2 2p3(4SO) 5f     -4.00069E-02  9.63503E-01 35.0
     29  8  8  330   2 2p3(4SO) 5f     -4.00049E-02  9.63505E-01 21.0
     30  8  8  510   4 2p3(4SO) 6p     -3.67004E-02  9.66810E-01 15.0
     31  8  8  310   5 2p3(4SO) 6p     -3.55168E-02  9.67993E-01  9.0
     32  8  8  501   5 2p3(4SO) 7s     -2.98327E-02  9.73677E-01  5.0
     33  8  8  301   5 2p3(4SO) 7s     -2.90590E-02  9.74451E-01  3.0
     34  8  8  521   4 2p3(4SO) 6d     -2.80039E-02  9.75506E-01 25.0
     35  8  8  321   5 2p3(4SO) 6d     -2.78416E-02  9.75668E-01 15.0
     36  8  8  530   3 2p3(4SO) 6f     -2.77825E-02  9.75727E-01 35.0
     37  8  8  330   3 2p3(4SO) 6f     -2.77811E-02  9.75729E-01 21.0
     38  8  8  510   5 2p3(4SO) 7p     -2.58342E-02  9.77676E-01 15.0
     39  8  8  310   6 2p3(4SO) 7p     -2.51541E-02  9.78356E-01  9.0
     40  8  8  501   6 2p3(4SO) 8s     -2.16877E-02  9.81822E-01  5.0
     41  8  8  301   6 2p3(4SO) 8s     -2.12072E-02  9.82303E-01  3.0
     42  8  8  521   5 2p3(4SO) 7d     -2.05552E-02  9.82955E-01 25.0
     43  8  8  321   6 2p3(4SO) 7d     -2.04501E-02  9.83060E-01 15.0
     44  8  8  530   4 2p3(4SO) 7f     -2.04114E-02  9.83099E-01 35.0
     45  8  8  330   4 2p3(4SO) 7f     -2.04104E-02  9.83100E-01 21.0
     46  8  8  510   6 2p3(4SO) 8p     -1.91695E-02  9.84340E-01 15.0
     47  8  8  310   7 2p3(4SO) 8p     -1.87438E-02  9.84766E-01  9.0
     48  8  8  501   7 2p3(4SO) 9s     -1.64754E-02  9.87035E-01  5.0
     49  8  8  301   7 2p3(4SO) 9s     -1.61567E-02  9.87353E-01  3.0
     50  8  8  521   6 2p3(4SO) 8d     -1.57255E-02  9.87785E-01 25.0
     51  8  8  321   7 2p3(4SO) 8d     -1.56539E-02  9.87856E-01 15.0
     52  8  8  530   5 2p3(4SO) 8f     -1.56273E-02  9.87883E-01 35.0
     53  8  8  330   5 2p3(4SO) 8f     -1.56266E-02  9.87883E-01 21.0
     54  8  8  510   7 2p3(4SO) 9p     -1.47880E-02  9.88722E-01 15.0
     55  8  8  310   8 2p3(4SO) 9p     -1.45042E-02  9.89006E-01  9.0
     56  8  8  501   8 2p3(4SO)10s     -1.29394E-02  9.90571E-01  5.0
     57  8  8  301   8 2p3(4SO)10s     -1.27173E-02  9.90793E-01  3.0
     58  8  8  521   7 2p3(4SO) 9d     -1.24172E-02  9.91093E-01 25.0
     59  8  8  321   8 2p3(4SO) 9d     -1.23663E-02  9.91144E-01 15.0
     60  8  8  530   6 2p3(4SO) 9f     -1.23473E-02  9.91163E-01 35.0
     61  8  8  330   6 2p3(4SO) 9f     -1.23468E-02  9.91163E-01 21.0
     62  8  8  510   8 2p3(4SO)10p     -1.17540E-02  9.91756E-01 15.0
     63  8  8  310   9 2p3(4SO)10p     -1.15554E-02  9.91955E-01  9.0
     64  8  8  501   9 2p3(4SO)11s     -1.04308E-02  9.93079E-01  5.0
     65  8  8  301   9 2p3(4SO)11s     -1.02699E-02  9.93240E-01  3.0
     66  8  8  521   8 2p3(4SO)10d     -1.00527E-02  9.93457E-01 25.0
     67  8  8  321   9 2p3(4SO)10d     -1.00152E-02  9.93495E-01 15.0
     68  8  8  530   7 2p3(4SO)10f     -1.00013E-02  9.93509E-01 35.0
     69  8  8  330   7 2p3(4SO)10f     -1.00009E-02  9.93509E-01 21.0
     70  8  8  110   1 2p3(2DO) 3p      3.46131E-02  1.03812E+00  3.0
     71  8  8  320   1 2p3(2DO) 3p      3.60014E-02  1.03951E+00 15.0
     72  8  8  130   1 2p3(2DO) 3p      4.15449E-02  1.04505E+00  7.0
     73  8  8  311   1 2p3(2PO) 3s      4.77531E-02  1.05126E+00  9.0
     74  8  8  120   2 2p3(2DO) 3p      6.56298E-02  1.06914E+00  5.0
     75  8  8  111   1 2p3(2PO) 3s      6.59807E-02  1.06949E+00  3.0
     76  8  8  121   2 2p3(2DO) 4s      1.20216E-01  1.12373E+00  5.0
     77  8  8  311   2 2p3(2DO) 3d      1.25952E-01  1.12946E+00  9.0
     78  8  8  101   1 2p3(2DO) 3d      1.32131E-01  1.13564E+00  1.0
     79  8  8  331   1 2p3(2DO) 3d      1.32148E-01  1.13566E+00 21.0
     80  8  8  141   1 2p3(2DO) 3d      1.32384E-01  1.13589E+00  9.0
     81  8  8  111   2 2p3(2DO) 3d      1.32470E-01  1.13598E+00  3.0
     82  8  8  121   3 2p3(2DO) 3d      1.33071E-01  1.13658E+00  5.0
     83  8  8  131   1 2p3(2DO) 3d      1.33207E-01  1.13672E+00  7.0
     84  8  8  110   2 2p3(2DO) 4p      1.44497E-01  1.14801E+00  3.0
     85  8  8  320   2 2p3(2DO) 4p      1.46695E-01  1.15021E+00 15.0
     86  8  8  130   2 2p3(2DO) 4p      1.49136E-01  1.15265E+00  7.0
     87  8  8  311   3 2s 2p5           1.54334E-01  1.15784E+00  9.0
     88  8  8  120   3 2p3(2DO) 4p      1.56563E-01  1.16007E+00  5.0
     89  8  8  300   1 2p3(2PO) 3p      1.59737E-01  1.16325E+00  3.0
     90  8  8  320   3 2p3(2PO) 3p      1.63214E-01  1.16672E+00 15.0
     91  8  8  110   3 2p3(2PO) 3p      1.65408E-01  1.16892E+00  3.0
     92  8  8  120   4 2p3(2PO) 3p      1.74918E-01  1.17843E+00  5.0
     93  8  8  121   4 2p3(2DO) 5s      1.76643E-01  1.18015E+00  5.0
     94  8  8  101   2 2p3(2DO) 4d      1.81240E-01  1.18475E+00  1.0
     95  8  8  111   3 2p3(2DO) 4d      1.81244E-01  1.18475E+00  3.0
     96  8  8  331   2 2p3(2DO) 4d      1.81244E-01  1.18475E+00 21.0
     97  8  8  141   2 2p3(2DO) 4d      1.81388E-01  1.18490E+00  9.0
     98  8  8  121   5 2p3(2DO) 4d      1.81774E-01  1.18528E+00  5.0
     99  8  8  131   2 2p3(2DO) 4d      1.81856E-01  1.18537E+00  7.0
    100  8  8  340   1 2p3(2DO) 4f      1.81883E-01  1.18539E+00 27.0
    101  8  8  150   1 2p3(2DO) 4f      1.81884E-01  1.18539E+00 11.0
    102  8  8  140   1 2p3(2DO) 4f      1.81885E-01  1.18540E+00  9.0
    103  8  8  130   3 2p3(2DO) 4f      1.81886E-01  1.18540E+00  7.0
    104  8  8  110   4 2p3(2DO) 4f      1.81898E-01  1.18541E+00  3.0
    105  8  8  320   4 2p3(2DO) 4f      1.81902E-01  1.18541E+00 15.0
    106  8  8  120   5 2p3(2DO) 4f      1.81925E-01  1.18544E+00  5.0
    107  8  8  311   4 2p3(2DO) 4d      1.84117E-01  1.18763E+00  9.0
    108  8  8  320   5 2p3(2DO) 5p      1.88326E-01  1.19184E+00 15.0
    109  8  8  110   5 2p3(2DO) 5p      1.88887E-01  1.19240E+00  3.0
    110  8  8  130   4 2p3(2DO) 5p      1.88948E-01  1.19246E+00  7.0
    111  8  8  120   6 2p3(2DO) 5p      1.93069E-01  1.19658E+00  5.0
    112  8  8  100   2 2p3(2PO) 3p      1.96414E-01  1.19992E+00  1.0
    113  8  8  121   6 2p3(2DO) 6s      2.01767E-01  1.20528E+00  5.0
    114  8  8  111   4 2p3(2DO) 5d      2.03979E-01  1.20749E+00  3.0
    115  8  8  331   3 2p3(2DO) 5d      2.04017E-01  1.20753E+00 21.0
    116  8  8  101   3 2p3(2DO) 5d      2.04018E-01  1.20753E+00  1.0
    117  8  8  141   3 2p3(2DO) 5d      2.04104E-01  1.20761E+00  9.0
    118  8  8  121   7 2p3(2DO) 5d      2.04322E-01  1.20783E+00  5.0
    119  8  8  131   3 2p3(2DO) 5d      2.04371E-01  1.20788E+00  7.0
    120  8  8  340   2 2p3(2DO) 5f      2.04385E-01  1.20790E+00 27.0
    121  8  8  150   2 2p3(2DO) 5f      2.04386E-01  1.20790E+00 11.0
    122  8  8  140   2 2p3(2DO) 5f      2.04387E-01  1.20790E+00  9.0
    123  8  8  130   5 2p3(2DO) 5f      2.04387E-01  1.20790E+00  7.0
    124  8  8  110   6 2p3(2DO) 5f      2.04390E-01  1.20790E+00  3.0
    125  8  8  320   6 2p3(2DO) 5f      2.04391E-01  1.20790E+00 15.0
    126  8  8  120   7 2p3(2DO) 5f      2.04392E-01  1.20790E+00  5.0
    127  8  8  311   5 2p3(2DO) 5d      2.05057E-01  1.20857E+00  9.0
    128  8  8  320   7 2p3(2DO) 6p      2.07735E-01  1.21125E+00 15.0
    129  8  8  110   7 2p3(2DO) 6p      2.07858E-01  1.21137E+00  3.0
    130  8  8  130   6 2p3(2DO) 6p      2.08112E-01  1.21162E+00  7.0
    131  8  8  120   8 2p3(2DO) 6p      2.10220E-01  1.21373E+00  5.0
    132  8  8  121   8 2p3(2DO) 7s      2.15116E-01  1.21863E+00  5.0
    133  8  8  111   5 2p3(2DO) 6d      2.16343E-01  1.21985E+00  3.0
    134  8  8  331   4 2p3(2DO) 6d      2.16383E-01  1.21989E+00 21.0
    135  8  8  101   4 2p3(2DO) 6d      2.16386E-01  1.21990E+00  1.0
    136  8  8  141   4 2p3(2DO) 6d      2.16438E-01  1.21995E+00  9.0
    137  8  8  121   9 2p3(2DO) 6d      2.16570E-01  1.22008E+00  5.0
    138  8  8  131   4 2p3(2DO) 6d      2.16601E-01  1.22011E+00  7.0
    139  8  8  340   3 2p3(2DO) 6f      2.16609E-01  1.22012E+00 27.0
    140  8  8  150   3 2p3(2DO) 6f      2.16610E-01  1.22012E+00 11.0
    141  8  8  140   3 2p3(2DO) 6f      2.16611E-01  1.22012E+00  9.0
    142  8  8  130   7 2p3(2DO) 6f      2.16611E-01  1.22012E+00  7.0
    143  8  8  120   9 2p3(2DO) 6f      2.16612E-01  1.22012E+00  5.0
    144  8  8  110   8 2p3(2DO) 6f      2.16612E-01  1.22012E+00  3.0
    145  8  8  320   8 2p3(2DO) 6f      2.16612E-01  1.22012E+00 15.0
    146  8  8  311   6 2p3(2DO) 6d      2.16886E-01  1.22040E+00  9.0
    147  8  8  320   9 2p3(2DO) 7p      2.18575E-01  1.22208E+00 15.0
    148  8  8  110   9 2p3(2DO) 7p      2.18616E-01  1.22213E+00  3.0
    149  8  8  130   8 2p3(2DO) 7p      2.18807E-01  1.22232E+00  7.0
    150  8  8  120  10 2p3(2DO) 7p      2.20050E-01  1.22356E+00  5.0
    151  8  8  121  10 2p3(2DO) 8s      2.23048E-01  1.22656E+00  5.0
    152  8  8  111   6 2p3(2DO) 7d      2.23798E-01  1.22731E+00  3.0
    153  8  8  331   5 2p3(2DO) 7d      2.23832E-01  1.22734E+00 21.0
    154  8  8  101   5 2p3(2DO) 7d      2.23835E-01  1.22734E+00  1.0
    155  8  8  141   5 2p3(2DO) 7d      2.23869E-01  1.22738E+00  9.0
    156  8  8  121  11 2p3(2DO) 7d      2.23954E-01  1.22746E+00  5.0
    157  8  8  131   5 2p3(2DO) 7d      2.23975E-01  1.22748E+00  7.0
    158  8  8  340   4 2p3(2DO) 7f      2.23980E-01  1.22749E+00 27.0
    159  8  8  150   4 2p3(2DO) 7f      2.23981E-01  1.22749E+00 11.0
    160  8  8  110  10 2p3(2DO) 7f      2.23982E-01  1.22749E+00  3.0
    161  8  8  120  11 2p3(2DO) 7f      2.23982E-01  1.22749E+00  5.0
    162  8  8  140   4 2p3(2DO) 7f      2.23982E-01  1.22749E+00  9.0
    163  8  8  130   9 2p3(2DO) 7f      2.23982E-01  1.22749E+00  7.0
    164  8  8  320  10 2p3(2DO) 7f      2.23982E-01  1.22749E+00 15.0
    165  8  8  311   7 2p3(2DO) 7d      2.24105E-01  1.22761E+00  9.0
    166  8  8  320  11 2p3(2DO) 8p      2.25231E-01  1.22874E+00 15.0
    167  8  8  110  11 2p3(2DO) 8p      2.25247E-01  1.22876E+00  3.0
    168  8  8  130  10 2p3(2DO) 8p      2.25382E-01  1.22889E+00  7.0
    169  8  8  120  12 2p3(2DO) 8p      2.26178E-01  1.22969E+00  5.0
    170  8  8  121  12 2p3(2DO) 9s      2.28144E-01  1.23165E+00  5.0
    171  8  8  111   7 2p3(2DO) 8d      2.28633E-01  1.23214E+00  3.0
    172  8  8  331   6 2p3(2DO) 8d      2.28663E-01  1.23217E+00 21.0
    173  8  8  101   6 2p3(2DO) 8d      2.28665E-01  1.23217E+00  1.0
    174  8  8  141   6 2p3(2DO) 8d      2.28689E-01  1.23220E+00  9.0
    175  8  8  121  13 2p3(2DO) 8d      2.28746E-01  1.23226E+00  5.0
    176  8  8  131   6 2p3(2DO) 8d      2.28761E-01  1.23227E+00  7.0
    177  8  8  110  12 2p3(2DO) 8f      2.28765E-01  1.23228E+00  3.0
    178  8  8  150   5 2p3(2DO) 8f      2.28765E-01  1.23228E+00 11.0
    179  8  8  120  13 2p3(2DO) 8f      2.28765E-01  1.23228E+00  5.0
    180  8  8  140   5 2p3(2DO) 8f      2.28765E-01  1.23228E+00  9.0
    181  8  8  340   5 2p3(2DO) 8f      2.28765E-01  1.23228E+00 27.0
    182  8  8  130  11 2p3(2DO) 8f      2.28765E-01  1.23228E+00  7.0
    183  8  8  320  12 2p3(2DO) 8f      2.28765E-01  1.23228E+00 15.0
    184  8  8  311   8 2p3(2DO) 8d      2.28817E-01  1.23233E+00  9.0
    185  8  8  320  13 2p3(2DO) 9p      2.29609E-01  1.23312E+00 15.0
    186  8  8  110  13 2p3(2DO) 9p      2.29615E-01  1.23312E+00  3.0
    187  8  8  130  12 2p3(2DO) 9p      2.29712E-01  1.23322E+00  7.0
    188  8  8  120  14 2p3(2DO) 9p      2.30252E-01  1.23376E+00  5.0
    189  8  8  121  14 2p3(2DO)10s      2.31611E-01  1.23512E+00  5.0
    190  8  8  111   8 2p3(2DO) 9d      2.31946E-01  1.23546E+00  3.0
    191  8  8  331   7 2p3(2DO) 9d      2.31972E-01  1.23548E+00 21.0
    192  8  8  101   7 2p3(2DO) 9d      2.31974E-01  1.23548E+00  1.0
    193  8  8  141   7 2p3(2DO) 9d      2.31991E-01  1.23550E+00  9.0
    194  8  8  121  15 2p3(2DO) 9d      2.32031E-01  1.23554E+00  5.0
    195  8  8  131   7 2p3(2DO) 9d      2.32042E-01  1.23555E+00  7.0
    196  8  8  110  14 2p3(2DO) 9f      2.32045E-01  1.23555E+00  3.0
    197  8  8  150   6 2p3(2DO) 9f      2.32045E-01  1.23555E+00 11.0
    198  8  8  120  15 2p3(2DO) 9f      2.32045E-01  1.23555E+00  5.0
    199  8  8  140   6 2p3(2DO) 9f      2.32045E-01  1.23555E+00  9.0
    200  8  8  340   6 2p3(2DO) 9f      2.32045E-01  1.23555E+00 27.0
    201  8  8  130  13 2p3(2DO) 9f      2.32045E-01  1.23555E+00  7.0
    202  8  8  320  14 2p3(2DO) 9f      2.32045E-01  1.23555E+00 15.0
    203  8  8  311   9 2p3(2DO) 9d      2.32059E-01  1.23557E+00  9.0
    204  8  8  320  15 2p3(2DO)10p      2.32641E-01  1.23615E+00 15.0
    205  8  8  110  15 2p3(2DO)10p      2.32643E-01  1.23615E+00  3.0
    206  8  8  130  14 2p3(2DO)10p      2.32715E-01  1.23623E+00  7.0
    207  8  8  120  16 2p3(2DO)10p      2.33098E-01  1.23661E+00  5.0
    208  8  8  121  16 2p3(2DO)11s      2.34075E-01  1.23758E+00  5.0
    209  8  8  111   9 2p3(2DO)10d      2.34315E-01  1.23783E+00  3.0
    210  8  8  331   8 2p3(2DO)10d      2.34337E-01  1.23785E+00 21.0
    211  8  8  101   8 2p3(2DO)10d      2.34339E-01  1.23785E+00  1.0
    212  8  8  141   8 2p3(2DO)10d      2.34351E-01  1.23786E+00  9.0
    213  8  8  311  10 2p3(2DO)10d      2.34383E-01  1.23789E+00  9.0
    214  8  8  120  17 2p3(2DO)10f      2.34391E-01  1.23790E+00  5.0
    215  8  8  320  16 2p3(2DO)10f      2.34391E-01  1.23790E+00 15.0
    216  8  8  110  16 2p3(2DO)10f      2.34391E-01  1.23790E+00  3.0
    217  8  8  300   2 2p3(2PO) 4p      2.71495E-01  1.27500E+00  3.0
    218  8  8  100   3 2p3(2PO) 4p      2.84057E-01  1.28757E+00  1.0
    219  8  8  300   3 2p3(2PO) 5p      3.12430E-01  1.31594E+00  3.0
    220  8  8  100   4 2p3(2PO) 5p      3.18171E-01  1.32168E+00  1.0
    221  8  8  300   4 2p3(2PO) 6p      3.32021E-01  1.33553E+00  3.0
    222  8  8  100   5 2p3(2PO) 6p      3.35110E-01  1.33862E+00  1.0
    223  8  8  300   5 2p3(2PO) 7p      3.42912E-01  1.34642E+00  3.0
    224  8  8  100   6 2p3(2PO) 7p      3.44761E-01  1.34827E+00  1.0
    225  8  8  300   6 2p3(2PO) 8p      3.49590E-01  1.35310E+00  3.0
    226  8  8  100   7 2p3(2PO) 8p      3.50783E-01  1.35429E+00  1.0
    227  8  8  300   7 2p3(2PO) 9p      3.53978E-01  1.35749E+00  3.0
    228  8  8  100   8 2p3(2PO) 9p      3.54793E-01  1.35830E+00  1.0
    229  8  8  300   8 2p3(2PO)10p      3.57017E-01  1.36053E+00  3.0
    230  8  8  100   9 2p3(2PO)10p      3.57597E-01  1.36111E+00  1.0
    231  8  8  511   1 2p4(4PE) 3p      8.79279E-01  1.88279E+00 15.0
    232  8  8  520   1 2p4(4PE) 3d      9.79726E-01  1.98324E+00 25.0
    233  8  8  511   2 2p4(4PE) 4p      9.94407E-01  1.99792E+00 15.0
    234  8  8  520   2 2p4(4PE) 4d      1.02927E+00  2.03278E+00 25.0
    235  8  8  531   1 2p4(4PE) 4f      1.03028E+00  2.03379E+00 35.0
    236  8  8  511   3 2p4(4PE) 5p      1.03600E+00  2.03951E+00 15.0
    237  8  8  520   3 2p4(4PE) 5d      1.05223E+00  2.05574E+00 25.0
    238  8  8  531   2 2p4(4PE) 5f      1.05279E+00  2.05630E+00 35.0
    239  8  8  511   4 2p4(4PE) 6p      1.05582E+00  2.05933E+00 15.0
    240  8  8  520   4 2p4(4PE) 6d      1.06469E+00  2.06820E+00 25.0
    241  8  8  531   3 2p4(4PE) 6f      1.06502E+00  2.06853E+00 35.0
    242  8  8  511   5 2p4(4PE) 7p      1.06681E+00  2.07032E+00 15.0
    243  8  8  520   5 2p4(4PE) 7d      1.07218E+00  2.07569E+00 25.0
    244  8  8  531   4 2p4(4PE) 7f      1.07240E+00  2.07591E+00 35.0
    245  8  8  511   6 2p4(4PE) 8p      1.07354E+00  2.07705E+00 15.0
    246  8  8  520   6 2p4(4PE) 8d      1.07704E+00  2.08055E+00 25.0
    247  8  8  531   5 2p4(4PE) 8f      1.07718E+00  2.08069E+00 35.0
    248  8  8  511   7 2p4(4PE) 9p      1.07795E+00  2.08146E+00 15.0
    249  8  8  520   7 2p4(4PE) 9d      1.08036E+00  2.08387E+00 25.0
    250  8  8  531   6 2p4(4PE) 9f      1.08046E+00  2.08397E+00 35.0
    251  8  8  511   8 2p4(4PE)10p      1.08101E+00  2.08452E+00 15.0
    252  8  8  520   8 2p4(4PE)10d      1.08274E+00  2.08625E+00 25.0
    253  8  8  531   7 2p4(4PE)10f      1.08281E+00  2.08632E+00 35.0
 ====================================================================
