 ====================================================================
      i NZ NE iSLP iLV iCONF                 E(RYD)      TE(RYD)   gi
 ====================================================================
      1  8  7  401   1 2s2 2p3         -2.60437E+00  0.00000E+00  4.0
      2  8  7  221   1 2s2 2p3         -2.34948E+00  2.54890E-01 10.0
      3  8  7  211   1 2s2 2p3         -2.21657E+00  3.87800E-01  6.0
      4  8  7  410   1 2s 2p4          -1.51503E+00  1.08934E+00 12.0
      5  8  7  220   1 2s 2p4          -1.07511E+00  1.52926E+00 10.0
      6  8  7  410   2 2p2(3PE) 3s     -8.86722E-01  1.71765E+00 12.0
      7  8  7  210   1 2p2(3PE) 3s     -8.53531E-01  1.75084E+00  6.0
      8  8  7  200   1 2s 2p4          -7.84349E-01  1.82002E+00  2.0
      9  8  7  201   1 2p2(3PE) 3p     -7.21037E-01  1.88333E+00  2.0
     10  8  7  421   1 2p2(3PE) 3p     -6.93617E-01  1.91075E+00 20.0
     11  8  7  411   1 2p2(3PE) 3p     -6.78698E-01  1.92567E+00 12.0
     12  8  7  220   2 2p2(1DE) 3s     -6.75127E-01  1.92924E+00 10.0
     13  8  7  221   2 2p2(3PE) 3p     -6.48946E-01  1.95542E+00 10.0
     14  8  7  401   2 2p2(3PE) 3p     -6.44298E-01  1.96007E+00  4.0
     15  8  7  210   2 2s 2p4          -6.32123E-01  1.97225E+00  6.0
     16  8  7  211   2 2p2(3PE) 3p     -6.24172E-01  1.98020E+00  6.0
     17  8  7  231   1 2p2(1DE) 3p     -4.89182E-01  2.11519E+00 14.0
     18  8  7  221   3 2p2(1DE) 3p     -4.78154E-01  2.12622E+00 10.0
     19  8  7  430   1 2p2(3PE) 3d     -4.69745E-01  2.13463E+00 28.0
     20  8  7  410   3 2p2(3PE) 3d     -4.59998E-01  2.14437E+00 12.0
     21  8  7  420   1 2p2(3PE) 3d     -4.57632E-01  2.14674E+00 20.0
     22  8  7  230   1 2p2(3PE) 3d     -4.56706E-01  2.14766E+00 14.0
     23  8  7  211   3 2p2(1DE) 3p     -4.54269E-01  2.15010E+00  6.0
     24  8  7  210   3 2p2(3PE) 3d     -4.50742E-01  2.15363E+00  6.0
     25  8  7  220   3 2p2(3PE) 3d     -4.42035E-01  2.16234E+00 10.0
     26  8  7  200   2 2p2(1SE) 3s     -4.39964E-01  2.16441E+00  2.0
     27  8  7  410   4 2p2(3PE) 4s     -4.05330E-01  2.19904E+00 12.0
     28  8  7  210   4 2p2(3PE) 4s     -3.89280E-01  2.21509E+00  6.0
     29  8  7  201   2 2p2(3PE) 4p     -3.48873E-01  2.25550E+00  2.0
     30  8  7  601   1 2p3(5SO) 3s     -3.46695E-01  2.25768E+00  6.0
     31  8  7  421   2 2p2(3PE) 4p     -3.40857E-01  2.26351E+00 20.0
     32  8  7  411   2 2p2(3PE) 4p     -3.36481E-01  2.26789E+00 12.0
     33  8  7  401   3 2p2(3PE) 4p     -3.36449E-01  2.26792E+00  4.0
     34  8  7  221   4 2p2(3PE) 4p     -3.20037E-01  2.28433E+00 10.0
     35  8  7  211   4 2p2(3PE) 4p     -3.15060E-01  2.28931E+00  6.0
     36  8  7  230   2 2p2(1DE) 3d     -2.88479E-01  2.31589E+00 14.0
     37  8  7  240   1 2p2(1DE) 3d     -2.74807E-01  2.32956E+00 18.0
     38  8  7  220   4 2p2(1DE) 3d     -2.72290E-01  2.33208E+00 10.0
     39  8  7  210   5 2p2(1DE) 3d     -2.64650E-01  2.33972E+00  6.0
     40  8  7  430   2 2p2(3PE) 4d     -2.62433E-01  2.34194E+00 28.0
     41  8  7  211   5 2p2(1SE) 3p     -2.61778E-01  2.34259E+00  6.0
     42  8  7  420   2 2p2(3PE) 4d     -2.58026E-01  2.34634E+00 20.0
     43  8  7  410   5 2p2(3PE) 4d     -2.56938E-01  2.34743E+00 12.0
     44  8  7  401   4 2p3(5SO) 3s     -2.55862E-01  2.34851E+00  4.0
     45  8  7  210   6 2p2(3PE) 4d     -2.55124E-01  2.34925E+00  6.0
     46  8  7  230   3 2p2(3PE) 4d     -2.53999E-01  2.35037E+00 14.0
     47  8  7  421   3 2p2(3PE) 4f     -2.51589E-01  2.35278E+00 20.0
     48  8  7  221   5 2p2(3PE) 4f     -2.51582E-01  2.35279E+00 10.0
     49  8  7  441   1 2p2(3PE) 4f     -2.51006E-01  2.35336E+00 36.0
     50  8  7  241   1 2p2(3PE) 4f     -2.50909E-01  2.35346E+00 18.0
     51  8  7  220   5 2p2(3PE) 4d     -2.49749E-01  2.35462E+00 10.0
     52  8  7  431   1 2p2(3PE) 4f     -2.49255E-01  2.35512E+00 28.0
     53  8  7  231   2 2p2(3PE) 4f     -2.49139E-01  2.35523E+00 14.0
     54  8  7  200   3 2p2(1DE) 3d     -2.47039E-01  2.35733E+00  2.0
     55  8  7  410   6 2p2(3PE) 5s     -2.32595E-01  2.37178E+00 12.0
     56  8  7  210   7 2p2(3PE) 5s     -2.26160E-01  2.37821E+00  6.0
     57  8  7  220   6 2p2(1DE) 4s     -2.15832E-01  2.38854E+00 10.0
     58  8  7  201   3 2p2(3PE) 5p     -2.07072E-01  2.39730E+00  2.0
     59  8  7  421   4 2p2(3PE) 5p     -2.03531E-01  2.40084E+00 20.0
     60  8  7  411   3 2p2(3PE) 5p     -2.01506E-01  2.40286E+00 12.0
     61  8  7  221   6 2p2(3PE) 5p     -1.96660E-01  2.40771E+00 10.0
     62  8  7  211   6 2p2(3PE) 5p     -1.91323E-01  2.41305E+00  6.0
     63  8  7  401   5 2p2(3PE) 5p     -1.88013E-01  2.41636E+00  4.0
     64  8  7  430   3 2p2(3PE) 5d     -1.66750E-01  2.43762E+00 28.0
     65  8  7  420   3 2p2(3PE) 5d     -1.64511E-01  2.43986E+00 20.0
     66  8  7  410   7 2p2(3PE) 5d     -1.63885E-01  2.44049E+00 12.0
     67  8  7  210   8 2p2(3PE) 5d     -1.63854E-01  2.44052E+00  6.0
     68  8  7  230   4 2p2(3PE) 5d     -1.62963E-01  2.44141E+00 14.0
     69  8  7  421   5 2p2(3PE) 5f     -1.60893E-01  2.44348E+00 20.0
     70  8  7  221   7 2p2(3PE) 5f     -1.60889E-01  2.44348E+00 10.0
     71  8  7  441   2 2p2(3PE) 5f     -1.60597E-01  2.44377E+00 36.0
     72  8  7  241   2 2p2(3PE) 5f     -1.60517E-01  2.44385E+00 18.0
     73  8  7  230   5 2p2(3PE) 5g     -1.60169E-01  2.44420E+00 14.0
     74  8  7  430   4 2p2(3PE) 5g     -1.60169E-01  2.44420E+00 28.0
     75  8  7  220   7 2p2(3PE) 5d     -1.59980E-01  2.44439E+00 10.0
     76  8  7  440   1 2p2(3PE) 5g     -1.59845E-01  2.44453E+00 36.0
     77  8  7  240   2 2p2(3PE) 5g     -1.59844E-01  2.44453E+00 18.0
     78  8  7  431   2 2p2(3PE) 5f     -1.59667E-01  2.44470E+00 28.0
     79  8  7  231   3 2p2(3PE) 5f     -1.59575E-01  2.44480E+00 14.0
     80  8  7  231   4 2p2(1DE) 4p     -1.50967E-01  2.45340E+00 14.0
     81  8  7  410   8 2p2(3PE) 6s     -1.50917E-01  2.45345E+00 12.0
     82  8  7  221   8 2p2(1DE) 4p     -1.50402E-01  2.45397E+00 10.0
     83  8  7  210   9 2p2(3PE) 6s     -1.47547E-01  2.45682E+00  6.0
     84  8  7  211   7 2p2(1DE) 4p     -1.43044E-01  2.46133E+00  6.0
     85  8  7  610   1 2p3(5SO) 3p     -1.39814E-01  2.46456E+00 18.0
     86  8  7  201   4 2p2(3PE) 6p     -1.37162E-01  2.46721E+00  2.0
     87  8  7  421   6 2p2(3PE) 6p     -1.35336E-01  2.46903E+00 20.0
     88  8  7  411   4 2p2(3PE) 6p     -1.34255E-01  2.47012E+00 12.0
     89  8  7  401   6 2p2(3PE) 6p     -1.28610E-01  2.47576E+00  4.0
     90  8  7  221   9 2p2(3PE) 6p     -1.28203E-01  2.47617E+00 10.0
     91  8  7  211   8 2p2(3PE) 6p     -1.25257E-01  2.47911E+00  6.0
     92  8  7  430   5 2p2(3PE) 6d     -1.15120E-01  2.48925E+00 28.0
     93  8  7  420   4 2p2(3PE) 6d     -1.13839E-01  2.49053E+00 20.0
     94  8  7  410   9 2p2(3PE) 6d     -1.13646E-01  2.49072E+00 12.0
     95  8  7  210  10 2p2(3PE) 6d     -1.13547E-01  2.49082E+00  6.0
     96  8  7  230   6 2p2(3PE) 6d     -1.13096E-01  2.49127E+00 14.0
     97  8  7  421   7 2p2(3PE) 6f     -1.11636E-01  2.49273E+00 20.0
     98  8  7  221  10 2p2(3PE) 6f     -1.11633E-01  2.49274E+00 10.0
     99  8  7  441   3 2p2(3PE) 6f     -1.11475E-01  2.49290E+00 36.0
    100  8  7  241   3 2p2(3PE) 6f     -1.11419E-01  2.49295E+00 18.0
    101  8  7  430   6 2p2(3PE) 6g     -1.11238E-01  2.49313E+00 28.0
    102  8  7  230   7 2p2(3PE) 6g     -1.11238E-01  2.49313E+00 14.0
    103  8  7  220   8 2p2(3PE) 6d     -1.11179E-01  2.49319E+00 10.0
    104  8  7  441   4 2p2(3PE) 6h     -1.11137E-01  2.49323E+00 36.0
    105  8  7  241   4 2p2(3PE) 6h     -1.11137E-01  2.49323E+00 18.0
    106  8  7  440   2 2p2(3PE) 6g     -1.11006E-01  2.49336E+00 36.0
    107  8  7  240   3 2p2(3PE) 6g     -1.11005E-01  2.49337E+00 18.0
    108  8  7  431   3 2p2(3PE) 6f     -1.10951E-01  2.49342E+00 28.0
    109  8  7  231   5 2p2(3PE) 6f     -1.10884E-01  2.49349E+00 14.0
    110  8  7  410  10 2p2(3PE) 7s     -1.05905E-01  2.49847E+00 12.0
    111  8  7  210  11 2p2(3PE) 7s     -1.03809E-01  2.50056E+00  6.0
    112  8  7  201   5 2p2(3PE) 7p     -9.75601E-02  2.50681E+00  2.0
    113  8  7  421   8 2p2(3PE) 7p     -9.64977E-02  2.50787E+00 20.0
    114  8  7  411   5 2p2(3PE) 7p     -9.58521E-02  2.50852E+00 12.0
    115  8  7  221  11 2p2(3PE) 7p     -9.32856E-02  2.51108E+00 10.0
    116  8  7  401   7 2p2(3PE) 7p     -9.27384E-02  2.51163E+00  4.0
    117  8  7  211   9 2p2(3PE) 7p     -9.18607E-02  2.51251E+00  6.0
    118  8  7  410  11 2p2(3PE) 7d     -8.44606E-02  2.51991E+00 12.0
    119  8  7  430   7 2p2(3PE) 7d     -8.41911E-02  2.52018E+00 28.0
    120  8  7  230   8 2p2(3PE) 7d     -8.38009E-02  2.52057E+00 14.0
    121  8  7  420   5 2p2(3PE) 7d     -8.33939E-02  2.52098E+00 20.0
    122  8  7  210  12 2p2(3PE) 7d     -8.33055E-02  2.52106E+00  6.0
    123  8  7  421   9 2p2(3PE) 7f     -8.19657E-02  2.52240E+00 20.0
    124  8  7  221  12 2p2(3PE) 7f     -8.19638E-02  2.52241E+00 10.0
    125  8  7  441   5 2p2(3PE) 7f     -8.18690E-02  2.52250E+00 36.0
    126  8  7  220   9 2p2(3PE) 7d     -8.18377E-02  2.52253E+00 10.0
    127  8  7  241   5 2p2(3PE) 7f     -8.18301E-02  2.52254E+00 18.0
    128  8  7  430   8 2p2(3PE) 7g     -8.17226E-02  2.52265E+00 28.0
    129  8  7  230   9 2p2(3PE) 7g     -8.17226E-02  2.52265E+00 14.0
    130  8  7  441   6 2p2(3PE) 7h     -8.16500E-02  2.52272E+00 36.0
    131  8  7  241   6 2p2(3PE) 7h     -8.16497E-02  2.52272E+00 18.0
    132  8  7  440   3 2p2(3PE) 7g     -8.15614E-02  2.52281E+00 36.0
    133  8  7  240   4 2p2(3PE) 7g     -8.15609E-02  2.52281E+00 18.0
    134  8  7  431   4 2p2(3PE) 7f     -8.15452E-02  2.52283E+00 28.0
    135  8  7  231   6 2p2(3PE) 7f     -8.14980E-02  2.52287E+00 14.0
    136  8  7  410  12 2p2(3PE) 8s     -7.93761E-02  2.52499E+00 12.0
    137  8  7  230  10 2p2(1DE) 4d     -7.75122E-02  2.52686E+00 14.0
    138  8  7  210  13 2p2(3PE) 8s     -7.69930E-02  2.52738E+00  6.0
    139  8  7  410  13 2p3(5SO) 3p     -7.57316E-02  2.52864E+00 12.0
    140  8  7  220  10 2p2(1DE) 4d     -7.47217E-02  2.52965E+00 10.0
    141  8  7  240   5 2p2(1DE) 4d     -7.46673E-02  2.52970E+00 18.0
    142  8  7  201   6 2p2(3PE) 8p     -7.29488E-02  2.53142E+00  2.0
    143  8  7  421  10 2p2(3PE) 8p     -7.22759E-02  2.53209E+00 20.0
    144  8  7  411   6 2p2(3PE) 8p     -7.18590E-02  2.53251E+00 12.0
    145  8  7  221  13 2p2(3PE) 8p     -7.03875E-02  2.53398E+00 10.0
    146  8  7  401   8 2p2(3PE) 8p     -6.99261E-02  2.53444E+00  4.0
    147  8  7  211  10 2p2(3PE) 8p     -6.94923E-02  2.53488E+00  6.0
    148  8  7  210  14 2p2(1DE) 4d     -6.93707E-02  2.53500E+00  6.0
    149  8  7  241   7 2p2(1DE) 4f     -6.91204E-02  2.53525E+00 18.0
    150  8  7  231   7 2p2(1DE) 4f     -6.87745E-02  2.53560E+00 14.0
    151  8  7  221  14 2p2(1DE) 4f     -6.71414E-02  2.53723E+00 10.0
    152  8  7  200   4 2p2(1DE) 4d     -6.62558E-02  2.53811E+00  2.0
    153  8  7  211  11 2p2(1DE) 4f     -6.53645E-02  2.53901E+00  6.0
    154  8  7  430   9 2p2(3PE) 8d     -6.42270E-02  2.54014E+00 28.0
    155  8  7  420   6 2p2(3PE) 8d     -6.36982E-02  2.54067E+00 20.0
    156  8  7  210  15 2p2(3PE) 8d     -6.33795E-02  2.54099E+00  6.0
    157  8  7  220  11 2p2(3PE) 8d     -6.33082E-02  2.54106E+00 10.0
    158  8  7  410  14 2p2(3PE) 8d     -6.30587E-02  2.54131E+00 12.0
    159  8  7  230  11 2p2(3PE) 8d     -6.30333E-02  2.54134E+00 14.0
    160  8  7  421  11 2p2(3PE) 8f     -6.27244E-02  2.54165E+00 20.0
    161  8  7  221  15 2p2(3PE) 8f     -6.27229E-02  2.54165E+00 10.0
    162  8  7  441   7 2p2(3PE) 8f     -6.26616E-02  2.54171E+00 36.0
    163  8  7  241   8 2p2(3PE) 8f     -6.26335E-02  2.54174E+00 18.0
    164  8  7  430  10 2p2(3PE) 8g     -6.25642E-02  2.54181E+00 28.0
    165  8  7  230  12 2p2(3PE) 8g     -6.25640E-02  2.54181E+00 14.0
    166  8  7  441   8 2p2(3PE) 8h     -6.25122E-02  2.54186E+00 36.0
    167  8  7  241   9 2p2(3PE) 8h     -6.25119E-02  2.54186E+00 18.0
    168  8  7  440   4 2p2(3PE) 8g     -6.24504E-02  2.54192E+00 36.0
    169  8  7  240   6 2p2(3PE) 8g     -6.24499E-02  2.54192E+00 18.0
    170  8  7  431   5 2p2(3PE) 8f     -6.24471E-02  2.54192E+00 28.0
    171  8  7  231   8 2p2(3PE) 8f     -6.24134E-02  2.54196E+00 14.0
    172  8  7  220  12 2p2(1SE) 3d     -6.10559E-02  2.54331E+00 10.0
    173  8  7  410  15 2p2(3PE) 9s     -6.00015E-02  2.54437E+00 12.0
    174  8  7  210  16 2p2(3PE) 9s     -5.93676E-02  2.54500E+00  6.0
    175  8  7  201   7 2p2(3PE) 9p     -5.66072E-02  2.54776E+00  2.0
    176  8  7  421  12 2p2(3PE) 9p     -5.61539E-02  2.54822E+00 20.0
    177  8  7  411   7 2p2(3PE) 9p     -5.58687E-02  2.54850E+00 12.0
    178  8  7  221  16 2p2(3PE) 9p     -5.49529E-02  2.54942E+00 10.0
    179  8  7  401   9 2p2(3PE) 9p     -5.45786E-02  2.54979E+00  4.0
    180  8  7  211  12 2p2(3PE) 9p     -5.43453E-02  2.55002E+00  6.0
    181  8  7  430  11 2p2(3PE) 9d     -5.06014E-02  2.55377E+00 28.0
    182  8  7  420   7 2p2(3PE) 9d     -5.02329E-02  2.55414E+00 20.0
    183  8  7  210  17 2p2(3PE) 9d     -5.01030E-02  2.55427E+00  6.0
    184  8  7  410  16 2p2(3PE) 9d     -4.98935E-02  2.55448E+00 12.0
    185  8  7  230  13 2p2(3PE) 9d     -4.98483E-02  2.55452E+00 14.0
    186  8  7  421  13 2p2(3PE) 9f     -4.95411E-02  2.55483E+00 20.0
    187  8  7  221  17 2p2(3PE) 9f     -4.95400E-02  2.55483E+00 10.0
    188  8  7  441   9 2p2(3PE) 9f     -4.94979E-02  2.55487E+00 36.0
    189  8  7  241  10 2p2(3PE) 9f     -4.94774E-02  2.55489E+00 18.0
    190  8  7  430  12 2p2(3PE) 9g     -4.94296E-02  2.55494E+00 28.0
    191  8  7  230  14 2p2(3PE) 9g     -4.94295E-02  2.55494E+00 14.0
    192  8  7  441  10 2p2(3PE) 9h     -4.93916E-02  2.55498E+00 36.0
    193  8  7  241  11 2p2(3PE) 9h     -4.93914E-02  2.55498E+00 18.0
    194  8  7  431   6 2p2(3PE) 9f     -4.93482E-02  2.55502E+00 28.0
    195  8  7  440   5 2p2(3PE) 9g     -4.93470E-02  2.55502E+00 36.0
    196  8  7  240   7 2p2(3PE) 9g     -4.93467E-02  2.55502E+00 18.0
    197  8  7  231   9 2p2(3PE) 9f     -4.93235E-02  2.55505E+00 14.0
    198  8  7  220  13 2p2(3PE) 9d     -4.93047E-02  2.55507E+00 10.0
    199  8  7  410  17 2p2(3PE)10s     -4.76690E-02  2.55670E+00 12.0
    200  8  7  210  18 2p2(3PE)10s     -4.71717E-02  2.55720E+00  6.0
    201  8  7  220  14 2p2(1DE) 5s     -4.66160E-02  2.55775E+00 10.0
    202  8  7  201   8 2p2(3PE)10p     -4.52030E-02  2.55917E+00  2.0
    203  8  7  421  14 2p2(3PE)10p     -4.48830E-02  2.55949E+00 20.0
    204  8  7  411   8 2p2(3PE)10p     -4.46792E-02  2.55969E+00 12.0
    205  8  7  221  18 2p2(3PE)10p     -4.40930E-02  2.56028E+00 10.0
    206  8  7  401  10 2p2(3PE)10p     -4.37728E-02  2.56060E+00  4.0
    207  8  7  211  13 2p2(3PE)10p     -4.36566E-02  2.56071E+00  6.0
    208  8  7  430  13 2p2(3PE)10d     -4.08911E-02  2.56348E+00 28.0
    209  8  7  420   8 2p2(3PE)10d     -4.06242E-02  2.56375E+00 20.0
    210  8  7  210  19 2p2(3PE)10d     -4.05409E-02  2.56383E+00  6.0
    211  8  7  410  18 2p2(3PE)10d     -4.03991E-02  2.56397E+00 12.0
    212  8  7  230  15 2p2(3PE)10d     -4.03631E-02  2.56401E+00 14.0
    213  8  7  421  15 2p2(3PE)10f     -4.01158E-02  2.56425E+00 20.0
    214  8  7  221  19 2p2(3PE)10f     -4.01151E-02  2.56425E+00 10.0
    215  8  7  441  11 2p2(3PE)10f     -4.00849E-02  2.56429E+00 36.0
    216  8  7  241  12 2p2(3PE)10f     -4.00695E-02  2.56430E+00 18.0
    217  8  7  430  14 2p2(3PE)10g     -4.00350E-02  2.56434E+00 28.0
    218  8  7  230  16 2p2(3PE)10g     -4.00350E-02  2.56434E+00 14.0
    219  8  7  200   5 2p2(1SE) 4s     -3.18671E-03  2.60118E+00  2.0
    220  8  7  200   6 2p2(1DE) 5d      2.55923E-02  2.62996E+00  2.0
    221  8  7  200   7 2p2(1DE) 6d      7.23873E-02  2.67676E+00  2.0
    222  8  7  621   1 2p3(5SO) 3d      8.18189E-02  2.68619E+00 30.0
    223  8  7  200   8 2p2(1DE) 7d      1.01430E-01  2.70580E+00  2.0
    224  8  7  200   9 2p2(1DE) 8d      1.20389E-01  2.72476E+00  2.0
    225  8  7  200  10 2p2(1DE) 9d      1.33418E-01  2.73779E+00  2.0
    226  8  7  601   2 2p3(5SO) 4s      1.41678E-01  2.74605E+00  6.0
    227  8  7  200  11 2p2(1DE)10d      1.42747E-01  2.74712E+00  2.0
    228  8  7  610   2 2p3(5SO) 4p      2.08971E-01  2.81334E+00 18.0
    229  8  7  621   2 2p3(5SO) 4d      2.86285E-01  2.89066E+00 30.0
    230  8  7  630   1 2p3(5SO) 4f      2.97690E-01  2.90206E+00 42.0
    231  8  7  601   3 2p3(5SO) 5s      3.15068E-01  2.91944E+00  6.0
    232  8  7  610   3 2p3(5SO) 5p      3.45298E-01  2.94967E+00 18.0
    233  8  7  621   3 2p3(5SO) 5d      3.81448E-01  2.98582E+00 30.0
    234  8  7  630   2 2p3(5SO) 5f      3.87711E-01  2.99208E+00 42.0
    235  8  7  641   1 2p3(5SO) 5g      3.87805E-01  2.99218E+00 54.0
    236  8  7  601   4 2p3(5SO) 6s      3.96931E-01  3.00130E+00  6.0
    237  8  7  610   4 2p3(5SO) 6p      4.13056E-01  3.01743E+00 18.0
    238  8  7  621   4 2p3(5SO) 6d      4.32890E-01  3.03726E+00 30.0
    239  8  7  630   3 2p3(5SO) 6f      4.36628E-01  3.04100E+00 42.0
    240  8  7  641   2 2p3(5SO) 6g      4.36694E-01  3.04106E+00 54.0
    241  8  7  601   5 2p3(5SO) 7s      4.42075E-01  3.04645E+00  6.0
    242  8  7  610   5 2p3(5SO) 7p      4.51674E-01  3.05604E+00 18.0
    243  8  7  621   5 2p3(5SO) 7d      4.63734E-01  3.06810E+00 30.0
    244  8  7  630   4 2p3(5SO) 7f      4.66126E-01  3.07050E+00 42.0
    245  8  7  641   3 2p3(5SO) 7g      4.66173E-01  3.07054E+00 54.0
    246  8  7  601   6 2p3(5SO) 8s      4.69602E-01  3.07397E+00  6.0
    247  8  7  610   6 2p3(5SO) 8p      4.75774E-01  3.08014E+00 18.0
    248  8  7  621   6 2p3(5SO) 8d      4.83655E-01  3.08803E+00 30.0
    249  8  7  630   5 2p3(5SO) 8f      4.85272E-01  3.08964E+00 42.0
    250  8  7  641   4 2p3(5SO) 8g      4.85306E-01  3.08968E+00 54.0
    251  8  7  601   7 2p3(5SO) 9s      4.87622E-01  3.09199E+00  6.0
    252  8  7  610   7 2p3(5SO) 9p      4.91823E-01  3.09619E+00 18.0
    253  8  7  621   7 2p3(5SO) 9d      4.97256E-01  3.10163E+00 30.0
    254  8  7  630   6 2p3(5SO) 9f      4.98398E-01  3.10277E+00 42.0
    255  8  7  641   5 2p3(5SO) 9g      4.98423E-01  3.10279E+00 54.0
    256  8  7  601   8 2p3(5SO)10s      5.00060E-01  3.10443E+00  6.0
    257  8  7  610   8 2p3(5SO)10p      5.03047E-01  3.10742E+00 18.0
    258  8  7  621   8 2p3(5SO)10d      5.06951E-01  3.11132E+00 30.0
    259  8  7  630   7 2p3(5SO)10f      5.07787E-01  3.11216E+00 42.0
    260  8  7  641   6 2p3(5SO)10g      5.07806E-01  3.11218E+00 54.0
    261  8  7  400   1 2p3(3PO) 3p      6.20305E-01  3.22468E+00  4.0
    262  8  7  400   2 2p3(3PO) 4p      9.60542E-01  3.56491E+00  4.0
    263  8  7  400   3 2p3(3PO) 5p      1.09474E+00  3.69911E+00  4.0
    264  8  7  400   4 2p3(3PO) 6p      1.16172E+00  3.76609E+00  4.0
    265  8  7  400   5 2p3(3PO) 7p      1.19998E+00  3.80435E+00  4.0
    266  8  7  400   6 2p3(3PO) 8p      1.22389E+00  3.82826E+00  4.0
    267  8  7  400   7 2p3(3PO) 9p      1.23984E+00  3.84421E+00  4.0
    268  8  7  400   8 2p3(3PO)10p      1.25099E+00  3.85536E+00  4.0
 ====================================================================
