 ====================================================================
      i NZ NE iSLP iLV iCONF                 E(RYD)      TE(RYD)   gi
 ====================================================================
      1  8  6  310   1 2s2 2p2         -4.03665E+00  0.00000E+00  9.0
      2  8  6  120   1 2s2 2p2         -3.84744E+00  1.89210E-01  5.0
      3  8  6  100   1 2s2 2p2         -3.62565E+00  4.11000E-01  1.0
      4  8  6  501   1 2s 2p3          -3.50770E+00  5.28950E-01  5.0
      5  8  6  321   1 2s 2p3          -2.94463E+00  1.09202E+00 15.0
      6  8  6  311   1 2s 2p3          -2.73082E+00  1.30583E+00  9.0
      7  8  6  121   1 2s 2p3          -2.31242E+00  1.72423E+00  5.0
      8  8  6  301   1 2s 2p3          -2.21552E+00  1.82113E+00  3.0
      9  8  6  111   1 2s 2p3          -2.08720E+00  1.94945E+00  3.0
     10  8  6  311   2 2s2 2p 3s       -1.59644E+00  2.44021E+00  9.0
     11  8  6  111   2 2s2 2p 3s       -1.54188E+00  2.49477E+00  3.0
     12  8  6  310   2 2p4             -1.44359E+00  2.59306E+00  9.0
     13  8  6  110   1 2s2 2p 3p       -1.38387E+00  2.65278E+00  3.0
     14  8  6  320   1 2s2 2p 3p       -1.35487E+00  2.68178E+00 15.0
     15  8  6  300   1 2s2 2p 3p       -1.32184E+00  2.71481E+00  3.0
     16  8  6  120   2 2p4             -1.30711E+00  2.72954E+00  5.0
     17  8  6  310   3 2s2 2p 3p       -1.29816E+00  2.73849E+00  9.0
     18  8  6  120   3 2s2 2p 3p       -1.23841E+00  2.79824E+00  5.0
     19  8  6  100   2 2s2 2p 3p       -1.16886E+00  2.86779E+00  1.0
     20  8  6  331   1 2s2 2p 3d       -1.07575E+00  2.96090E+00 21.0
     21  8  6  121   2 2s2 2p 3d       -1.07543E+00  2.96122E+00  5.0
     22  8  6  321   2 2s2 2p 3d       -1.05116E+00  2.98549E+00 15.0
     23  8  6  311   3 2s2 2p 3d       -1.03000E+00  3.00665E+00  9.0
     24  8  6  131   1 2s2 2p 3d       -1.00841E+00  3.02824E+00  7.0
     25  8  6  111   3 2s2 2p 3d       -9.96638E-01  3.04001E+00  3.0
     26  8  6  510   1 2s2p2(4PE) 3s   -9.65661E-01  3.07099E+00 15.0
     27  8  6  100   3 2p4             -8.76307E-01  3.16034E+00  1.0
     28  8  6  310   4 2s2p2(4PE) 3s   -8.56921E-01  3.17973E+00  9.0
     29  8  6  311   4 2s2 2p 4s       -7.85568E-01  3.25108E+00  9.0
     30  8  6  111   4 2s2 2p 4s       -7.68938E-01  3.26771E+00  3.0
     31  8  6  301   2 2s2p2(4PE) 3p   -7.43939E-01  3.29271E+00  3.0
     32  8  6  521   1 2s2p2(4PE) 3p   -7.20834E-01  3.31582E+00 25.0
     33  8  6  110   2 2s2 2p 4p       -7.04937E-01  3.33171E+00  3.0
     34  8  6  320   2 2s2 2p 4p       -6.97645E-01  3.33901E+00 15.0
     35  8  6  511   1 2s2p2(4PE) 3p   -6.92889E-01  3.34376E+00 15.0
     36  8  6  300   2 2s2 2p 4p       -6.87190E-01  3.34946E+00  3.0
     37  8  6  310   5 2s2 2p 4p       -6.61521E-01  3.37513E+00  9.0
     38  8  6  120   4 2s2 2p 4p       -6.57341E-01  3.37931E+00  5.0
     39  8  6  321   3 2s2p2(4PE) 3p   -6.35414E-01  3.40124E+00 15.0
     40  8  6  100   4 2s2 2p 4p       -6.29693E-01  3.40696E+00  1.0
     41  8  6  501   2 2s2p2(4PE) 3p   -6.28030E-01  3.40862E+00  5.0
     42  8  6  331   2 2s2 2p 4d       -5.97691E-01  3.43896E+00 21.0
     43  8  6  311   5 2s2p2(4PE) 3p   -5.96343E-01  3.44031E+00  9.0
     44  8  6  121   3 2s2 2p 4d       -5.95952E-01  3.44070E+00  5.0
     45  8  6  321   4 2s2 2p 4d       -5.81042E-01  3.45561E+00 15.0
     46  8  6  311   6 2s2 2p 4d       -5.72863E-01  3.46379E+00  9.0
     47  8  6  130   1 2s2 2p 4f       -5.68635E-01  3.46802E+00  7.0
     48  8  6  330   1 2s2 2p 4f       -5.68357E-01  3.46829E+00 21.0
     49  8  6  131   2 2s2 2p 4d       -5.67372E-01  3.46928E+00  7.0
     50  8  6  340   1 2s2 2p 4f       -5.64325E-01  3.47233E+00 27.0
     51  8  6  111   5 2s2 2p 4d       -5.63790E-01  3.47286E+00  3.0
     52  8  6  140   1 2s2 2p 4f       -5.63163E-01  3.47349E+00  9.0
     53  8  6  320   3 2s2 2p 4f       -5.62706E-01  3.47394E+00 15.0
     54  8  6  120   5 2s2 2p 4f       -5.62080E-01  3.47457E+00  5.0
     55  8  6  311   7 2s2 2p 5s       -4.66554E-01  3.57010E+00  9.0
     56  8  6  111   6 2s2 2p 5s       -4.59993E-01  3.57666E+00  3.0
     57  8  6  530   1 2s2p2(4PE) 3d   -4.57154E-01  3.57950E+00 35.0
     58  8  6  320   4 2s2 2p 5p       -4.39770E-01  3.59688E+00 15.0
     59  8  6  110   3 2s2 2p 5p       -4.29483E-01  3.60717E+00  3.0
     60  8  6  520   1 2s2p2(4PE) 3d   -4.24855E-01  3.61180E+00 25.0
     61  8  6  300   3 2s2 2p 5p       -4.21225E-01  3.61543E+00  3.0
     62  8  6  510   2 2s2p2(4PE) 3d   -4.19419E-01  3.61723E+00 15.0
     63  8  6  310   6 2s2 2p 5p       -4.12962E-01  3.62369E+00  9.0
     64  8  6  120   6 2s2 2p 5p       -4.11352E-01  3.62530E+00  5.0
     65  8  6  310   7 2s2p2(4PE) 3d   -4.01939E-01  3.63471E+00  9.0
     66  8  6  320   5 2s2p2(2DE) 3s   -4.01011E-01  3.63564E+00 15.0
     67  8  6  100   5 2s2 2p 5p       -3.93482E-01  3.64317E+00  1.0
     68  8  6  330   2 2s2p2(4PE) 3d   -3.91739E-01  3.64491E+00 21.0
     69  8  6  331   3 2s2 2p 5d       -3.78410E-01  3.65824E+00 21.0
     70  8  6  121   4 2s2 2p 5d       -3.77850E-01  3.65880E+00  5.0
     71  8  6  321   5 2s2 2p 5d       -3.70921E-01  3.66573E+00 15.0
     72  8  6  311   8 2s2 2p 5d       -3.69319E-01  3.66733E+00  9.0
     73  8  6  130   2 2s2 2p 5f       -3.63969E-01  3.67268E+00  7.0
     74  8  6  330   3 2s2 2p 5f       -3.63657E-01  3.67299E+00 21.0
     75  8  6  131   3 2s2 2p 5d       -3.63011E-01  3.67364E+00  7.0
     76  8  6  340   2 2s2 2p 5f       -3.61618E-01  3.67503E+00 27.0
     77  8  6  111   7 2s2 2p 5d       -3.61128E-01  3.67552E+00  3.0
     78  8  6  320   6 2s2 2p 5f       -3.60637E-01  3.67601E+00 15.0
     79  8  6  140   2 2s2 2p 5f       -3.60599E-01  3.67605E+00  9.0
     80  8  6  141   1 2s2 2p 5g       -3.60367E-01  3.67628E+00  9.0
     81  8  6  341   1 2s2 2p 5g       -3.60365E-01  3.67629E+00 27.0
     82  8  6  120   7 2s2 2p 5f       -3.60142E-01  3.67651E+00  5.0
     83  8  6  351   1 2s2 2p 5g       -3.60009E-01  3.67664E+00 33.0
     84  8  6  151   1 2s2 2p 5g       -3.60000E-01  3.67665E+00 11.0
     85  8  6  331   4 2s2 2p 5g       -3.59929E-01  3.67672E+00 21.0
     86  8  6  131   4 2s2 2p 5g       -3.59898E-01  3.67675E+00  7.0
     87  8  6  320   7 2s2p2(4PE) 3d   -3.49366E-01  3.68728E+00 15.0
     88  8  6  120   8 2s2p2(2DE) 3s   -3.38389E-01  3.69826E+00  5.0
     89  8  6  311   9 2s2 2p 6s       -3.09855E-01  3.72680E+00  9.0
     90  8  6  111   8 2s2 2p 6s       -3.05899E-01  3.73075E+00  3.0
     91  8  6  110   4 2s2 2p 6p       -2.89191E-01  3.74746E+00  3.0
     92  8  6  300   4 2s2 2p 6p       -2.84782E-01  3.75187E+00  3.0
     93  8  6  320   8 2s2 2p 6p       -2.84611E-01  3.75204E+00 15.0
     94  8  6  310   8 2s2 2p 6p       -2.80913E-01  3.75574E+00  9.0
     95  8  6  120   9 2s2 2p 6p       -2.72680E-01  3.76397E+00  5.0
     96  8  6  100   6 2s2 2p 6p       -2.69132E-01  3.76752E+00  1.0
     97  8  6  121   5 2s2 2p 6d       -2.60779E-01  3.77587E+00  5.0
     98  8  6  331   5 2s2 2p 6d       -2.60745E-01  3.77591E+00 21.0
     99  8  6  321   6 2s2 2p 6d       -2.56493E-01  3.78016E+00 15.0
    100  8  6  311  10 2s2 2p 6d       -2.55663E-01  3.78099E+00  9.0
    101  8  6  130   3 2s2 2p 6f       -2.52558E-01  3.78409E+00  7.0
    102  8  6  330   4 2s2 2p 6f       -2.52388E-01  3.78426E+00 21.0
    103  8  6  131   5 2s2 2p 6d       -2.52086E-01  3.78456E+00  7.0
    104  8  6  340   3 2s2 2p 6f       -2.51248E-01  3.78540E+00 27.0
    105  8  6  111   9 2s2 2p 6d       -2.50823E-01  3.78583E+00  3.0
    106  8  6  320   9 2s2 2p 6f       -2.50504E-01  3.78615E+00 15.0
    107  8  6  140   3 2s2 2p 6f       -2.50478E-01  3.78617E+00  9.0
    108  8  6  141   2 2s2 2p 6g       -2.50337E-01  3.78631E+00  9.0
    109  8  6  341   2 2s2 2p 6g       -2.50335E-01  3.78632E+00 27.0
    110  8  6  120  10 2s2 2p 6f       -2.50160E-01  3.78649E+00  5.0
    111  8  6  351   2 2s2 2p 6g       -2.50017E-01  3.78663E+00 33.0
    112  8  6  150   1 2s2 2p 6h       -2.50013E-01  3.78664E+00 11.0
    113  8  6  350   1 2s2 2p 6h       -2.50013E-01  3.78664E+00 33.0
    114  8  6  151   2 2s2 2p 6g       -2.50007E-01  3.78664E+00 11.0
    115  8  6  360   1 2s2 2p 6h       -2.49999E-01  3.78665E+00 39.0
    116  8  6  160   1 2s2 2p 6h       -2.49999E-01  3.78665E+00 13.0
    117  8  6  340   4 2s2 2p 6h       -2.49988E-01  3.78666E+00 27.0
    118  8  6  140   4 2s2 2p 6h       -2.49975E-01  3.78668E+00  9.0
    119  8  6  331   6 2s2 2p 6g       -2.49947E-01  3.78670E+00 21.0
    120  8  6  131   6 2s2 2p 6g       -2.49925E-01  3.78673E+00  7.0
    121  8  6  311  11 2s2 2p 7s       -2.20694E-01  3.81596E+00  9.0
    122  8  6  111  10 2s2 2p 7s       -2.18053E-01  3.81860E+00  3.0
    123  8  6  110   5 2s2 2p 7p       -2.07978E-01  3.82867E+00  3.0
    124  8  6  300   5 2s2 2p 7p       -2.05465E-01  3.83119E+00  3.0
    125  8  6  320  10 2s2 2p 7p       -2.05433E-01  3.83122E+00 15.0
    126  8  6  310   9 2s2 2p 7p       -2.03650E-01  3.83300E+00  9.0
    127  8  6  120  11 2s2 2p 7p       -1.98864E-01  3.83779E+00  5.0
    128  8  6  100   7 2s2 2p 7p       -1.95654E-01  3.84100E+00  1.0
    129  8  6  121   6 2s2 2p 7d       -1.91178E-01  3.84547E+00  5.0
    130  8  6  331   7 2s2 2p 7d       -1.90515E-01  3.84614E+00 21.0
    131  8  6  321   7 2s2 2p 7d       -1.87839E-01  3.84881E+00 15.0
    132  8  6  311  12 2s2 2p 7d       -1.87342E-01  3.84931E+00  9.0
    133  8  6  131   7 2s2 2p 7d       -1.85455E-01  3.85120E+00  7.0
    134  8  6  130   4 2s2 2p 7f       -1.85398E-01  3.85125E+00  7.0
    135  8  6  330   5 2s2 2p 7f       -1.85283E-01  3.85137E+00 21.0
    136  8  6  340   5 2s2 2p 7f       -1.84620E-01  3.85203E+00 27.0
    137  8  6  111  11 2s2 2p 7d       -1.84287E-01  3.85236E+00  3.0
    138  8  6  320  11 2s2 2p 7f       -1.84073E-01  3.85258E+00 15.0
    139  8  6  140   5 2s2 2p 7f       -1.84036E-01  3.85261E+00  9.0
    140  8  6  141   3 2s2 2p 7g       -1.83933E-01  3.85272E+00  9.0
    141  8  6  341   3 2s2 2p 7g       -1.83931E-01  3.85272E+00 27.0
    142  8  6  120  12 2s2 2p 7f       -1.83833E-01  3.85282E+00  5.0
    143  8  6  350   2 2s2 2p 7h       -1.83689E-01  3.85296E+00 33.0
    144  8  6  150   2 2s2 2p 7h       -1.83689E-01  3.85296E+00 11.0
    145  8  6  161   1 2s2 2p 7i       -1.83674E-01  3.85298E+00 13.0
    146  8  6  361   1 2s2 2p 7i       -1.83674E-01  3.85298E+00 39.0
    147  8  6  160   2 2s2 2p 7h       -1.83672E-01  3.85298E+00 13.0
    148  8  6  360   2 2s2 2p 7h       -1.83672E-01  3.85298E+00 39.0
    149  8  6  351   3 2s2 2p 7i       -1.83671E-01  3.85298E+00 33.0
    150  8  6  151   3 2s2 2p 7g       -1.83670E-01  3.85298E+00 11.0
    151  8  6  351   4 2s2 2p 7g       -1.83670E-01  3.85298E+00 33.0
    152  8  6  151   4 2s2 2p 7i       -1.83669E-01  3.85298E+00 11.0
    153  8  6  340   6 2s2 2p 7h       -1.83662E-01  3.85299E+00 27.0
    154  8  6  140   6 2s2 2p 7h       -1.83649E-01  3.85300E+00  9.0
    155  8  6  331   8 2s2 2p 7g       -1.83641E-01  3.85301E+00 21.0
    156  8  6  131   8 2s2 2p 7g       -1.83624E-01  3.85303E+00  7.0
    157  8  6  331   9 2s2p2(2DE) 3p   -1.67644E-01  3.86901E+00 21.0
    158  8  6  311  13 2s2 2p 8s       -1.65325E-01  3.87133E+00  9.0
    159  8  6  111  12 2s2 2p 8s       -1.63265E-01  3.87339E+00  3.0
    160  8  6  321   8 2s2p2(4PE) 4p   -1.56786E-01  3.87986E+00 15.0
    161  8  6  110   6 2s2 2p 8p       -1.56748E-01  3.87990E+00  3.0
    162  8  6  300   6 2s2 2p 8p       -1.55308E-01  3.88134E+00  3.0
    163  8  6  320  12 2s2 2p 8p       -1.55088E-01  3.88156E+00 15.0
    164  8  6  310  10 2s2 2p 8p       -1.55076E-01  3.88157E+00  9.0
    165  8  6  510   3 2s2p2(4PE) 4s   -1.52792E-01  3.88386E+00 15.0
    166  8  6  121   7 2s2p2(2DE) 3p   -1.52623E-01  3.88403E+00  5.0
    167  8  6  120  13 2s2 2p 8p       -1.50882E-01  3.88577E+00  5.0
    168  8  6  100   8 2s2 2p 8p       -1.48638E-01  3.88801E+00  1.0
    169  8  6  331  10 2s2 2p 8d       -1.45110E-01  3.89154E+00 21.0
    170  8  6  131   9 2s2 2p 8d       -1.44389E-01  3.89226E+00  7.0
    171  8  6  321   9 2s2 2p 8d       -1.43400E-01  3.89325E+00 15.0
    172  8  6  311  14 2s2 2p 8d       -1.43149E-01  3.89350E+00  9.0
    173  8  6  130   5 2s2 2p 8f       -1.41838E-01  3.89481E+00  7.0
    174  8  6  330   6 2s2 2p 8f       -1.41758E-01  3.89489E+00 21.0
    175  8  6  340   7 2s2 2p 8f       -1.41351E-01  3.89530E+00 27.0
    176  8  6  121   8 2s2 2p 8d       -1.41209E-01  3.89544E+00  5.0
    177  8  6  111  13 2s2 2p 8d       -1.41129E-01  3.89552E+00  3.0
    178  8  6  320  13 2s2 2p 8f       -1.40931E-01  3.89572E+00 15.0
    179  8  6  140   7 2s2 2p 8f       -1.40900E-01  3.89575E+00  9.0
    180  8  6  141   4 2s2 2p 8g       -1.40819E-01  3.89583E+00  9.0
    181  8  6  341   4 2s2 2p 8g       -1.40817E-01  3.89583E+00 27.0
    182  8  6  120  14 2s2 2p 8f       -1.40759E-01  3.89589E+00  5.0
    183  8  6  350   3 2s2 2p 8h       -1.40640E-01  3.89601E+00 33.0
    184  8  6  150   3 2s2 2p 8h       -1.40640E-01  3.89601E+00 11.0
    185  8  6  161   2 2s2 2p 8i       -1.40625E-01  3.89603E+00 13.0
    186  8  6  361   2 2s2 2p 8i       -1.40625E-01  3.89603E+00 39.0
    187  8  6  160   3 2s2 2p 8h       -1.40624E-01  3.89603E+00 13.0
    188  8  6  360   3 2s2 2p 8h       -1.40624E-01  3.89603E+00 39.0
    189  8  6  351   6 2s2 2p 8g       -1.40621E-01  3.89603E+00 33.0
    190  8  6  351   5 2s2 2p 8i       -1.40621E-01  3.89603E+00 33.0
    191  8  6  151   6 2s2 2p 8g       -1.40620E-01  3.89603E+00 11.0
    192  8  6  151   5 2s2 2p 8i       -1.40620E-01  3.89603E+00 11.0
    193  8  6  340   8 2s2 2p 8h       -1.40615E-01  3.89604E+00 27.0
    194  8  6  140   8 2s2 2p 8h       -1.40605E-01  3.89605E+00  9.0
    195  8  6  331  11 2s2 2p 8g       -1.40600E-01  3.89605E+00 21.0
    196  8  6  131  10 2s2 2p 8g       -1.40592E-01  3.89606E+00  7.0
    197  8  6  131  11 2s2p2(2DE) 3p   -1.33831E-01  3.90282E+00  7.0
    198  8  6  311  15 2s2 2p 9s       -1.29245E-01  3.90741E+00  9.0
    199  8  6  111  14 2s2 2p 9s       -1.26810E-01  3.90984E+00  3.0
    200  8  6  310  11 2s2 2p 9p       -1.25574E-01  3.91108E+00  9.0
    201  8  6  110   7 2s2 2p 9p       -1.22359E-01  3.91429E+00  3.0
    202  8  6  300   7 2s2 2p 9p       -1.21616E-01  3.91503E+00  3.0
    203  8  6  320  14 2s2 2p 9p       -1.21196E-01  3.91545E+00 15.0
    204  8  6  120  15 2s2 2p 9p       -1.18319E-01  3.91833E+00  5.0
    205  8  6  100   9 2s2 2p 9p       -1.16744E-01  3.91991E+00  1.0
    206  8  6  311  16 2s2p2(2DE) 3p   -1.14879E-01  3.92177E+00  9.0
    207  8  6  331  12 2s2 2p 9d       -1.14282E-01  3.92237E+00 21.0
    208  8  6  121   9 2s2 2p 9d       -1.13536E-01  3.92311E+00  5.0
    209  8  6  321  10 2s2 2p 9d       -1.13096E-01  3.92355E+00 15.0
    210  8  6  311  17 2s2 2p 9d       -1.12574E-01  3.92408E+00  9.0
    211  8  6  310  12 2s2p2(4PE) 4s   -1.12405E-01  3.92425E+00  9.0
    212  8  6  130   6 2s2 2p 9f       -1.11995E-01  3.92466E+00  7.0
    213  8  6  330   7 2s2 2p 9f       -1.11938E-01  3.92471E+00 21.0
    214  8  6  111  15 2s2 2p 9d       -1.11745E-01  3.92491E+00  3.0
    215  8  6  340   9 2s2 2p 9f       -1.11676E-01  3.92497E+00 27.0
    216  8  6  320  15 2s2 2p 9f       -1.11346E-01  3.92530E+00 15.0
    217  8  6  140   9 2s2 2p 9f       -1.11323E-01  3.92533E+00  9.0
    218  8  6  141   5 2s2 2p 9g       -1.11256E-01  3.92539E+00  9.0
    219  8  6  341   5 2s2 2p 9g       -1.11255E-01  3.92540E+00 27.0
    220  8  6  120  16 2s2 2p 9f       -1.11219E-01  3.92543E+00  5.0
    221  8  6  350   4 2s2 2p 9h       -1.11124E-01  3.92553E+00 33.0
    222  8  6  150   4 2s2 2p 9h       -1.11124E-01  3.92553E+00 11.0
    223  8  6  361   3 2s2 2p 9i       -1.11111E-01  3.92554E+00 39.0
    224  8  6  161   3 2s2 2p 9i       -1.11111E-01  3.92554E+00 13.0
    225  8  6  360   4 2s2 2p 9h       -1.11110E-01  3.92554E+00 39.0
    226  8  6  160   4 2s2 2p 9h       -1.11110E-01  3.92554E+00 13.0
    227  8  6  351   8 2s2 2p 9g       -1.11108E-01  3.92554E+00 33.0
    228  8  6  351   7 2s2 2p 9i       -1.11108E-01  3.92554E+00 33.0
    229  8  6  151   8 2s2 2p 9g       -1.11107E-01  3.92554E+00 11.0
    230  8  6  151   7 2s2 2p 9i       -1.11107E-01  3.92554E+00 11.0
    231  8  6  340  10 2s2 2p 9h       -1.11104E-01  3.92555E+00 27.0
    232  8  6  140  10 2s2 2p 9h       -1.11096E-01  3.92555E+00  9.0
    233  8  6  131  12 2s2 2p 9g       -1.11096E-01  3.92555E+00  7.0
    234  8  6  331  13 2s2 2p 9g       -1.11094E-01  3.92556E+00 21.0
    235  8  6  131  13 2s2 2p 9d       -1.10941E-01  3.92571E+00  7.0
    236  8  6  111  16 2s2p2(2DE) 3p   -1.01871E-01  3.93478E+00  3.0
    237  8  6  311  18 2s2 2p10s       -1.01054E-01  3.93560E+00  9.0
    238  8  6  111  17 2s2 2p10s       -1.01005E-01  3.93565E+00  3.0
    239  8  6  110   8 2s2 2p10p       -9.81604E-02  3.93849E+00  3.0
    240  8  6  300   8 2s2 2p10p       -9.79600E-02  3.93869E+00  3.0
    241  8  6  320  16 2s2 2p10p       -9.73070E-02  3.93934E+00 15.0
    242  8  6  120  17 2s2 2p10p       -9.52485E-02  3.94140E+00  5.0
    243  8  6  310  13 2s2 2p10p       -9.46901E-02  3.94196E+00  9.0
    244  8  6  100  10 2s2 2p10p       -9.41177E-02  3.94253E+00  1.0
    245  8  6  331  14 2s2 2p10d       -9.23145E-02  3.94434E+00 21.0
    246  8  6  121  10 2s2 2p10d       -9.19356E-02  3.94471E+00  5.0
    247  8  6  321  11 2s2 2p10d       -9.14625E-02  3.94519E+00 15.0
    248  8  6  311  19 2s2 2p10d       -9.12797E-02  3.94537E+00  9.0
    249  8  6  130   7 2s2 2p10f       -9.06636E-02  3.94599E+00  7.0
    250  8  6  330   8 2s2 2p10f       -9.06214E-02  3.94603E+00 21.0
    251  8  6  340  11 2s2 2p10f       -9.04472E-02  3.94620E+00 27.0
    252  8  6  320  17 2s2 2p10f       -9.01823E-02  3.94647E+00 15.0
    253  8  6  140  11 2s2 2p10f       -9.01662E-02  3.94648E+00  9.0
    254  8  6  141   6 2s2 2p10g       -9.01108E-02  3.94654E+00  9.0
    255  8  6  341   6 2s2 2p10g       -9.01100E-02  3.94654E+00 27.0
    256  8  6  131  14 2s2 2p10d       -9.01089E-02  3.94654E+00  7.0
    257  8  6  120  18 2s2 2p10f       -9.00860E-02  3.94656E+00  5.0
    258  8  6  350   5 2s2 2p10h       -9.00104E-02  3.94664E+00 33.0
    259  8  6  150   5 2s2 2p10h       -9.00104E-02  3.94664E+00 11.0
    260  8  6  361   4 2s2 2p10i       -9.00004E-02  3.94665E+00 39.0
    261  8  6  161   4 2s2 2p10i       -9.00004E-02  3.94665E+00 13.0
    262  8  6  351   9 2s2 2p10i       -8.99970E-02  3.94665E+00 33.0
    263  8  6  151   9 2s2 2p10i       -8.99961E-02  3.94665E+00 11.0
    264  8  6  301   3 2s2p2(4PE) 4p   -7.50216E-02  3.96163E+00  3.0
    265  8  6  521   2 2s2p2(4PE) 4p   -6.41878E-02  3.97246E+00 25.0
    266  8  6  511   2 2s2p2(4PE) 4p   -5.62495E-02  3.98040E+00 15.0
    267  8  6  501   3 2s2p2(4PE) 4p   -2.97741E-02  4.00688E+00  5.0
    268  8  6  530   2 2s2p2(4PE) 4d    2.75426E-02  4.06419E+00 35.0
    269  8  6  520   2 2s2p2(4PE) 4d    3.72741E-02  4.07392E+00 25.0
    270  8  6  510   4 2s2p2(4PE) 4d    4.57955E-02  4.08245E+00 15.0
    271  8  6  521   3 2s2p2(4PE) 4f    6.22951E-02  4.09895E+00 25.0
    272  8  6  541   1 2s2p2(4PE) 4f    6.41782E-02  4.10083E+00 45.0
    273  8  6  531   1 2s2p2(4PE) 4f    6.89341E-02  4.10558E+00 35.0
    274  8  6  510   5 2s2p2(4PE) 5s    1.63895E-01  4.20055E+00 15.0
    275  8  6  301   4 2s2p2(4PE) 5p    1.98952E-01  4.23560E+00  3.0
    276  8  6  521   4 2s2p2(4PE) 5p    2.05637E-01  4.24229E+00 25.0
    277  8  6  511   3 2s2p2(4PE) 5p    2.09367E-01  4.24602E+00 15.0
    278  8  6  501   4 2s2p2(4PE) 5p    2.21534E-01  4.25818E+00  5.0
    279  8  6  530   3 2s2p2(4PE) 5d    2.48791E-01  4.28544E+00 35.0
    280  8  6  520   3 2s2p2(4PE) 5d    2.53393E-01  4.29004E+00 25.0
    281  8  6  510   6 2s2p2(4PE) 5d    2.58115E-01  4.29476E+00 15.0
    282  8  6  521   5 2s2p2(4PE) 5f    2.66349E-01  4.30300E+00 25.0
    283  8  6  541   2 2s2p2(4PE) 5f    2.67541E-01  4.30419E+00 45.0
    284  8  6  530   4 2s2p2(4PE) 5g    2.68867E-01  4.30552E+00 35.0
    285  8  6  550   1 2s2p2(4PE) 5g    2.68988E-01  4.30564E+00 55.0
    286  8  6  540   1 2s2p2(4PE) 5g    2.69388E-01  4.30604E+00 45.0
    287  8  6  531   2 2s2p2(4PE) 5f    2.70229E-01  4.30688E+00 35.0
    288  8  6  101   1 2s2p2(2PE) 3p    2.72705E-01  4.30936E+00  1.0
    289  8  6  510   7 2s2p2(4PE) 6s    3.20600E-01  4.35725E+00 15.0
    290  8  6  301   5 2s2p2(4PE) 6p    3.38963E-01  4.37561E+00  3.0
    291  8  6  521   6 2s2p2(4PE) 6p    3.43497E-01  4.38015E+00 25.0
    292  8  6  511   4 2s2p2(4PE) 6p    3.45556E-01  4.38221E+00 15.0
    293  8  6  501   5 2s2p2(4PE) 6p    3.52120E-01  4.38877E+00  5.0
    294  8  6  530   5 2s2p2(4PE) 6d    3.67310E-01  4.40396E+00 35.0
    295  8  6  520   4 2s2p2(4PE) 6d    3.69867E-01  4.40652E+00 25.0
    296  8  6  510   8 2s2p2(4PE) 6d    3.72646E-01  4.40930E+00 15.0
    297  8  6  521   7 2s2p2(4PE) 6f    3.77350E-01  4.41400E+00 25.0
    298  8  6  541   3 2s2p2(4PE) 6f    3.78105E-01  4.41476E+00 45.0
    299  8  6  530   6 2s2p2(4PE) 6g    3.78889E-01  4.41554E+00 35.0
    300  8  6  550   2 2s2p2(4PE) 6g    3.79000E-01  4.41565E+00 55.0
    301  8  6  541   4 2s2p2(4PE) 6h    3.79129E-01  4.41578E+00 45.0
    302  8  6  540   2 2s2p2(4PE) 6g    3.79357E-01  4.41601E+00 45.0
    303  8  6  531   3 2s2p2(4PE) 6f    3.79702E-01  4.41635E+00 35.0
    304  8  6  301   6 2s2p2(2PE) 3p    3.81268E-01  4.41792E+00  3.0
    305  8  6  510   9 2s2p2(4PE) 7s    4.09569E-01  4.44622E+00 15.0
    306  8  6  301   7 2s2p2(4PE) 7p    4.20486E-01  4.45714E+00  3.0
    307  8  6  521   8 2s2p2(4PE) 7p    4.23461E-01  4.46011E+00 25.0
    308  8  6  511   5 2s2p2(4PE) 7p    4.24718E-01  4.46137E+00 15.0
    309  8  6  501   6 2s2p2(4PE) 7p    4.28648E-01  4.46530E+00  5.0
    310  8  6  530   7 2s2p2(4PE) 7d    4.38006E-01  4.47466E+00 35.0
    311  8  6  520   5 2s2p2(4PE) 7d    4.39575E-01  4.47623E+00 25.0
    312  8  6  510  10 2s2p2(4PE) 7d    4.41332E-01  4.47798E+00 15.0
    313  8  6  521   9 2s2p2(4PE) 7f    4.44264E-01  4.48091E+00 25.0
    314  8  6  541   5 2s2p2(4PE) 7f    4.44771E-01  4.48142E+00 45.0
    315  8  6  530   8 2s2p2(4PE) 7g    4.45271E-01  4.48192E+00 35.0
    316  8  6  550   4 2s2p2(4PE) 7g    4.45451E-01  4.48210E+00 55.0
    317  8  6  550   3 2s2p2(4PE) 7i    4.45451E-01  4.48210E+00 55.0
    318  8  6  541   6 2s2p2(4PE) 7h    4.45454E-01  4.48210E+00 45.0
    319  8  6  540   3 2s2p2(4PE) 7g    4.45625E-01  4.48228E+00 45.0
    320  8  6  531   4 2s2p2(4PE) 7f    4.45787E-01  4.48244E+00 35.0
    321  8  6  510  11 2s2p2(4PE) 8s    4.64921E-01  4.50157E+00 15.0
    322  8  6  301   8 2s2p2(4PE) 8p    4.71727E-01  4.50838E+00  3.0
    323  8  6  521  10 2s2p2(4PE) 8p    4.73975E-01  4.51063E+00 25.0
    324  8  6  511   6 2s2p2(4PE) 8p    4.74799E-01  4.51145E+00 15.0
    325  8  6  501   7 2s2p2(4PE) 8p    4.77322E-01  4.51397E+00  5.0
    326  8  6  530   9 2s2p2(4PE) 8d    4.83514E-01  4.52016E+00 35.0
    327  8  6  520   6 2s2p2(4PE) 8d    4.84547E-01  4.52120E+00 25.0
    328  8  6  510  12 2s2p2(4PE) 8d    4.85723E-01  4.52237E+00 15.0
    329  8  6  521  11 2s2p2(4PE) 8f    4.87671E-01  4.52432E+00 25.0
    330  8  6  541   7 2s2p2(4PE) 8f    4.88028E-01  4.52468E+00 45.0
    331  8  6  530  10 2s2p2(4PE) 8g    4.88365E-01  4.52502E+00 35.0
    332  8  6  550   6 2s2p2(4PE) 8g    4.88500E-01  4.52515E+00 55.0
    333  8  6  550   5 2s2p2(4PE) 8i    4.88500E-01  4.52515E+00 55.0
    334  8  6  541   8 2s2p2(4PE) 8h    4.88501E-01  4.52515E+00 45.0
    335  8  6  540   4 2s2p2(4PE) 8g    4.88627E-01  4.52528E+00 45.0
    336  8  6  531   5 2s2p2(4PE) 8f    4.88712E-01  4.52536E+00 35.0
    337  8  6  510  13 2s2p2(4PE) 9s    5.01693E-01  4.53834E+00 15.0
    338  8  6  301   9 2s2p2(4PE) 9p    5.06190E-01  4.54284E+00  3.0
    339  8  6  521  12 2s2p2(4PE) 9p    5.07919E-01  4.54457E+00 25.0
    340  8  6  511   7 2s2p2(4PE) 9p    5.08488E-01  4.54514E+00 15.0
    341  8  6  501   8 2s2p2(4PE) 9p    5.10184E-01  4.54683E+00  5.0
    342  8  6  530  11 2s2p2(4PE) 9d    5.14514E-01  4.55116E+00 35.0
    343  8  6  520   7 2s2p2(4PE) 9d    5.15231E-01  4.55188E+00 25.0
    344  8  6  510  14 2s2p2(4PE) 9d    5.16056E-01  4.55271E+00 15.0
    345  8  6  521  13 2s2p2(4PE) 9f    5.17415E-01  4.55407E+00 25.0
    346  8  6  541   9 2s2p2(4PE) 9f    5.17674E-01  4.55432E+00 45.0
    347  8  6  530  12 2s2p2(4PE) 9g    5.17912E-01  4.55456E+00 35.0
    348  8  6  550   8 2s2p2(4PE) 9g    5.18014E-01  4.55466E+00 55.0
    349  8  6  550   7 2s2p2(4PE) 9i    5.18014E-01  4.55466E+00 55.0
    350  8  6  541  10 2s2p2(4PE) 9h    5.18014E-01  4.55466E+00 45.0
    351  8  6  540   5 2s2p2(4PE) 9g    5.18107E-01  4.55476E+00 45.0
    352  8  6  531   6 2s2p2(4PE) 9f    5.18156E-01  4.55481E+00 35.0
    353  8  6  301  10 2s2p2(4PE)10p    5.30463E-01  4.56711E+00  3.0
    354  8  6  521  14 2s2p2(4PE)10p    5.31825E-01  4.56848E+00 25.0
    355  8  6  511   8 2s2p2(4PE)10p    5.32235E-01  4.56889E+00 15.0
    356  8  6  501   9 2s2p2(4PE)10p    5.33397E-01  4.57005E+00  5.0
    357  8  6  530  13 2s2p2(4PE)10d    5.36576E-01  4.57323E+00 35.0
    358  8  6  520   8 2s2p2(4PE)10d    5.37093E-01  4.57374E+00 25.0
    359  8  6  521  15 2s2p2(4PE)10f    5.38678E-01  4.57533E+00 25.0
    360  8  6  541  11 2s2p2(4PE)10f    5.38873E-01  4.57552E+00 45.0
    361  8  6  530  14 2s2p2(4PE)10g    5.39048E-01  4.57570E+00 35.0
    362  8  6  550   9 2s2p2(4PE)10i    5.39125E-01  4.57578E+00 55.0
    363  8  6  101   2 2s2p2(2PE) 4p    9.58430E-01  4.99508E+00  1.0
    364  8  6  101   3 2s2p2(2PE) 5p    1.23036E+00  5.26701E+00  1.0
    365  8  6  101   4 2p3(2DO) 3d      1.28811E+00  5.32476E+00  1.0
    366  8  6  101   5 2s2p2(2PE) 6p    1.37878E+00  5.41543E+00  1.0
    367  8  6  101   6 2s2p2(2PE) 7p    1.45866E+00  5.49531E+00  1.0
    368  8  6  101   7 2s2p2(2PE) 8p    1.50952E+00  5.54617E+00  1.0
    369  8  6  101   8 2s2p2(2PE) 9p    1.54373E+00  5.58038E+00  1.0
    370  8  6  101   9 2s2p2(2PE)10p    1.56782E+00  5.60447E+00  1.0
 ====================================================================
