 ====================================================================
      i NZ NE iSLP iLV iCONF                 E(RYD)      TE(RYD)   gi
 ====================================================================
      1  8  5  211   1 2s2 2p          -5.67418E+00  0.00000E+00  6.0
      2  8  5  410   1 2s 2p2          -5.03097E+00  6.43210E-01 12.0
      3  8  5  220   1 2s 2p2          -4.51391E+00  1.16027E+00 10.0
      4  8  5  200   1 2s 2p2          -4.15877E+00  1.51541E+00  2.0
      5  8  5  210   1 2s 2p2          -4.01421E+00  1.65997E+00  6.0
      6  8  5  401   1 2p3             -3.56335E+00  2.11083E+00  4.0
      7  8  5  221   1 2p3             -3.34397E+00  2.33021E+00 10.0
      8  8  5  211   2 2p3             -3.02313E+00  2.65105E+00  6.0
      9  8  5  200   2 2s2 3s          -2.42427E+00  3.24991E+00  2.0
     10  8  5  211   3 2s2 3p          -2.12872E+00  3.54546E+00  6.0
     11  8  5  220   2 2s2 3d          -1.86137E+00  3.81281E+00 10.0
     12  8  5  411   1 2s2p(3PO) 3s    -1.68350E+00  3.99068E+00 12.0
     13  8  5  211   4 2s2p(3PO) 3s    -1.55240E+00  4.12178E+00  6.0
     14  8  5  210   2 2s2p(3PO) 3p    -1.42865E+00  4.24553E+00  6.0
     15  8  5  420   1 2s2p(3PO) 3p    -1.41741E+00  4.25677E+00 20.0
     16  8  5  400   1 2s2p(3PO) 3p    -1.35955E+00  4.31463E+00  4.0
     17  8  5  410   2 2s2p(3PO) 3p    -1.32014E+00  4.35404E+00 12.0
     18  8  5  220   3 2s2p(3PO) 3p    -1.28243E+00  4.39175E+00 10.0
     19  8  5  200   3 2s2 4s          -1.26020E+00  4.41398E+00  2.0
     20  8  5  200   4 2s2p(3PO) 3p    -1.18291E+00  4.49127E+00  2.0
     21  8  5  431   1 2s2p(3PO) 3d    -1.17548E+00  4.49870E+00 28.0
     22  8  5  421   1 2s2p(3PO) 3d    -1.13332E+00  4.54086E+00 20.0
     23  8  5  211   5 2s2 4p          -1.13101E+00  4.54317E+00  6.0
     24  8  5  221   2 2s2p(3PO) 3d    -1.11632E+00  4.55786E+00 10.0
     25  8  5  411   2 2s2p(3PO) 3d    -1.09125E+00  4.58293E+00 12.0
     26  8  5  220   4 2s2 4d          -1.03548E+00  4.63870E+00 10.0
     27  8  5  231   1 2s2p(3PO) 3d    -1.02687E+00  4.64731E+00 14.0
     28  8  5  231   2 2s2 4f          -1.01165E+00  4.66253E+00 14.0
     29  8  5  211   6 2s2p(3PO) 3d    -9.89434E-01  4.68475E+00  6.0
     30  8  5  211   7 2s2p(1PO) 3s    -9.42231E-01  4.73195E+00  6.0
     31  8  5  200   5 2s2 5s          -7.72644E-01  4.90154E+00  2.0
     32  8  5  211   8 2s2 5p          -7.05719E-01  4.96846E+00  6.0
     33  8  5  220   5 2s2p(1PO) 3p    -6.83580E-01  4.99060E+00 10.0
     34  8  5  220   6 2s2 5d          -6.58549E-01  5.01563E+00 10.0
     35  8  5  210   3 2s2p(1PO) 3p    -6.58256E-01  5.01592E+00  6.0
     36  8  5  231   3 2s2 5f          -6.53881E-01  5.02030E+00 14.0
     37  8  5  240   1 2s2 5g          -6.41239E-01  5.03294E+00 18.0
     38  8  5  200   6 2s2p(1PO) 3p    -6.17820E-01  5.05636E+00  2.0
     39  8  5  200   7 2s2 6s          -5.06020E-01  5.16816E+00  2.0
     40  8  5  411   3 2s2p(3PO) 4s    -5.02749E-01  5.17143E+00 12.0
     41  8  5  211   9 2s2 6p          -4.91273E-01  5.18291E+00  6.0
     42  8  5  231   4 2s2 6f:         -4.79235E-01  5.19494E+00 14.0
     43  8  5  211  10 2s2p(3PO) 4s    -4.58205E-01  5.21597E+00  6.0
     44  8  5  220   7 2s2 6d          -4.55369E-01  5.21881E+00 10.0
     45  8  5  240   2 2s2 6g          -4.45260E-01  5.22892E+00 18.0
     46  8  5  210   4 2s2p(3PO) 4p    -4.43609E-01  5.23057E+00  6.0
     47  8  5  221   3 2s2p(1PO) 3d    -4.25838E-01  5.24834E+00 10.0
     48  8  5  410   3 2p2(3PE) 3s     -4.17616E-01  5.25656E+00 12.0
     49  8  5  231   5 2s2p(1PO) 3d:   -4.13977E-01  5.26020E+00 14.0
     50  8  5  420   2 2s2p(3PO) 4p    -3.99627E-01  5.27455E+00 20.0
     51  8  5  400   2 2s2p(3PO) 4p    -3.77768E-01  5.29641E+00  4.0
     52  8  5  211  11 2s2p(1PO) 3d    -3.70410E-01  5.30377E+00  6.0
     53  8  5  200   8 2s2 7s          -3.68544E-01  5.30564E+00  2.0
     54  8  5  410   4 2s2p(3PO) 4p    -3.66109E-01  5.30807E+00 12.0
     55  8  5  220   8 2s2p(3PO) 4p    -3.59205E-01  5.31497E+00 10.0
     56  8  5  211  12 2s2 7p          -3.40734E-01  5.33345E+00  6.0
     57  8  5  220   9 2s2 7d          -3.33139E-01  5.34104E+00 10.0
     58  8  5  240   3 2s2 7g          -3.27119E-01  5.34706E+00 18.0
     59  8  5  231   6 2s2 7f          -3.21971E-01  5.35221E+00 14.0
     60  8  5  431   2 2s2p(3PO) 4d    -3.12389E-01  5.36179E+00 28.0
     61  8  5  200   9 2s2p(3PO) 4p    -3.06432E-01  5.36775E+00  2.0
     62  8  5  421   2 2s2p(3PO) 4d    -2.96088E-01  5.37809E+00 20.0
     63  8  5  411   4 2s2p(3PO) 4d    -2.82837E-01  5.39134E+00 12.0
     64  8  5  221   4 2s2p(3PO) 4d    -2.78298E-01  5.39588E+00 10.0
     65  8  5  430   1 2s2p(3PO) 4f    -2.77633E-01  5.39655E+00 28.0
     66  8  5  230   1 2s2p(3PO) 4f    -2.77501E-01  5.39668E+00 14.0
     67  8  5  200  10 2s2 8s          -2.75003E-01  5.39918E+00  2.0
     68  8  5  211  13 2s2 8p          -2.63588E-01  5.41059E+00  6.0
     69  8  5  210   5 2p2(3PE) 3s     -2.55093E-01  5.41909E+00  6.0
     70  8  5  220  10 2s2 8d          -2.54769E-01  5.41941E+00 10.0
     71  8  5  420   3 2s2p(3PO) 4f    -2.54606E-01  5.41957E+00 20.0
     72  8  5  440   1 2s2p(3PO) 4f    -2.54315E-01  5.41987E+00 36.0
     73  8  5  231   7 2s2p(3PO) 4d    -2.54259E-01  5.41992E+00 14.0
     74  8  5  240   4 2s2p(3PO) 4f    -2.51500E-01  5.42268E+00 18.0
     75  8  5  220  11 2s2p(3PO) 4f    -2.51437E-01  5.42274E+00 10.0
     76  8  5  240   5 2s2 8g          -2.50432E-01  5.42375E+00 18.0
     77  8  5  231   8 2s2 8f          -2.45385E-01  5.42879E+00 14.0
     78  8  5  211  14 2s2p(3PO) 4d    -2.39273E-01  5.43491E+00  6.0
     79  8  5  201   1 2p2(3PE) 3p     -2.38143E-01  5.43604E+00  2.0
     80  8  5  200  11 2s2 9s          -2.16068E-01  5.45811E+00  2.0
     81  8  5  211  15 2s2 9p          -2.07420E-01  5.46676E+00  6.0
     82  8  5  220  12 2p2(1DE) 3s     -2.02872E-01  5.47131E+00 10.0
     83  8  5  220  13 2s2 9d          -2.00473E-01  5.47371E+00 10.0
     84  8  5  240   6 2s2 9g          -1.97856E-01  5.47632E+00 18.0
     85  8  5  231   9 2s2 9f          -1.96554E-01  5.47763E+00 14.0
     86  8  5  421   3 2p2(3PE) 3p     -1.84118E-01  5.49006E+00 20.0
     87  8  5  200  12 2s210s          -1.73596E-01  5.50058E+00  2.0
     88  8  5  211  16 2s210p          -1.67319E-01  5.50686E+00  6.0
     89  8  5  220  14 2s210d          -1.62332E-01  5.51185E+00 10.0
     90  8  5  240   7 2s210g          -1.60249E-01  5.51393E+00 18.0
     91  8  5  411   5 2p2(3PE) 3p     -1.49557E-01  5.52462E+00 12.0
     92  8  5  221   5 2p2(3PE) 3p     -1.28460E-01  5.54572E+00 10.0
     93  8  5  401   2 2p2(3PE) 3p     -5.48933E-02  5.61929E+00  4.0
     94  8  5  411   6 2s2p(3PO) 5s    -9.87251E-03  5.66431E+00 12.0
     95  8  5  430   2 2p2(3PE) 3d      1.35050E-02  5.68769E+00 28.0
     96  8  5  420   4 2s2p(3PO) 5p:    2.70608E-02  5.70124E+00 20.0
     97  8  5  210   6 2s2p(3PO) 5p     3.57191E-02  5.70990E+00  6.0
     98  8  5  400   3 2s2p(3PO) 5p     4.58751E-02  5.72006E+00  4.0
     99  8  5  410   5 2s2p(3PO) 5p     4.82694E-02  5.72245E+00 12.0
    100  8  5  230   2 2p2(3PE) 3d:     5.20500E-02  5.72623E+00 14.0
    101  8  5  420   5 2s2p(3PO) 5f:    6.95865E-02  5.74377E+00 20.0
    102  8  5  431   3 2s2p(3PO) 5d     7.74664E-02  5.75165E+00 28.0
    103  8  5  221   6 2p2(1DE) 3p:     7.90278E-02  5.75321E+00 10.0
    104  8  5  210   7 2p2(3PE) 3d      8.32037E-02  5.75738E+00  6.0
    105  8  5  421   4 2s2p(3PO) 5d     8.70752E-02  5.76126E+00 20.0
    106  8  5  411   7 2s2p(3PO) 5d     9.16235E-02  5.76580E+00 12.0
    107  8  5  221   7 2s2p(3PO) 5d:    1.01445E-01  5.77563E+00 10.0
    108  8  5  241   1 2s2p(3PO) 5g     1.04198E-01  5.77838E+00 18.0
    109  8  5  441   1 2s2p(3PO) 5g     1.04200E-01  5.77838E+00 36.0
    110  8  5  440   2 2s2p(3PO) 5f     1.05966E-01  5.78015E+00 36.0
    111  8  5  431   4 2s2p(3PO) 5g     1.08601E-01  5.78278E+00 28.0
    112  8  5  430   3 2s2p(3PO) 5f     1.21689E-01  5.79587E+00 28.0
    113  8  5  410   6 2p2(3PE) 3d      1.25545E-01  5.79973E+00 12.0
    114  8  5  420   6 2p2(3PE) 3d:     1.34053E-01  5.80823E+00 20.0
    115  8  5  230   3 2s2p(3PO) 5f:    1.34650E-01  5.80883E+00 14.0
    116  8  5  411   8 2s2p(3PO) 6s     2.35924E-01  5.91010E+00 12.0
    117  8  5  230   4 2p2(1DE) 3d      2.53239E-01  5.92742E+00 14.0
    118  8  5  210   8 2s2p(3PO) 6p     2.63039E-01  5.93722E+00  6.0
    119  8  5  420   7 2s2p(3PO) 6p     2.64425E-01  5.93860E+00 20.0
    120  8  5  400   4 2s2p(3PO) 6p     2.68203E-01  5.94238E+00  4.0
    121  8  5  410   7 2s2p(3PO) 6p     2.71504E-01  5.94568E+00 12.0
    122  8  5  431   5 2s2p(3PO) 6d     2.85898E-01  5.96008E+00 28.0
    123  8  5  421   5 2s2p(3PO) 6d     2.91291E-01  5.96547E+00 20.0
    124  8  5  221   8 2s2p(3PO) 6d     2.92341E-01  5.96652E+00 10.0
    125  8  5  411   9 2s2p(3PO) 6d     2.93732E-01  5.96791E+00 12.0
    126  8  5  241   2 2s2p(3PO) 6g     3.01252E-01  5.97543E+00 18.0
    127  8  5  441   2 2s2p(3PO) 6g     3.01255E-01  5.97544E+00 36.0
    128  8  5  440   3 2s2p(3PO) 6f     3.01976E-01  5.97616E+00 36.0
    129  8  5  430   4 2s2p(3PO) 6f     3.03312E-01  5.97749E+00 28.0
    130  8  5  431   6 2s2p(3PO) 6g     3.03523E-01  5.97770E+00 28.0
    131  8  5  440   4 2s2p(3PO) 6h     3.03526E-01  5.97771E+00 36.0
    132  8  5  420   8 2s2p(3PO) 6f     3.06985E-01  5.98116E+00 20.0
    133  8  5  210   9 2s2p(1PO) 4p     3.10073E-01  5.98425E+00  6.0
    134  8  5  230   5 2s2p(3PO) 6f     3.11649E-01  5.98583E+00 14.0
    135  8  5  210  10 2p2(1DE) 3d      3.78033E-01  6.05221E+00  6.0
    136  8  5  411  10 2s2p(3PO) 7s     3.79394E-01  6.05357E+00 12.0
    137  8  5  420   9 2s2p(3PO) 7p     3.96700E-01  6.07088E+00 20.0
    138  8  5  210  11 2s2p(3PO) 7p     3.98414E-01  6.07259E+00  6.0
    139  8  5  400   5 2s2p(3PO) 7p     3.99284E-01  6.07346E+00  4.0
    140  8  5  410   8 2s2p(3PO) 7p     4.01170E-01  6.07535E+00 12.0
    141  8  5  221   9 2s2p(3PO) 7d:    4.07525E-01  6.08171E+00 10.0
    142  8  5  431   7 2s2p(3PO) 7d     4.10268E-01  6.08445E+00 28.0
    143  8  5  421   6 2s2p(3PO) 7d     4.13657E-01  6.08784E+00 20.0
    144  8  5  411  11 2s2p(3PO) 7d     4.15031E-01  6.08921E+00 12.0
    145  8  5  241   3 2s2p(3PO) 7g     4.19736E-01  6.09392E+00 18.0
    146  8  5  441   3 2s2p(3PO) 7g     4.19739E-01  6.09392E+00 36.0
    147  8  5  440   5 2s2p(3PO) 7f     4.20250E-01  6.09443E+00 36.0
    148  8  5  430   5 2s2p(3PO) 7f     4.20315E-01  6.09449E+00 28.0
    149  8  5  431   8 2s2p(3PO) 7g     4.21282E-01  6.09546E+00 28.0
    150  8  5  440   6 2s2p(3PO) 7h     4.21296E-01  6.09548E+00 36.0
    151  8  5  230   6 2s2p(3PO) 7f     4.21825E-01  6.09600E+00 14.0
    152  8  5  420  10 2s2p(3PO) 7f     4.22642E-01  6.09682E+00 20.0
    153  8  5  221  10 2s2p(1PO) 4d:    4.26538E-01  6.10072E+00 10.0
    154  8  5  230   7 2s2p(1PO) 4f     4.57598E-01  6.13178E+00 14.0
    155  8  5  411  12 2s2p(3PO) 8s     4.70009E-01  6.14419E+00 12.0
    156  8  5  210  12 2s2p(3PO) 8p     4.81056E-01  6.15524E+00  6.0
    157  8  5  420  11 2s2p(3PO) 8p     4.81372E-01  6.15555E+00 20.0
    158  8  5  400   6 2s2p(3PO) 8p     4.83126E-01  6.15731E+00  4.0
    159  8  5  410   9 2s2p(3PO) 8p     4.84337E-01  6.15852E+00 12.0
    160  8  5  431   9 2s2p(3PO) 8d     4.90404E-01  6.16458E+00 28.0
    161  8  5  421   7 2s2p(3PO) 8d     4.92660E-01  6.16684E+00 20.0
    162  8  5  411  13 2s2p(3PO) 8d     4.93521E-01  6.16770E+00 12.0
    163  8  5  221  11 2s2p(3PO) 8d     4.94118E-01  6.16830E+00 10.0
    164  8  5  241   4 2s2p(3PO) 8g     4.96641E-01  6.17082E+00 18.0
    165  8  5  441   4 2s2p(3PO) 8g     4.96644E-01  6.17082E+00 36.0
    166  8  5  430   6 2s2p(3PO) 8f     4.96836E-01  6.17102E+00 28.0
    167  8  5  440   7 2s2p(3PO) 8f     4.97025E-01  6.17121E+00 36.0
    168  8  5  230   8 2s2p(3PO) 8f     4.97601E-01  6.17178E+00 14.0
    169  8  5  431  10 2s2p(3PO) 8g     4.97731E-01  6.17191E+00 28.0
    170  8  5  440   8 2s2p(3PO) 8h     4.97740E-01  6.17192E+00 36.0
    171  8  5  420  12 2s2p(3PO) 8f     4.98438E-01  6.17262E+00 20.0
    172  8  5  411  14 2s2p(3PO) 9s     5.30866E-01  6.20505E+00 12.0
    173  8  5  210  13 2s2p(3PO) 9p     5.38236E-01  6.21242E+00  6.0
    174  8  5  420  13 2s2p(3PO) 9p     5.38736E-01  6.21292E+00 20.0
    175  8  5  400   7 2s2p(3PO) 9p     5.39976E-01  6.21416E+00  4.0
    176  8  5  410  10 2s2p(3PO) 9p     5.40794E-01  6.21497E+00 12.0
    177  8  5  431  11 2s2p(3PO) 9d     5.45041E-01  6.21922E+00 28.0
    178  8  5  421   8 2s2p(3PO) 9d     5.46612E-01  6.22079E+00 20.0
    179  8  5  411  15 2s2p(3PO) 9d     5.47197E-01  6.22138E+00 12.0
    180  8  5  221  12 2s2p(3PO) 9d     5.47362E-01  6.22154E+00 10.0
    181  8  5  241   5 2s2p(3PO) 9g     5.49366E-01  6.22355E+00 18.0
    182  8  5  441   5 2s2p(3PO) 9g     5.49368E-01  6.22355E+00 36.0
    183  8  5  430   7 2s2p(3PO) 9f     5.49424E-01  6.22360E+00 28.0
    184  8  5  440   9 2s2p(3PO) 9f     5.49658E-01  6.22384E+00 36.0
    185  8  5  230   9 2s2p(3PO) 9f     5.49788E-01  6.22397E+00 14.0
    186  8  5  431  12 2s2p(3PO) 9g     5.50153E-01  6.22433E+00 28.0
    187  8  5  440  10 2s2p(3PO) 9h     5.50166E-01  6.22435E+00 36.0
    188  8  5  420  14 2s2p(3PO) 9f     5.50579E-01  6.22476E+00 20.0
    189  8  5  411  16 2s2p(3PO)10s     5.73700E-01  6.24788E+00 12.0
    190  8  5  210  14 2s2p(3PO)10p     5.78852E-01  6.25303E+00  6.0
    191  8  5  420  15 2s2p(3PO)10p     5.79378E-01  6.25356E+00 20.0
    192  8  5  400   8 2s2p(3PO)10p     5.80287E-01  6.25447E+00  4.0
    193  8  5  410  11 2s2p(3PO)10p     5.80861E-01  6.25504E+00 12.0
    194  8  5  431  13 2s2p(3PO)10d     5.83952E-01  6.25813E+00 28.0
    195  8  5  421   9 2s2p(3PO)10d     5.85088E-01  6.25927E+00 20.0
    196  8  5  411  17 2s2p(3PO)10d     5.85507E-01  6.25969E+00 12.0
    197  8  5  221  13 2s2p(3PO)10d     5.85555E-01  6.25974E+00 10.0
    198  8  5  241   6 2s2p(3PO)10g     5.87074E-01  6.26125E+00 18.0
    199  8  5  441   6 2s2p(3PO)10g     5.87076E-01  6.26126E+00 36.0
    200  8  5  430   8 2s2p(3PO)10f     5.87077E-01  6.26126E+00 28.0
    201  8  5  230  10 2s2p(3PO)10f     5.87278E-01  6.26146E+00 14.0
    202  8  5  440  11 2s2p(3PO)10f     5.87299E-01  6.26148E+00 36.0
    203  8  5  201   2 2p2(3PE) 4p      7.96228E-01  6.47041E+00  2.0
    204  8  5  401   3 2p2(3PE) 4p      8.57477E-01  6.53166E+00  4.0
    205  8  5  201   3 2p2(3PE) 5p      1.23546E+00  6.90964E+00  2.0
    206  8  5  401   4 2p2(3PE) 5p      1.26368E+00  6.93786E+00  4.0
    207  8  5  201   4 2p2(3PE) 6p      1.46381E+00  7.13799E+00  2.0
    208  8  5  401   5 2p2(3PE) 6p      1.47912E+00  7.15330E+00  4.0
    209  8  5  201   5 2p2(3PE) 7p      1.59782E+00  7.27200E+00  2.0
    210  8  5  401   6 2p2(3PE) 7p      1.60710E+00  7.28128E+00  4.0
    211  8  5  201   6 2p2(3PE) 8p      1.68312E+00  7.35730E+00  2.0
    212  8  5  401   7 2p2(3PE) 8p      1.68919E+00  7.36337E+00  4.0
    213  8  5  201   7 2p2(3PE) 9p      1.74079E+00  7.41497E+00  2.0
    214  8  5  401   8 2p2(3PE) 9p      1.74498E+00  7.41916E+00  4.0
    215  8  5  201   8 2p2(3PE)10p      1.78160E+00  7.45578E+00  2.0
    216  8  5  401   9 2p2(3PE)10p      1.78462E+00  7.45880E+00  4.0
 ====================================================================
