 ====================================================================
      i NZ NE iSLP iLV iCONF                 E(RYD)      TE(RYD)   gi
 ====================================================================
      1  8  4  100   1 2s2             -8.35730E+00  0.00000E+00  1.0
      2  8  4  311   1 2s 2p           -7.60872E+00  7.48580E-01  9.0
      3  8  4  111   1 2s 2p           -6.89094E+00  1.46636E+00  3.0
      4  8  4  310   1 2p2             -6.39770E+00  1.95960E+00  9.0
      5  8  4  120   1 2p2             -6.23164E+00  2.12566E+00  5.0
      6  8  4  100   2 2p2             -5.68203E+00  2.67527E+00  1.0
      7  8  4  300   1 2s 3s           -3.38331E+00  4.97399E+00  3.0
      8  8  4  100   3 2s 3s           -3.25130E+00  5.10600E+00  1.0
      9  8  4  111   2 2s 3p           -3.07396E+00  5.28334E+00  3.0
     10  8  4  311   2 2s 3p           -3.05527E+00  5.30203E+00  9.0
     11  8  4  320   1 2s 3d           -2.89519E+00  5.46211E+00 15.0
     12  8  4  120   2 2s 3d           -2.78256E+00  5.57474E+00  5.0
     13  8  4  311   3 2p 3s           -2.41289E+00  5.94441E+00  9.0
     14  8  4  111   3 2p 3s           -2.30656E+00  6.05074E+00  3.0
     15  8  4  110   1 2p 3p           -2.23553E+00  6.12177E+00  3.0
     16  8  4  320   2 2p 3p           -2.19172E+00  6.16558E+00 15.0
     17  8  4  300   2 2p 3p           -2.13235E+00  6.22495E+00  3.0
     18  8  4  310   2 2p 3p           -2.07706E+00  6.28024E+00  9.0
     19  8  4  331   1 2p 3d           -2.05462E+00  6.30268E+00 21.0
     20  8  4  121   1 2p 3d           -2.03746E+00  6.31984E+00  5.0
     21  8  4  120   3 2p 3p           -2.00800E+00  6.34930E+00  5.0
     22  8  4  321   1 2p 3d           -1.94835E+00  6.40895E+00 15.0
     23  8  4  311   4 2p 3d           -1.91173E+00  6.44557E+00  9.0
     24  8  4  100   4 2p 3p           -1.90968E+00  6.44762E+00  1.0
     25  8  4  131   1 2p 3d           -1.86953E+00  6.48777E+00  7.0
     26  8  4  111   4 2p 3d           -1.80442E+00  6.55288E+00  3.0
     27  8  4  300   3 2s 4s           -1.78557E+00  6.57173E+00  3.0
     28  8  4  100   5 2s 4s           -1.69331E+00  6.66399E+00  1.0
     29  8  4  311   5 2s 4p           -1.66258E+00  6.69472E+00  9.0
     30  8  4  111   5 2s 4p           -1.64399E+00  6.71331E+00  3.0
     31  8  4  320   3 2s 4d           -1.60684E+00  6.75046E+00 15.0
     32  8  4  120   4 2s 4d           -1.56801E+00  6.78929E+00  5.0
     33  8  4  331   2 2s 4f           -1.55861E+00  6.79869E+00 21.0
     34  8  4  131   2 2s 4f           -1.53679E+00  6.82051E+00  7.0
     35  8  4  300   4 2s 5s           -1.11625E+00  7.24105E+00  3.0
     36  8  4  100   6 2s 5s           -1.09730E+00  7.26000E+00  1.0
     37  8  4  111   6 2s 5p           -1.05801E+00  7.29929E+00  3.0
     38  8  4  311   6 2s 5p           -1.05390E+00  7.30340E+00  9.0
     39  8  4  320   4 2s 5d           -1.02205E+00  7.33525E+00 15.0
     40  8  4  340   1 2s 5g           -1.00469E+00  7.35261E+00 27.0
     41  8  4  140   1 2s 5g           -1.00469E+00  7.35261E+00  9.0
     42  8  4  120   5 2s 5d           -1.00356E+00  7.35374E+00  5.0
     43  8  4  331   3 2s 5f           -1.00236E+00  7.35494E+00 21.0
     44  8  4  131   3 2s 5f           -9.99428E-01  7.35787E+00  7.0
     45  8  4  311   7 2p 4s           -8.83864E-01  7.47344E+00  9.0
     46  8  4  111   7 2p 4s           -8.55056E-01  7.50224E+00  3.0
     47  8  4  110   2 2p 4p           -8.07767E-01  7.54953E+00  3.0
     48  8  4  320   5 2p 4p           -7.93745E-01  7.56355E+00 15.0
     49  8  4  300   5 2p 4p:          -7.86266E-01  7.57103E+00  3.0
     50  8  4  100   7 2s 6s           -7.62722E-01  7.59458E+00  1.0
     51  8  4  310   3 2p 4p           -7.56827E-01  7.60047E+00  9.0
     52  8  4  331   4 2p 4d           -7.40570E-01  7.61673E+00 21.0
     53  8  4  300   6 2s 6s:          -7.39960E-01  7.61734E+00  3.0
     54  8  4  121   2 2p 4d           -7.33976E-01  7.62332E+00  5.0
     55  8  4  120   6 2p 4p           -7.30755E-01  7.62654E+00  5.0
     56  8  4  311   8 2s 6p           -7.30683E-01  7.62662E+00  9.0
     57  8  4  111   8 2s 6p           -7.18610E-01  7.63869E+00  3.0
     58  8  4  340   2 2s 6g           -7.14676E-01  7.64262E+00 27.0
     59  8  4  140   2 2s 6g           -7.13413E-01  7.64389E+00  9.0
     60  8  4  131   4 2s 6f           -7.08881E-01  7.64842E+00  7.0
     61  8  4  320   6 2s 6d           -7.06900E-01  7.65040E+00 15.0
     62  8  4  321   2 2p 4d           -7.02315E-01  7.65498E+00 15.0
     63  8  4  120   7 2s 6d           -6.96907E-01  7.66039E+00  5.0
     64  8  4  130   1 2p 4f           -6.95824E-01  7.66148E+00  7.0
     65  8  4  330   1 2p 4f           -6.94672E-01  7.66263E+00 21.0
     66  8  4  331   5 2s 6f           -6.91262E-01  7.66604E+00 21.0
     67  8  4  311   9 2p 4d           -6.84257E-01  7.67304E+00  9.0
     68  8  4  320   7 2p 4f           -6.67697E-01  7.68960E+00 15.0
     69  8  4  340   3 2p 4f           -6.64003E-01  7.69330E+00 27.0
     70  8  4  120   8 2p 4f           -6.63352E-01  7.69395E+00  5.0
     71  8  4  140   3 2p 4f           -6.61079E-01  7.69622E+00  9.0
     72  8  4  100   8 2p 4p           -6.59236E-01  7.69806E+00  1.0
     73  8  4  131   5 2p 4d           -6.48693E-01  7.70861E+00  7.0
     74  8  4  111   9 2p 4d           -6.41907E-01  7.71539E+00  3.0
     75  8  4  300   7 2s 7s           -5.49457E-01  7.80784E+00  3.0
     76  8  4  100   9 2s 7s           -5.39224E-01  7.81808E+00  1.0
     77  8  4  311  10 2s 7p           -5.28297E-01  7.82900E+00  9.0
     78  8  4  111  10 2s 7p           -5.26015E-01  7.83128E+00  3.0
     79  8  4  320   8 2s 7d           -5.17956E-01  7.83934E+00 15.0
     80  8  4  120   9 2s 7d           -5.11801E-01  7.84550E+00  5.0
     81  8  4  331   6 2s 7f           -5.10610E-01  7.84669E+00 21.0
     82  8  4  340   4 2s 7g           -5.08797E-01  7.84850E+00 27.0
     83  8  4  140   4 2s 7g           -5.08681E-01  7.84862E+00  9.0
     84  8  4  131   6 2s 7f           -5.06981E-01  7.85032E+00  7.0
     85  8  4  300   8 2s 8s           -4.17348E-01  7.93995E+00  3.0
     86  8  4  100  10 2s 8s           -4.12630E-01  7.94467E+00  1.0
     87  8  4  311  11 2s 8p           -4.03109E-01  7.95419E+00  9.0
     88  8  4  111  11 2s 8p           -4.02629E-01  7.95467E+00  3.0
     89  8  4  320   9 2s 8d           -3.95830E-01  7.96147E+00 15.0
     90  8  4  120  10 2s 8d           -3.91751E-01  7.96555E+00  5.0
     91  8  4  331   7 2s 8f           -3.91121E-01  7.96618E+00 21.0
     92  8  4  340   5 2s 8g           -3.90460E-01  7.96684E+00 27.0
     93  8  4  140   5 2s 8g           -3.90427E-01  7.96687E+00  9.0
     94  8  4  131   7 2s 8f           -3.89579E-01  7.96772E+00  7.0
     95  8  4  300   9 2s 9s           -3.27643E-01  8.02966E+00  3.0
     96  8  4  100  11 2s 9s           -3.24862E-01  8.03244E+00  1.0
     97  8  4  111  12 2s 9p           -3.17987E-01  8.03931E+00  3.0
     98  8  4  311  12 2s 9p           -3.17573E-01  8.03973E+00  9.0
     99  8  4  320  10 2s 9d           -3.12310E-01  8.04499E+00 15.0
    100  8  4  120  11 2s 9d           -3.09459E-01  8.04784E+00  5.0
    101  8  4  331   8 2s 9f           -3.09086E-01  8.04821E+00 21.0
    102  8  4  340   6 2s 9g           -3.08808E-01  8.04849E+00 27.0
    103  8  4  140   6 2s 9g           -3.08795E-01  8.04850E+00  9.0
    104  8  4  131   8 2s 9f           -3.08281E-01  8.04902E+00  7.0
    105  8  4  300  10 2s10s           -2.64125E-01  8.09317E+00  3.0
    106  8  4  100  12 2s10s           -2.62315E-01  8.09499E+00  1.0
    107  8  4  111  13 2s10p           -2.58136E-01  8.09916E+00  3.0
    108  8  4  311  13 2s10p           -2.56705E-01  8.10059E+00  9.0
    109  8  4  320  11 2s10d           -2.52698E-01  8.10460E+00 15.0
    110  8  4  120  12 2s10d           -2.50609E-01  8.10669E+00  5.0
    111  8  4  331   9 2s10f           -2.50391E-01  8.10691E+00 21.0
    112  8  4  340   7 2s10g           -2.50311E-01  8.10699E+00 27.0
    113  8  4  140   7 2s10g           -2.50307E-01  8.10699E+00  9.0
    114  8  4  131   9 2s10f           -2.49966E-01  8.10733E+00  7.0
    115  8  4  110   3 2p 5p           -1.79218E-01  8.17808E+00  3.0
    116  8  4  310   4 2p 5p           -1.56124E-01  8.20118E+00  9.0
    117  8  4  121   3 2p 5d           -1.43336E-01  8.21396E+00  5.0
    118  8  4  321   3 2p 5d           -1.28408E-01  8.22889E+00 15.0
    119  8  4  130   2 2p 5f           -1.25041E-01  8.23226E+00  7.0
    120  8  4  330   2 2p 5f           -1.24306E-01  8.23299E+00 21.0
    121  8  4  110   4 2p 6p            1.53526E-01  8.51083E+00  3.0
    122  8  4  310   5 2p 6p            1.65990E-01  8.52329E+00  9.0
    123  8  4  121   4 2p 6d            1.73704E-01  8.53100E+00  5.0
    124  8  4  321   4 2p 6d            1.81933E-01  8.53923E+00 15.0
    125  8  4  130   3 2p 6f            1.84006E-01  8.54131E+00  7.0
    126  8  4  330   3 2p 6f            1.84460E-01  8.54176E+00 21.0
    127  8  4  110   5 2p 7p            3.51144E-01  8.70844E+00  3.0
    128  8  4  310   6 2p 7p            3.58665E-01  8.71597E+00  9.0
    129  8  4  121   5 2p 7d            3.63630E-01  8.72093E+00  5.0
    130  8  4  321   5 2p 7d            3.68662E-01  8.72596E+00 15.0
    131  8  4  130   4 2p 7f            3.69997E-01  8.72730E+00  7.0
    132  8  4  330   4 2p 7f            3.70292E-01  8.72759E+00 21.0
    133  8  4  110   6 2p 8p            4.78073E-01  8.83537E+00  3.0
    134  8  4  310   7 2p 8p            4.82973E-01  8.84027E+00  9.0
    135  8  4  121   6 2p 8d            4.86340E-01  8.84364E+00  5.0
    136  8  4  321   6 2p 8d            4.89647E-01  8.84695E+00 15.0
    137  8  4  130   5 2p 8f            4.90548E-01  8.84785E+00  7.0
    138  8  4  330   5 2p 8f            4.90749E-01  8.84805E+00 21.0
    139  8  4  110   7 2p 9p            5.64432E-01  8.92173E+00  3.0
    140  8  4  310   8 2p 9p            5.67808E-01  8.92511E+00  9.0
    141  8  4  121   7 2p 9d            5.70189E-01  8.92749E+00  5.0
    142  8  4  321   7 2p 9d            5.72482E-01  8.92978E+00 15.0
    143  8  4  130   6 2p 9f            5.73117E-01  8.93042E+00  7.0
    144  8  4  330   6 2p 9f            5.73259E-01  8.93056E+00 21.0
    145  8  4  110   8 2p10p            6.25844E-01  8.98314E+00  3.0
    146  8  4  310   9 2p10p            6.28270E-01  8.98557E+00  9.0
    147  8  4  121   8 2p10d            6.30014E-01  8.98731E+00  5.0
    148  8  4  321   8 2p10d            6.31671E-01  8.98897E+00 15.0
    149  8  4  130   7 2p10f            6.32133E-01  8.98943E+00  7.0
    150  8  4  330   7 2p10f            6.32238E-01  8.98954E+00 21.0
 ====================================================================
