 ====================================================================
      i NZ NE iSLP iLV iCONF                 E(RYD)      TE(RYD)   gi
 ====================================================================
      1  8  3  200   1 1s2 2s          -1.01405E+01  0.00000E+00  2.0
      2  8  3  211   1 1s2 2p          -9.26305E+00  8.77450E-01  6.0
      3  8  3  200   2 1s2 3s          -4.31564E+00  5.82486E+00  2.0
      4  8  3  211   2 1s2 3p          -4.07808E+00  6.06242E+00  6.0
      5  8  3  220   1 1s2 3d          -4.00317E+00  6.13733E+00 10.0
      6  8  3  200   3 1s2 4s          -2.37976E+00  7.76074E+00  2.0
      7  8  3  211   3 1s2 4p          -2.28297E+00  7.85753E+00  6.0
      8  8  3  220   2 1s2 4d          -2.25163E+00  7.88887E+00 10.0
      9  8  3  200   4 1s2 5s          -1.50555E+00  8.63495E+00  2.0
     10  8  3  211   4 1s2 5p          -1.45688E+00  8.68362E+00  6.0
     11  8  3  220   3 1s2 5d          -1.44091E+00  8.69959E+00 10.0
     12  8  3  200   5 1s2 6s          -1.03762E+00  9.10288E+00  2.0
     13  8  3  211   5 1s2 6p          -1.00977E+00  9.13073E+00  6.0
     14  8  3  220   4 1s2 6d          -1.00055E+00  9.13995E+00 10.0
     15  8  3  200   6 1s2 7s          -7.58255E-01  9.38225E+00  2.0
     16  8  3  211   6 1s2 7p          -7.40841E-01  9.39966E+00  6.0
     17  8  3  220   5 1s2 7d          -7.35045E-01  9.40545E+00 10.0
     18  8  3  200   7 1s2 8s          -5.78221E-01  9.56228E+00  2.0
     19  8  3  211   7 1s2 8p          -5.66616E-01  9.57388E+00  6.0
     20  8  3  220   6 1s2 8d          -5.62739E-01  9.57776E+00 10.0
     21  8  3  200   8 1s2 9s          -4.55453E-01  9.68505E+00  2.0
     22  8  3  211   8 1s2 9p          -4.47334E-01  9.69317E+00  6.0
     23  8  3  220   7 1s2 9d          -4.44614E-01  9.69589E+00 10.0
     24  8  3  200   9 1s210s          -3.68006E-01  9.77249E+00  2.0
     25  8  3  211   9 1s210p          -3.62106E-01  9.77839E+00  6.0
     26  8  3  220   8 1s210d          -3.60124E-01  9.78038E+00 10.0
 ====================================================================
