 ====================================================================
      i NZ NE iSLP iLV iCONF                 E(RYD)      TE(RYD)   gi
 ====================================================================
      1  8  2  100   1 1s2             -5.42742E+01  0.00000E+00  1.0
      2  8  2  300   1 1s 2s           -1.30889E+01  4.11853E+01  3.0
      3  8  2  311   1 1s 2p           -1.25388E+01  4.17354E+01  9.0
      4  8  2  100   2 1s 2s           -1.25091E+01  4.17651E+01  1.0
      5  8  2  111   1 1s 2p           -1.21479E+01  4.21263E+01  3.0
      6  8  2  300   2 1s 3s           -5.67685E+00  4.85974E+01  3.0
      7  8  2  311   2 1s 3p           -5.52658E+00  4.87476E+01  9.0
      8  8  2  100   3 1s 3s           -5.52337E+00  4.87508E+01  1.0
      9  8  2  320   1 1s 3d           -5.44809E+00  4.88261E+01 15.0
     10  8  2  120   1 1s 3d           -5.44444E+00  4.88298E+01  5.0
     11  8  2  111   2 1s 3p           -5.41781E+00  4.88564E+01  3.0
     12  8  2  300   3 1s 4s           -3.15815E+00  5.11161E+01  3.0
     13  8  2  311   3 1s 4p           -3.09675E+00  5.11775E+01  9.0
     14  8  2  100   4 1s 4s           -3.09602E+00  5.11782E+01  1.0
     15  8  2  320   2 1s 4d           -3.06441E+00  5.12098E+01 15.0
     16  8  2  120   2 1s 4d           -3.06242E+00  5.12118E+01  5.0
     17  8  2  111   3 1s 4p           -3.05193E+00  5.12223E+01  3.0
     18  8  2  300   4 1s 5s           -2.00837E+00  5.22658E+01  3.0
     19  8  2  311   4 1s 5p           -1.97748E+00  5.22967E+01  9.0
     20  8  2  100   5 1s 5s           -1.97724E+00  5.22970E+01  1.0
     21  8  2  320   3 1s 5d           -1.96109E+00  5.23131E+01 15.0
     22  8  2  120   3 1s 5d           -1.95997E+00  5.23142E+01  5.0
     23  8  2  111   4 1s 5p           -1.95478E+00  5.23194E+01  3.0
     24  8  2  300   5 1s 6s           -1.38892E+00  5.28853E+01  3.0
     25  8  2  311   5 1s 6p           -1.37118E+00  5.29030E+01  9.0
     26  8  2  100   6 1s 6s           -1.37110E+00  5.29031E+01  1.0
     27  8  2  320   4 1s 6d           -1.36175E+00  5.29124E+01 15.0
     28  8  2  120   4 1s 6d           -1.36107E+00  5.29131E+01  5.0
     29  8  2  111   5 1s 6p           -1.35813E+00  5.29161E+01  3.0
     30  8  2  300   6 1s 7s           -1.01744E+00  5.32568E+01  3.0
     31  8  2  311   6 1s 7p           -1.00632E+00  5.32679E+01  9.0
     32  8  2  100   7 1s 7s           -1.00629E+00  5.32679E+01  1.0
     33  8  2  320   5 1s 7d           -1.00041E+00  5.32738E+01 15.0
     34  8  2  120   5 1s 7d           -9.99972E-01  5.32742E+01  5.0
     35  8  2  111   6 1s 7p           -9.98135E-01  5.32761E+01  3.0
     36  8  2  300   7 1s 8s           -7.77271E-01  5.34969E+01  3.0
     37  8  2  311   7 1s 8p           -7.69850E-01  5.35043E+01  9.0
     38  8  2  100   8 1s 8s           -7.69839E-01  5.35044E+01  1.0
     39  8  2  320   6 1s 8d           -7.65904E-01  5.35083E+01 15.0
     40  8  2  120   6 1s 8d           -7.65606E-01  5.35086E+01  5.0
     41  8  2  111   7 1s 8p           -7.64381E-01  5.35098E+01  3.0
     42  8  2  300   8 1s 9s           -6.13100E-01  5.36611E+01  3.0
     43  8  2  311   8 1s 9p           -6.07902E-01  5.36663E+01  9.0
     44  8  2  100   9 1s 9s           -6.07897E-01  5.36663E+01  1.0
     45  8  2  320   7 1s 9d           -6.05137E-01  5.36691E+01 15.0
     46  8  2  120   7 1s 9d           -6.04925E-01  5.36693E+01  5.0
     47  8  2  111   8 1s 9p           -6.04068E-01  5.36701E+01  3.0
     48  8  2  300   9 1s10s           -4.95940E-01  5.37783E+01  3.0
     49  8  2  311   9 1s10p           -4.92158E-01  5.37820E+01  9.0
     50  8  2  100  10 1s10s           -4.92157E-01  5.37820E+01  1.0
     51  8  2  320   8 1s10d           -4.90147E-01  5.37841E+01 15.0
     52  8  2  120   8 1s10d           -4.89991E-01  5.37842E+01  5.0
     53  8  2  111   9 1s10p           -4.89367E-01  5.37848E+01  3.0
 ====================================================================
