 ====================================================================
      i NZ NE iSLP iLV iCONF                 E(RYD)      TE(RYD)   gi
 ====================================================================
      1  8  1  200   1 () 1s           -6.40000E+01  0.00000E+00  2.0
      2  8  1  200   2 () 2s           -1.60000E+01  4.80000E+01  2.0
      3  8  1  211   1 () 2p           -1.60000E+01  4.80000E+01  6.0
      4  8  1  220   1 () 3d           -7.11111E+00  5.68889E+01 10.0
      5  8  1  200   3 () 3s           -7.11111E+00  5.68889E+01  2.0
      6  8  1  211   2 () 3p           -7.11111E+00  5.68889E+01  6.0
      7  8  1  211   3 () 4p           -4.00000E+00  6.00000E+01  6.0
      8  8  1  220   2 () 4d           -4.00000E+00  6.00000E+01 10.0
      9  8  1  231   1 () 4f           -4.00000E+00  6.00000E+01 14.0
     10  8  1  200   4 () 4s           -4.00000E+00  6.00000E+01  2.0
     11  8  1  211   4 () 5p           -2.56000E+00  6.14400E+01  6.0
     12  8  1  220   3 () 5d           -2.56000E+00  6.14400E+01 10.0
     13  8  1  231   2 () 5f           -2.56000E+00  6.14400E+01 14.0
     14  8  1  240   1 () 5g           -2.56000E+00  6.14400E+01 18.0
     15  8  1  200   5 () 5s           -2.56000E+00  6.14400E+01  2.0
     16  8  1  200   6 () 6s           -1.77778E+00  6.22222E+01  2.0
     17  8  1  220   4 () 6d           -1.77778E+00  6.22222E+01 10.0
     18  8  1  231   3 () 6f           -1.77778E+00  6.22222E+01 14.0
     19  8  1  251   1 () 6h           -1.77778E+00  6.22222E+01 22.0
     20  8  1  240   2 () 6g           -1.77778E+00  6.22222E+01 18.0
     21  8  1  211   5 () 6p           -1.77778E+00  6.22222E+01  6.0
     22  8  1  231   4 () 7f           -1.30612E+00  6.26939E+01 14.0
     23  8  1  200   7 () 7s           -1.30612E+00  6.26939E+01  2.0
     24  8  1  220   5 () 7d           -1.30612E+00  6.26939E+01 10.0
     25  8  1  260   1 () 7i           -1.30612E+00  6.26939E+01 26.0
     26  8  1  251   2 () 7h           -1.30612E+00  6.26939E+01 22.0
     27  8  1  240   3 () 7g           -1.30612E+00  6.26939E+01 18.0
     28  8  1  211   6 () 7p           -1.30612E+00  6.26939E+01  6.0
     29  8  1  271   1 () 8k           -1.00000E+00  6.30000E+01 30.0
     30  8  1  260   2 () 8i           -1.00000E+00  6.30000E+01 26.0
     31  8  1  251   3 () 8h           -1.00000E+00  6.30000E+01 22.0
     32  8  1  220   6 () 8d           -1.00000E+00  6.30000E+01 10.0
     33  8  1  240   4 () 8g           -1.00000E+00  6.30000E+01 18.0
     34  8  1  211   7 () 8p           -1.00000E+00  6.30000E+01  6.0
     35  8  1  200   8 () 8s           -1.00000E+00  6.30000E+01  2.0
     36  8  1  231   5 () 8f           -1.00000E+00  6.30000E+01 14.0
     37  8  1  220   7 () 9d           -7.90123E-01  6.32099E+01 10.0
     38  8  1  271   2 () 9k           -7.90123E-01  6.32099E+01 30.0
     39  8  1  260   3 () 9i           -7.90123E-01  6.32099E+01 26.0
     40  8  1  251   4 () 9h           -7.90123E-01  6.32099E+01 22.0
     41  8  1  280   1 () 9l           -7.90123E-01  6.32099E+01 34.0
     42  8  1  240   5 () 9g           -7.90123E-01  6.32099E+01 18.0
     43  8  1  200   9 () 9s           -7.90123E-01  6.32099E+01  2.0
     44  8  1  211   8 () 9p           -7.90123E-01  6.32099E+01  6.0
     45  8  1  231   6 () 9f           -7.90123E-01  6.32099E+01 14.0
     46  8  1  280   2 ()10l           -6.40000E-01  6.33600E+01 34.0
     47  8  1  220   8 ()10d           -6.40000E-01  6.33600E+01 10.0
     48  8  1  271   3 ()10k           -6.40000E-01  6.33600E+01 30.0
     49  8  1  260   4 ()10i           -6.40000E-01  6.33600E+01 26.0
     50  8  1  251   5 ()10h           -6.40000E-01  6.33600E+01 22.0
     51  8  1  240   6 ()10g           -6.40000E-01  6.33600E+01 18.0
     52  8  1  200  10 ()10s           -6.40000E-01  6.33600E+01  2.0
     53  8  1  211   9 ()10p           -6.40000E-01  6.33600E+01  6.0
     54  8  1  291   1 ()10m           -6.40000E-01  6.33600E+01 38.0
     55  8  1  231   7 ()10f           -6.40000E-01  6.33600E+01 14.0
 ====================================================================
