 ====================================================================
      i NZ NE iSLP iLV iCONF                 E(RYD)      TE(RYD)   gi
 ====================================================================
      1 13 13  211   1 3s2 3p          -4.35370E-01  0.00000E+00  6.0
      2 13 13  200   1 3s2 4s          -2.07628E-01  2.27742E-01  2.0
      3 13 13  410   1 3s 3p2          -1.83179E-01  2.52191E-01 12.0
      4 13 13  220   1 3s2 3d          -1.42576E-01  2.92794E-01 10.0
      5 13 13  211   2 3s2 4p          -1.39207E-01  2.96163E-01  6.0
      6 13 13  200   2 3s2 5s          -9.59113E-02  3.39459E-01  2.0
      7 13 13  220   2 3s2 4d          -8.62839E-02  3.49086E-01 10.0
      8 13 13  211   3 3s2 5p          -7.26715E-02  3.62698E-01  6.0
      9 13 13  231   1 3s2 4f          -6.33869E-02  3.71983E-01 14.0
     10 13 13  200   3 3s2 6s          -5.55938E-02  3.79776E-01  2.0
     11 13 13  220   3 3s2 5d          -5.51532E-02  3.80217E-01 10.0
     12 13 13  211   4 3s2 6p          -4.48685E-02  3.90501E-01  6.0
     13 13 13  231   2 3s2 5f          -4.04977E-02  3.94872E-01 14.0
     14 13 13  240   1 3s2 5g          -4.00981E-02  3.95272E-01 18.0
     15 13 13  220   4 3s2 6d          -3.73454E-02  3.98025E-01 10.0
     16 13 13  200   4 3s2 7s          -3.63354E-02  3.99035E-01  2.0
     17 13 13  211   5 3s2 7p          -3.04971E-02  4.04873E-01  6.0
     18 13 13  231   3 3s2 6f          -2.80864E-02  4.07284E-01 14.0
     19 13 13  240   2 3s2 6g          -2.78476E-02  4.07522E-01 18.0
     20 13 13  251   1 3s2 6h          -2.77822E-02  4.07588E-01 22.0
     21 13 13  220   5 3s2 7d          -2.66082E-02  4.08762E-01 10.0
     22 13 13  200   5 3s2 8s          -2.56107E-02  4.09759E-01  2.0
     23 13 13  211   6 3s2 8p          -2.20843E-02  4.13286E-01  6.0
     24 13 13  231   4 3s2 7f          -2.06106E-02  4.14759E-01 14.0
     25 13 13  240   3 3s2 7g          -2.04555E-02  4.14914E-01 18.0
     26 13 13  251   2 3s2 7h          -2.04128E-02  4.14957E-01 22.0
     27 13 13  220   6 3s2 8d          -1.98077E-02  4.15562E-01 10.0
     28 13 13  200   6 3s2 9s          -1.90236E-02  4.16346E-01  2.0
     29 13 13  211   7 3s2 9p          -1.67319E-02  4.18638E-01  6.0
     30 13 13  231   5 3s2 8f          -1.57640E-02  4.19606E-01 14.0
     31 13 13  240   4 3s2 8g          -1.56580E-02  4.19712E-01 18.0
     32 13 13  251   3 3s2 8h          -1.56288E-02  4.19741E-01 22.0
     33 13 13  220   7 3s2 9d          -1.52803E-02  4.20090E-01 10.0
     34 13 13  200   7 3s210s          -1.46878E-02  4.20682E-01  2.0
     35 13 13  211   8 3s210p          -1.31152E-02  4.22255E-01  6.0
     36 13 13  231   6 3s2 9f          -1.24449E-02  4.22925E-01 14.0
     37 13 13  240   5 3s2 9g          -1.23695E-02  4.23000E-01 18.0
     38 13 13  251   4 3s2 9h          -1.23487E-02  4.23021E-01 22.0
     39 13 13  220   8 3s210d          -1.21306E-02  4.23239E-01 10.0
     40 13 13  200   8 3s211s          -1.16824E-02  4.23688E-01  2.0
     41 13 13  211   9 3s211p          -1.05567E-02  4.24813E-01  6.0
     42 13 13  231   7 3s210f          -1.00732E-02  4.25297E-01 14.0
     43 13 13  240   6 3s210g          -1.00176E-02  4.25352E-01 18.0
     44 13 13  251   5 3s210h          -1.00024E-02  4.25368E-01 22.0
     45 13 13  210   1 3s 3p2           7.81102E-02  5.13480E-01  6.0
     46 13 13  411   1 3s3p(3PO) 4s     1.12665E-01  5.48035E-01 12.0
     47 13 13  221   1 3s3p(3PO) 3d     1.70277E-01  6.05647E-01 10.0
     48 13 13  420   1 3s3p(3PO) 4p     1.79575E-01  6.14945E-01 20.0
     49 13 13  431   1 3s3p(3PO) 3d     1.80643E-01  6.16013E-01 28.0
     50 13 13  410   2 3s3p(3PO) 4p     1.91175E-01  6.26545E-01 12.0
     51 13 13  400   1 3s3p(3PO) 4p     1.93929E-01  6.29299E-01  4.0
     52 13 13  210   2 3s3p(3PO) 4p     2.02331E-01  6.37701E-01  6.0
     53 13 13  421   1 3s3p(3PO) 3d     2.07696E-01  6.43066E-01 20.0
     54 13 13  411   2 3s3p(3PO) 3d     2.17059E-01  6.52429E-01 12.0
     55 13 13  411   3 3s3p(3PO) 5s     2.42970E-01  6.78340E-01 12.0
     56 13 13  221   2 3s3p(3PO) 4d     2.56949E-01  6.92319E-01 10.0
     57 13 13  431   2 3s3p(3PO) 4d     2.63220E-01  6.98590E-01 28.0
     58 13 13  420   2 3s3p(3PO) 5p     2.64651E-01  7.00021E-01 20.0
     59 13 13  410   3 3s3p(3PO) 5p     2.67641E-01  7.03011E-01 12.0
     60 13 13  210   3 3s3p(3PO) 5p     2.68104E-01  7.03474E-01  6.0
     61 13 13  400   2 3s3p(3PO) 5p     2.68687E-01  7.04057E-01  4.0
     62 13 13  421   2 3s3p(3PO) 4d     2.70629E-01  7.05999E-01 20.0
     63 13 13  411   4 3s3p(3PO) 4d     2.72784E-01  7.08154E-01 12.0
     64 13 13  230   1 3s3p(3PO) 4f     2.76687E-01  7.12057E-01 14.0
     65 13 13  430   1 3s3p(3PO) 4f     2.76734E-01  7.12104E-01 28.0
     66 13 13  440   1 3s3p(3PO) 4f     2.78882E-01  7.14252E-01 36.0
     67 13 13  420   3 3s3p(3PO) 4f     2.79870E-01  7.15240E-01 20.0
     68 13 13  411   5 3s3p(3PO) 6s     2.85141E-01  7.20511E-01 12.0
     69 13 13  221   3 3s3p(3PO) 5d     2.90662E-01  7.26032E-01 10.0
     70 13 13  431   3 3s3p(3PO) 5d     2.94199E-01  7.29569E-01 28.0
     71 13 13  420   4 3s3p(3PO) 6p     2.95053E-01  7.30423E-01 20.0
     72 13 13  210   4 3s3p(3PO) 6p     2.96384E-01  7.31754E-01  6.0
     73 13 13  410   4 3s3p(3PO) 6p     2.96561E-01  7.31931E-01 12.0
     74 13 13  400   3 3s3p(3PO) 6p     2.96791E-01  7.32161E-01  4.0
     75 13 13  421   3 3s3p(3PO) 5d     2.97626E-01  7.32996E-01 20.0
     76 13 13  411   6 3s3p(3PO) 5d     2.98293E-01  7.33663E-01 12.0
     77 13 13  230   2 3s3p(3PO) 5f     3.00543E-01  7.35913E-01 14.0
     78 13 13  430   2 3s3p(3PO) 5f     3.00578E-01  7.35948E-01 28.0
     79 13 13  441   1 3s3p(3PO) 5g     3.01453E-01  7.36823E-01 36.0
     80 13 13  241   1 3s3p(3PO) 5g     3.01453E-01  7.36823E-01 18.0
     81 13 13  440   2 3s3p(3PO) 5f     3.01532E-01  7.36902E-01 36.0
     82 13 13  451   1 3s3p(3PO) 5g     3.01884E-01  7.37254E-01 44.0
     83 13 13  431   4 3s3p(3PO) 5g     3.02006E-01  7.37376E-01 28.0
     84 13 13  420   5 3s3p(3PO) 5f     3.02032E-01  7.37402E-01 20.0
     85 13 13  411   7 3s3p(3PO) 7s     3.04962E-01  7.40332E-01 12.0
     86 13 13  221   4 3s3p(3PO) 6d     3.07582E-01  7.42952E-01 10.0
     87 13 13  431   5 3s3p(3PO) 6d     3.09825E-01  7.45195E-01 28.0
     88 13 13  420   6 3s3p(3PO) 7p     3.10340E-01  7.45710E-01 20.0
     89 13 13  210   5 3s3p(3PO) 7p     3.10984E-01  7.46354E-01  6.0
     90 13 13  410   5 3s3p(3PO) 7p     3.11185E-01  7.46555E-01 12.0
     91 13 13  400   4 3s3p(3PO) 7p     3.11288E-01  7.46658E-01  4.0
     92 13 13  421   4 3s3p(3PO) 6d     3.11685E-01  7.47055E-01 20.0
     93 13 13  411   8 3s3p(3PO) 6d     3.12013E-01  7.47383E-01 12.0
     94 13 13  230   3 3s3p(3PO) 6f     3.13294E-01  7.48664E-01 14.0
     95 13 13  430   3 3s3p(3PO) 6f     3.13317E-01  7.48687E-01 28.0
     96 13 13  441   2 3s3p(3PO) 6g     3.13830E-01  7.49200E-01 36.0
     97 13 13  241   2 3s3p(3PO) 6g     3.13830E-01  7.49200E-01 18.0
     98 13 13  440   3 3s3p(3PO) 6f     3.13873E-01  7.49243E-01 36.0
     99 13 13  451   2 3s3p(3PO) 6g     3.14093E-01  7.49463E-01 44.0
    100 13 13  440   4 3s3p(3PO) 6h     3.14118E-01  7.49488E-01 36.0
    101 13 13  431   6 3s3p(3PO) 6g     3.14168E-01  7.49538E-01 28.0
    102 13 13  420   7 3s3p(3PO) 6f     3.14175E-01  7.49545E-01 20.0
    103 13 13  411   9 3s3p(3PO) 8s     3.15929E-01  7.51299E-01 12.0
    104 13 13  221   5 3s3p(3PO) 7d     3.17354E-01  7.52724E-01 10.0
    105 13 13  431   7 3s3p(3PO) 7d     3.18839E-01  7.54209E-01 28.0
    106 13 13  420   8 3s3p(3PO) 8p     3.19169E-01  7.54539E-01 20.0
    107 13 13  210   6 3s3p(3PO) 8p     3.19530E-01  7.54900E-01  6.0
    108 13 13  410   6 3s3p(3PO) 8p     3.19688E-01  7.55058E-01 12.0
    109 13 13  400   5 3s3p(3PO) 8p     3.19747E-01  7.55117E-01  4.0
    110 13 13  421   5 3s3p(3PO) 7d     3.19964E-01  7.55334E-01 20.0
    111 13 13  411  10 3s3p(3PO) 7d     3.20154E-01  7.55524E-01 12.0
    112 13 13  230   4 3s3p(3PO) 7f     3.20948E-01  7.56318E-01 14.0
    113 13 13  430   4 3s3p(3PO) 7f     3.20964E-01  7.56334E-01 28.0
    114 13 13  441   3 3s3p(3PO) 7g     3.21294E-01  7.56664E-01 36.0
    115 13 13  241   3 3s3p(3PO) 7g     3.21295E-01  7.56665E-01 18.0
    116 13 13  440   5 3s3p(3PO) 7f     3.21315E-01  7.56685E-01 36.0
    117 13 13  451   3 3s3p(3PO) 7g     3.21459E-01  7.56829E-01 44.0
    118 13 13  440   6 3s3p(3PO) 7h     3.21486E-01  7.56856E-01 36.0
    119 13 13  431   8 3s3p(3PO) 7g     3.21507E-01  7.56877E-01 28.0
    120 13 13  420   9 3s3p(3PO) 7f     3.21510E-01  7.56880E-01 20.0
    121 13 13  411  11 3s3p(3PO) 9s     3.22639E-01  7.58009E-01 12.0
    122 13 13  221   6 3s3p(3PO) 8d     3.23492E-01  7.58862E-01 10.0
    123 13 13  431   9 3s3p(3PO) 8d     3.24518E-01  7.59888E-01 28.0
    124 13 13  420  10 3s3p(3PO) 9p     3.24739E-01  7.60109E-01 20.0
    125 13 13  210   7 3s3p(3PO) 9p     3.24962E-01  7.60332E-01  6.0
    126 13 13  410   7 3s3p(3PO) 9p     3.25081E-01  7.60451E-01 12.0
    127 13 13  400   6 3s3p(3PO) 9p     3.25118E-01  7.60488E-01  4.0
    128 13 13  421   6 3s3p(3PO) 8d     3.25250E-01  7.60620E-01 20.0
    129 13 13  411  12 3s3p(3PO) 8d     3.25371E-01  7.60741E-01 12.0
    130 13 13  230   5 3s3p(3PO) 8f     3.25897E-01  7.61267E-01 14.0
    131 13 13  430   5 3s3p(3PO) 8f     3.25908E-01  7.61278E-01 28.0
    132 13 13  441   4 3s3p(3PO) 8g     3.26132E-01  7.61502E-01 36.0
    133 13 13  241   4 3s3p(3PO) 8g     3.26133E-01  7.61503E-01 18.0
    134 13 13  440   7 3s3p(3PO) 8f     3.26144E-01  7.61514E-01 36.0
    135 13 13  451   4 3s3p(3PO) 8g     3.26243E-01  7.61613E-01 44.0
    136 13 13  440   8 3s3p(3PO) 8h     3.26264E-01  7.61634E-01 36.0
    137 13 13  431  10 3s3p(3PO) 8g     3.26275E-01  7.61645E-01 28.0
    138 13 13  420  11 3s3p(3PO) 8f     3.26276E-01  7.61646E-01 20.0
    139 13 13  411  13 3s3p(3PO)10s     3.27043E-01  7.62413E-01 12.0
    140 13 13  221   7 3s3p(3PO) 9d     3.27592E-01  7.62962E-01 10.0
    141 13 13  431  11 3s3p(3PO) 9d     3.28326E-01  7.63696E-01 28.0
    142 13 13  420  12 3s3p(3PO)10p     3.28482E-01  7.63852E-01 20.0
    143 13 13  210   8 3s3p(3PO)10p     3.28630E-01  7.64000E-01  6.0
    144 13 13  410   8 3s3p(3PO)10p     3.28719E-01  7.64089E-01 12.0
    145 13 13  400   7 3s3p(3PO)10p     3.28744E-01  7.64114E-01  4.0
    146 13 13  421   7 3s3p(3PO) 9d     3.28830E-01  7.64200E-01 20.0
    147 13 13  411  14 3s3p(3PO) 9d     3.28912E-01  7.64282E-01 12.0
    148 13 13  230   6 3s3p(3PO) 9f     3.29279E-01  7.64649E-01 14.0
    149 13 13  430   6 3s3p(3PO) 9f     3.29287E-01  7.64657E-01 28.0
    150 13 13  441   5 3s3p(3PO) 9g     3.29445E-01  7.64815E-01 36.0
    151 13 13  241   5 3s3p(3PO) 9g     3.29445E-01  7.64815E-01 18.0
    152 13 13  440   9 3s3p(3PO) 9f     3.29452E-01  7.64822E-01 36.0
    153 13 13  451   5 3s3p(3PO) 9g     3.29523E-01  7.64893E-01 44.0
    154 13 13  440  10 3s3p(3PO) 9h     3.29539E-01  7.64909E-01 36.0
    155 13 13  431  12 3s3p(3PO) 9g     3.29545E-01  7.64915E-01 28.0
    156 13 13  420  13 3s3p(3PO) 9f     3.29545E-01  7.64915E-01 20.0
    157 13 13  411  15 3s3p(3PO)11s     3.30090E-01  7.65460E-01 12.0
    158 13 13  221   8 3s3p(3PO)10d     3.30463E-01  7.65833E-01 10.0
    159 13 13  431  13 3s3p(3PO)10d     3.31005E-01  7.66375E-01 28.0
    160 13 13  420  14 3s3p(3PO)11p     3.31119E-01  7.66489E-01 20.0
    161 13 13  210   9 3s3p(3PO)11p     3.31222E-01  7.66592E-01  6.0
    162 13 13  410   9 3s3p(3PO)11p     3.31290E-01  7.66660E-01 12.0
    163 13 13  400   8 3s3p(3PO)11p     3.31307E-01  7.66677E-01  4.0
    164 13 13  421   8 3s3p(3PO)10d     3.31366E-01  7.66736E-01 20.0
    165 13 13  411  16 3s3p(3PO)10d     3.31424E-01  7.66794E-01 12.0
    166 13 13  230   7 3s3p(3PO)10f     3.31691E-01  7.67061E-01 14.0
    167 13 13  430   7 3s3p(3PO)10f     3.31697E-01  7.67067E-01 28.0
    168 13 13  441   6 3s3p(3PO)10g     3.31813E-01  7.67183E-01 36.0
    169 13 13  241   6 3s3p(3PO)10g     3.31813E-01  7.67183E-01 18.0
    170 13 13  440  11 3s3p(3PO)10f     3.31816E-01  7.67186E-01 36.0
    171 13 13  451   6 3s3p(3PO)10g     3.31869E-01  7.67239E-01 44.0
    172 13 13  401   1 3p3              3.49848E-01  7.85218E-01  4.0
    173 13 13  201   1 3p2(3PE) 4p      6.89668E-01  1.12504E+00  2.0
    174 13 13  401   2 3p2(3PE) 4p      7.20459E-01  1.15583E+00  4.0
    175 13 13  201   2 3p2(3PE) 5p      7.85837E-01  1.22121E+00  2.0
    176 13 13  401   3 3p2(3PE) 5p      7.93771E-01  1.22914E+00  4.0
    177 13 13  201   3 3p2(3PE) 6p      8.18229E-01  1.25360E+00  2.0
    178 13 13  401   4 3p2(3PE) 6p      8.21837E-01  1.25721E+00  4.0
    179 13 13  201   4 3p2(3PE) 7p      8.34081E-01  1.26945E+00  2.0
    180 13 13  401   5 3p2(3PE) 7p      8.36078E-01  1.27145E+00  4.0
    181 13 13  201   5 3p2(3PE) 8p      8.43168E-01  1.27854E+00  2.0
    182 13 13  401   6 3p2(3PE) 8p      8.44390E-01  1.27976E+00  4.0
    183 13 13  201   6 3p2(3PE) 9p      8.48875E-01  1.28425E+00  2.0
    184 13 13  401   7 3p2(3PE) 9p      8.49677E-01  1.28505E+00  4.0
    185 13 13  201   7 3p2(3PE)10p      8.52697E-01  1.28807E+00  2.0
    186 13 13  401   8 3p2(3PE)10p      8.53252E-01  1.28862E+00  4.0
    187 13 13  201   8 3p2(3PE)11p      8.55383E-01  1.29075E+00  2.0
    188 13 13  401   9 3p2(3PE)11p      8.55782E-01  1.29115E+00  4.0
 ====================================================================
