 ====================================================================
      i NZ NE iSLP iLV iCONF                 E(RYD)      TE(RYD)   gi
 ====================================================================
      1 13 12  100   1 3s2             -1.38689E+00  0.00000E+00  1.0
      2 13 12  311   1 3s 3p           -1.04647E+00  3.40420E-01  9.0
      3 13 12  111   1 3s 3p           -8.31109E-01  5.55781E-01  3.0
      4 13 12  120   1 3p2:            -6.08438E-01  7.78452E-01  5.0
      5 13 12  300   1 3s 4s           -5.51663E-01  8.35227E-01  3.0
      6 13 12  310   1 3p2             -5.19648E-01  8.67242E-01  9.0
      7 13 12  320   1 3s 3d           -5.13730E-01  8.73160E-01 15.0
      8 13 12  100   2 3s 4s           -5.13458E-01  8.73432E-01  1.0
      9 13 12  311   2 3s 4p           -4.21441E-01  9.65449E-01  9.0
     10 13 12  111   2 3s 4p           -4.05457E-01  9.81433E-01  3.0
     11 13 12  120   2 3s 3d:          -3.75710E-01  1.01118E+00  5.0
     12 13 12  100   3 3p2             -3.50974E-01  1.03592E+00  1.0
     13 13 12  300   2 3s 5s           -2.88419E-01  1.09847E+00  3.0
     14 13 12  100   4 3s 5s           -2.77667E-01  1.10922E+00  1.0
     15 13 12  320   2 3s 4d           -2.75573E-01  1.11132E+00 15.0
     16 13 12  331   1 3s 4f           -2.59477E-01  1.12741E+00 21.0
     17 13 12  131   1 3s 4f           -2.58870E-01  1.12802E+00  7.0
     18 13 12  120   3 3s 4d           -2.42391E-01  1.14450E+00  5.0
     19 13 12  311   3 3s 5p           -2.37944E-01  1.14895E+00  9.0
     20 13 12  111   3 3s 5p           -2.36166E-01  1.15072E+00  3.0
     21 13 12  300   3 3s 6s           -1.78191E-01  1.20870E+00  3.0
     22 13 12  320   3 3s 5d           -1.73607E-01  1.21328E+00 15.0
     23 13 12  100   5 3s 6s           -1.73487E-01  1.21340E+00  1.0
     24 13 12  331   2 3s 5f           -1.68350E-01  1.21854E+00 21.0
     25 13 12  131   2 3s 5f           -1.65873E-01  1.22102E+00  7.0
     26 13 12  120   4 3s 5d           -1.62517E-01  1.22437E+00  5.0
     27 13 12  340   1 3s 5g           -1.60679E-01  1.22621E+00 27.0
     28 13 12  140   1 3s 5g           -1.60677E-01  1.22621E+00  9.0
     29 13 12  111   4 3s 6p           -1.53707E-01  1.23318E+00  3.0
     30 13 12  311   4 3s 6p           -1.53025E-01  1.23387E+00  9.0
     31 13 12  331   3 3s 6f:          -1.21858E-01  1.26503E+00 21.0
     32 13 12  300   4 3s 7s           -1.21196E-01  1.26569E+00  3.0
     33 13 12  320   4 3s 6d           -1.18813E-01  1.26808E+00 15.0
     34 13 12  100   6 3s 7s           -1.18691E-01  1.26820E+00  1.0
     35 13 12  131   3 3s 6f           -1.14981E-01  1.27191E+00  7.0
     36 13 12  120   5 3s 6d           -1.14145E-01  1.27275E+00  5.0
     37 13 12  340   2 3s 6g           -1.11568E-01  1.27532E+00 27.0
     38 13 12  140   2 3s 6g           -1.11566E-01  1.27532E+00  9.0
     39 13 12  111   5 3s 7p           -1.08222E-01  1.27867E+00  3.0
     40 13 12  311   5 3s 7p           -1.06869E-01  1.28002E+00  9.0
     41 13 12  331   4 3p 3d:          -9.79289E-02  1.28896E+00 21.0
     42 13 12  300   5 3s 8s           -8.78444E-02  1.29905E+00  3.0
     43 13 12  320   5 3s 7d           -8.64837E-02  1.30041E+00 15.0
     44 13 12  100   7 3s 8s           -8.63389E-02  1.30055E+00  1.0
     45 13 12  131   4 3s 7f           -8.43748E-02  1.30252E+00  7.0
     46 13 12  120   6 3s 7d           -8.41374E-02  1.30275E+00  5.0
     47 13 12  121   1 3p 3d           -8.24711E-02  1.30442E+00  5.0
     48 13 12  340   3 3s 7g           -8.19558E-02  1.30493E+00 27.0
     49 13 12  140   3 3s 7g           -8.19544E-02  1.30494E+00  9.0
     50 13 12  111   6 3s 8p           -8.05421E-02  1.30635E+00  3.0
     51 13 12  311   6 3s 8p           -7.89524E-02  1.30794E+00  9.0
     52 13 12  331   5 3s 7f           -7.80183E-02  1.30887E+00 21.0
     53 13 12  300   6 3s 9s           -6.66047E-02  1.32029E+00  3.0
     54 13 12  320   6 3s 8d           -6.57598E-02  1.32113E+00 15.0
     55 13 12  100   8 3s 9s           -6.56270E-02  1.32126E+00  1.0
     56 13 12  131   5 3s 8f           -6.45043E-02  1.32239E+00  7.0
     57 13 12  120   7 3s 8d           -6.44356E-02  1.32245E+00  5.0
     58 13 12  340   4 3s 8g           -6.27320E-02  1.32416E+00 27.0
     59 13 12  140   4 3s 8g           -6.27310E-02  1.32416E+00  9.0
     60 13 12  111   7 3s 9p           -6.24730E-02  1.32442E+00  3.0
     61 13 12  331   6 3s 8f           -6.11836E-02  1.32571E+00 21.0
     62 13 12  311   7 3s 9p           -6.08394E-02  1.32605E+00  9.0
     63 13 12  300   7 3s10s           -5.22381E-02  1.33465E+00  3.0
     64 13 12  320   7 3s 9d           -5.16793E-02  1.33521E+00 15.0
     65 13 12  100   9 3s10s           -5.15666E-02  1.33532E+00  1.0
     66 13 12  131   6 3s 9f           -5.08847E-02  1.33601E+00  7.0
     67 13 12  120   8 3s 9d           -5.08659E-02  1.33602E+00  5.0
     68 13 12  311   8 3p 4s:          -5.06015E-02  1.33629E+00  9.0
     69 13 12  111   8 3s10p           -5.00438E-02  1.33685E+00  3.0
     70 13 12  340   5 3s 9g           -4.95532E-02  1.33734E+00 27.0
     71 13 12  140   5 3s 9g           -4.95525E-02  1.33734E+00  9.0
     72 13 12  331   7 3s 9f           -4.87716E-02  1.33812E+00 21.0
     73 13 12  311   9 3s10p           -4.73389E-02  1.33955E+00  9.0
     74 13 12  300   8 3s11s           -4.20668E-02  1.34482E+00  3.0
     75 13 12  320   8 3s10d           -4.16789E-02  1.34521E+00 15.0
     76 13 12  100  10 3s11s           -4.15855E-02  1.34530E+00  1.0
     77 13 12  131   7 3s10f           -4.11504E-02  1.34574E+00  7.0
     78 13 12  120   9 3s10d           -4.11460E-02  1.34574E+00  5.0
     79 13 12  111   9 3s11p           -4.11201E-02  1.34577E+00  3.0
     80 13 12  340   6 3s10g           -4.01284E-02  1.34676E+00 27.0
     81 13 12  140   6 3s10g           -4.01278E-02  1.34676E+00  9.0
     82 13 12  321   1 3p 3d           -7.10471E-03  1.37979E+00 15.0
     83 13 12  110   1 3p 4p            4.62160E-02  1.43311E+00  3.0
     84 13 12  310   2 3p 4p            8.05690E-02  1.46746E+00  9.0
     85 13 12  121   2 3p 4d            2.02427E-01  1.58932E+00  5.0
     86 13 12  321   2 3p 4d            2.16412E-01  1.60330E+00 15.0
     87 13 12  330   1 3p 4f            2.29071E-01  1.61596E+00 21.0
     88 13 12  130   1 3p 4f            2.30118E-01  1.61701E+00  7.0
     89 13 12  110   2 3p 5p            2.44298E-01  1.63119E+00  3.0
     90 13 12  310   3 3p 5p            2.54648E-01  1.64154E+00  9.0
     91 13 12  121   3 3p 5d            3.11082E-01  1.69797E+00  5.0
     92 13 12  321   3 3p 5d            3.16002E-01  1.70289E+00 15.0
     93 13 12  330   2 3p 5f            3.22656E-01  1.70955E+00 21.0
     94 13 12  130   2 3p 5f            3.24176E-01  1.71107E+00  7.0
     95 13 12  141   1 3p 5g            3.28058E-01  1.71495E+00  9.0
     96 13 12  341   1 3p 5g            3.28061E-01  1.71495E+00 27.0
     97 13 12  110   3 3p 6p            3.33814E-01  1.72070E+00  3.0
     98 13 12  310   4 3p 6p            3.38433E-01  1.72532E+00  9.0
     99 13 12  121   4 3p 6d            3.68853E-01  1.75574E+00  5.0
    100 13 12  321   4 3p 6d            3.71016E-01  1.75791E+00 15.0
    101 13 12  330   3 3p 6f            3.74354E-01  1.76124E+00 21.0
    102 13 12  130   3 3p 6f            3.75928E-01  1.76282E+00  7.0
    103 13 12  141   2 3p 6g            3.78121E-01  1.76501E+00  9.0
    104 13 12  341   2 3p 6g            3.78123E-01  1.76501E+00 27.0
    105 13 12  110   4 3p 7p            3.81777E-01  1.76867E+00  3.0
    106 13 12  310   5 3p 7p            3.84245E-01  1.77114E+00  9.0
    107 13 12  121   5 3p 7d            4.02422E-01  1.78931E+00  5.0
    108 13 12  321   5 3p 7d            4.03548E-01  1.79044E+00 15.0
    109 13 12  330   4 3p 7f            4.05185E-01  1.79208E+00 21.0
    110 13 12  130   4 3p 7f            4.06710E-01  1.79360E+00  7.0
    111 13 12  141   3 3p 7g            4.08089E-01  1.79498E+00  9.0
    112 13 12  341   3 3p 7g            4.08090E-01  1.79498E+00 27.0
    113 13 12  110   5 3p 8p            4.10554E-01  1.79744E+00  3.0
    114 13 12  310   6 3p 8p            4.12044E-01  1.79893E+00  9.0
    115 13 12  121   6 3p 8d            4.23784E-01  1.81067E+00  5.0
    116 13 12  321   6 3p 8d            4.24436E-01  1.81133E+00 15.0
    117 13 12  330   5 3p 8f            4.25138E-01  1.81203E+00 21.0
    118 13 12  130   5 3p 8f            4.26587E-01  1.81348E+00  7.0
    119 13 12  141   4 3p 8g            4.27515E-01  1.81441E+00  9.0
    120 13 12  341   4 3p 8g            4.27516E-01  1.81441E+00 27.0
    121 13 12  110   6 3p 9p            4.29222E-01  1.81611E+00  3.0
    122 13 12  310   7 3p 9p            4.30194E-01  1.81708E+00  9.0
    123 13 12  121   7 3p 9d            4.38225E-01  1.82512E+00  5.0
    124 13 12  321   7 3p 9d            4.38633E-01  1.82552E+00 15.0
    125 13 12  330   6 3p 9f            4.38784E-01  1.82567E+00 21.0
    126 13 12  130   6 3p 9f            4.40160E-01  1.82705E+00  7.0
    127 13 12  141   5 3p 9g            4.40812E-01  1.82770E+00  9.0
    128 13 12  341   5 3p 9g            4.40813E-01  1.82770E+00 27.0
    129 13 12  110   7 3p10p            4.42035E-01  1.82893E+00  3.0
    130 13 12  310   8 3p10p            4.42705E-01  1.82960E+00  9.0
    131 13 12  121   8 3p10d            4.48442E-01  1.83533E+00  5.0
    132 13 12  330   7 3p10f            4.48527E-01  1.83542E+00 21.0
    133 13 12  321   8 3p10d            4.48714E-01  1.83560E+00 15.0
    134 13 12  130   7 3p10f            4.49835E-01  1.83672E+00  7.0
    135 13 12  141   6 3p10g            4.50310E-01  1.83720E+00  9.0
    136 13 12  341   6 3p10g            4.50310E-01  1.83720E+00 27.0
 ====================================================================
