 ====================================================================
      i NZ NE iSLP iLV iCONF                 E(RYD)      TE(RYD)   gi
 ====================================================================
      1 13 11  200   1 2p6 3s          -2.07341E+00  0.00000E+00  2.0
      2 13 11  211   1 2p6 3p          -1.58604E+00  4.87370E-01  6.0
      3 13 11  220   1 2p6 3d          -1.03713E+00  1.03628E+00 10.0
      4 13 11  200   2 2p6 4s          -9.36023E-01  1.13739E+00  2.0
      5 13 11  211   2 2p6 4p          -7.76579E-01  1.29683E+00  6.0
      6 13 11  220   2 2p6 4d          -5.81332E-01  1.49208E+00 10.0
      7 13 11  231   1 2p6 4f          -5.63197E-01  1.51021E+00 14.0
      8 13 11  200   3 2p6 5s          -5.33858E-01  1.53955E+00  2.0
      9 13 11  211   3 2p6 5p          -4.62574E-01  1.61084E+00  6.0
     10 13 11  220   3 2p6 5d          -3.69922E-01  1.70349E+00 10.0
     11 13 11  231   2 2p6 5f          -3.60435E-01  1.71298E+00 14.0
     12 13 11  200   4 2p6 6s          -3.44846E-01  1.72856E+00  2.0
     13 13 11  211   4 2p6 6p          -3.07006E-01  1.76640E+00  6.0
     14 13 11  220   4 2p6 6d          -2.55812E-01  1.81760E+00 10.0
     15 13 11  231   3 2p6 6f          -2.50274E-01  1.82314E+00 14.0
     16 13 11  200   5 2p6 7s          -2.41057E-01  1.83235E+00  2.0
     17 13 11  211   5 2p6 7p          -2.18607E-01  1.85480E+00  6.0
     18 13 11  220   5 2p6 7d          -1.87359E-01  1.88605E+00 10.0
     19 13 11  231   4 2p6 7f          -1.83855E-01  1.88955E+00 14.0
     20 13 11  200   6 2p6 8s          -1.77970E-01  1.89544E+00  2.0
     21 13 11  211   6 2p6 8p          -1.63573E-01  1.90984E+00  6.0
     22 13 11  220   6 2p6 8d          -1.43105E-01  1.93031E+00 10.0
     23 13 11  231   5 2p6 8f          -1.40750E-01  1.93266E+00 14.0
     24 13 11  200   7 2p6 9s          -1.36771E-01  1.93664E+00  2.0
     25 13 11  211   7 2p6 9p          -1.26992E-01  1.94642E+00  6.0
     26 13 11  220   7 2p6 9d          -1.12858E-01  1.96055E+00 10.0
     27 13 11  231   6 2p6 9f          -1.11201E-01  1.96221E+00 14.0
     28 13 11  200   8 2p610s          -1.08387E-01  1.96502E+00  2.0
     29 13 11  211   8 2p610p          -1.01444E-01  1.97197E+00  6.0
     30 13 11  220   8 2p610d          -9.12758E-02  1.98213E+00 10.0
     31 13 11  231   7 2p610f          -9.00666E-02  1.98334E+00 14.0
 ====================================================================
