 ====================================================================
      i NZ NE iSLP iLV iCONF                 E(RYD)      TE(RYD)   gi
 ====================================================================
      1 13 10  100   1 2s2 2p6         -8.90655E+00  0.00000E+00  1.0
      2 13 10  311   1 2p5 3s          -3.16619E+00  5.74036E+00  9.0
      3 13 10  111   1 2p5 3s          -3.10662E+00  5.79993E+00  3.0
      4 13 10  300   1 2p5 3p          -2.68218E+00  6.22437E+00  3.0
      5 13 10  320   1 2p5 3p          -2.59217E+00  6.31438E+00 15.0
      6 13 10  120   1 2p5 3p          -2.55475E+00  6.35180E+00  5.0
      7 13 10  110   1 2p5 3p          -2.54419E+00  6.36236E+00  3.0
      8 13 10  310   1 2p5 3p          -2.54227E+00  6.36428E+00  9.0
      9 13 10  100   2 2p5 3p          -2.28147E+00  6.62508E+00  1.0
     10 13 10  311   2 2p5 3d          -1.88425E+00  7.02230E+00  9.0
     11 13 10  331   1 2p5 3d          -1.86082E+00  7.04573E+00 21.0
     12 13 10  131   1 2p5 3d          -1.84448E+00  7.06207E+00  7.0
     13 13 10  121   1 2p5 3d          -1.82523E+00  7.08132E+00  5.0
     14 13 10  321   1 2p5 3d          -1.82472E+00  7.08183E+00 15.0
     15 13 10  111   2 2p5 3d          -1.79348E+00  7.11307E+00  3.0
     16 13 10  311   3 2p5 4s          -1.50118E+00  7.40537E+00  9.0
     17 13 10  111   3 2p5 4s          -1.48298E+00  7.42357E+00  3.0
     18 13 10  300   2 2p5 4p          -1.32948E+00  7.57707E+00  3.0
     19 13 10  320   2 2p5 4p          -1.30167E+00  7.60488E+00 15.0
     20 13 10  120   2 2p5 4p          -1.28873E+00  7.61782E+00  5.0
     21 13 10  110   2 2p5 4p          -1.28764E+00  7.61891E+00  3.0
     22 13 10  310   2 2p5 4p          -1.28695E+00  7.61960E+00  9.0
     23 13 10  100   3 2p5 4p          -1.18947E+00  7.71708E+00  1.0
     24 13 10  311   4 2p5 4d          -1.05078E+00  7.85577E+00  9.0
     25 13 10  331   2 2p5 4d          -1.04188E+00  7.86467E+00 21.0
     26 13 10  131   2 2p5 4d          -1.03380E+00  7.87275E+00  7.0
     27 13 10  121   2 2p5 4d          -1.02836E+00  7.87819E+00  5.0
     28 13 10  321   2 2p5 4d          -1.02810E+00  7.87845E+00 15.0
     29 13 10  111   4 2p5 4d          -1.00656E+00  7.89999E+00  3.0
     30 13 10  320   3 2p5 4f          -1.00275E+00  7.90380E+00 15.0
     31 13 10  120   3 2p5 4f          -1.00201E+00  7.90454E+00  5.0
     32 13 10  340   1 2p5 4f          -1.00153E+00  7.90502E+00 27.0
     33 13 10  140   1 2p5 4f          -1.00134E+00  7.90521E+00  9.0
     34 13 10  130   1 2p5 4f          -9.98625E-01  7.90793E+00  7.0
     35 13 10  330   1 2p5 4f          -9.98611E-01  7.90794E+00 21.0
     36 13 10  311   5 2p5 5s          -8.77513E-01  8.02904E+00  9.0
     37 13 10  111   5 2p5 5s          -8.69494E-01  8.03706E+00  3.0
     38 13 10  300   3 2p5 5p          -7.98871E-01  8.10768E+00  3.0
     39 13 10  320   4 2p5 5p          -7.85432E-01  8.12112E+00 15.0
     40 13 10  120   4 2p5 5p          -7.79446E-01  8.12710E+00  5.0
     41 13 10  110   3 2p5 5p          -7.79061E-01  8.12749E+00  3.0
     42 13 10  310   3 2p5 5p          -7.78742E-01  8.12781E+00  9.0
     43 13 10  100   4 2p5 5p          -7.32934E-01  8.17362E+00  1.0
     44 13 10  311   6 2p5 5d          -6.67141E-01  8.23941E+00  9.0
     45 13 10  331   3 2p5 5d          -6.62742E-01  8.24381E+00 21.0
     46 13 10  131   3 2p5 5d          -6.58436E-01  8.24811E+00  7.0
     47 13 10  121   3 2p5 5d          -6.56060E-01  8.25049E+00  5.0
     48 13 10  321   3 2p5 5d          -6.55913E-01  8.25064E+00 15.0
     49 13 10  111   6 2p5 5d          -6.43564E-01  8.26299E+00  3.0
     50 13 10  320   5 2p5 5f          -6.41948E-01  8.26460E+00 15.0
     51 13 10  120   5 2p5 5f          -6.41352E-01  8.26520E+00  5.0
     52 13 10  340   2 2p5 5f          -6.41098E-01  8.26545E+00 27.0
     53 13 10  140   2 2p5 5f          -6.40951E-01  8.26560E+00  9.0
     54 13 10  331   4 2p5 5g          -6.40082E-01  8.26647E+00 21.0
     55 13 10  131   4 2p5 5g          -6.40080E-01  8.26647E+00  7.0
     56 13 10  141   1 2p5 5g          -6.39903E-01  8.26665E+00  9.0
     57 13 10  341   1 2p5 5g          -6.39903E-01  8.26665E+00 27.0
     58 13 10  130   2 2p5 5f          -6.39212E-01  8.26734E+00  7.0
     59 13 10  330   2 2p5 5f          -6.39201E-01  8.26735E+00 21.0
     60 13 10  311   7 2p5 6s          -5.75555E-01  8.33100E+00  9.0
     61 13 10  111   7 2p5 6s          -5.71311E-01  8.33524E+00  3.0
     62 13 10  300   4 2p5 6p          -5.33395E-01  8.37316E+00  3.0
     63 13 10  320   6 2p5 6p          -5.25682E-01  8.38087E+00 15.0
     64 13 10  120   6 2p5 6p          -5.22424E-01  8.38413E+00  5.0
     65 13 10  110   4 2p5 6p          -5.22228E-01  8.38432E+00  3.0
     66 13 10  310   4 2p5 6p          -5.22054E-01  8.38450E+00  9.0
     67 13 10  100   5 2p5 6p          -4.97057E-01  8.40949E+00  1.0
     68 13 10  311   8 2p5 6d          -4.60459E-01  8.44609E+00  9.0
     69 13 10  331   5 2p5 6d          -4.57958E-01  8.44859E+00 21.0
     70 13 10  131   5 2p5 6d          -4.55429E-01  8.45112E+00  7.0
     71 13 10  121   4 2p5 6d          -4.54157E-01  8.45239E+00  5.0
     72 13 10  321   4 2p5 6d          -4.54070E-01  8.45248E+00 15.0
     73 13 10  111   8 2p5 6d          -4.46603E-01  8.45995E+00  3.0
     74 13 10  320   7 2p5 6f          -4.45730E-01  8.46082E+00 15.0
     75 13 10  120   7 2p5 6f          -4.45312E-01  8.46124E+00  5.0
     76 13 10  340   3 2p5 6f          -4.45178E-01  8.46137E+00 27.0
     77 13 10  140   3 2p5 6f          -4.45076E-01  8.46147E+00  9.0
     78 13 10  331   6 2p5 6g          -4.44527E-01  8.46202E+00 21.0
     79 13 10  131   6 2p5 6g          -4.44524E-01  8.46203E+00  7.0
     80 13 10  340   4 2p5 6h          -4.44442E-01  8.46211E+00 27.0
     81 13 10  140   4 2p5 6h          -4.44442E-01  8.46211E+00  9.0
     82 13 10  141   2 2p5 6g          -4.44351E-01  8.46220E+00  9.0
     83 13 10  341   2 2p5 6g          -4.44351E-01  8.46220E+00 27.0
     84 13 10  130   3 2p5 6f          -4.43990E-01  8.46256E+00  7.0
     85 13 10  330   3 2p5 6f          -4.43982E-01  8.46257E+00 21.0
     86 13 10  311   9 2p5 7s          -4.06496E-01  8.50005E+00  9.0
     87 13 10  111   9 2p5 7s          -4.03977E-01  8.50257E+00  3.0
     88 13 10  300   5 2p5 7p          -3.81413E-01  8.52514E+00  3.0
     89 13 10  320   8 2p5 7p          -3.76505E-01  8.53005E+00 15.0
     90 13 10  120   8 2p5 7p          -3.74537E-01  8.53201E+00  5.0
     91 13 10  110   5 2p5 7p          -3.74420E-01  8.53213E+00  3.0
     92 13 10  310   5 2p5 7p          -3.74315E-01  8.53224E+00  9.0
     93 13 10  100   6 2p5 7p          -3.59235E-01  8.54732E+00  1.0
     94 13 10  311  10 2p5 7d          -3.36718E-01  8.56983E+00  9.0
     95 13 10  331   7 2p5 7d          -3.35161E-01  8.57139E+00 21.0
     96 13 10  131   7 2p5 7d          -3.33559E-01  8.57299E+00  7.0
     97 13 10  121   5 2p5 7d          -3.32792E-01  8.57376E+00  5.0
     98 13 10  321   5 2p5 7d          -3.32736E-01  8.57381E+00 15.0
     99 13 10  111  10 2p5 7d          -3.27934E-01  8.57862E+00  3.0
    100 13 10  320   9 2p5 7f          -3.27399E-01  8.57915E+00 15.0
    101 13 10  120   9 2p5 7f          -3.27107E-01  8.57944E+00  5.0
    102 13 10  340   5 2p5 7f          -3.27029E-01  8.57952E+00 27.0
    103 13 10  140   5 2p5 7f          -3.26959E-01  8.57959E+00  9.0
    104 13 10  331   8 2p5 7g          -3.26597E-01  8.57995E+00 21.0
    105 13 10  131   8 2p5 7g          -3.26594E-01  8.57996E+00  7.0
    106 13 10  340   6 2p5 7h          -3.26528E-01  8.58002E+00 27.0
    107 13 10  140   6 2p5 7h          -3.26527E-01  8.58002E+00  9.0
    108 13 10  141   3 2p5 7g          -3.26457E-01  8.58009E+00  9.0
    109 13 10  341   3 2p5 7g          -3.26457E-01  8.58009E+00 27.0
    110 13 10  130   4 2p5 7f          -3.26250E-01  8.58030E+00  7.0
    111 13 10  330   4 2p5 7f          -3.26245E-01  8.58031E+00 21.0
    112 13 10  311  11 2p5 8s          -3.02344E-01  8.60421E+00  9.0
    113 13 10  111  11 2p5 8s          -3.00727E-01  8.60582E+00  3.0
    114 13 10  300   6 2p5 8p          -2.86271E-01  8.62028E+00  3.0
    115 13 10  320  10 2p5 8p          -2.82925E-01  8.62363E+00 15.0
    116 13 10  120  10 2p5 8p          -2.81645E-01  8.62491E+00  5.0
    117 13 10  110   6 2p5 8p          -2.81570E-01  8.62498E+00  3.0
    118 13 10  310   6 2p5 8p          -2.81502E-01  8.62505E+00  9.0
    119 13 10  100   7 2p5 8p          -2.71726E-01  8.63482E+00  1.0
    120 13 10  311  12 2p5 8d          -2.56864E-01  8.64969E+00  9.0
    121 13 10  331   9 2p5 8d          -2.55829E-01  8.65072E+00 21.0
    122 13 10  131   9 2p5 8d          -2.54753E-01  8.65180E+00  7.0
    123 13 10  121   6 2p5 8d          -2.54253E-01  8.65230E+00  5.0
    124 13 10  321   6 2p5 8d          -2.54216E-01  8.65233E+00 15.0
    125 13 10  111  12 2p5 8d          -2.50961E-01  8.65559E+00  3.0
    126 13 10  320  11 2p5 8f          -2.50607E-01  8.65594E+00 15.0
    127 13 10  120  11 2p5 8f          -2.50399E-01  8.65615E+00  5.0
    128 13 10  340   7 2p5 8f          -2.50350E-01  8.65620E+00 27.0
    129 13 10  140   7 2p5 8f          -2.50300E-01  8.65625E+00  9.0
    130 13 10  331  10 2p5 8g          -2.50051E-01  8.65650E+00 21.0
    131 13 10  131  10 2p5 8g          -2.50049E-01  8.65650E+00  7.0
    132 13 10  340   8 2p5 8h          -2.49998E-01  8.65655E+00 27.0
    133 13 10  140   8 2p5 8h          -2.49997E-01  8.65655E+00  9.0
    134 13 10  141   4 2p5 8g          -2.49944E-01  8.65661E+00  9.0
    135 13 10  341   4 2p5 8g          -2.49944E-01  8.65661E+00 27.0
    136 13 10  130   5 2p5 8f          -2.49816E-01  8.65673E+00  7.0
    137 13 10  330   5 2p5 8f          -2.49812E-01  8.65674E+00 21.0
    138 13 10  311  13 2p5 9s          -2.33653E-01  8.67290E+00  9.0
    139 13 10  111  13 2p5 9s          -2.32554E-01  8.67400E+00  3.0
    140 13 10  300   7 2p5 9p          -2.22765E-01  8.68379E+00  3.0
    141 13 10  320  12 2p5 9p          -2.20368E-01  8.68618E+00 15.0
    142 13 10  120  12 2p5 9p          -2.19489E-01  8.68706E+00  5.0
    143 13 10  110   7 2p5 9p          -2.19438E-01  8.68711E+00  3.0
    144 13 10  310   7 2p5 9p          -2.19390E-01  8.68716E+00  9.0
    145 13 10  100   8 2p5 9p          -2.12701E-01  8.69385E+00  1.0
    146 13 10  311  14 2p5 9d          -2.02369E-01  8.70418E+00  9.0
    147 13 10  331  11 2p5 9d          -2.01646E-01  8.70490E+00 21.0
    148 13 10  131  11 2p5 9d          -2.00889E-01  8.70566E+00  7.0
    149 13 10  121   7 2p5 9d          -2.00545E-01  8.70601E+00  5.0
    150 13 10  321   7 2p5 9d          -2.00519E-01  8.70603E+00 15.0
    151 13 10  111  14 2p5 9d          -1.98216E-01  8.70833E+00  3.0
    152 13 10  320  13 2p5 9f          -1.97970E-01  8.70858E+00 15.0
    153 13 10  120  13 2p5 9f          -1.97817E-01  8.70873E+00  5.0
    154 13 10  340   9 2p5 9f          -1.97784E-01  8.70877E+00 27.0
    155 13 10  140   9 2p5 9f          -1.97748E-01  8.70880E+00  9.0
    156 13 10  331  12 2p5 9g          -1.97570E-01  8.70898E+00 21.0
    157 13 10  131  12 2p5 9g          -1.97568E-01  8.70898E+00  7.0
    158 13 10  340  10 2p5 9h          -1.97529E-01  8.70902E+00 27.0
    159 13 10  140  10 2p5 9h          -1.97528E-01  8.70902E+00  9.0
    160 13 10  141   5 2p5 9g          -1.97488E-01  8.70906E+00  9.0
    161 13 10  341   5 2p5 9g          -1.97488E-01  8.70906E+00 27.0
    162 13 10  130   6 2p5 9f          -1.97404E-01  8.70915E+00  7.0
    163 13 10  330   6 2p5 9f          -1.97401E-01  8.70915E+00 21.0
    164 13 10  311  15 2p510s          -1.85972E-01  8.72058E+00  9.0
    165 13 10  111  15 2p510s          -1.85191E-01  8.72136E+00  3.0
    166 13 10  300   8 2p510p          -1.78270E-01  8.72828E+00  3.0
    167 13 10  320  14 2p510p          -1.76487E-01  8.73006E+00 15.0
    168 13 10  120  14 2p510p          -1.75858E-01  8.73069E+00  5.0
    169 13 10  110   8 2p510p          -1.75821E-01  8.73073E+00  3.0
    170 13 10  310   8 2p510p          -1.75787E-01  8.73076E+00  9.0
    171 13 10  100   9 2p510p          -1.71012E-01  8.73554E+00  1.0
    172 13 10  311  16 2p510d          -1.63535E-01  8.74302E+00  9.0
    173 13 10  331  13 2p510d          -1.63010E-01  8.74354E+00 21.0
    174 13 10  131  13 2p510d          -1.62459E-01  8.74409E+00  7.0
    175 13 10  121   8 2p510d          -1.62211E-01  8.74434E+00  5.0
    176 13 10  321   8 2p510d          -1.62192E-01  8.74436E+00 15.0
    177 13 10  111  16 2p510d          -1.60506E-01  8.74604E+00  3.0
    178 13 10  320  15 2p510f          -1.60326E-01  8.74622E+00 15.0
    179 13 10  120  15 2p510f          -1.60211E-01  8.74634E+00  5.0
    180 13 10  340  11 2p510f          -1.60189E-01  8.74636E+00 27.0
    181 13 10  140  11 2p510f          -1.60162E-01  8.74639E+00  9.0
    182 13 10  331  14 2p510g          -1.60030E-01  8.74652E+00 21.0
    183 13 10  131  14 2p510g          -1.60029E-01  8.74652E+00  7.0
    184 13 10  340  12 2p510h          -1.59998E-01  8.74655E+00 27.0
    185 13 10  140  12 2p510h          -1.59998E-01  8.74655E+00  9.0
    186 13 10  141   6 2p510g          -1.59967E-01  8.74658E+00  9.0
    187 13 10  341   6 2p510g          -1.59967E-01  8.74658E+00 27.0
    188 13 10  130   7 2p510f          -1.59909E-01  8.74664E+00  7.0
    189 13 10  330   7 2p510f          -1.59906E-01  8.74664E+00 21.0
 ====================================================================
