 ====================================================================
      i NZ NE iSLP iLV iCONF                 E(RYD)      TE(RYD)   gi
 ====================================================================
      1 13  9  211   1 2s2 2p5         -1.12937E+01  0.00000E+00  6.0
      2 13  9  200   1 2s 2p6          -8.05043E+00  3.24327E+00  2.0
      3 13  9  410   1 2p4(3PE) 3s     -4.42179E+00  6.87191E+00 12.0
      4 13  9  210   1 2p4(3PE) 3s     -4.31075E+00  6.98295E+00  6.0
      5 13  9  220   1 2p4(1DE) 3s     -4.02176E+00  7.27194E+00 10.0
      6 13  9  411   1 2p4(3PE) 3p     -3.83717E+00  7.45653E+00 12.0
      7 13  9  421   1 2p4(3PE) 3p     -3.75667E+00  7.53703E+00 20.0
      8 13  9  221   1 2p4(3PE) 3p     -3.70115E+00  7.59255E+00 10.0
      9 13  9  201   1 2p4(3PE) 3p     -3.66468E+00  7.62902E+00  2.0
     10 13  9  211   2 2p4(3PE) 3p     -3.66361E+00  7.63009E+00  6.0
     11 13  9  401   1 2p4(3PE) 3p     -3.65988E+00  7.63382E+00  4.0
     12 13  9  200   2 2p4(1SE) 3s     -3.58818E+00  7.70552E+00  2.0
     13 13  9  231   1 2p4(1DE) 3p     -3.40073E+00  7.89297E+00 14.0
     14 13  9  221   2 2p4(1DE) 3p     -3.32272E+00  7.97098E+00 10.0
     15 13  9  211   3 2p4(1DE) 3p     -3.21958E+00  8.07412E+00  6.0
     16 13  9  420   1 2p4(3PE) 3d     -3.00161E+00  8.29209E+00 20.0
     17 13  9  430   1 2p4(3PE) 3d     -2.93182E+00  8.36188E+00 28.0
     18 13  9  211   4 2p4(1SE) 3p     -2.92481E+00  8.36889E+00  6.0
     19 13  9  230   1 2p4(3PE) 3d     -2.89932E+00  8.39438E+00 14.0
     20 13  9  410   2 2p4(3PE) 3d     -2.89853E+00  8.39517E+00 12.0
     21 13  9  220   2 2p4(3PE) 3d     -2.86284E+00  8.43086E+00 10.0
     22 13  9  210   2 2p4(3PE) 3d     -2.85314E+00  8.44056E+00  6.0
     23 13  9  240   1 2p4(1DE) 3d     -2.59379E+00  8.69991E+00 18.0
     24 13  9  200   3 2p4(1DE) 3d     -2.55171E+00  8.74199E+00  2.0
     25 13  9  210   3 2p4(1DE) 3d     -2.54525E+00  8.74845E+00  6.0
     26 13  9  220   3 2p4(1DE) 3d     -2.52731E+00  8.76639E+00 10.0
     27 13  9  230   2 2p4(1DE) 3d     -2.52235E+00  8.77135E+00 14.0
     28 13  9  410   3 2p4(3PE) 4s     -2.17147E+00  9.12223E+00 12.0
     29 13  9  210   4 2p4(3PE) 4s     -2.13524E+00  9.15846E+00  6.0
     30 13  9  220   4 2p4(1SE) 3d     -2.12041E+00  9.17329E+00 10.0
     31 13  9  411   2 2p4(3PE) 4p     -1.96324E+00  9.33046E+00 12.0
     32 13  9  421   2 2p4(3PE) 4p     -1.92980E+00  9.36390E+00 20.0
     33 13  9  221   3 2p4(3PE) 4p     -1.91034E+00  9.38336E+00 10.0
     34 13  9  201   2 2p4(3PE) 4p     -1.90170E+00  9.39200E+00  2.0
     35 13  9  401   2 2p4(3PE) 4p     -1.89999E+00  9.39371E+00  4.0
     36 13  9  211   5 2p4(3PE) 4p     -1.85703E+00  9.43667E+00  6.0
     37 13  9  220   5 2p4(1DE) 4s     -1.79560E+00  9.49810E+00 10.0
     38 13  9  420   2 2p4(3PE) 4d     -1.66272E+00  9.63098E+00 20.0
     39 13  9  430   2 2p4(3PE) 4d     -1.63853E+00  9.65517E+00 28.0
     40 13  9  410   4 2p4(3PE) 4d     -1.62715E+00  9.66655E+00 12.0
     41 13  9  230   3 2p4(3PE) 4d     -1.62369E+00  9.67001E+00 14.0
     42 13  9  210   5 2p4(3PE) 4d     -1.59984E+00  9.69386E+00  6.0
     43 13  9  220   6 2p4(3PE) 4d     -1.59670E+00  9.69700E+00 10.0
     44 13  9  431   1 2p4(3PE) 4f     -1.57223E+00  9.72147E+00 28.0
     45 13  9  231   2 2p4(3PE) 4f     -1.57068E+00  9.72302E+00 14.0
     46 13  9  231   3 2p4(1DE) 4p     -1.56711E+00  9.72659E+00 14.0
     47 13  9  441   1 2p4(3PE) 4f     -1.56342E+00  9.73028E+00 36.0
     48 13  9  241   1 2p4(3PE) 4f     -1.56290E+00  9.73080E+00 18.0
     49 13  9  421   3 2p4(3PE) 4f     -1.56173E+00  9.73197E+00 20.0
     50 13  9  221   4 2p4(3PE) 4f     -1.56059E+00  9.73311E+00 10.0
     51 13  9  211   6 2p4(1DE) 4p     -1.55558E+00  9.73812E+00  6.0
     52 13  9  221   5 2p4(1DE) 4p     -1.54521E+00  9.74849E+00 10.0
     53 13  9  411   3 2p5(3PO) 3s     -1.43756E+00  9.85614E+00 12.0
     54 13  9  200   4 2p4(1SE) 4s     -1.37036E+00  9.92334E+00  2.0
     55 13  9  410   5 2p4(3PE) 5s     -1.29464E+00  9.99906E+00 12.0
     56 13  9  240   2 2p4(1DE) 4d     -1.28266E+00  1.00110E+01 18.0
     57 13  9  211   7 2p5(3PO) 3s     -1.27784E+00  1.00159E+01  6.0
     58 13  9  210   6 2p4(3PE) 5s     -1.27759E+00  1.00161E+01  6.0
     59 13  9  210   7 2p4(1DE) 4d     -1.26468E+00  1.00290E+01  6.0
     60 13  9  220   7 2p4(1DE) 4d     -1.25966E+00  1.00340E+01 10.0
     61 13  9  230   4 2p4(1DE) 4d     -1.25895E+00  1.00347E+01 14.0
     62 13  9  200   5 2p4(1DE) 4d     -1.25781E+00  1.00359E+01  2.0
     63 13  9  211   8 2p4(1DE) 4f     -1.21209E+00  1.00816E+01  6.0
     64 13  9  251   1 2p4(1DE) 4f     -1.20579E+00  1.00879E+01 22.0
     65 13  9  221   6 2p4(1DE) 4f     -1.20497E+00  1.00887E+01 10.0
     66 13  9  231   4 2p4(1DE) 4f     -1.19884E+00  1.00949E+01 14.0
     67 13  9  241   2 2p4(1DE) 4f     -1.19702E+00  1.00967E+01 18.0
     68 13  9  411   4 2p4(3PE) 5p     -1.17965E+00  1.01140E+01 12.0
     69 13  9  421   4 2p4(3PE) 5p     -1.17915E+00  1.01146E+01 20.0
     70 13  9  221   7 2p4(3PE) 5p     -1.16991E+00  1.01238E+01 10.0
     71 13  9  201   3 2p4(3PE) 5p     -1.16585E+00  1.01279E+01  2.0
     72 13  9  401   3 2p4(3PE) 5p     -1.16503E+00  1.01287E+01  4.0
     73 13  9  211   9 2p4(3PE) 5p     -1.14952E+00  1.01442E+01  6.0
     74 13  9  211  10 2p4(1SE) 4p     -1.10418E+00  1.01895E+01  6.0
     75 13  9  420   3 2p4(3PE) 5d     -1.05262E+00  1.02411E+01 20.0
     76 13  9  430   3 2p4(3PE) 5d     -1.04038E+00  1.02533E+01 28.0
     77 13  9  410   6 2p4(3PE) 5d     -1.03505E+00  1.02586E+01 12.0
     78 13  9  230   5 2p4(3PE) 5d     -1.03268E+00  1.02610E+01 14.0
     79 13  9  220   8 2p4(3PE) 5d     -1.01892E+00  1.02748E+01 10.0
     80 13  9  210   8 2p4(3PE) 5d     -1.01890E+00  1.02748E+01  6.0
     81 13  9  431   2 2p4(3PE) 5f     -1.00688E+00  1.02868E+01 28.0
     82 13  9  231   5 2p4(3PE) 5f     -1.00474E+00  1.02890E+01 14.0
     83 13  9  441   2 2p4(3PE) 5f     -1.00107E+00  1.02926E+01 36.0
     84 13  9  241   3 2p4(3PE) 5f     -1.00066E+00  1.02930E+01 18.0
     85 13  9  421   5 2p4(3PE) 5f     -1.00057E+00  1.02931E+01 20.0
     86 13  9  221   8 2p4(3PE) 5f     -9.99558E-01  1.02941E+01 10.0
     87 13  9  220   9 2p4(1DE) 5s     -9.26148E-01  1.03676E+01 10.0
     88 13  9  400   1 2p5(3PO) 3p     -9.02719E-01  1.03910E+01  4.0
     89 13  9  410   7 2p4(3PE) 6s     -8.62940E-01  1.04308E+01 12.0
     90 13  9  210   9 2p4(3PE) 6s     -8.49730E-01  1.04440E+01  6.0
     91 13  9  220  10 2p4(1SE) 4d     -8.38620E-01  1.04551E+01 10.0
     92 13  9  211  11 2p4(1DE) 5p     -8.18357E-01  1.04753E+01  6.0
     93 13  9  231   6 2p4(1DE) 5p     -8.16917E-01  1.04768E+01 14.0
     94 13  9  221   9 2p4(1DE) 5p     -8.06466E-01  1.04872E+01 10.0
     95 13  9  420   4 2p5(3PO) 3p     -8.05587E-01  1.04881E+01 20.0
     96 13  9  411   5 2p4(3PE) 6p     -7.98993E-01  1.04947E+01 12.0
     97 13  9  421   6 2p4(3PE) 6p     -7.95274E-01  1.04984E+01 20.0
     98 13  9  221  10 2p4(3PE) 6p     -7.89845E-01  1.05039E+01 10.0
     99 13  9  201   4 2p4(3PE) 6p     -7.87884E-01  1.05058E+01  2.0
    100 13  9  401   4 2p4(3PE) 6p     -7.87432E-01  1.05063E+01  4.0
    101 13  9  231   7 2p4(1SE) 4f     -7.73342E-01  1.05204E+01 14.0
    102 13  9  211  12 2p4(3PE) 6p     -7.56942E-01  1.05368E+01  6.0
    103 13  9  410   8 2p5(3PO) 3p     -7.36561E-01  1.05571E+01 12.0
    104 13  9  220  11 2p5(3PO) 3p     -7.35728E-01  1.05580E+01 10.0
    105 13  9  420   5 2p4(3PE) 6d     -7.23626E-01  1.05701E+01 20.0
    106 13  9  210  10 2p5(3PO) 3p     -7.18423E-01  1.05753E+01  6.0
    107 13  9  430   4 2p4(3PE) 6d     -7.18211E-01  1.05755E+01 28.0
    108 13  9  230   6 2p4(3PE) 6d     -7.13950E-01  1.05798E+01 14.0
    109 13  9  410   9 2p4(3PE) 6d     -7.12036E-01  1.05817E+01 12.0
    110 13  9  210  11 2p4(3PE) 6d     -7.00227E-01  1.05935E+01  6.0
    111 13  9  431   3 2p4(3PE) 6f     -6.99317E-01  1.05944E+01 28.0
    112 13  9  220  12 2p4(3PE) 6d     -6.98699E-01  1.05950E+01 10.0
    113 13  9  231   8 2p4(3PE) 6f     -6.97646E-01  1.05961E+01 14.0
    114 13  9  441   3 2p4(3PE) 6f     -6.95328E-01  1.05984E+01 36.0
    115 13  9  421   7 2p4(3PE) 6f     -6.95322E-01  1.05984E+01 20.0
    116 13  9  241   4 2p4(3PE) 6f     -6.95067E-01  1.05986E+01 18.0
    117 13  9  221  11 2p4(3PE) 6f     -6.94543E-01  1.05992E+01 10.0
    118 13  9  240   3 2p4(1DE) 5d     -6.80871E-01  1.06128E+01 18.0
    119 13  9  200   6 2p4(1DE) 5d     -6.75565E-01  1.06181E+01  2.0
    120 13  9  230   7 2p4(1DE) 5d     -6.69189E-01  1.06245E+01 14.0
    121 13  9  210  12 2p4(1DE) 5d     -6.66329E-01  1.06274E+01  6.0
    122 13  9  220  13 2p4(1DE) 5d     -6.65321E-01  1.06284E+01 10.0
    123 13  9  211  13 2p4(1DE) 5f     -6.44947E-01  1.06488E+01  6.0
    124 13  9  251   2 2p4(1DE) 5f     -6.41165E-01  1.06525E+01 22.0
    125 13  9  221  12 2p4(1DE) 5f     -6.40999E-01  1.06527E+01 10.0
    126 13  9  220  14 2p4(1DE) 5g     -6.37992E-01  1.06557E+01 10.0
    127 13  9  231   9 2p4(1DE) 5f     -6.37140E-01  1.06566E+01 14.0
    128 13  9  241   5 2p4(1DE) 5f     -6.36214E-01  1.06575E+01 18.0
    129 13  9  410  10 2p4(3PE) 7s     -6.06821E-01  1.06869E+01 12.0
    130 13  9  210  13 2p4(3PE) 7s     -6.04685E-01  1.06890E+01  6.0
    131 13  9  411   6 2p4(3PE) 7p     -5.75204E-01  1.07185E+01 12.0
    132 13  9  421   8 2p4(3PE) 7p     -5.72559E-01  1.07211E+01 20.0
    133 13  9  221  13 2p4(3PE) 7p     -5.69462E-01  1.07242E+01 10.0
    134 13  9  201   5 2p4(3PE) 7p     -5.68012E-01  1.07257E+01  2.0
    135 13  9  401   5 2p4(3PE) 7p     -5.67736E-01  1.07260E+01  4.0
    136 13  9  211  14 2p4(3PE) 7p     -5.60492E-01  1.07332E+01  6.0
    137 13  9  420   6 2p4(3PE) 7d     -5.29147E-01  1.07646E+01 20.0
    138 13  9  200   7 2p5(3PO) 3p     -5.27404E-01  1.07663E+01  2.0
    139 13  9  430   5 2p4(3PE) 7d     -5.25311E-01  1.07684E+01 28.0
    140 13  9  410  11 2p4(3PE) 7d     -5.23087E-01  1.07706E+01 12.0
    141 13  9  230   8 2p4(3PE) 7d     -5.22542E-01  1.07712E+01 14.0
    142 13  9  210  14 2p4(3PE) 7d     -5.17036E-01  1.07767E+01  6.0
    143 13  9  220  15 2p4(3PE) 7d     -5.15826E-01  1.07779E+01 10.0
    144 13  9  431   4 2p4(3PE) 7f     -5.13816E-01  1.07799E+01 28.0
    145 13  9  231  10 2p4(3PE) 7f     -5.12492E-01  1.07812E+01 14.0
    146 13  9  421   9 2p4(3PE) 7f     -5.11070E-01  1.07826E+01 20.0
    147 13  9  441   4 2p4(3PE) 7f     -5.10862E-01  1.07828E+01 36.0
    148 13  9  241   6 2p4(3PE) 7f     -5.10683E-01  1.07830E+01 18.0
    149 13  9  221  14 2p4(3PE) 7f     -5.10454E-01  1.07832E+01 10.0
    150 13  9  220  16 2p4(1DE) 6s     -4.91660E-01  1.08020E+01 10.0
    151 13  9  200   8 2p4(1SE) 5s     -4.87275E-01  1.08064E+01  2.0
    152 13  9  410  12 2p4(3PE) 8s     -4.55353E-01  1.08383E+01 12.0
    153 13  9  210  15 2p4(3PE) 8s     -4.53036E-01  1.08407E+01  6.0
    154 13  9  211  15 2p4(1DE) 6p     -4.40114E-01  1.08536E+01  6.0
    155 13  9  411   7 2p4(3PE) 8p     -4.33708E-01  1.08600E+01 12.0
    156 13  9  231  11 2p4(1DE) 6p     -4.32729E-01  1.08610E+01 14.0
    157 13  9  421  10 2p4(3PE) 8p     -4.31873E-01  1.08618E+01 20.0
    158 13  9  221  15 2p4(3PE) 8p     -4.30226E-01  1.08635E+01 10.0
    159 13  9  201   6 2p4(3PE) 8p     -4.28865E-01  1.08648E+01  2.0
    160 13  9  401   6 2p4(3PE) 8p     -4.28684E-01  1.08650E+01  4.0
    161 13  9  221  16 2p4(1DE) 6p     -4.26418E-01  1.08673E+01 10.0
    162 13  9  211  16 2p4(3PE) 8p     -4.12432E-01  1.08813E+01  6.0
    163 13  9  420   7 2p4(3PE) 8d     -4.03381E-01  1.08903E+01 20.0
    164 13  9  430   6 2p4(3PE) 8d     -4.00802E-01  1.08929E+01 28.0
    165 13  9  410  13 2p4(3PE) 8d     -3.99376E-01  1.08943E+01 12.0
    166 13  9  230   9 2p4(3PE) 8d     -3.98991E-01  1.08947E+01 14.0
    167 13  9  210  16 2p4(3PE) 8d     -3.96394E-01  1.08973E+01  6.0
    168 13  9  220  17 2p4(3PE) 8d     -3.95379E-01  1.08983E+01 10.0
    169 13  9  431   5 2p4(3PE) 8f     -3.93428E-01  1.09003E+01 28.0
    170 13  9  231  12 2p4(3PE) 8f     -3.92330E-01  1.09014E+01 14.0
    171 13  9  421  11 2p4(3PE) 8f     -3.91406E-01  1.09023E+01 20.0
    172 13  9  441   5 2p4(3PE) 8f     -3.91108E-01  1.09026E+01 36.0
    173 13  9  241   7 2p4(3PE) 8f     -3.90983E-01  1.09027E+01 18.0
    174 13  9  221  17 2p4(3PE) 8f     -3.90915E-01  1.09028E+01 10.0
    175 13  9  211  17 2p4(1SE) 5p     -3.81379E-01  1.09123E+01  6.0
    176 13  9  240   4 2p4(1DE) 6d     -3.57275E-01  1.09364E+01 18.0
    177 13  9  410  14 2p4(3PE) 9s     -3.53649E-01  1.09401E+01 12.0
    178 13  9  210  17 2p4(3PE) 9s     -3.52355E-01  1.09413E+01  6.0
    179 13  9  210  18 2p4(1DE) 6d     -3.51402E-01  1.09423E+01  6.0
    180 13  9  230  10 2p4(1DE) 6d     -3.50748E-01  1.09430E+01 14.0
    181 13  9  220  18 2p4(1DE) 6d     -3.50744E-01  1.09430E+01 10.0
    182 13  9  200   9 2p4(1DE) 6d     -3.47655E-01  1.09460E+01  2.0
    183 13  9  411   8 2p4(3PE) 9p     -3.38654E-01  1.09550E+01 12.0
    184 13  9  421  12 2p4(3PE) 9p     -3.37346E-01  1.09564E+01 20.0
    185 13  9  211  18 2p4(1DE) 6f     -3.36555E-01  1.09571E+01  6.0
    186 13  9  221  18 2p4(3PE) 9p     -3.36006E-01  1.09577E+01 10.0
    187 13  9  201   7 2p4(3PE) 9p     -3.35245E-01  1.09585E+01  2.0
    188 13  9  401   7 2p4(3PE) 9p     -3.35120E-01  1.09586E+01  4.0
    189 13  9  251   3 2p4(1DE) 6f     -3.34228E-01  1.09595E+01 22.0
    190 13  9  221  19 2p4(1DE) 6f     -3.34227E-01  1.09595E+01 10.0
    191 13  9  220  19 2p4(1DE) 6g     -3.32375E-01  1.09613E+01 10.0
    192 13  9  231  13 2p4(1DE) 6f     -3.32152E-01  1.09615E+01 14.0
    193 13  9  211  19 2p4(3PE) 9p     -3.31250E-01  1.09625E+01  6.0
    194 13  9  241   8 2p4(1DE) 6f     -3.31248E-01  1.09625E+01 18.0
    195 13  9  420   8 2p4(3PE) 9d     -3.17621E-01  1.09761E+01 20.0
    196 13  9  430   7 2p4(3PE) 9d     -3.15815E-01  1.09779E+01 28.0
    197 13  9  410  15 2p4(3PE) 9d     -3.14832E-01  1.09789E+01 12.0
    198 13  9  230  11 2p4(3PE) 9d     -3.14500E-01  1.09792E+01 14.0
    199 13  9  210  19 2p4(3PE) 9d     -3.11560E-01  1.09821E+01  6.0
    200 13  9  220  20 2p4(3PE) 9d     -3.11333E-01  1.09824E+01 10.0
    201 13  9  431   6 2p4(3PE) 9f     -3.10904E-01  1.09828E+01 28.0
    202 13  9  231  14 2p4(3PE) 9f     -3.09964E-01  1.09837E+01 14.0
    203 13  9  421  13 2p4(3PE) 9f     -3.09329E-01  1.09844E+01 20.0
    204 13  9  441   6 2p4(3PE) 9f     -3.09001E-01  1.09847E+01 36.0
    205 13  9  221  20 2p4(3PE) 9f     -3.08917E-01  1.09848E+01 10.0
    206 13  9  241   9 2p4(3PE) 9f     -3.08910E-01  1.09848E+01 18.0
    207 13  9  410  16 2p4(3PE)10s     -2.82504E-01  1.10112E+01 12.0
    208 13  9  210  20 2p4(3PE)10s     -2.81223E-01  1.10125E+01  6.0
    209 13  9  411   9 2p4(3PE)10p     -2.71742E-01  1.10220E+01 12.0
    210 13  9  421  14 2p4(3PE)10p     -2.70780E-01  1.10229E+01 20.0
    211 13  9  211  20 2p4(3PE)10p     -2.70446E-01  1.10233E+01  6.0
    212 13  9  221  21 2p4(3PE)10p     -2.69760E-01  1.10239E+01 10.0
    213 13  9  201   8 2p4(3PE)10p     -2.69250E-01  1.10245E+01  2.0
    214 13  9  401   8 2p4(3PE)10p     -2.69161E-01  1.10245E+01  4.0
    215 13  9  420   9 2p4(3PE)10d     -2.56552E-01  1.10371E+01 20.0
    216 13  9  430   8 2p4(3PE)10d     -2.55241E-01  1.10385E+01 28.0
    217 13  9  410  17 2p4(3PE)10d     -2.54533E-01  1.10392E+01 12.0
    218 13  9  230  12 2p4(3PE)10d     -2.54303E-01  1.10394E+01 14.0
    219 13  9  220  21 2p4(3PE)10d     -2.53119E-01  1.10406E+01 10.0
    220 13  9  210  21 2p4(3PE)10d     -2.52559E-01  1.10411E+01  6.0
    221 13  9  431   7 2p4(3PE)10f     -2.51885E-01  1.10418E+01 28.0
    222 13  9  231  15 2p4(3PE)10f     -2.51064E-01  1.10426E+01 14.0
    223 13  9  421  15 2p4(3PE)10f     -2.50602E-01  1.10431E+01 20.0
    224 13  9  441   7 2p4(3PE)10f     -2.50272E-01  1.10434E+01 36.0
    225 13  9  221  22 2p4(3PE)10f     -2.50260E-01  1.10434E+01 10.0
    226 13  9  241  10 2p4(3PE)10f     -2.50204E-01  1.10435E+01 18.0
    227 13  9  200  10 2p4(1DE) 7d     -1.59191E-01  1.11345E+01  2.0
    228 13  9  200  11 2p4(1SE) 6s     -6.30534E-02  1.12306E+01  2.0
    229 13  9  200  12 2p4(1DE) 8d     -3.50579E-02  1.12586E+01  2.0
    230 13  9  200  13 2p4(1DE) 9d      4.85194E-02  1.13422E+01  2.0
    231 13  9  200  14 2p4(1DE)10d      1.08545E-01  1.14022E+01  2.0
    232 13  9  400   2 2p5(3PO) 4p      9.88040E-01  1.22817E+01  4.0
    233 13  9  400   3 2p5(3PO) 5p      1.75220E+00  1.30459E+01  4.0
    234 13  9  400   4 2p5(3PO) 6p      2.14134E+00  1.34350E+01  4.0
    235 13  9  400   5 2p5(3PO) 7p      2.36652E+00  1.36602E+01  4.0
    236 13  9  400   6 2p5(3PO) 8p      2.50850E+00  1.38022E+01  4.0
    237 13  9  400   7 2p5(3PO) 9p      2.60378E+00  1.38975E+01  4.0
    238 13  9  400   8 2p5(3PO)10p      2.67080E+00  1.39645E+01  4.0
 ====================================================================
