 ====================================================================
      i NZ NE iSLP iLV iCONF                 E(RYD)      TE(RYD)   gi
 ====================================================================
      1 13  8  310   1 2s2 2p4         -1.39761E+01  0.00000E+00  9.0
      2 13  8  120   1 2s2 2p4         -1.36029E+01  3.73200E-01  5.0
      3 13  8  100   1 2s2 2p4         -1.31666E+01  8.09500E-01  1.0
      4 13  8  311   1 2s 2p5          -1.10425E+01  2.93360E+00  9.0
      5 13  8  111   1 2s 2p5          -9.86249E+00  4.11361E+00  3.0
      6 13  8  100   2 2p6             -7.11245E+00  6.86365E+00  1.0
      7 13  8  501   1 2p3(4SO) 3s     -5.79654E+00  8.17956E+00  5.0
      8 13  8  301   1 2p3(4SO) 3s     -5.61877E+00  8.35733E+00  3.0
      9 13  8  321   1 2p3(2DO) 3s     -5.18332E+00  8.79278E+00 15.0
     10 13  8  510   1 2p3(4SO) 3p     -5.11132E+00  8.86478E+00 15.0
     11 13  8  121   1 2p3(2DO) 3s     -5.09436E+00  8.88174E+00  5.0
     12 13  8  310   2 2p3(4SO) 3p     -4.95086E+00  9.02524E+00  9.0
     13 13  8  311   2 2p3(2PO) 3s     -4.88329E+00  9.09281E+00  9.0
     14 13  8  111   2 2p3(2PO) 3s     -4.79232E+00  9.18378E+00  3.0
     15 13  8  110   1 2p3(2DO) 3p     -4.57549E+00  9.40061E+00  3.0
     16 13  8  320   1 2p3(2DO) 3p     -4.54950E+00  9.42660E+00 15.0
     17 13  8  330   1 2p3(2DO) 3p     -4.49946E+00  9.47664E+00 21.0
     18 13  8  130   1 2p3(2DO) 3p     -4.46897E+00  9.50713E+00  7.0
     19 13  8  310   3 2p3(2DO) 3p     -4.30175E+00  9.67435E+00  9.0
     20 13  8  521   1 2p3(4SO) 3d     -4.28252E+00  9.69358E+00 25.0
     21 13  8  300   1 2p3(2PO) 3p     -4.25524E+00  9.72086E+00  3.0
     22 13  8  320   2 2p3(2PO) 3p     -4.20264E+00  9.77346E+00 15.0
     23 13  8  120   2 2p3(2DO) 3p     -4.20174E+00  9.77436E+00  5.0
     24 13  8  110   2 2p3(2PO) 3p     -4.15822E+00  9.81788E+00  3.0
     25 13  8  321   2 2p3(4SO) 3d     -4.13780E+00  9.83830E+00 15.0
     26 13  8  310   4 2p3(2PO) 3p     -4.10087E+00  9.87523E+00  9.0
     27 13  8  120   3 2p3(2PO) 3p     -3.99053E+00  9.98557E+00  5.0
     28 13  8  100   3 2p3(2PO) 3p     -3.72848E+00  1.02476E+01  1.0
     29 13  8  331   1 2p3(2DO) 3d     -3.72125E+00  1.02549E+01 21.0
     30 13  8  101   1 2p3(2DO) 3d     -3.72064E+00  1.02555E+01  1.0
     31 13  8  341   1 2p3(2DO) 3d     -3.67895E+00  1.02971E+01 27.0
     32 13  8  141   1 2p3(2DO) 3d     -3.66224E+00  1.03139E+01  9.0
     33 13  8  321   3 2p3(2DO) 3d     -3.64280E+00  1.03333E+01 15.0
     34 13  8  111   3 2p3(2DO) 3d     -3.62520E+00  1.03509E+01  3.0
     35 13  8  311   3 2p3(2DO) 3d     -3.57855E+00  1.03975E+01  9.0
     36 13  8  121   2 2p3(2DO) 3d     -3.56980E+00  1.04063E+01  5.0
     37 13  8  301   2 2p3(2DO) 3d     -3.54256E+00  1.04335E+01  3.0
     38 13  8  131   1 2p3(2DO) 3d     -3.49007E+00  1.04860E+01  7.0
     39 13  8  331   2 2p3(2PO) 3d     -3.37700E+00  1.05991E+01 21.0
     40 13  8  311   4 2p3(2PO) 3d     -3.36166E+00  1.06144E+01  9.0
     41 13  8  321   4 2p3(2PO) 3d     -3.31974E+00  1.06564E+01 15.0
     42 13  8  121   3 2p3(2PO) 3d     -3.31109E+00  1.06650E+01  5.0
     43 13  8  131   2 2p3(2PO) 3d     -3.26970E+00  1.07064E+01  7.0
     44 13  8  510   2 2p4(4PE) 3s     -3.18203E+00  1.07941E+01 15.0
     45 13  8  111   4 2p3(2PO) 3d     -3.15434E+00  1.08218E+01  3.0
     46 13  8  310   5 2p4(4PE) 3s     -2.94149E+00  1.10346E+01  9.0
     47 13  8  501   2 2p3(4SO) 4s     -2.93899E+00  1.10371E+01  5.0
     48 13  8  301   3 2p3(4SO) 4s     -2.87114E+00  1.11050E+01  3.0
     49 13  8  510   3 2p3(4SO) 4p     -2.65730E+00  1.13188E+01 15.0
     50 13  8  310   6 2p3(4SO) 4p     -2.59096E+00  1.13851E+01  9.0
     51 13  8  511   1 2p4(4PE) 3p     -2.55654E+00  1.14196E+01 15.0
     52 13  8  521   2 2p4(4PE) 3p     -2.48310E+00  1.14930E+01 25.0
     53 13  8  321   5 2p4(4PE) 3p     -2.39733E+00  1.15788E+01 15.0
     54 13  8  521   3 2p3(4SO) 4d     -2.36956E+00  1.16065E+01 25.0
     55 13  8  501   3 2p4(4PE) 3p     -2.34696E+00  1.16291E+01  5.0
     56 13  8  321   6 2p3(2DO) 4s     -2.34195E+00  1.16341E+01 15.0
     57 13  8  301   4 2p4(4PE) 3p     -2.32597E+00  1.16501E+01  3.0
     58 13  8  121   4 2p3(2DO) 4s     -2.31469E+00  1.16614E+01  5.0
     59 13  8  321   7 2p3(4SO) 4d     -2.29058E+00  1.16855E+01 15.0
     60 13  8  311   5 2p4(4PE) 3p     -2.26845E+00  1.17077E+01  9.0
     61 13  8  530   1 2p3(4SO) 4f     -2.26449E+00  1.17116E+01 35.0
     62 13  8  330   2 2p3(4SO) 4f     -2.25799E+00  1.17181E+01 21.0
     63 13  8  320   3 2p4(2DE) 3s     -2.23270E+00  1.17434E+01 15.0
     64 13  8  110   3 2p3(2DO) 4p     -2.10740E+00  1.18687E+01  3.0
     65 13  8  330   3 2p3(2DO) 4p     -2.08425E+00  1.18918E+01 21.0
     66 13  8  130   2 2p3(2DO) 4p     -2.07345E+00  1.19026E+01  7.0
     67 13  8  120   4 2p4(2DE) 3s     -2.05972E+00  1.19164E+01  5.0
     68 13  8  311   6 2p3(2PO) 4s     -2.04995E+00  1.19262E+01  9.0
     69 13  8  320   4 2p3(2DO) 4p     -2.04928E+00  1.19268E+01 15.0
     70 13  8  310   7 2p3(2DO) 4p     -2.02009E+00  1.19560E+01  9.0
     71 13  8  111   5 2p3(2PO) 4s     -2.01839E+00  1.19577E+01  3.0
     72 13  8  120   5 2p3(2DO) 4p     -1.92898E+00  1.20471E+01  5.0
     73 13  8  300   2 2p3(2PO) 4p     -1.83433E+00  1.21418E+01  3.0
     74 13  8  101   2 2p3(2DO) 4d     -1.80990E+00  1.21662E+01  1.0
     75 13  8  331   3 2p3(2DO) 4d     -1.80661E+00  1.21695E+01 21.0
     76 13  8  341   2 2p3(2DO) 4d     -1.79414E+00  1.21820E+01 27.0
     77 13  8  110   4 2p3(2PO) 4p     -1.78839E+00  1.21877E+01  3.0
     78 13  8  141   2 2p3(2DO) 4d     -1.78723E+00  1.21889E+01  9.0
     79 13  8  320   5 2p3(2PO) 4p     -1.78722E+00  1.21889E+01 15.0
     80 13  8  321   8 2p3(2DO) 4d     -1.78551E+00  1.21906E+01 15.0
     81 13  8  111   6 2p3(2DO) 4d     -1.77259E+00  1.22035E+01  3.0
     82 13  8  520   1 2p4(4PE) 3d     -1.76730E+00  1.22088E+01 25.0
     83 13  8  501   4 2p3(4SO) 5s     -1.76591E+00  1.22102E+01  5.0
     84 13  8  310   8 2p3(2PO) 4p     -1.75567E+00  1.22204E+01  9.0
     85 13  8  311   7 2p3(2DO) 4d     -1.74897E+00  1.22271E+01  9.0
     86 13  8  301   5 2p3(4SO) 5s     -1.74883E+00  1.22273E+01  3.0
     87 13  8  301   6 2p3(2DO) 4d     -1.73310E+00  1.22430E+01  3.0
     88 13  8  121   5 2p3(2DO) 4d     -1.73120E+00  1.22449E+01  5.0
     89 13  8  120   6 2p3(2PO) 4p     -1.72291E+00  1.22532E+01  5.0
     90 13  8  131   3 2p3(2DO) 4d     -1.71750E+00  1.22586E+01  7.0
     91 13  8  330   4 2p3(2DO) 4f     -1.69344E+00  1.22827E+01 21.0
     92 13  8  340   1 2p3(2DO) 4f     -1.69311E+00  1.22830E+01 27.0
     93 13  8  320   6 2p3(2DO) 4f     -1.69200E+00  1.22841E+01 15.0
     94 13  8  110   5 2p3(2DO) 4f     -1.69183E+00  1.22843E+01  3.0
     95 13  8  310   9 2p3(2DO) 4f     -1.68979E+00  1.22863E+01  9.0
     96 13  8  120   7 2p3(2DO) 4f     -1.68873E+00  1.22874E+01  5.0
     97 13  8  130   3 2p3(2DO) 4f     -1.68796E+00  1.22881E+01  7.0
     98 13  8  350   1 2p3(2DO) 4f     -1.68760E+00  1.22885E+01 33.0
     99 13  8  150   1 2p3(2DO) 4f     -1.68738E+00  1.22887E+01 11.0
    100 13  8  140   1 2p3(2DO) 4f     -1.68701E+00  1.22891E+01  9.0
    101 13  8  530   2 2p4(4PE) 3d     -1.68588E+00  1.22902E+01 35.0
    102 13  8  510   4 2p3(4SO) 5p     -1.66613E+00  1.23100E+01 15.0
    103 13  8  100   4 2p3(2PO) 4p     -1.63084E+00  1.23453E+01  1.0
    104 13  8  310  10 2p3(4SO) 5p     -1.60832E+00  1.23678E+01  9.0
    105 13  8  510   5 2p4(4PE) 3d     -1.59873E+00  1.23774E+01 15.0
    106 13  8  330   5 2p4(4PE) 3d     -1.59044E+00  1.23857E+01 21.0
    107 13  8  300   3 2p4(2SE) 3s     -1.54544E+00  1.24307E+01  3.0
    108 13  8  331   4 2p4(2DE) 3p     -1.53835E+00  1.24377E+01 21.0
    109 13  8  521   4 2p3(4SO) 5d     -1.50552E+00  1.24706E+01 25.0
    110 13  8  320   7 2p4(4PE) 3d     -1.50443E+00  1.24717E+01 15.0
    111 13  8  331   5 2p3(2PO) 4d     -1.49775E+00  1.24783E+01 21.0
    112 13  8  311   8 2p3(2PO) 4d     -1.49352E+00  1.24826E+01  9.0
    113 13  8  321   9 2p3(2PO) 4d     -1.49262E+00  1.24835E+01 15.0
    114 13  8  111   7 2p4(2DE) 3p     -1.48892E+00  1.24872E+01  3.0
    115 13  8  121   6 2p3(2PO) 4d     -1.48878E+00  1.24873E+01  5.0
    116 13  8  131   4 2p4(2DE) 3p     -1.48614E+00  1.24900E+01  7.0
    117 13  8  310  11 2p4(4PE) 3d     -1.48494E+00  1.24912E+01  9.0
    118 13  8  321  11 2p3(4SO) 5d     -1.45183E+00  1.25243E+01 15.0
    119 13  8  321  10 2p4(2DE) 3p     -1.45183E+00  1.25243E+01 15.0
    120 13  8  131   5 2p3(2PO) 4d     -1.43407E+00  1.25420E+01  7.0
    121 13  8  530   3 2p3(4SO) 5f     -1.43237E+00  1.25437E+01 35.0
    122 13  8  330   6 2p3(4SO) 5f     -1.42961E+00  1.25465E+01 21.0
    123 13  8  111   8 2p3(2PO) 4d     -1.40634E+00  1.25698E+01  3.0
    124 13  8  100   5 2p4(2SE) 3s     -1.40057E+00  1.25755E+01  1.0
    125 13  8  320   8 2p3(2PO) 4f     -1.39571E+00  1.25804E+01 15.0
    126 13  8  311   9 2p4(2DE) 3p     -1.39441E+00  1.25817E+01  9.0
    127 13  8  340   2 2p3(2PO) 4f     -1.39399E+00  1.25821E+01 27.0
    128 13  8  130   4 2p3(2PO) 4f     -1.39258E+00  1.25835E+01  7.0
    129 13  8  330   7 2p3(2PO) 4f     -1.39170E+00  1.25844E+01 21.0
    130 13  8  120   8 2p3(2PO) 4f     -1.39129E+00  1.25848E+01  5.0
    131 13  8  140   2 2p3(2PO) 4f     -1.39028E+00  1.25858E+01  9.0
    132 13  8  121   7 2p4(2DE) 3p     -1.38056E+00  1.25955E+01  5.0
    133 13  8  310  12 2p4(2PE) 3s     -1.32432E+00  1.26518E+01  9.0
    134 13  8  110   6 2p4(2PE) 3s     -1.26774E+00  1.27084E+01  3.0
    135 13  8  321  12 2p3(2DO) 5s     -1.19062E+00  1.27855E+01 15.0
    136 13  8  121   8 2p3(2DO) 5s     -1.18604E+00  1.27901E+01  5.0
    137 13  8  501   5 2p3(4SO) 6s     -1.18591E+00  1.27902E+01  5.0
    138 13  8  301   7 2p3(4SO) 6s     -1.17333E+00  1.28028E+01  3.0
    139 13  8  510   6 2p3(4SO) 6p     -1.11668E+00  1.28594E+01 15.0
    140 13  8  310  13 2p3(4SO) 6p     -1.10031E+00  1.28758E+01  9.0
    141 13  8  320   9 2p3(2DO) 5p     -1.07686E+00  1.28992E+01 15.0
    142 13  8  330   8 2p3(2DO) 5p     -1.07398E+00  1.29021E+01 21.0
    143 13  8  130   5 2p3(2DO) 5p     -1.06849E+00  1.29076E+01  7.0
    144 13  8  110   7 2p3(2DO) 5p     -1.05878E+00  1.29173E+01  3.0
    145 13  8  521   5 2p3(4SO) 6d     -1.03869E+00  1.29374E+01 25.0
    146 13  8  310  14 2p3(2DO) 5p     -1.03648E+00  1.29396E+01  9.0
    147 13  8  321  13 2p3(4SO) 6d     -1.02023E+00  1.29559E+01 15.0
    148 13  8  120   9 2p3(2DO) 5p     -1.00867E+00  1.29674E+01  5.0
    149 13  8  530   4 2p3(4SO) 6f     -1.00048E+00  1.29756E+01 35.0
    150 13  8  330   9 2p3(4SO) 6f     -9.99655E-01  1.29764E+01 21.0
    151 13  8  101   3 2p3(2DO) 5d     -9.38542E-01  1.30376E+01  1.0
    152 13  8  331   6 2p3(2DO) 5d     -9.35464E-01  1.30406E+01 21.0
    153 13  8  311  10 2p3(2PO) 5s     -9.33080E-01  1.30430E+01  9.0
    154 13  8  341   3 2p3(2DO) 5d     -9.30982E-01  1.30451E+01 27.0
    155 13  8  141   3 2p3(2DO) 5d     -9.27536E-01  1.30486E+01  9.0
    156 13  8  321  14 2p3(2DO) 5d     -9.23940E-01  1.30522E+01 15.0
    157 13  8  111   9 2p3(2DO) 5d     -9.20599E-01  1.30555E+01  3.0
    158 13  8  301   8 2p3(2DO) 5d     -9.03161E-01  1.30729E+01  3.0
    159 13  8  311  11 2p3(2DO) 5d     -9.00544E-01  1.30756E+01  9.0
    160 13  8  340   3 2p3(2DO) 5f     -8.95792E-01  1.30803E+01 27.0
    161 13  8  121   9 2p3(2DO) 5d     -8.95183E-01  1.30809E+01  5.0
    162 13  8  330  10 2p3(2DO) 5f     -8.88480E-01  1.30876E+01 21.0
    163 13  8  131   6 2p3(2DO) 5d     -8.88361E-01  1.30877E+01  7.0
    164 13  8  320  10 2p3(2DO) 5f     -8.86039E-01  1.30901E+01 15.0
    165 13  8  111  10 2p3(2PO) 5s     -8.85812E-01  1.30903E+01  3.0
    166 13  8  110   8 2p3(2DO) 5f     -8.84387E-01  1.30917E+01  3.0
    167 13  8  120  10 2p3(2DO) 5f     -8.83357E-01  1.30927E+01  5.0
    168 13  8  310  15 2p3(2DO) 5f     -8.81834E-01  1.30943E+01  9.0
    169 13  8  140   3 2p3(2DO) 5f     -8.79959E-01  1.30961E+01  9.0
    170 13  8  130   6 2p3(2DO) 5f     -8.79440E-01  1.30967E+01  7.0
    171 13  8  350   2 2p3(2DO) 5f     -8.76060E-01  1.31000E+01 33.0
    172 13  8  150   2 2p3(2DO) 5f     -8.75898E-01  1.31002E+01 11.0
    173 13  8  501   6 2p3(4SO) 7s     -8.50068E-01  1.31260E+01  5.0
    174 13  8  311  12 2p4(2SE) 3p     -8.48149E-01  1.31280E+01  9.0
    175 13  8  301   9 2p3(4SO) 7s     -8.42458E-01  1.31336E+01  3.0
    176 13  8  111  11 2p4(2SE) 3p     -8.26405E-01  1.31497E+01  3.0
    177 13  8  510   7 2p3(4SO) 7p     -8.07923E-01  1.31682E+01 15.0
    178 13  8  310  16 2p3(4SO) 7p     -7.96442E-01  1.31797E+01  9.0
    179 13  8  300   4 2p3(2PO) 5p     -7.84526E-01  1.31916E+01  3.0
    180 13  8  320  11 2p3(2PO) 5p     -7.78547E-01  1.31976E+01 15.0
    181 13  8  110   9 2p3(2PO) 5p     -7.73406E-01  1.32027E+01  3.0
    182 13  8  310  17 2p3(2PO) 5p     -7.60842E-01  1.32153E+01  9.0
    183 13  8  521   6 2p3(4SO) 7d     -7.59344E-01  1.32168E+01 25.0
    184 13  8  120  11 2p3(2PO) 5p     -7.51972E-01  1.32241E+01  5.0
    185 13  8  321  15 2p3(4SO) 7d     -7.46813E-01  1.32293E+01 15.0
    186 13  8  340   4 2p4(2DE) 3d     -7.46543E-01  1.32296E+01 27.0
    187 13  8  530   5 2p3(4SO) 7f     -7.35656E-01  1.32404E+01 35.0
    188 13  8  330  11 2p3(4SO) 7f     -7.34972E-01  1.32411E+01 21.0
    189 13  8  311  13 2p4(2PE) 3p     -7.11310E-01  1.32648E+01  9.0
    190 13  8  100   6 2p3(2PO) 5p     -6.92035E-01  1.32841E+01  1.0
    191 13  8  310  18 2p4(2DE) 3d     -6.79086E-01  1.32970E+01  9.0
    192 13  8  300   5 2p4(2DE) 3d     -6.75565E-01  1.33005E+01  3.0
    193 13  8  140   4 2p4(2DE) 3d     -6.70975E-01  1.33051E+01  9.0
    194 13  8  321  16 2p4(2PE) 3p     -6.68646E-01  1.33075E+01 15.0
    195 13  8  320  12 2p4(2DE) 3d     -6.60074E-01  1.33160E+01 15.0
    196 13  8  330  12 2p4(2DE) 3d     -6.55038E-01  1.33211E+01 21.0
    197 13  8  121  10 2p4(2PE) 3p     -6.44224E-01  1.33319E+01  5.0
    198 13  8  501   7 2p3(4SO) 8s     -6.38960E-01  1.33371E+01  5.0
    199 13  8  331   7 2p3(2PO) 5d     -6.37009E-01  1.33391E+01 21.0
    200 13  8  301  10 2p3(4SO) 8s     -6.34867E-01  1.33412E+01  3.0
    201 13  8  311  14 2p3(2PO) 5d     -6.30889E-01  1.33452E+01  9.0
    202 13  8  121  11 2p3(2PO) 5d     -6.29143E-01  1.33470E+01  5.0
    203 13  8  321  17 2p3(2PO) 5d     -6.20568E-01  1.33555E+01 15.0
    204 13  8  110  10 2p4(2DE) 3d     -6.16950E-01  1.33591E+01  3.0
    205 13  8  510   8 2p3(4SO) 8p     -6.11528E-01  1.33646E+01 15.0
    206 13  8  131   7 2p3(2PO) 5d     -6.11503E-01  1.33646E+01  7.0
    207 13  8  321  18 2p3(2DO) 6s     -6.04591E-01  1.33715E+01 15.0
    208 13  8  310  19 2p3(4SO) 8p     -6.03407E-01  1.33727E+01  9.0
    209 13  8  120  12 2p4(2DE) 3d     -5.98360E-01  1.33777E+01  5.0
    210 13  8  130   7 2p4(2DE) 3d     -5.95033E-01  1.33811E+01  7.0
    211 13  8  320  13 2p3(2PO) 5f     -5.87736E-01  1.33884E+01 15.0
    212 13  8  111  12 2p3(2PO) 5d     -5.86116E-01  1.33900E+01  3.0
    213 13  8  121  12 2p3(2DO) 6s     -5.80644E-01  1.33955E+01  5.0
    214 13  8  120  13 2p3(2PO) 5f     -5.80576E-01  1.33955E+01  5.0
    215 13  8  521   7 2p3(4SO) 8d     -5.79132E-01  1.33970E+01 25.0
    216 13  8  330  13 2p3(2PO) 5f     -5.77796E-01  1.33983E+01 21.0
    217 13  8  140   5 2p3(2PO) 5f     -5.74481E-01  1.34016E+01  9.0
    218 13  8  340   5 2p3(2PO) 5f     -5.74455E-01  1.34016E+01 27.0
    219 13  8  130   8 2p3(2PO) 5f     -5.70197E-01  1.34059E+01  7.0
    220 13  8  321  19 2p3(4SO) 8d     -5.69851E-01  1.34062E+01 15.0
    221 13  8  101   4 2p4(2PE) 3p     -5.68861E-01  1.34072E+01  1.0
    222 13  8  530   6 2p3(4SO) 8f     -5.63360E-01  1.34127E+01 35.0
    223 13  8  330  14 2p3(4SO) 8f     -5.62835E-01  1.34133E+01 21.0
    224 13  8  100   7 2p4(2DE) 3d     -5.59447E-01  1.34167E+01  1.0
    225 13  8  320  14 2p3(2DO) 6p     -5.46408E-01  1.34297E+01 15.0
    226 13  8  110  11 2p3(2DO) 6p     -5.44644E-01  1.34315E+01  3.0
    227 13  8  330  15 2p3(2DO) 6p     -5.44043E-01  1.34321E+01 21.0
    228 13  8  301  11 2p4(2PE) 3p     -5.41584E-01  1.34345E+01  3.0
    229 13  8  130   9 2p3(2DO) 6p     -5.39478E-01  1.34366E+01  7.0
    230 13  8  310  20 2p3(2DO) 6p     -5.32163E-01  1.34439E+01  9.0
    231 13  8  120  14 2p3(2DO) 6p     -5.08986E-01  1.34671E+01  5.0
    232 13  8  501   8 2p3(4SO) 9s     -4.97736E-01  1.34784E+01  5.0
    233 13  8  301  12 2p3(4SO) 9s     -4.92394E-01  1.34837E+01  3.0
    234 13  8  510   9 2p3(4SO) 9p     -4.79174E-01  1.34969E+01 15.0
    235 13  8  310  21 2p3(4SO) 9p     -4.71240E-01  1.35049E+01  9.0
    236 13  8  101   5 2p3(2DO) 6d     -4.71002E-01  1.35051E+01  1.0
    237 13  8  331   8 2p3(2DO) 6d     -4.69033E-01  1.35071E+01 21.0
    238 13  8  341   4 2p3(2DO) 6d     -4.66798E-01  1.35093E+01 27.0
    239 13  8  321  20 2p3(2DO) 6d     -4.65718E-01  1.35104E+01 15.0
    240 13  8  141   4 2p3(2DO) 6d     -4.64843E-01  1.35113E+01  9.0
    241 13  8  111  13 2p3(2DO) 6d     -4.58694E-01  1.35174E+01  3.0
    242 13  8  521   8 2p3(4SO) 9d     -4.56181E-01  1.35199E+01 25.0
    243 13  8  311  15 2p3(2DO) 6d     -4.54576E-01  1.35215E+01  9.0
    244 13  8  301  13 2p3(2DO) 6d     -4.47959E-01  1.35281E+01  3.0
    245 13  8  321  21 2p3(4SO) 9d     -4.47775E-01  1.35283E+01 15.0
    246 13  8  530   7 2p3(4SO) 9f     -4.45147E-01  1.35310E+01 35.0
    247 13  8  121  13 2p3(2DO) 6d     -4.44956E-01  1.35311E+01  5.0
    248 13  8  330  16 2p3(4SO) 9f     -4.44748E-01  1.35314E+01 21.0
    249 13  8  131   8 2p3(2DO) 6d     -4.42436E-01  1.35337E+01  7.0
    250 13  8  310  22 2p3(2DO) 6f     -4.37134E-01  1.35390E+01  9.0
    251 13  8  110  12 2p3(2DO) 6f     -4.35355E-01  1.35407E+01  3.0
    252 13  8  350   3 2p3(2DO) 6f     -4.34639E-01  1.35415E+01 33.0
    253 13  8  150   3 2p3(2DO) 6f     -4.34531E-01  1.35416E+01 11.0
    254 13  8  320  15 2p3(2DO) 6f     -4.34250E-01  1.35419E+01 15.0
    255 13  8  120  15 2p3(2DO) 6f     -4.30600E-01  1.35455E+01  5.0
    256 13  8  340   6 2p3(2DO) 6f     -4.29926E-01  1.35462E+01 27.0
    257 13  8  140   6 2p3(2DO) 6f     -4.29761E-01  1.35463E+01  9.0
    258 13  8  130  10 2p3(2DO) 6f     -4.29581E-01  1.35465E+01  7.0
    259 13  8  330  17 2p3(2DO) 6f     -4.28454E-01  1.35476E+01 21.0
    260 13  8  501   9 2p3(4SO)10s     -3.98653E-01  1.35774E+01  5.0
    261 13  8  301  14 2p3(4SO)10s     -3.95266E-01  1.35808E+01  3.0
    262 13  8  510  10 2p3(4SO)10p     -3.86716E-01  1.35894E+01 15.0
    263 13  8  310  23 2p3(4SO)10p     -3.80261E-01  1.35958E+01  9.0
    264 13  8  521   9 2p3(4SO)10d     -3.68586E-01  1.36075E+01 25.0
    265 13  8  321  22 2p3(4SO)10d     -3.64097E-01  1.36120E+01 15.0
    266 13  8  530   8 2p3(4SO)10f     -3.60562E-01  1.36155E+01 35.0
    267 13  8  330  18 2p3(4SO)10f     -3.60241E-01  1.36159E+01 21.0
    268 13  8  111  14 2p4(2PE) 3p     -3.53800E-01  1.36223E+01  3.0
    269 13  8  311  16 2p3(2PO) 6s     -3.16864E-01  1.36592E+01  9.0
    270 13  8  111  15 2p3(2PO) 6s     -2.91366E-01  1.36847E+01  3.0
    271 13  8  121  14 2p3(2DO) 7s     -2.74039E-01  1.37021E+01  5.0
    272 13  8  320  16 2p3(2PO) 6p     -2.53884E-01  1.37222E+01 15.0
    273 13  8  300   6 2p3(2PO) 6p     -2.52589E-01  1.37235E+01  3.0
    274 13  8  110  13 2p3(2PO) 6p     -2.52298E-01  1.37238E+01  3.0
    275 13  8  120  16 2p3(2PO) 6p     -2.39899E-01  1.37362E+01  5.0
    276 13  8  320  17 2p3(2DO) 7p     -2.38120E-01  1.37380E+01 15.0
    277 13  8  130  11 2p3(2DO) 7p     -2.36296E-01  1.37398E+01  7.0
    278 13  8  110  14 2p3(2DO) 7p     -2.34567E-01  1.37415E+01  3.0
    279 13  8  120  17 2p3(2DO) 7p     -2.13913E-01  1.37622E+01  5.0
    280 13  8  100   8 2p3(2PO) 6p     -2.03352E-01  1.37727E+01  1.0
    281 13  8  331   9 2p3(2DO) 7d     -1.91588E-01  1.37845E+01 21.0
    282 13  8  101   6 2p3(2DO) 7d     -1.91386E-01  1.37847E+01  1.0
    283 13  8  141   5 2p3(2DO) 7d     -1.87602E-01  1.37885E+01  9.0
    284 13  8  111  16 2p3(2DO) 7d     -1.84627E-01  1.37915E+01  3.0
    285 13  8  121  15 2p3(2DO) 7d     -1.81601E-01  1.37945E+01  5.0
    286 13  8  311  17 2p3(2DO) 7d     -1.81413E-01  1.37947E+01  9.0
    287 13  8  131   9 2p3(2DO) 7d     -1.74763E-01  1.38013E+01  7.0
    288 13  8  320  18 2p3(2DO) 7f     -1.74681E-01  1.38014E+01 15.0
    289 13  8  110  15 2p3(2DO) 7f     -1.71796E-01  1.38043E+01  3.0
    290 13  8  120  18 2p3(2DO) 7f     -1.71002E-01  1.38051E+01  5.0
    291 13  8  331  10 2p3(2PO) 6d     -1.70843E-01  1.38053E+01 21.0
    292 13  8  130  12 2p3(2DO) 7f     -1.69151E-01  1.38069E+01  7.0
    293 13  8  311  18 2p3(2PO) 6d     -1.68954E-01  1.38071E+01  9.0
    294 13  8  150   4 2p3(2DO) 7f     -1.68316E-01  1.38078E+01 11.0
    295 13  8  340   7 2p3(2DO) 7f     -1.66864E-01  1.38092E+01 27.0
    296 13  8  140   7 2p3(2DO) 7f     -1.66442E-01  1.38097E+01  9.0
    297 13  8  121  16 2p3(2PO) 6d     -1.62901E-01  1.38132E+01  5.0
    298 13  8  320  19 2p3(2PO) 6f     -1.57924E-01  1.38182E+01 15.0
    299 13  8  131  10 2p3(2PO) 6d     -1.56613E-01  1.38195E+01  7.0
    300 13  8  120  19 2p3(2PO) 6f     -1.45728E-01  1.38304E+01  5.0
    301 13  8  111  17 2p3(2PO) 6d     -1.42760E-01  1.38333E+01  3.0
    302 13  8  130  13 2p3(2PO) 6f     -1.41056E-01  1.38350E+01  7.0
    303 13  8  340   8 2p3(2PO) 6f     -1.37786E-01  1.38383E+01 27.0
    304 13  8  140   8 2p3(2PO) 6f     -1.37261E-01  1.38388E+01  9.0
    305 13  8  511   2 2p4(4PE) 4p     -1.02889E-01  1.38732E+01 15.0
    306 13  8  121  17 2p3(2DO) 8s     -6.57364E-02  1.39104E+01  5.0
    307 13  8  320  20 2p4(2SE) 3d     -4.96210E-02  1.39265E+01 15.0
    308 13  8  320  21 2p3(2DO) 8p     -4.30286E-02  1.39331E+01 15.0
    309 13  8  110  16 2p3(2DO) 8p     -4.19594E-02  1.39341E+01  3.0
    310 13  8  130  14 2p3(2DO) 8p     -4.09813E-02  1.39351E+01  7.0
    311 13  8  120  20 2p3(2DO) 8p     -2.77712E-02  1.39483E+01  5.0
    312 13  8  101   7 2p3(2DO) 8d     -1.10368E-02  1.39651E+01  1.0
    313 13  8  331  11 2p3(2DO) 8d     -1.03787E-02  1.39657E+01 21.0
    314 13  8  141   6 2p3(2DO) 8d     -8.54150E-03  1.39676E+01  9.0
    315 13  8  111  18 2p3(2DO) 8d     -6.48147E-03  1.39696E+01  3.0
    316 13  8  320  22 2p3(2DO) 8f     -5.89543E-03  1.39702E+01 15.0
    317 13  8  311  19 2p3(2DO) 8d     -5.12316E-03  1.39710E+01  9.0
    318 13  8  121  18 2p3(2DO) 8d     -7.77618E-04  1.39753E+01  5.0
    319 13  8  120  21 2p3(2DO) 8f     -9.94845E-05  1.39760E+01  5.0
    320 13  8  110  17 2p3(2DO) 8f     -6.95552E-06  1.39761E+01  3.0
    321 13  8  131  11 2p3(2DO) 8d      6.12396E-04  1.39767E+01  7.0
    322 13  8  130  15 2p3(2DO) 8f      3.01900E-03  1.39791E+01  7.0
    323 13  8  150   5 2p3(2DO) 8f      4.45727E-03  1.39806E+01 11.0
    324 13  8  340   9 2p3(2DO) 8f      5.18929E-03  1.39813E+01 27.0
    325 13  8  140   9 2p3(2DO) 8f      5.65949E-03  1.39818E+01  9.0
    326 13  8  120  22 2p4(2SE) 3d      1.18388E-02  1.39879E+01  5.0
    327 13  8  311  20 2p4(4PE) 4p:     1.37491E-02  1.39898E+01  9.0
    328 13  8  111  19 2p3(2PO) 7s      2.23710E-02  1.39985E+01  3.0
    329 13  8  311  21 2p3(2PO) 7s:     3.49424E-02  1.40110E+01  9.0
    330 13  8  320  23 2p3(2PO) 7p      5.31306E-02  1.40292E+01 15.0
    331 13  8  300   7 2p3(2PO) 7p      5.63018E-02  1.40324E+01  3.0
    332 13  8  110  18 2p3(2PO) 7p      5.81947E-02  1.40343E+01  3.0
    333 13  8  120  23 2p3(2PO) 7p      6.58479E-02  1.40419E+01  5.0
    334 13  8  320  24 2p4(2PE) 3d      7.35210E-02  1.40496E+01 15.0
    335 13  8  121  19 2p3(2DO) 9s      7.38975E-02  1.40500E+01  5.0
    336 13  8  100   9 2p3(2PO) 7p      8.65260E-02  1.40626E+01  1.0
    337 13  8  130  16 2p3(2DO) 9p      8.96936E-02  1.40658E+01  7.0
    338 13  8  320  25 2p3(2DO) 9p      9.06976E-02  1.40668E+01 15.0
    339 13  8  110  19 2p3(2DO) 9p      9.09507E-02  1.40671E+01  3.0
    340 13  8  120  24 2p3(2DO) 9p      1.00598E-01  1.40767E+01  5.0
    341 13  8  331  12 2p3(2PO) 7d      1.05414E-01  1.40815E+01 21.0
    342 13  8  121  20 2p3(2PO) 7d      1.06836E-01  1.40829E+01  5.0
    343 13  8  311  22 2p3(2PO) 7d      1.08234E-01  1.40843E+01  9.0
    344 13  8  130  17 2p3(2PO) 7f      1.10678E-01  1.40868E+01  7.0
    345 13  8  101   8 2p3(2DO) 9d      1.11989E-01  1.40881E+01  1.0
    346 13  8  331  13 2p3(2DO) 9d      1.13392E-01  1.40895E+01 21.0
    347 13  8  141   7 2p3(2DO) 9d      1.13714E-01  1.40898E+01  9.0
    348 13  8  111  20 2p3(2DO) 9d      1.14089E-01  1.40902E+01  3.0
    349 13  8  131  12 2p3(2PO) 7d      1.14449E-01  1.40905E+01  7.0
    350 13  8  311  23 2p3(2DO) 9d      1.16839E-01  1.40929E+01  9.0
    351 13  8  110  20 2p3(2DO) 9f      1.17531E-01  1.40936E+01  3.0
    352 13  8  120  25 2p3(2DO) 9f      1.19480E-01  1.40956E+01  5.0
    353 13  8  121  21 2p3(2DO) 9d      1.20858E-01  1.40970E+01  5.0
    354 13  8  131  13 2p3(2DO) 9d      1.20960E-01  1.40971E+01  7.0
    355 13  8  150   6 2p3(2DO) 9f      1.22878E-01  1.40990E+01 11.0
    356 13  8  340  10 2p3(2DO) 9f      1.23093E-01  1.40992E+01 27.0
    357 13  8  140  10 2p3(2DO) 9f      1.23504E-01  1.40996E+01  9.0
    358 13  8  111  21 2p3(2PO) 7d      1.25178E-01  1.41013E+01  3.0
    359 13  8  130  18 2p3(2DO) 9f      1.26291E-01  1.41024E+01  7.0
    360 13  8  140  11 2p3(2PO) 7f      1.28490E-01  1.41046E+01  9.0
    361 13  8  320  26 2p3(2DO) 9f      1.30002E-01  1.41061E+01 15.0
    362 13  8  120  26 2p3(2PO) 7f      1.34822E-01  1.41109E+01  5.0
    363 13  8  320  27 2p3(2PO) 7f      1.42162E-01  1.41183E+01 15.0
    364 13  8  520   2 2p4(4PE) 4d      1.71845E-01  1.41479E+01 25.0
    365 13  8  121  22 2p3(2DO)10s      1.72212E-01  1.41483E+01  5.0
    366 13  8  130  19 2p4(2PE) 3d:     1.78483E-01  1.41546E+01  7.0
    367 13  8  320  28 2p3(2DO)10p      1.83840E-01  1.41599E+01 15.0
    368 13  8  110  21 2p3(2DO)10p      1.84068E-01  1.41602E+01  3.0
    369 13  8  130  20 2p3(2DO)10p:     1.90880E-01  1.41670E+01  7.0
    370 13  8  120  27 2p3(2DO)10p      1.90997E-01  1.41671E+01  5.0
    371 13  8  101   9 2p3(2DO)10d      1.99629E-01  1.41757E+01  1.0
    372 13  8  110  22 2p3(2DO)10f      1.99869E-01  1.41760E+01  3.0
    373 13  8  331  14 2p3(2DO)10d      1.99963E-01  1.41761E+01 21.0
    374 13  8  141   8 2p3(2DO)10d      2.00879E-01  1.41770E+01  9.0
    375 13  8  111  22 2p3(2DO)10d      2.01996E-01  1.41781E+01  3.0
    376 13  8  120  28 2p3(2DO)10f      2.02173E-01  1.41783E+01  5.0
    377 13  8  311  24 2p3(2DO)10d      2.02880E-01  1.41790E+01  9.0
    378 13  8  121  23 2p3(2DO)10d      2.04833E-01  1.41809E+01  5.0
    379 13  8  131  14 2p3(2DO)10d      2.05506E-01  1.41816E+01  7.0
    380 13  8  150   7 2p3(2DO)10f      2.07575E-01  1.41837E+01 11.0
    381 13  8  340  11 2p3(2DO)10f      2.07838E-01  1.41839E+01 27.0
    382 13  8  140  12 2p3(2DO)10f      2.08149E-01  1.41842E+01  9.0
    383 13  8  300   8 2p3(2PO) 8p      2.52897E-01  1.42290E+01  3.0
    384 13  8  100  10 2p3(2PO) 8p      2.72746E-01  1.42488E+01  1.0
    385 13  8  531   1 2p4(4PE) 4f      3.01409E-01  1.42775E+01 35.0
    386 13  8  300   9 2p3(2PO) 9p      3.85603E-01  1.43617E+01  3.0
    387 13  8  100  11 2p3(2PO) 9p      3.99337E-01  1.43754E+01  1.0
    388 13  8  300  10 2p3(2PO)10p      4.79362E-01  1.44555E+01  3.0
    389 13  8  100  12 2p3(2PO)10p      4.89262E-01  1.44654E+01  1.0
    390 13  8  511   3 2p4(4PE) 5p      9.16711E-01  1.48928E+01 15.0
    391 13  8  520   3 2p4(4PE) 5d      1.05073E+00  1.50268E+01 25.0
    392 13  8  531   2 2p4(4PE) 5f      1.11642E+00  1.50925E+01 35.0
    393 13  8  511   4 2p4(4PE) 6p      1.44646E+00  1.54226E+01 15.0
    394 13  8  520   4 2p4(4PE) 6d      1.52143E+00  1.54975E+01 25.0
    395 13  8  531   3 2p4(4PE) 6f      1.55949E+00  1.55356E+01 35.0
    396 13  8  511   5 2p4(4PE) 7p      1.75652E+00  1.57326E+01 15.0
    397 13  8  520   5 2p4(4PE) 7d      1.80261E+00  1.57787E+01 25.0
    398 13  8  531   4 2p4(4PE) 7f      1.82660E+00  1.58027E+01 35.0
    399 13  8  511   6 2p4(4PE) 8p      1.95346E+00  1.59296E+01 15.0
    400 13  8  520   6 2p4(4PE) 8d      1.98380E+00  1.59599E+01 25.0
    401 13  8  531   5 2p4(4PE) 8f      1.99987E+00  1.59760E+01 35.0
    402 13  8  511   7 2p4(4PE) 9p      2.08630E+00  1.60624E+01 15.0
    403 13  8  520   7 2p4(4PE) 9d      2.10732E+00  1.60834E+01 25.0
    404 13  8  531   6 2p4(4PE) 9f      2.11861E+00  1.60947E+01 35.0
    405 13  8  511   8 2p4(4PE)10p      2.18010E+00  1.61562E+01 15.0
    406 13  8  520   8 2p4(4PE)10d      2.19528E+00  1.61714E+01 25.0
    407 13  8  531   7 2p4(4PE)10f      2.20350E+00  1.61796E+01 35.0
 ====================================================================
