 ====================================================================
      i NZ NE iSLP iLV iCONF                 E(RYD)      TE(RYD)   gi
 ====================================================================
      1 13  7  401   1 2s2 2p3         -1.78348E+01  0.00000E+00  4.0
      2 13  7  221   1 2s2 2p3         -1.72414E+01  5.93401E-01 10.0
      3 13  7  211   1 2s2 2p3         -1.69195E+01  9.15300E-01  6.0
      4 13  7  410   1 2s 2p4          -1.52644E+01  2.57040E+00 12.0
      5 13  7  220   1 2s 2p4          -1.42888E+01  3.54600E+00 10.0
      6 13  7  200   1 2s 2p4          -1.36167E+01  4.21810E+00  2.0
      7 13  7  210   1 2s 2p4          -1.34258E+01  4.40900E+00  6.0
      8 13  7  211   2 2p5             -1.10673E+01  6.76750E+00  6.0
      9 13  7  410   2 2p2(3PE) 3s     -7.29598E+00  1.05388E+01 12.0
     10 13  7  210   2 2p2(3PE) 3s     -7.14176E+00  1.06930E+01  6.0
     11 13  7  220   2 2p2(1DE) 3s     -6.81895E+00  1.10159E+01 10.0
     12 13  7  201   1 2p2(3PE) 3p     -6.72784E+00  1.11070E+01  2.0
     13 13  7  421   1 2p2(3PE) 3p     -6.63497E+00  1.11998E+01 20.0
     14 13  7  411   1 2p2(3PE) 3p     -6.58382E+00  1.12510E+01 12.0
     15 13  7  221   2 2p2(3PE) 3p     -6.47789E+00  1.13569E+01 10.0
     16 13  7  401   2 2p2(3PE) 3p     -6.47220E+00  1.13626E+01  4.0
     17 13  7  200   2 2p2(1SE) 3s     -6.40685E+00  1.14280E+01  2.0
     18 13  7  211   3 2p2(3PE) 3p     -6.38565E+00  1.14492E+01  6.0
     19 13  7  601   1 2p3(5SO) 3s     -6.22645E+00  1.16084E+01  6.0
     20 13  7  231   1 2p2(1DE) 3p     -6.13290E+00  1.17019E+01 14.0
     21 13  7  221   3 2p2(1DE) 3p     -6.00322E+00  1.18316E+01 10.0
     22 13  7  211   4 2p2(1DE) 3p     -5.90265E+00  1.19322E+01  6.0
     23 13  7  430   1 2p2(3PE) 3d     -5.83030E+00  1.20045E+01 28.0
     24 13  7  401   3 2p3(5SO) 3s     -5.82310E+00  1.20117E+01  4.0
     25 13  7  420   1 2p2(3PE) 3d     -5.75444E+00  1.20804E+01 20.0
     26 13  7  210   3 2p2(3PE) 3d     -5.74971E+00  1.20851E+01  6.0
     27 13  7  230   1 2p2(3PE) 3d     -5.67847E+00  1.21563E+01 14.0
     28 13  7  410   3 2p2(3PE) 3d     -5.67827E+00  1.21565E+01 12.0
     29 13  7  211   5 2p2(1SE) 3p     -5.66589E+00  1.21689E+01  6.0
     30 13  7  610   1 2p3(5SO) 3p     -5.53700E+00  1.22978E+01 18.0
     31 13  7  220   3 2p2(3PE) 3d     -5.50044E+00  1.23344E+01 10.0
     32 13  7  240   1 2p2(1DE) 3d     -5.31100E+00  1.25238E+01 18.0
     33 13  7  410   4 2p3(5SO) 3p     -5.29199E+00  1.25428E+01 12.0
     34 13  7  230   2 2p2(1DE) 3d     -5.28186E+00  1.25529E+01 14.0
     35 13  7  220   4 2p2(1DE) 3d     -5.24629E+00  1.25885E+01 10.0
     36 13  7  210   4 2p2(1DE) 3d     -5.16903E+00  1.26658E+01  6.0
     37 13  7  200   3 2p2(1DE) 3d     -5.09820E+00  1.27366E+01  2.0
     38 13  7  421   2 2p3(3DO) 3s     -4.87253E+00  1.29623E+01 20.0
     39 13  7  220   5 2p2(1SE) 3d     -4.85653E+00  1.29783E+01 10.0
     40 13  7  621   1 2p3(5SO) 3d     -4.75599E+00  1.30788E+01 30.0
     41 13  7  221   4 2p3(3DO) 3s     -4.64375E+00  1.31911E+01 10.0
     42 13  7  421   3 2p3(5SO) 3d     -4.48312E+00  1.33517E+01 20.0
     43 13  7  411   2 2p3(3PO) 3s     -4.45029E+00  1.33845E+01 12.0
     44 13  7  420   2 2p3(3DO) 3p     -4.22966E+00  1.36051E+01 20.0
     45 13  7  211   6 2p3(3PO) 3s     -4.22764E+00  1.36072E+01  6.0
     46 13  7  210   5 2p3(3DO) 3p     -4.20030E+00  1.36345E+01  6.0
     47 13  7  430   2 2p3(3DO) 3p     -4.19557E+00  1.36392E+01 28.0
     48 13  7  230   3 2p3(3DO) 3p     -4.11820E+00  1.37166E+01 14.0
     49 13  7  410   5 2p3(3DO) 3p     -4.00940E+00  1.38254E+01 12.0
     50 13  7  220   6 2p3(3DO) 3p     -3.87531E+00  1.39595E+01 10.0
     51 13  7  400   1 2p3(3PO) 3p     -3.80434E+00  1.40305E+01  4.0
     52 13  7  420   3 2p3(3PO) 3p     -3.76875E+00  1.40661E+01 20.0
     53 13  7  410   6 2p2(3PE) 4s     -3.76861E+00  1.40662E+01 12.0
     54 13  7  210   6 2p2(3PE) 4s     -3.76608E+00  1.40687E+01  6.0
     55 13  7  210   7 2p3(3PO) 3p     -3.62434E+00  1.42105E+01  6.0
     56 13  7  201   2 2p2(3PE) 4p     -3.62129E+00  1.42135E+01  2.0
     57 13  7  220   7 2p3(3PO) 3p     -3.60331E+00  1.42315E+01 10.0
     58 13  7  410   7 2p3(3PO) 3p     -3.59875E+00  1.42361E+01 12.0
     59 13  7  401   4 2p3(3SO) 3s     -3.52958E+00  1.43052E+01  4.0
     60 13  7  221   5 2p3(1DO) 3s     -3.52774E+00  1.43071E+01 10.0
     61 13  7  421   4 2p2(3PE) 4p     -3.52044E+00  1.43144E+01 20.0
     62 13  7  411   3 2p2(3PE) 4p     -3.50473E+00  1.43301E+01 12.0
     63 13  7  431   1 2p3(3DO) 3d     -3.46209E+00  1.43727E+01 28.0
     64 13  7  441   1 2p3(3DO) 3d     -3.45566E+00  1.43791E+01 36.0
     65 13  7  211   7 2p2(3PE) 4p     -3.42108E+00  1.44137E+01  6.0
     66 13  7  401   5 2p2(3PE) 4p     -3.40114E+00  1.44337E+01  4.0
     67 13  7  221   6 2p2(3PE) 4p     -3.39585E+00  1.44390E+01 10.0
     68 13  7  200   4 2p3(3PO) 3p     -3.36546E+00  1.44693E+01  2.0
     69 13  7  421   5 2p3(3DO) 3d     -3.35921E+00  1.44756E+01 20.0
     70 13  7  220   8 2p2(1DE) 4s     -3.34653E+00  1.44883E+01 10.0
     71 13  7  201   3 2p3(3DO) 3d     -3.34290E+00  1.44919E+01  2.0
     72 13  7  241   1 2p3(3DO) 3d     -3.33751E+00  1.44973E+01 18.0
     73 13  7  201   4 2p3(3SO) 3s     -3.27658E+00  1.45582E+01  2.0
     74 13  7  411   4 2p3(3DO) 3d     -3.26922E+00  1.45656E+01 12.0
     75 13  7  430   3 2p2(3PE) 4d     -3.22142E+00  1.46134E+01 28.0
     76 13  7  221   7 2p3(3DO) 3d     -3.21327E+00  1.46215E+01 10.0
     77 13  7  420   4 2p2(3PE) 4d     -3.19828E+00  1.46365E+01 20.0
     78 13  7  401   6 2p3(3DO) 3d     -3.19464E+00  1.46402E+01  4.0
     79 13  7  211   8 2p3(3DO) 3d     -3.19423E+00  1.46406E+01  6.0
     80 13  7  210   8 2p2(3PE) 4d     -3.18436E+00  1.46504E+01  6.0
     81 13  7  410   8 2p2(3PE) 4d     -3.16306E+00  1.46717E+01 12.0
     82 13  7  231   2 2p3(3DO) 3d     -3.15710E+00  1.46777E+01 14.0
     83 13  7  230   4 2p2(3PE) 4d     -3.14238E+00  1.46924E+01 14.0
     84 13  7  431   2 2p2(3PE) 4f     -3.13440E+00  1.47004E+01 28.0
     85 13  7  421   6 2p2(3PE) 4f     -3.11649E+00  1.47183E+01 20.0
     86 13  7  220   9 2p2(3PE) 4d     -3.08741E+00  1.47474E+01 10.0
     87 13  7  211   9 2p3(1PO) 3s     -3.08424E+00  1.47506E+01  6.0
     88 13  7  221   8 2p2(3PE) 4f     -3.08228E+00  1.47525E+01 10.0
     89 13  7  231   3 2p2(1DE) 4p     -3.07057E+00  1.47642E+01 14.0
     90 13  7  231   4 2p2(3PE) 4f     -3.05553E+00  1.47793E+01 14.0
     91 13  7  441   2 2p2(3PE) 4f     -3.05421E+00  1.47806E+01 36.0
     92 13  7  241   2 2p2(3PE) 4f     -3.05225E+00  1.47826E+01 18.0
     93 13  7  221   9 2p2(1DE) 4p     -3.02389E+00  1.48109E+01 10.0
     94 13  7  211  10 2p2(1DE) 4p     -2.96454E+00  1.48703E+01  6.0
     95 13  7  411   5 2p3(3PO) 3d     -2.94862E+00  1.48862E+01 12.0
     96 13  7  200   5 2p2(1SE) 4s     -2.94399E+00  1.48908E+01  2.0
     97 13  7  431   3 2p3(3PO) 3d     -2.92906E+00  1.49057E+01 28.0
     98 13  7  421   7 2p3(3PO) 3d     -2.88348E+00  1.49513E+01 20.0
     99 13  7  210   9 2p3(1DO) 3p:    -2.87381E+00  1.49610E+01  6.0
    100 13  7  230   5 2p3(1DO) 3p     -2.84614E+00  1.49887E+01 14.0
    101 13  7  410   9 2p3(3SO) 3p     -2.84277E+00  1.49920E+01 12.0
    102 13  7  221  10 2p3(3PO) 3d     -2.81425E+00  1.50206E+01 10.0
    103 13  7  231   5 2p3(3PO) 3d     -2.78168E+00  1.50531E+01 14.0
    104 13  7  240   2 2p2(1DE) 4d     -2.76927E+00  1.50655E+01 18.0
    105 13  7  220  10 2p2(1DE) 4d     -2.74768E+00  1.50871E+01 10.0
    106 13  7  230   6 2p2(1DE) 4d     -2.74567E+00  1.50891E+01 14.0
    107 13  7  210  10 2p2(1DE) 4d     -2.72249E+00  1.51123E+01  6.0
    108 13  7  601   2 2p3(5SO) 4s     -2.71766E+00  1.51171E+01  6.0
    109 13  7  220  11 2p3(1DO) 3p     -2.71442E+00  1.51204E+01 10.0
    110 13  7  200   6 2p2(1DE) 4d     -2.68810E+00  1.51467E+01  2.0
    111 13  7  231   6 2p2(1DE) 4f     -2.68186E+00  1.51529E+01 14.0
    112 13  7  241   3 2p2(1DE) 4f     -2.67799E+00  1.51568E+01 18.0
    113 13  7  221  11 2p2(1DE) 4f     -2.66029E+00  1.51745E+01 10.0
    114 13  7  211  11 2p2(1SE) 4p     -2.65932E+00  1.51755E+01  6.0
    115 13  7  211  12 2p3(3PO) 3d     -2.65160E+00  1.51832E+01  6.0
    116 13  7  211  13 2p2(1DE) 4f     -2.62515E+00  1.52097E+01  6.0
    117 13  7  401   7 2p3(5SO) 4s     -2.61436E+00  1.52204E+01  4.0
    118 13  7  210  11 2p3(3SO) 3p     -2.46703E+00  1.53678E+01  6.0
    119 13  7  610   2 2p3(5SO) 4p     -2.45127E+00  1.53835E+01 18.0
    120 13  7  220  12 2p3(1PO) 3p     -2.38901E+00  1.54458E+01 10.0
    121 13  7  410  10 2p3(5SO) 4p     -2.35267E+00  1.54821E+01 12.0
    122 13  7  220  13 2p2(1SE) 4d     -2.33830E+00  1.54965E+01 10.0
    123 13  7  410  11 2p2(3PE) 5s     -2.29665E+00  1.55382E+01 12.0
    124 13  7  210  12 2p3(1PO) 3p     -2.28367E+00  1.55511E+01  6.0
    125 13  7  200   7 2p3(1PO) 3p     -2.26924E+00  1.55656E+01  2.0
    126 13  7  210  13 2p2(3PE) 5s     -2.25632E+00  1.55785E+01  6.0
    127 13  7  231   7 2p2(1SE) 4f     -2.25520E+00  1.55796E+01 14.0
    128 13  7  421   8 2p2(3PE) 5p     -2.19052E+00  1.56443E+01 20.0
    129 13  7  201   5 2p2(3PE) 5p     -2.18524E+00  1.56496E+01  2.0
    130 13  7  621   2 2p3(5SO) 4d     -2.17188E+00  1.56629E+01 30.0
    131 13  7  411   6 2p2(3PE) 5p     -2.16919E+00  1.56656E+01 12.0
    132 13  7  221  12 2p2(3PE) 5p     -2.14770E+00  1.56871E+01 10.0
    133 13  7  401   8 2p2(3PE) 5p     -2.13146E+00  1.57033E+01  4.0
    134 13  7  211  14 2p2(3PE) 5p     -2.11785E+00  1.57170E+01  6.0
    135 13  7  421   9 2p3(3SO) 3d     -2.09413E+00  1.57407E+01 20.0
    136 13  7  221  13 2p3(1DO) 3d     -2.07613E+00  1.57587E+01 10.0
    137 13  7  241   4 2p3(1DO) 3d     -2.05345E+00  1.57814E+01 18.0
    138 13  7  421  10 2p3(5SO) 4d     -2.05046E+00  1.57843E+01 20.0
    139 13  7  231   8 2p3(1DO) 3d     -2.04532E+00  1.57895E+01 14.0
    140 13  7  430   4 2p2(3PE) 5d     -2.04205E+00  1.57928E+01 28.0
    141 13  7  420   5 2p2(3PE) 5d     -2.03092E+00  1.58039E+01 20.0
    142 13  7  630   1 2p3(5SO) 4f     -2.02594E+00  1.58089E+01 42.0
    143 13  7  210  14 2p2(3PE) 5d     -2.02114E+00  1.58137E+01  6.0
    144 13  7  430   5 2p3(5SO) 4f     -2.01886E+00  1.58159E+01 28.0
    145 13  7  410  12 2p2(3PE) 5d     -2.01105E+00  1.58238E+01 12.0
    146 13  7  230   7 2p2(3PE) 5d     -1.99928E+00  1.58355E+01 14.0
    147 13  7  220  14 2p2(3PE) 5d     -1.97575E+00  1.58591E+01 10.0
    148 13  7  221  14 2p2(3PE) 5f     -1.96949E+00  1.58653E+01 10.0
    149 13  7  441   3 2p2(3PE) 5f     -1.96579E+00  1.58690E+01 36.0
    150 13  7  241   5 2p2(3PE) 5f     -1.96301E+00  1.58718E+01 18.0
    151 13  7  430   6 2p2(3PE) 5g     -1.96166E+00  1.58731E+01 28.0
    152 13  7  230   8 2p2(3PE) 5g     -1.96164E+00  1.58732E+01 14.0
    153 13  7  440   1 2p2(3PE) 5g     -1.95943E+00  1.58754E+01 36.0
    154 13  7  240   3 2p2(3PE) 5g     -1.95932E+00  1.58755E+01 18.0
    155 13  7  431   4 2p2(3PE) 5f     -1.95489E+00  1.58799E+01 28.0
    156 13  7  231   9 2p2(3PE) 5f     -1.95205E+00  1.58828E+01 14.0
    157 13  7  421  11 2p2(3PE) 5f     -1.91715E+00  1.59177E+01 20.0
    158 13  7  211  15 2p3(1DO) 3d     -1.91413E+00  1.59207E+01  6.0
    159 13  7  201   6 2p3(1DO) 3d     -1.89425E+00  1.59406E+01  2.0
    160 13  7  220  15 2p2(1DE) 5s     -1.86529E+00  1.59695E+01 10.0
    161 13  7  221  15 2p3(3SO) 3d     -1.79663E+00  1.60382E+01 10.0
    162 13  7  231  10 2p2(1DE) 5p     -1.75345E+00  1.60814E+01 14.0
    163 13  7  221  16 2p2(1DE) 5p     -1.73424E+00  1.61006E+01 10.0
    164 13  7  211  16 2p2(1DE) 5p     -1.71714E+00  1.61177E+01  6.0
    165 13  7  211  17 2p2(1DE) 5f     -1.63701E+00  1.61978E+01  6.0
    166 13  7  221  17 2p2(1DE) 5f     -1.60530E+00  1.62295E+01 10.0
    167 13  7  240   4 2p2(1DE) 5d     -1.60388E+00  1.62309E+01 18.0
    168 13  7  230   9 2p2(1DE) 5d     -1.60379E+00  1.62310E+01 14.0
    169 13  7  231  11 2p3(1PO) 3d     -1.60224E+00  1.62326E+01 14.0
    170 13  7  220  16 2p2(1DE) 5d     -1.58750E+00  1.62473E+01 10.0
    171 13  7  210  15 2p2(1DE) 5d     -1.57951E+00  1.62553E+01  6.0
    172 13  7  200   8 2p2(1DE) 5d     -1.57039E+00  1.62644E+01  2.0
    173 13  7  410  13 2p2(3PE) 6s     -1.55683E+00  1.62780E+01 12.0
    174 13  7  210  16 2p2(3PE) 6s     -1.54149E+00  1.62933E+01  6.0
    175 13  7  240   5 2p2(1DE) 5g     -1.53848E+00  1.62963E+01 18.0
    176 13  7  230  10 2p2(1DE) 5g     -1.53719E+00  1.62976E+01 14.0
    177 13  7  220  17 2p2(1DE) 5g     -1.53553E+00  1.62993E+01 10.0
    178 13  7  241   6 2p2(1DE) 5f     -1.53476E+00  1.63000E+01 18.0
    179 13  7  410  14 2p4(3PE) 3s     -1.51477E+00  1.63200E+01 12.0
    180 13  7  231  12 2p2(1DE) 5f     -1.51418E+00  1.63206E+01 14.0
    181 13  7  201   7 2p2(3PE) 6p     -1.49103E+00  1.63438E+01  2.0
    182 13  7  421  12 2p2(3PE) 6p     -1.48990E+00  1.63449E+01 20.0
    183 13  7  411   7 2p2(3PE) 6p     -1.48171E+00  1.63531E+01 12.0
    184 13  7  401   9 2p2(3PE) 6p     -1.46458E+00  1.63702E+01  4.0
    185 13  7  200   9 2p2(1SE) 5s     -1.46304E+00  1.63718E+01  2.0
    186 13  7  221  18 2p2(3PE) 6p     -1.46263E+00  1.63722E+01 10.0
    187 13  7  221  19 2p3(1PO) 3d     -1.45549E+00  1.63793E+01 10.0
    188 13  7  211  18 2p2(3PE) 6p     -1.45474E+00  1.63801E+01  6.0
    189 13  7  211  19 2p3(1PO) 3d     -1.44370E+00  1.63911E+01  6.0
    190 13  7  210  17 2p4(3PE) 3s     -1.42457E+00  1.64102E+01  6.0
    191 13  7  430   7 2p2(3PE) 6d     -1.40846E+00  1.64263E+01 28.0
    192 13  7  420   6 2p2(3PE) 6d     -1.40239E+00  1.64324E+01 20.0
    193 13  7  210  18 2p2(3PE) 6d     -1.39630E+00  1.64385E+01  6.0
    194 13  7  421  13 2p3(3DO) 4s     -1.39513E+00  1.64397E+01 20.0
    195 13  7  410  15 2p2(3PE) 6d     -1.39128E+00  1.64435E+01 12.0
    196 13  7  230  11 2p2(3PE) 6d     -1.38280E+00  1.64520E+01 14.0
    197 13  7  220  18 2p2(3PE) 6d     -1.37223E+00  1.64626E+01 10.0
    198 13  7  441   4 2p2(3PE) 6f     -1.36585E+00  1.64690E+01 36.0
    199 13  7  241   7 2p2(3PE) 6f     -1.36399E+00  1.64708E+01 18.0
    200 13  7  430   8 2p2(3PE) 6g     -1.36275E+00  1.64720E+01 28.0
    201 13  7  230  12 2p2(3PE) 6g     -1.36273E+00  1.64721E+01 14.0
    202 13  7  441   5 2p2(3PE) 6h     -1.36114E+00  1.64737E+01 36.0
    203 13  7  241   8 2p2(3PE) 6h     -1.36111E+00  1.64737E+01 18.0
    204 13  7  440   2 2p2(3PE) 6g     -1.36087E+00  1.64739E+01 36.0
    205 13  7  240   6 2p2(3PE) 6g     -1.36075E+00  1.64741E+01 18.0
    206 13  7  431   5 2p2(3PE) 6f     -1.36022E+00  1.64746E+01 28.0
    207 13  7  421  14 2p2(3PE) 6f     -1.35985E+00  1.64750E+01 20.0
    208 13  7  231  13 2p2(3PE) 6f     -1.35775E+00  1.64771E+01 14.0
    209 13  7  221  20 2p2(3PE) 6f     -1.35620E+00  1.64786E+01 10.0
    210 13  7  221  21 2p3(3DO) 4s     -1.33263E+00  1.65022E+01 10.0
    211 13  7  211  20 2p2(1SE) 5p     -1.32797E+00  1.65068E+01  6.0
    212 13  7  601   3 2p3(5SO) 5s     -1.25756E+00  1.65772E+01  6.0
    213 13  7  401  10 2p3(5SO) 5s     -1.21308E+00  1.66217E+01  4.0
    214 13  7  220  19 2p2(1SE) 5d     -1.19486E+00  1.66399E+01 10.0
    215 13  7  420   7 2p3(3DO) 4p     -1.14144E+00  1.66934E+01 20.0
    216 13  7  240   7 2p2(1SE) 5g     -1.13661E+00  1.66982E+01 18.0
    217 13  7  430   9 2p3(3DO) 4p     -1.13618E+00  1.66986E+01 28.0
    218 13  7  410  16 2p2(3PE) 7s     -1.13331E+00  1.67015E+01 12.0
    219 13  7  231  14 2p2(1SE) 5f     -1.13295E+00  1.67019E+01 14.0
    220 13  7  220  20 2p2(1DE) 6s     -1.12828E+00  1.67065E+01 10.0
    221 13  7  610   3 2p3(5SO) 5p     -1.12782E+00  1.67070E+01 18.0
    222 13  7  210  19 2p2(3PE) 7s     -1.11456E+00  1.67202E+01  6.0
    223 13  7  230  13 2p3(3DO) 4p     -1.10959E+00  1.67252E+01 14.0
    224 13  7  410  17 2p3(5SO) 5p     -1.10859E+00  1.67262E+01 12.0
    225 13  7  220  21 2p4(1DE) 3s     -1.10610E+00  1.67287E+01 10.0
    226 13  7  201   8 2p2(3PE) 7p     -1.08206E+00  1.67527E+01  2.0
    227 13  7  411   8 2p2(3PE) 7p     -1.07998E+00  1.67548E+01 12.0
    228 13  7  421  15 2p2(3PE) 7p     -1.07543E+00  1.67594E+01 20.0
    229 13  7  221  22 2p2(3PE) 7p     -1.07072E+00  1.67641E+01 10.0
    230 13  7  211  21 2p2(3PE) 7p     -1.06546E+00  1.67693E+01  6.0
    231 13  7  401  11 2p2(3PE) 7p     -1.06072E+00  1.67741E+01  4.0
    232 13  7  231  15 2p2(1DE) 6p     -1.05321E+00  1.67816E+01 14.0
    233 13  7  221  23 2p2(1DE) 6p     -1.03876E+00  1.67960E+01 10.0
    234 13  7  210  20 2p3(3DO) 4p     -1.03796E+00  1.67968E+01  6.0
    235 13  7  211  22 2p2(1DE) 6p     -1.03795E+00  1.67969E+01  6.0
    236 13  7  430  10 2p2(3PE) 7d     -1.02882E+00  1.68060E+01 28.0
    237 13  7  420   8 2p2(3PE) 7d     -1.02597E+00  1.68088E+01 20.0
    238 13  7  411   9 2p4(3PE) 3p     -1.02540E+00  1.68094E+01 12.0
    239 13  7  410  18 2p2(3PE) 7d     -1.02209E+00  1.68127E+01 12.0
    240 13  7  210  21 2p2(3PE) 7d     -1.02153E+00  1.68133E+01  6.0
    241 13  7  230  14 2p2(3PE) 7d     -1.01762E+00  1.68172E+01 14.0
    242 13  7  410  19 2p3(3DO) 4p     -1.01431E+00  1.68205E+01 12.0
    243 13  7  220  22 2p2(3PE) 7d     -1.00716E+00  1.68276E+01 10.0
    244 13  7  441   6 2p2(3PE) 7f     -1.00415E+00  1.68307E+01 36.0
    245 13  7  241   9 2p2(3PE) 7f     -1.00221E+00  1.68326E+01 18.0
    246 13  7  421  16 2p2(3PE) 7f     -1.00150E+00  1.68333E+01 20.0
    247 13  7  430  11 2p2(3PE) 7g     -1.00142E+00  1.68334E+01 28.0
    248 13  7  230  15 2p2(3PE) 7g     -1.00140E+00  1.68334E+01 14.0
    249 13  7  431   6 2p2(3PE) 7f     -1.00035E+00  1.68344E+01 28.0
    250 13  7  440   3 2p2(3PE) 7g     -1.00010E+00  1.68347E+01 36.0
    251 13  7  441   7 2p2(3PE) 7h     -1.00005E+00  1.68348E+01 36.0
    252 13  7  241  10 2p2(3PE) 7h     -1.00002E+00  1.68348E+01 18.0
    253 13  7  221  24 2p2(3PE) 7f     -1.00002E+00  1.68348E+01 10.0
    254 13  7  240   8 2p2(3PE) 7g     -9.99992E-01  1.68348E+01 18.0
    255 13  7  231  16 2p2(3PE) 7f     -9.98362E-01  1.68364E+01 14.0
    256 13  7  621   3 2p3(5SO) 5d     -9.94197E-01  1.68406E+01 30.0
    257 13  7  240   9 2p2(1DE) 6d     -9.76789E-01  1.68580E+01 18.0
    258 13  7  230  16 2p2(1DE) 6d     -9.72762E-01  1.68620E+01 14.0
    259 13  7  220  23 2p2(1DE) 6d     -9.68902E-01  1.68659E+01 10.0
    260 13  7  210  22 2p2(1DE) 6d     -9.61481E-01  1.68733E+01  6.0
    261 13  7  200  10 2p2(1DE) 6d     -9.57096E-01  1.68777E+01  2.0
    262 13  7  421  17 2p3(5SO) 5d     -9.47327E-01  1.68875E+01 20.0
    263 13  7  241  11 2p2(1DE) 6f     -9.41414E-01  1.68934E+01 18.0
    264 13  7  220  24 2p3(3DO) 4p     -9.40909E-01  1.68939E+01 10.0
    265 13  7  240  10 2p2(1DE) 6g     -9.39476E-01  1.68953E+01 18.0
    266 13  7  231  17 2p2(1DE) 6f     -9.38411E-01  1.68964E+01 14.0
    267 13  7  230  17 2p2(1DE) 6g     -9.38399E-01  1.68964E+01 14.0
    268 13  7  241  12 2p2(1DE) 6h     -9.37768E-01  1.68970E+01 18.0
    269 13  7  231  18 2p2(1DE) 6h     -9.37619E-01  1.68972E+01 14.0
    270 13  7  220  25 2p2(1DE) 6g     -9.36981E-01  1.68978E+01 10.0
    271 13  7  221  25 2p2(1DE) 6f     -9.31185E-01  1.69036E+01 10.0
    272 13  7  411  10 2p3(3PO) 4s     -9.28098E-01  1.69067E+01 12.0
    273 13  7  211  23 2p2(1DE) 6f     -9.25766E-01  1.69090E+01  6.0
    274 13  7  211  24 2p3(3PO) 4s     -9.23279E-01  1.69115E+01  6.0
    275 13  7  630   2 2p3(5SO) 5f     -9.21450E-01  1.69134E+01 42.0
    276 13  7  430  12 2p3(5SO) 5f     -9.16773E-01  1.69180E+01 28.0
    277 13  7  641   1 2p3(5SO) 5g     -9.15863E-01  1.69189E+01 54.0
    278 13  7  441   8 2p3(5SO) 5g     -9.15761E-01  1.69190E+01 36.0
    279 13  7  421  18 2p4(3PE) 3p     -8.76717E-01  1.69581E+01 20.0
    280 13  7  431   7 2p3(3DO) 4d     -8.61603E-01  1.69732E+01 28.0
    281 13  7  441   9 2p3(3DO) 4d     -8.55840E-01  1.69790E+01 36.0
    282 13  7  410  20 2p2(3PE) 8s     -8.43983E-01  1.69908E+01 12.0
    283 13  7  201   9 2p3(3DO) 4d     -8.41690E-01  1.69931E+01  2.0
    284 13  7  210  23 2p2(3PE) 8s     -8.40716E-01  1.69941E+01  6.0
    285 13  7  421  19 2p2(3PE) 8p     -8.22399E-01  1.70124E+01 20.0
    286 13  7  401  12 2p4(3PE) 3p     -8.19636E-01  1.70152E+01  4.0
    287 13  7  411  11 2p2(3PE) 8p     -8.18087E-01  1.70167E+01 12.0
    288 13  7  241  13 2p3(3DO) 4d     -8.10108E-01  1.70247E+01 18.0
    289 13  7  201  10 2p2(3PE) 8p     -8.09519E-01  1.70253E+01  2.0
    290 13  7  221  26 2p2(3PE) 8p     -8.08062E-01  1.70267E+01 10.0
    291 13  7  211  25 2p2(3PE) 8p     -8.06606E-01  1.70282E+01  6.0
    292 13  7  421  20 2p3(3DO) 4d     -8.04122E-01  1.70307E+01 20.0
    293 13  7  401  13 2p2(3PE) 8p     -7.99715E-01  1.70351E+01  4.0
    294 13  7  221  27 2p4(3PE) 3p     -7.98939E-01  1.70359E+01 10.0
    295 13  7  430  13 2p2(3PE) 8d     -7.85193E-01  1.70496E+01 28.0
    296 13  7  420   9 2p2(3PE) 8d     -7.83856E-01  1.70509E+01 20.0
    297 13  7  210  24 2p2(3PE) 8d     -7.81286E-01  1.70535E+01  6.0
    298 13  7  411  12 2p3(3DO) 4d     -7.79830E-01  1.70550E+01 12.0
    299 13  7  410  21 2p2(3PE) 8d     -7.78574E-01  1.70562E+01 12.0
    300 13  7  230  18 2p2(3PE) 8d     -7.75213E-01  1.70596E+01 14.0
    301 13  7  220  26 2p2(3PE) 8d     -7.70701E-01  1.70641E+01 10.0
    302 13  7  430  14 2p2(3PE) 8g     -7.67212E-01  1.70676E+01 28.0
    303 13  7  230  19 2p2(3PE) 8g     -7.67159E-01  1.70676E+01 14.0
    304 13  7  440   4 2p2(3PE) 8g     -7.66636E-01  1.70682E+01 36.0
    305 13  7  441  10 2p2(3PE) 8f     -7.66504E-01  1.70683E+01 36.0
    306 13  7  240  11 2p2(3PE) 8g     -7.66395E-01  1.70684E+01 18.0
    307 13  7  241  14 2p2(3PE) 8f     -7.66262E-01  1.70685E+01 18.0
    308 13  7  421  21 2p2(3PE) 8f     -7.66000E-01  1.70688E+01 20.0
    309 13  7  431   8 2p2(3PE) 8f     -7.65632E-01  1.70692E+01 28.0
    310 13  7  441  11 2p2(3PE) 8h     -7.65627E-01  1.70692E+01 36.0
    311 13  7  241  15 2p2(3PE) 8h     -7.65587E-01  1.70692E+01 18.0
    312 13  7  221  28 2p2(3PE) 8f     -7.65465E-01  1.70693E+01 10.0
    313 13  7  231  19 2p2(3PE) 8f     -7.65143E-01  1.70697E+01 14.0
    314 13  7  211  26 2p3(3DO) 4d     -7.59737E-01  1.70751E+01  6.0
    315 13  7  420  10 2p3(3DO) 4f     -7.46371E-01  1.70884E+01 20.0
    316 13  7  211  27 2p4(3PE) 3p     -7.40153E-01  1.70946E+01  6.0
    317 13  7  210  25 2p3(3DO) 4f     -7.36947E-01  1.70979E+01  6.0
    318 13  7  410  22 2p3(3DO) 4f     -7.35230E-01  1.70996E+01 12.0
    319 13  7  201  11 2p4(3PE) 3p     -7.32676E-01  1.71021E+01  2.0
    320 13  7  231  20 2p3(3DO) 4d     -7.32434E-01  1.71024E+01 14.0
    321 13  7  220  27 2p3(3DO) 4f     -7.30886E-01  1.71039E+01 10.0
    322 13  7  221  29 2p3(3DO) 4d     -7.28265E-01  1.71065E+01 10.0
    323 13  7  200  11 2p2(1SE) 6s     -7.26806E-01  1.71080E+01  2.0
    324 13  7  430  15 2p3(3DO) 4f     -7.23111E-01  1.71117E+01 28.0
    325 13  7  230  20 2p3(3DO) 4f     -7.19483E-01  1.71153E+01 14.0
    326 13  7  400   2 2p3(3PO) 4p     -7.18621E-01  1.71162E+01  4.0
    327 13  7  440   5 2p3(3DO) 4f     -7.17672E-01  1.71171E+01 36.0
    328 13  7  240  12 2p3(3DO) 4f     -7.11255E-01  1.71235E+01 18.0
    329 13  7  401  14 2p3(3DO) 4d     -7.08928E-01  1.71259E+01  4.0
    330 13  7  420  11 2p3(3PO) 4p     -7.00763E-01  1.71340E+01 20.0
    331 13  7  220  28 2p2(1DE) 7s     -6.94020E-01  1.71408E+01 10.0
    332 13  7  410  23 2p3(3PO) 4p     -6.75094E-01  1.71597E+01 12.0
    333 13  7  210  26 2p3(3PO) 4p     -6.70988E-01  1.71638E+01  6.0
    334 13  7  211  28 2p2(1SE) 6p     -6.49846E-01  1.71850E+01  6.0
    335 13  7  221  30 2p2(1DE) 7p     -6.49682E-01  1.71851E+01 10.0
    336 13  7  231  21 2p2(1DE) 7p     -6.49099E-01  1.71857E+01 14.0
    337 13  7  210  27 2p2(3PE) 9s     -6.48256E-01  1.71865E+01  6.0
    338 13  7  410  24 2p2(3PE) 9s     -6.47394E-01  1.71874E+01 12.0
    339 13  7  211  29 2p2(1DE) 7p     -6.43328E-01  1.71915E+01  6.0
    340 13  7  201  12 2p2(3PE) 9p     -6.41828E-01  1.71930E+01  2.0
    341 13  7  421  22 2p2(3PE) 9p     -6.39990E-01  1.71948E+01 20.0
    342 13  7  411  13 2p2(3PE) 9p     -6.37677E-01  1.71971E+01 12.0
    343 13  7  220  29 2p3(3PO) 4p     -6.35463E-01  1.71993E+01 10.0
    344 13  7  401  15 2p2(3PE) 9p     -6.33783E-01  1.72010E+01  4.0
    345 13  7  221  31 2p2(3PE) 9p     -6.30931E-01  1.72039E+01 10.0
    346 13  7  211  30 2p2(3PE) 9p     -6.26387E-01  1.72084E+01  6.0
    347 13  7  430  16 2p2(3PE) 9d     -6.18698E-01  1.72161E+01 28.0
    348 13  7  420  12 2p2(3PE) 9d     -6.16752E-01  1.72180E+01 20.0
    349 13  7  210  28 2p2(3PE) 9d     -6.15728E-01  1.72191E+01  6.0
    350 13  7  230  21 2p2(3PE) 9d     -6.15056E-01  1.72197E+01 14.0
    351 13  7  410  25 2p2(3PE) 9d     -6.13842E-01  1.72210E+01 12.0
    352 13  7  220  30 2p2(3PE) 9d     -6.08237E-01  1.72266E+01 10.0
    353 13  7  441  12 2p2(3PE) 9f     -6.06191E-01  1.72286E+01 36.0
    354 13  7  421  23 2p2(3PE) 9f     -6.06017E-01  1.72288E+01 20.0
    355 13  7  241  16 2p2(3PE) 9f     -6.05838E-01  1.72290E+01 18.0
    356 13  7  430  17 2p2(3PE) 9g     -6.05768E-01  1.72290E+01 28.0
    357 13  7  230  22 2p2(3PE) 9g     -6.05743E-01  1.72291E+01 14.0
    358 13  7  221  32 2p2(3PE) 9f     -6.05493E-01  1.72293E+01 10.0
    359 13  7  431   9 2p2(3PE) 9f     -6.05480E-01  1.72293E+01 28.0
    360 13  7  441  13 2p2(3PE) 9h     -6.04973E-01  1.72298E+01 36.0
    361 13  7  241  17 2p2(3PE) 9h     -6.04957E-01  1.72298E+01 18.0
    362 13  7  440   6 2p2(3PE) 9g     -6.04799E-01  1.72300E+01 36.0
    363 13  7  240  13 2p2(3PE) 9g     -6.04729E-01  1.72301E+01 18.0
    364 13  7  231  22 2p2(3PE) 9f     -6.04307E-01  1.72305E+01 14.0
    365 13  7  240  14 2p2(1DE) 7d     -6.01215E-01  1.72336E+01 18.0
    366 13  7  230  23 2p2(1DE) 7d     -5.97813E-01  1.72370E+01 14.0
    367 13  7  220  31 2p2(1DE) 7d     -5.94977E-01  1.72398E+01 10.0
    368 13  7  210  29 2p2(1DE) 7d     -5.91697E-01  1.72431E+01  6.0
    369 13  7  200  12 2p2(1DE) 7d     -5.90478E-01  1.72443E+01  2.0
    370 13  7  241  18 2p2(1DE) 7f     -5.79575E-01  1.72552E+01 18.0
    371 13  7  231  23 2p2(1DE) 7f     -5.78250E-01  1.72565E+01 14.0
    372 13  7  240  15 2p2(1DE) 7g     -5.78120E-01  1.72567E+01 18.0
    373 13  7  230  24 2p2(1DE) 7g     -5.77253E-01  1.72575E+01 14.0
    374 13  7  240  16 2p2(1DE) 7i     -5.76680E-01  1.72581E+01 18.0
    375 13  7  241  19 2p2(1DE) 7h     -5.76670E-01  1.72581E+01 18.0
    376 13  7  231  24 2p2(1DE) 7h     -5.76596E-01  1.72582E+01 14.0
    377 13  7  220  32 2p2(1DE) 7g     -5.76231E-01  1.72586E+01 10.0
    378 13  7  221  33 2p2(1DE) 7f     -5.74344E-01  1.72605E+01 10.0
    379 13  7  211  31 2p2(1DE) 7f     -5.71484E-01  1.72633E+01  6.0
    380 13  7  220  33 2p2(1SE) 6d     -5.70563E-01  1.72642E+01 10.0
    381 13  7  200  13 2p3(3PO) 4p     -5.56980E-01  1.72778E+01  2.0
    382 13  7  231  25 2p2(1SE) 6f     -5.38509E-01  1.72963E+01 14.0
    383 13  7  240  17 2p2(1SE) 6g     -5.37681E-01  1.72971E+01 18.0
    384 13  7  410  26 2p2(3PE)10s     -5.28513E-01  1.73063E+01 12.0
    385 13  7  210  30 2p2(3PE)10s     -5.26886E-01  1.73079E+01  6.0
    386 13  7  201  13 2p2(3PE)10p     -5.17118E-01  1.73177E+01  2.0
    387 13  7  421  24 2p2(3PE)10p     -5.15890E-01  1.73189E+01 20.0
    388 13  7  411  14 2p2(3PE)10p     -5.14461E-01  1.73203E+01 12.0
    389 13  7  401  16 2p2(3PE)10p     -5.13370E-01  1.73214E+01  4.0
    390 13  7  221  34 2p2(3PE)10p     -5.11680E-01  1.73231E+01 10.0
    391 13  7  601   4 2p3(5SO) 6s     -5.09276E-01  1.73255E+01  6.0
    392 13  7  211  32 2p2(3PE)10p     -5.08910E-01  1.73259E+01  6.0
    393 13  7  430  18 2p2(3PE)10d     -5.00046E-01  1.73348E+01 28.0
    394 13  7  420  13 2p2(3PE)10d     -4.98749E-01  1.73361E+01 20.0
    395 13  7  210  31 2p2(3PE)10d     -4.97563E-01  1.73372E+01  6.0
    396 13  7  410  27 2p2(3PE)10d     -4.96605E-01  1.73382E+01 12.0
    397 13  7  230  25 2p2(3PE)10d     -4.94865E-01  1.73399E+01 14.0
    398 13  7  220  34 2p2(3PE)10d     -4.92059E-01  1.73427E+01 10.0
    399 13  7  431  10 2p2(3PE)10f     -4.91339E-01  1.73435E+01 28.0
    400 13  7  421  25 2p2(3PE)10f     -4.91243E-01  1.73436E+01 20.0
    401 13  7  441  14 2p2(3PE)10f     -4.91023E-01  1.73438E+01 36.0
    402 13  7  430  19 2p2(3PE)10g     -4.90863E-01  1.73439E+01 28.0
    403 13  7  230  26 2p2(3PE)10g     -4.90837E-01  1.73440E+01 14.0
    404 13  7  221  35 2p2(3PE)10f     -4.90658E-01  1.73441E+01 10.0
    405 13  7  440   7 2p2(3PE)10g     -4.90178E-01  1.73446E+01 36.0
    406 13  7  240  18 2p2(3PE)10g     -4.90109E-01  1.73447E+01 18.0
    407 13  7  441  15 2p2(3PE)10h     -4.90032E-01  1.73448E+01 36.0
    408 13  7  610   4 2p3(5SO) 6p     -4.36585E-01  1.73982E+01 18.0
    409 13  7  621   4 2p3(5SO) 6d     -3.62083E-01  1.74727E+01 30.0
    410 13  7  200  14 2p2(1DE) 8d     -3.50838E-01  1.74840E+01  2.0
    411 13  7  630   3 2p3(5SO) 6f     -3.20693E-01  1.75141E+01 42.0
    412 13  7  641   2 2p3(5SO) 6g     -3.16982E-01  1.75178E+01 54.0
    413 13  7  200  15 2p2(1SE) 7s     -2.92714E-01  1.75421E+01  2.0
    414 13  7  200  16 2p2(1DE) 9d     -1.87603E-01  1.76472E+01  2.0
    415 13  7  200  17 2p4(1SE) 3s     -1.82561E-01  1.76522E+01  2.0
    416 13  7  601   5 2p3(5SO) 7s     -7.47105E-02  1.77601E+01  6.0
    417 13  7  200  18 2p2(1DE)10d     -7.11021E-02  1.77637E+01  2.0
    418 13  7  610   5 2p3(5SO) 7p     -2.99626E-02  1.78048E+01 18.0
    419 13  7  621   5 2p3(5SO) 7d      1.58657E-02  1.78507E+01 30.0
    420 13  7  630   4 2p3(5SO) 7f      4.16390E-02  1.78764E+01 42.0
    421 13  7  641   3 2p3(5SO) 7g      4.41475E-02  1.78789E+01 54.0
    422 13  7  601   6 2p3(5SO) 8s      1.99974E-01  1.80348E+01  6.0
    423 13  7  610   6 2p3(5SO) 8p      2.29450E-01  1.80643E+01 18.0
    424 13  7  621   6 2p3(5SO) 8d      2.59660E-01  1.80945E+01 30.0
    425 13  7  630   5 2p3(5SO) 8f      2.76793E-01  1.81116E+01 42.0
    426 13  7  641   4 2p3(5SO) 8g      2.78547E-01  1.81133E+01 54.0
    427 13  7  601   7 2p3(5SO) 9s      3.84617E-01  1.82194E+01  6.0
    428 13  7  610   7 2p3(5SO) 9p      4.05050E-01  1.82399E+01 18.0
    429 13  7  621   7 2p3(5SO) 9d      4.26021E-01  1.82608E+01 30.0
    430 13  7  630   6 2p3(5SO) 9f      4.37986E-01  1.82728E+01 42.0
    431 13  7  641   5 2p3(5SO) 9g      4.39252E-01  1.82741E+01 54.0
    432 13  7  601   8 2p3(5SO)10s      5.14685E-01  1.83495E+01  6.0
    433 13  7  610   8 2p3(5SO)10p      5.29427E-01  1.83642E+01 18.0
    434 13  7  621   8 2p3(5SO)10d      5.44579E-01  1.83794E+01 30.0
    435 13  7  630   7 2p3(5SO)10f      5.53264E-01  1.83881E+01 42.0
    436 13  7  641   6 2p3(5SO)10g      5.54205E-01  1.83890E+01 54.0
    437 13  7  400   3 2p3(3PO) 5p      6.04830E-01  1.84396E+01  4.0
    438 13  7  400   4 2p3(3PO) 6p      1.29607E+00  1.91309E+01  4.0
    439 13  7  400   5 2p3(3PO) 7p      1.70269E+00  1.95375E+01  4.0
    440 13  7  400   6 2p3(3PO) 8p      1.96210E+00  1.97969E+01  4.0
    441 13  7  400   7 2p3(3PO) 9p      2.13770E+00  1.99725E+01  4.0
    442 13  7  400   8 2p3(3PO)10p      2.26208E+00  2.00969E+01  4.0
 ====================================================================
