 ====================================================================
      i NZ NE iSLP iLV iCONF                 E(RYD)      TE(RYD)   gi
 ====================================================================
      1 13  6  310   1 2s2 2p2         -2.09086E+01  0.00000E+00  9.0
      2 13  6  120   1 2s2 2p2         -2.05032E+01  4.05399E-01  5.0
      3 13  6  100   1 2s2 2p2         -2.00430E+01  8.65601E-01  1.0
      4 13  6  501   1 2s 2p3          -1.97746E+01  1.13400E+00  5.0
      5 13  6  321   1 2s 2p3          -1.85796E+01  2.32900E+00 15.0
      6 13  6  311   1 2s 2p3          -1.81438E+01  2.76480E+00  9.0
      7 13  6  121   1 2s 2p3          -1.73248E+01  3.58380E+00  5.0
      8 13  6  301   1 2s 2p3          -1.72546E+01  3.65400E+00  3.0
      9 13  6  111   1 2s 2p3          -1.68820E+01  4.02660E+00  3.0
     10 13  6  310   2 2p4             -1.54371E+01  5.47150E+00  9.0
     11 13  6  120   2 2p4             -1.50893E+01  5.81930E+00  5.0
     12 13  6  100   2 2p4             -1.42369E+01  6.67170E+00  1.0
     13 13  6  311   2 2s2 2p 3s       -8.88422E+00  1.20244E+01  9.0
     14 13  6  111   2 2s2 2p 3s       -8.76415E+00  1.21445E+01  3.0
     15 13  6  110   1 2s2 2p 3p       -8.33165E+00  1.25770E+01  3.0
     16 13  6  320   1 2s2 2p 3p       -8.25499E+00  1.26536E+01 15.0
     17 13  6  300   1 2s2 2p 3p       -8.16850E+00  1.27401E+01  3.0
     18 13  6  310   3 2s2 2p 3p       -8.11345E+00  1.27951E+01  9.0
     19 13  6  120   3 2s2 2p 3p       -7.91385E+00  1.29948E+01  5.0
     20 13  6  100   3 2s2 2p 3p       -7.68081E+00  1.32278E+01  1.0
     21 13  6  510   1 2s2p2(4PE) 3s   -7.60943E+00  1.32992E+01 15.0
     22 13  6  121   2 2s2 2p 3d       -7.54132E+00  1.33673E+01  5.0
     23 13  6  331   1 2s2 2p 3d       -7.53387E+00  1.33747E+01 21.0
     24 13  6  321   2 2s2 2p 3d       -7.40159E+00  1.35070E+01 15.0
     25 13  6  311   3 2s2 2p 3d       -7.35900E+00  1.35496E+01  9.0
     26 13  6  310   4 2s2p2(4PE) 3s   -7.25711E+00  1.36515E+01  9.0
     27 13  6  131   1 2s2 2p 3d       -7.18495E+00  1.37236E+01  7.0
     28 13  6  111   3 2s2 2p 3d       -7.16870E+00  1.37399E+01  3.0
     29 13  6  301   2 2s2p2(4PE) 3p   -7.04780E+00  1.38608E+01  3.0
     30 13  6  521   1 2s2p2(4PE) 3p   -6.96860E+00  1.39400E+01 25.0
     31 13  6  511   1 2s2p2(4PE) 3p   -6.89807E+00  1.40105E+01 15.0
     32 13  6  321   3 2s2p2(4PE) 3p   -6.72909E+00  1.41795E+01 15.0
     33 13  6  501   2 2s2p2(4PE) 3p   -6.68377E+00  1.42248E+01  5.0
     34 13  6  311   4 2s2p2(4PE) 3p   -6.60928E+00  1.42993E+01  9.0
     35 13  6  320   2 2s2p2(2DE) 3s   -6.50857E+00  1.44000E+01 15.0
     36 13  6  530   1 2s2p2(4PE) 3d   -6.31293E+00  1.45957E+01 35.0
     37 13  6  120   4 2s2p2(2DE) 3s   -6.29876E+00  1.46098E+01  5.0
     38 13  6  520   1 2s2p2(4PE) 3d   -6.21680E+00  1.46918E+01 25.0
     39 13  6  510   2 2s2p2(4PE) 3d   -6.12226E+00  1.47863E+01 15.0
     40 13  6  310   5 2s2p2(4PE) 3d   -6.10046E+00  1.48081E+01  9.0
     41 13  6  330   1 2s2p2(4PE) 3d   -5.99931E+00  1.49093E+01 21.0
     42 13  6  331   2 2s2p2(2DE) 3p   -5.85122E+00  1.50574E+01 21.0
     43 13  6  121   3 2s2p2(2DE) 3p   -5.85101E+00  1.50576E+01  5.0
     44 13  6  300   2 2s2p2(2SE) 3s   -5.82752E+00  1.50811E+01  3.0
     45 13  6  320   3 2s2p2(4PE) 3d   -5.80390E+00  1.51047E+01 15.0
     46 13  6  131   2 2s2p2(2DE) 3p   -5.76606E+00  1.51425E+01  7.0
     47 13  6  321   4 2s2p2(2DE) 3p   -5.75485E+00  1.51537E+01 15.0
     48 13  6  111   4 2s2p2(2DE) 3p   -5.71083E+00  1.51978E+01  3.0
     49 13  6  311   5 2s2p2(2DE) 3p   -5.64294E+00  1.52657E+01  9.0
     50 13  6  100   4 2s2p2(2SE) 3s   -5.63649E+00  1.52721E+01  1.0
     51 13  6  310   6 2s2p2(2PE) 3s   -5.62119E+00  1.52874E+01  9.0
     52 13  6  110   2 2s2p2(2PE) 3s   -5.53519E+00  1.53734E+01  3.0
     53 13  6  340   1 2s2p2(2DE) 3d   -5.17488E+00  1.57337E+01 27.0
     54 13  6  330   2 2s2p2(2DE) 3d   -5.16820E+00  1.57404E+01 21.0
     55 13  6  101   1 2s2p2(2PE) 3p   -5.13722E+00  1.57714E+01  1.0
     56 13  6  311   6 2s2p2(2SE) 3p   -5.12457E+00  1.57840E+01  9.0
     57 13  6  130   1 2s2p2(2DE) 3d   -5.08580E+00  1.58228E+01  7.0
     58 13  6  320   4 2s2p2(2DE) 3d   -5.08367E+00  1.58249E+01 15.0
     59 13  6  111   5 2s2p2(2SE) 3p   -5.07613E+00  1.58325E+01  3.0
     60 13  6  321   5 2s2p2(2PE) 3p   -5.01399E+00  1.58946E+01 15.0
     61 13  6  140   1 2s2p2(2DE) 3d   -5.00959E+00  1.58990E+01  9.0
     62 13  6  311   7 2s2p2(2PE) 3p   -4.96243E+00  1.59462E+01  9.0
     63 13  6  310   7 2s2p2(2DE) 3d   -4.95901E+00  1.59496E+01  9.0
     64 13  6  120   5 2s2p2(2DE) 3d   -4.90260E+00  1.60060E+01  5.0
     65 13  6  300   3 2s2p2(2DE) 3d   -4.90256E+00  1.60060E+01  3.0
     66 13  6  301   3 2s2p2(2PE) 3p   -4.88475E+00  1.60238E+01  3.0
     67 13  6  110   3 2s2p2(2DE) 3d   -4.86221E+00  1.60464E+01  3.0
     68 13  6  111   6 2s2 2p 4s       -4.75526E+00  1.61533E+01  3.0
     69 13  6  121   4 2s2p2(2PE) 3p   -4.73105E+00  1.61775E+01  5.0
     70 13  6  100   5 2s2p2(2DE) 3d   -4.73018E+00  1.61784E+01  1.0
     71 13  6  501   3 2p3(4SO) 3s     -4.64568E+00  1.62629E+01  5.0
     72 13  6  311   8 2s2 2p 4s       -4.63560E+00  1.62730E+01  9.0
     73 13  6  320   5 2s2p2(2SE) 3d   -4.48700E+00  1.64216E+01 15.0
     74 13  6  111   7 2s2p2(2PE) 3p   -4.46907E+00  1.64395E+01  3.0
     75 13  6  110   4 2s2 2p 4p       -4.44676E+00  1.64618E+01  3.0
     76 13  6  320   6 2s2 2p 4p       -4.42696E+00  1.64816E+01 15.0
     77 13  6  330   3 2s2p2(2PE) 3d   -4.40804E+00  1.65006E+01 21.0
     78 13  6  300   4 2s2 2p 4p       -4.38935E+00  1.65192E+01  3.0
     79 13  6  310   8 2s2 2p 4p       -4.37947E+00  1.65291E+01  9.0
     80 13  6  120   6 2s2p2(2SE) 3d   -4.35637E+00  1.65522E+01  5.0
     81 13  6  120   7 2s2 2p 4p       -4.33464E+00  1.65740E+01  5.0
     82 13  6  301   4 2p3(4SO) 3s     -4.29723E+00  1.66114E+01  3.0
     83 13  6  320   7 2s2p2(2PE) 3d   -4.25033E+00  1.66583E+01 15.0
     84 13  6  110   5 2s2p2(2PE) 3d   -4.23929E+00  1.66693E+01  3.0
     85 13  6  100   6 2s2 2p 4p       -4.22951E+00  1.66791E+01  1.0
     86 13  6  130   2 2s2p2(2PE) 3d   -4.22117E+00  1.66874E+01  7.0
     87 13  6  331   3 2s2 2p 4d       -4.17282E+00  1.67358E+01 21.0
     88 13  6  121   5 2s2 2p 4d       -4.17236E+00  1.67362E+01  5.0
     89 13  6  310   9 2s2p2(2PE) 3d   -4.13184E+00  1.67768E+01  9.0
     90 13  6  321   6 2s2 2p 4d       -4.12103E+00  1.67876E+01 15.0
     91 13  6  311   9 2s2 2p 4d       -4.11159E+00  1.67970E+01  9.0
     92 13  6  131   3 2s2 2p 4d       -4.04002E+00  1.68686E+01  7.0
     93 13  6  510   3 2p3(4SO) 3p     -4.03885E+00  1.68698E+01 15.0
     94 13  6  111   8 2s2 2p 4d       -4.03383E+00  1.68748E+01  3.0
     95 13  6  120   8 2s2 2p 4f       -4.01398E+00  1.68946E+01  5.0
     96 13  6  321   7 2p3(2DO) 3s     -4.00714E+00  1.69015E+01 15.0
     97 13  6  340   2 2s2 2p 4f       -3.99841E+00  1.69102E+01 27.0
     98 13  6  140   2 2s2 2p 4f       -3.99681E+00  1.69118E+01  9.0
     99 13  6  330   4 2s2 2p 4f       -3.96779E+00  1.69408E+01 21.0
    100 13  6  320   8 2s2 2p 4f       -3.92518E+00  1.69834E+01 15.0
    101 13  6  130   3 2s2 2p 4f       -3.91314E+00  1.69955E+01  7.0
    102 13  6  121   6 2p3(2DO) 3s     -3.87367E+00  1.70349E+01  5.0
    103 13  6  310  10 2p3(4SO) 3p     -3.86072E+00  1.70479E+01  9.0
    104 13  6  120   9 2s2p2(2PE) 3d   -3.84720E+00  1.70614E+01  5.0
    105 13  6  110   6 2p3(2DO) 3p     -3.47825E+00  1.74303E+01  3.0
    106 13  6  320   9 2p3(2DO) 3p     -3.47151E+00  1.74371E+01 15.0
    107 13  6  521   2 2p3(4SO) 3d     -3.42138E+00  1.74872E+01 25.0
    108 13  6  510   4 2s2p2(4PE) 4s   -3.42037E+00  1.74882E+01 15.0
    109 13  6  330   5 2p3(2DO) 3p     -3.41544E+00  1.74932E+01 21.0
    110 13  6  311  10 2p3(2PO) 3s     -3.40543E+00  1.75032E+01  9.0
    111 13  6  130   4 2p3(2DO) 3p     -3.38098E+00  1.75276E+01  7.0
    112 13  6  310  11 2s2p2(4PE) 4s   -3.33755E+00  1.75711E+01  9.0
    113 13  6  111   9 2p3(2PO) 3s     -3.27026E+00  1.76383E+01  3.0
    114 13  6  321   8 2p3(4SO) 3d     -3.22497E+00  1.76836E+01 15.0
    115 13  6  301   5 2s2p2(4PE) 4p   -3.15992E+00  1.77487E+01  3.0
    116 13  6  521   3 2s2p2(4PE) 4p   -3.15652E+00  1.77521E+01 25.0
    117 13  6  511   2 2s2p2(4PE) 4p   -3.14659E+00  1.77620E+01 15.0
    118 13  6  310  12 2p3(2DO) 3p     -3.10222E+00  1.78064E+01  9.0
    119 13  6  501   4 2s2p2(4PE) 4p   -3.07667E+00  1.78319E+01  5.0
    120 13  6  321   9 2s2p2(4PE) 4p   -3.04787E+00  1.78607E+01 15.0
    121 13  6  311  11 2s2p2(4PE) 4p   -3.01806E+00  1.78905E+01  9.0
    122 13  6  120  10 2p3(2DO) 3p     -3.00056E+00  1.79080E+01  5.0
    123 13  6  530   2 2s2p2(4PE) 4d   -2.92741E+00  1.79812E+01 35.0
    124 13  6  311  12 2s2 2p 5s       -2.89680E+00  1.80118E+01  9.0
    125 13  6  520   2 2s2p2(4PE) 4d   -2.89680E+00  1.80118E+01 25.0
    126 13  6  111  10 2s2 2p 5s       -2.88032E+00  1.80283E+01  3.0
    127 13  6  510   5 2s2p2(4PE) 4d   -2.85535E+00  1.80532E+01 15.0
    128 13  6  300   5 2p3(2PO) 3p     -2.85144E+00  1.80572E+01  3.0
    129 13  6  331   4 2p3(2DO) 3d     -2.84312E+00  1.80655E+01 21.0
    130 13  6  310  13 2s2p2(4PE) 4d   -2.83761E+00  1.80710E+01  9.0
    131 13  6  341   1 2p3(2DO) 3d     -2.81552E+00  1.80931E+01 27.0
    132 13  6  320  10 2p3(2PO) 3p     -2.81392E+00  1.80947E+01 15.0
    133 13  6  101   2 2p3(2DO) 3d     -2.80961E+00  1.80990E+01  1.0
    134 13  6  330   6 2s2p2(4PE) 4d   -2.79610E+00  1.81125E+01 21.0
    135 13  6  110   7 2s2 2p 5p       -2.79157E+00  1.81170E+01  3.0
    136 13  6  141   1 2p3(2DO) 3d     -2.78578E+00  1.81228E+01  9.0
    137 13  6  320  11 2s2 2p 5p       -2.77567E+00  1.81329E+01 15.0
    138 13  6  300   6 2s2 2p 5p       -2.76377E+00  1.81448E+01  3.0
    139 13  6  541   1 2s2p2(4PE) 4f   -2.76189E+00  1.81467E+01 45.0
    140 13  6  110   8 2p3(2PO) 3p     -2.75530E+00  1.81533E+01  3.0
    141 13  6  321  10 2s2p2(4PE) 4f   -2.74605E+00  1.81625E+01 15.0
    142 13  6  310  14 2s2 2p 5p       -2.74366E+00  1.81649E+01  9.0
    143 13  6  341   2 2s2p2(4PE) 4f   -2.74251E+00  1.81661E+01 27.0
    144 13  6  521   4 2s2p2(4PE) 4f   -2.73591E+00  1.81727E+01 25.0
    145 13  6  531   1 2s2p2(4PE) 4f   -2.73407E+00  1.81745E+01 35.0
    146 13  6  320  12 2s2p2(4PE) 4d   -2.73393E+00  1.81747E+01 15.0
    147 13  6  331   5 2s2p2(4PE) 4f   -2.72266E+00  1.81859E+01 21.0
    148 13  6  120  11 2s2 2p 5p       -2.72224E+00  1.81864E+01  5.0
    149 13  6  100   7 2s2 2p 5p       -2.68395E+00  1.82246E+01  1.0
    150 13  6  310  15 2p3(2PO) 3p     -2.65548E+00  1.82531E+01  9.0
    151 13  6  331   6 2s2 2p 5d       -2.65157E+00  1.82570E+01 21.0
    152 13  6  121   7 2s2 2p 5d       -2.65143E+00  1.82572E+01  5.0
    153 13  6  111  11 2p3(2DO) 3d     -2.64199E+00  1.82666E+01  3.0
    154 13  6  321  11 2s2 2p 5d       -2.62696E+00  1.82816E+01 15.0
    155 13  6  311  13 2s2 2p 5d       -2.62388E+00  1.82847E+01  9.0
    156 13  6  321  12 2p3(2DO) 3d     -2.61821E+00  1.82904E+01 15.0
    157 13  6  131   4 2s2 2p 5d       -2.58821E+00  1.83204E+01  7.0
    158 13  6  120  12 2p3(2PO) 3p     -2.58569E+00  1.83229E+01  5.0
    159 13  6  111  12 2s2 2p 5d       -2.58407E+00  1.83245E+01  3.0
    160 13  6  130   5 2s2 2p 5f       -2.56750E+00  1.83411E+01  7.0
    161 13  6  330   7 2s2 2p 5f       -2.56686E+00  1.83417E+01 21.0
    162 13  6  341   3 2s2 2p 5g       -2.56558E+00  1.83430E+01 27.0
    163 13  6  141   2 2s2 2p 5g       -2.56553E+00  1.83431E+01  9.0
    164 13  6  340   3 2s2 2p 5f       -2.56538E+00  1.83432E+01 27.0
    165 13  6  351   1 2s2 2p 5g       -2.56122E+00  1.83474E+01 33.0
    166 13  6  140   3 2s2 2p 5f       -2.56104E+00  1.83476E+01  9.0
    167 13  6  151   1 2s2 2p 5g       -2.56095E+00  1.83477E+01 11.0
    168 13  6  131   5 2s2 2p 5g       -2.56061E+00  1.83480E+01  7.0
    169 13  6  331   7 2s2 2p 5g       -2.56031E+00  1.83483E+01 21.0
    170 13  6  320  13 2s2 2p 5f       -2.55234E+00  1.83563E+01 15.0
    171 13  6  311  14 2p3(2DO) 3d     -2.54854E+00  1.83601E+01  9.0
    172 13  6  120  13 2s2 2p 5f       -2.54800E+00  1.83606E+01  5.0
    173 13  6  121   8 2p3(2DO) 3d     -2.52504E+00  1.83836E+01  5.0
    174 13  6  301   6 2p3(2DO) 3d     -2.46678E+00  1.84418E+01  3.0
    175 13  6  131   6 2p3(2DO) 3d     -2.45705E+00  1.84515E+01  7.0
    176 13  6  320  14 2s2p2(2DE) 4s   -2.34525E+00  1.85634E+01 15.0
    177 13  6  120  14 2s2p2(2DE) 4s   -2.25547E+00  1.86531E+01  5.0
    178 13  6  100   8 2p3(2PO) 3p     -2.21901E+00  1.86896E+01  1.0
    179 13  6  331   8 2p3(2PO) 3d     -2.20239E+00  1.87062E+01 21.0
    180 13  6  311  15 2p3(2PO) 3d     -2.12401E+00  1.87846E+01  9.0
    181 13  6  121   9 2p3(2PO) 3d     -2.10076E+00  1.88078E+01  5.0
    182 13  6  321  13 2s2p2(2DE) 4p   -2.08649E+00  1.88221E+01 15.0
    183 13  6  131   7 2s2p2(2DE) 4p   -2.07312E+00  1.88355E+01  7.0
    184 13  6  331   9 2s2p2(2DE) 4p   -2.06608E+00  1.88425E+01 21.0
    185 13  6  311  16 2s2p2(2DE) 4p   -2.04831E+00  1.88603E+01  9.0
    186 13  6  321  14 2p3(2PO) 3d     -2.04462E+00  1.88640E+01 15.0
    187 13  6  121  10 2s2p2(2DE) 4p   -2.04400E+00  1.88646E+01  5.0
    188 13  6  111  13 2s2p2(2DE) 4p   -2.00871E+00  1.88999E+01  3.0
    189 13  6  131   8 2p3(2PO) 3d     -1.97869E+00  1.89299E+01  7.0
    190 13  6  111  14 2s2 2p 6s       -1.95563E+00  1.89530E+01  3.0
    191 13  6  311  17 2s2 2p 6s       -1.95163E+00  1.89570E+01  9.0
    192 13  6  110   9 2s2 2p 6p       -1.91162E+00  1.89970E+01  3.0
    193 13  6  300   7 2s2 2p 6p       -1.90128E+00  1.90073E+01  3.0
    194 13  6  320  15 2s2 2p 6p       -1.90117E+00  1.90074E+01 15.0
    195 13  6  310  16 2s2 2p 6p       -1.89265E+00  1.90159E+01  9.0
    196 13  6  120  15 2s2 2p 6p       -1.87315E+00  1.90354E+01  5.0
    197 13  6  100   9 2s2 2p 6p       -1.85343E+00  1.90552E+01  1.0
    198 13  6  340   4 2s2p2(2DE) 4d   -1.84937E+00  1.90592E+01 27.0
    199 13  6  330   8 2s2p2(2DE) 4d   -1.84928E+00  1.90593E+01 21.0
    200 13  6  331  10 2s2 2p 6d       -1.82968E+00  1.90789E+01 21.0
    201 13  6  121  11 2s2 2p 6d       -1.82954E+00  1.90791E+01  5.0
    202 13  6  111  15 2p3(2PO) 3d     -1.82878E+00  1.90798E+01  3.0
    203 13  6  321  15 2s2 2p 6d       -1.81656E+00  1.90920E+01 15.0
    204 13  6  311  18 2s2 2p 6d       -1.81518E+00  1.90934E+01  9.0
    205 13  6  320  16 2s2p2(2DE) 4d   -1.80470E+00  1.91039E+01 15.0
    206 13  6  111  16 2s2 2p 6d       -1.79472E+00  1.91139E+01  3.0
    207 13  6  131   9 2s2 2p 6d       -1.79441E+00  1.91142E+01  7.0
    208 13  6  130   6 2s2 2p 6f       -1.78933E+00  1.91193E+01  7.0
    209 13  6  351   2 2s2 2p 6g       -1.78718E+00  1.91214E+01 33.0
    210 13  6  341   4 2s2 2p 6g       -1.78644E+00  1.91222E+01 27.0
    211 13  6  140   4 2s2p2(2DE) 4d   -1.78621E+00  1.91224E+01  9.0
    212 13  6  151   2 2s2 2p 6g       -1.78593E+00  1.91227E+01 11.0
    213 13  6  141   3 2s2 2p 6g       -1.78564E+00  1.91230E+01  9.0
    214 13  6  130   7 2s2p2(2DE) 4d   -1.78325E+00  1.91253E+01  7.0
    215 13  6  330   9 2s2 2p 6f       -1.78242E+00  1.91262E+01 21.0
    216 13  6  331  11 2s2 2p 6g       -1.77972E+00  1.91289E+01 21.0
    217 13  6  131  10 2s2 2p 6g       -1.77930E+00  1.91293E+01  7.0
    218 13  6  350   1 2s2 2p 6h       -1.77825E+00  1.91304E+01 33.0
    219 13  6  150   1 2s2 2p 6h       -1.77825E+00  1.91304E+01 11.0
    220 13  6  360   1 2s2 2p 6h       -1.77771E+00  1.91309E+01 39.0
    221 13  6  160   1 2s2 2p 6h       -1.77771E+00  1.91309E+01 13.0
    222 13  6  340   5 2s2 2p 6h       -1.77768E+00  1.91309E+01 27.0
    223 13  6  320  17 2s2 2p 6f       -1.77595E+00  1.91327E+01 15.0
    224 13  6  340   6 2s2 2p 6f       -1.77524E+00  1.91334E+01 27.0
    225 13  6  120  16 2s2 2p 6f       -1.77433E+00  1.91343E+01  5.0
    226 13  6  310  17 2s2p2(2DE) 4d   -1.76794E+00  1.91407E+01  9.0
    227 13  6  300   8 2s2p2(2DE) 4d   -1.76644E+00  1.91422E+01  3.0
    228 13  6  120  17 2s2p2(2DE) 4d   -1.74088E+00  1.91677E+01  5.0
    229 13  6  110  10 2s2p2(2DE) 4d   -1.71234E+00  1.91963E+01  3.0
    230 13  6  341   5 2s2p2(2DE) 4f   -1.70628E+00  1.92023E+01 27.0
    231 13  6  100  10 2s2p2(2DE) 4d   -1.70574E+00  1.92029E+01  1.0
    232 13  6  331  12 2s2p2(2DE) 4f   -1.69403E+00  1.92146E+01 21.0
    233 13  6  141   4 2s2p2(2DE) 4f   -1.69262E+00  1.92160E+01  9.0
    234 13  6  351   3 2s2p2(2DE) 4f   -1.68396E+00  1.92246E+01 33.0
    235 13  6  151   3 2s2p2(2DE) 4f   -1.67938E+00  1.92292E+01 11.0
    236 13  6  321  16 2s2p2(2DE) 4f   -1.65707E+00  1.92515E+01 15.0
    237 13  6  131  11 2s2p2(2DE) 4f   -1.65422E+00  1.92544E+01  7.0
    238 13  6  300   9 2s2p2(2SE) 4s   -1.64918E+00  1.92594E+01  3.0
    239 13  6  510   6 2s2p2(4PE) 5s   -1.63833E+00  1.92703E+01 15.0
    240 13  6  311  19 2s2p2(2DE) 4f   -1.63056E+00  1.92780E+01  9.0
    241 13  6  121  12 2s2p2(2DE) 4f   -1.62527E+00  1.92833E+01  5.0
    242 13  6  310  18 2s2p2(4PE) 5s   -1.59236E+00  1.93162E+01  9.0
    243 13  6  100  11 2s2p2(2SE) 4s   -1.55302E+00  1.93556E+01  1.0
    244 13  6  111  17 2s2p2(2DE) 4f   -1.54058E+00  1.93680E+01  3.0
    245 13  6  301   7 2s2p2(4PE) 5p   -1.52605E+00  1.93825E+01  3.0
    246 13  6  521   5 2s2p2(4PE) 5p   -1.51390E+00  1.93947E+01 25.0
    247 13  6  511   3 2s2p2(4PE) 5p   -1.50358E+00  1.94050E+01 15.0
    248 13  6  501   5 2s2p2(4PE) 5p   -1.47290E+00  1.94357E+01  5.0
    249 13  6  321  17 2s2p2(4PE) 5p   -1.46565E+00  1.94429E+01 15.0
    250 13  6  311  20 2s2p2(4PE) 5p   -1.45940E+00  1.94492E+01  9.0
    251 13  6  310  19 2s2p2(2PE) 4s   -1.45274E+00  1.94559E+01  9.0
    252 13  6  110  11 2s2p2(2PE) 4s   -1.44538E+00  1.94632E+01  3.0
    253 13  6  311  21 2s2 2p 7s       -1.42523E+00  1.94834E+01  9.0
    254 13  6  111  18 2s2 2p 7s       -1.42365E+00  1.94849E+01  3.0
    255 13  6  530   3 2s2p2(4PE) 5d   -1.39871E+00  1.95099E+01 35.0
    256 13  6  520   3 2s2p2(4PE) 5d   -1.38505E+00  1.95236E+01 25.0
    257 13  6  320  18 2s2 2p 7p       -1.38245E+00  1.95261E+01 15.0
    258 13  6  311  22 2s2p2(2SE) 4p   -1.37939E+00  1.95292E+01  9.0
    259 13  6  300  10 2s2 2p 7p       -1.37269E+00  1.95359E+01  3.0
    260 13  6  310  20 2s2 2p 7p       -1.36661E+00  1.95420E+01  9.0
    261 13  6  111  19 2s2p2(2SE) 4p   -1.36641E+00  1.95422E+01  3.0
    262 13  6  120  18 2s2 2p 7p       -1.36553E+00  1.95431E+01  5.0
    263 13  6  510   7 2s2p2(4PE) 5d   -1.36491E+00  1.95437E+01 15.0
    264 13  6  110  12 2s2 2p 7p       -1.36194E+00  1.95467E+01  3.0
    265 13  6  310  21 2s2p2(4PE) 5d   -1.35480E+00  1.95538E+01  9.0
    266 13  6  100  12 2s2 2p 7p       -1.34996E+00  1.95586E+01  1.0
    267 13  6  331  13 2s2 2p 7d       -1.33867E+00  1.95699E+01 21.0
    268 13  6  121  13 2s2 2p 7d       -1.33765E+00  1.95709E+01  5.0
    269 13  6  330  10 2s2p2(4PE) 5d   -1.33306E+00  1.95755E+01 21.0
    270 13  6  321  18 2s2 2p 7d       -1.33107E+00  1.95775E+01 15.0
    271 13  6  311  23 2s2 2p 7d       -1.32839E+00  1.95802E+01  9.0
    272 13  6  131  12 2s2 2p 7d       -1.31673E+00  1.95919E+01  7.0
    273 13  6  541   2 2s2p2(4PE) 5f   -1.31373E+00  1.95949E+01 45.0
    274 13  6  130   8 2s2 2p 7f       -1.31271E+00  1.95959E+01  7.0
    275 13  6  111  20 2s2 2p 7d       -1.31253E+00  1.95961E+01  3.0
    276 13  6  320  19 2s2p2(4PE) 5d   -1.31182E+00  1.95968E+01 15.0
    277 13  6  341   6 2s2 2p 7g       -1.31019E+00  1.95984E+01 27.0
    278 13  6  141   5 2s2 2p 7g       -1.31011E+00  1.95985E+01  9.0
    279 13  6  330  11 2s2 2p 7f       -1.30936E+00  1.95992E+01 21.0
    280 13  6  521   6 2s2p2(4PE) 5f   -1.30932E+00  1.95993E+01 25.0
    281 13  6  331  14 2s2 2p 7g       -1.30871E+00  1.95999E+01 21.0
    282 13  6  131  13 2s2 2p 7g       -1.30836E+00  1.96002E+01  7.0
    283 13  6  340   7 2s2 2p 7f       -1.30831E+00  1.96003E+01 27.0
    284 13  6  320  20 2s2 2p 7f       -1.30700E+00  1.96016E+01 15.0
    285 13  6  350   2 2s2 2p 7h       -1.30666E+00  1.96019E+01 33.0
    286 13  6  341   7 2s2p2(4PE) 5f   -1.30666E+00  1.96019E+01 27.0
    287 13  6  150   2 2s2 2p 7h       -1.30666E+00  1.96019E+01 11.0
    288 13  6  161   1 2s2 2p 7i       -1.30617E+00  1.96024E+01 13.0
    289 13  6  361   1 2s2 2p 7i       -1.30617E+00  1.96024E+01 39.0
    290 13  6  351   4 2s2 2p 7i       -1.30616E+00  1.96024E+01 33.0
    291 13  6  151   4 2s2 2p 7i       -1.30616E+00  1.96024E+01 11.0
    292 13  6  360   2 2s2 2p 7h       -1.30611E+00  1.96025E+01 39.0
    293 13  6  160   2 2s2 2p 7h       -1.30610E+00  1.96025E+01 13.0
    294 13  6  340   8 2s2 2p 7h       -1.30601E+00  1.96026E+01 27.0
    295 13  6  140   6 2s2 2p 7h       -1.30595E+00  1.96026E+01  9.0
    296 13  6  140   5 2s2 2p 7f       -1.30595E+00  1.96026E+01  9.0
    297 13  6  530   4 2s2p2(4PE) 5g   -1.30571E+00  1.96029E+01 35.0
    298 13  6  120  19 2s2 2p 7f       -1.30567E+00  1.96029E+01  5.0
    299 13  6  330  12 2s2p2(4PE) 5g   -1.30563E+00  1.96030E+01 21.0
    300 13  6  351   5 2s2 2p 7g       -1.30494E+00  1.96037E+01 33.0
    301 13  6  151   5 2s2 2p 7g       -1.30488E+00  1.96037E+01 11.0
    302 13  6  321  19 2s2p2(4PE) 5f   -1.30334E+00  1.96053E+01 15.0
    303 13  6  550   1 2s2p2(4PE) 5g   -1.30320E+00  1.96054E+01 55.0
    304 13  6  350   3 2s2p2(4PE) 5g   -1.30300E+00  1.96056E+01 33.0
    305 13  6  531   2 2s2p2(4PE) 5f   -1.30151E+00  1.96071E+01 35.0
    306 13  6  540   1 2s2p2(4PE) 5g   -1.29798E+00  1.96106E+01 45.0
    307 13  6  340   9 2s2p2(4PE) 5g   -1.29773E+00  1.96109E+01 27.0
    308 13  6  331  15 2s2p2(4PE) 5f   -1.29288E+00  1.96157E+01 21.0
    309 13  6  101   3 2s2p2(2PE) 4p   -1.25750E+00  1.96511E+01  1.0
    310 13  6  321  20 2s2p2(2PE) 4p   -1.20790E+00  1.97007E+01 15.0
    311 13  6  311  24 2s2p2(2PE) 4p   -1.18404E+00  1.97246E+01  9.0
    312 13  6  301   8 2s2p2(2PE) 4p   -1.14139E+00  1.97672E+01  3.0
    313 13  6  320  21 2s2p2(2SE) 4d   -1.13977E+00  1.97688E+01 15.0
    314 13  6  121  14 2s2p2(2PE) 4p   -1.13285E+00  1.97757E+01  5.0
    315 13  6  111  21 2s2 2p 8s       -1.10788E+00  1.98007E+01  3.0
    316 13  6  120  20 2s2p2(2SE) 4d   -1.09116E+00  1.98174E+01  5.0
    317 13  6  311  25 2s2 2p 8s       -1.07121E+00  1.98374E+01  9.0
    318 13  6  320  22 2s2 2p 8p       -1.05214E+00  1.98565E+01 15.0
    319 13  6  110  13 2s2 2p 8p       -1.05155E+00  1.98570E+01  3.0
    320 13  6  300  11 2s2 2p 8p       -1.04588E+00  1.98627E+01  3.0
    321 13  6  310  22 2s2 2p 8p       -1.04438E+00  1.98642E+01  9.0
    322 13  6  111  22 2s2p2(2PE) 4p   -1.04166E+00  1.98669E+01  3.0
    323 13  6  120  21 2s2 2p 8p       -1.04035E+00  1.98682E+01  5.0
    324 13  6  100  13 2s2 2p 8p       -1.02974E+00  1.98789E+01  1.0
    325 13  6  331  16 2s2 2p 8g       -1.02581E+00  1.98828E+01 21.0
    326 13  6  331  17 2s2 2p 8d       -1.02118E+00  1.98874E+01 21.0
    327 13  6  121  15 2s2 2p 8d       -1.02082E+00  1.98878E+01  5.0
    328 13  6  131  14 2s2 2p 8g       -1.01791E+00  1.98907E+01  7.0
    329 13  6  321  21 2s2 2p 8d       -1.01548E+00  1.98931E+01 15.0
    330 13  6  311  26 2s2 2p 8d       -1.01502E+00  1.98936E+01  9.0
    331 13  6  330  13 2s2 2p 8f       -1.01178E+00  1.98968E+01 21.0
    332 13  6  130   9 2s2 2p 8f       -1.00872E+00  1.98999E+01  7.0
    333 13  6  131  15 2s2 2p 8d       -1.00696E+00  1.99016E+01  7.0
    334 13  6  111  23 2s2 2p 8d       -1.00569E+00  1.99029E+01  3.0
    335 13  6  141   6 2s2 2p 8g       -1.00528E+00  1.99033E+01  9.0
    336 13  6  341   8 2s2 2p 8g       -1.00519E+00  1.99034E+01 27.0
    337 13  6  340  10 2s2 2p 8f       -1.00176E+00  1.99068E+01 27.0
    338 13  6  320  23 2s2 2p 8f       -1.00153E+00  1.99071E+01 15.0
    339 13  6  140   7 2s2 2p 8f       -1.00058E+00  1.99080E+01  9.0
    340 13  6  350   4 2s2 2p 8h       -1.00048E+00  1.99081E+01 33.0
    341 13  6  150   3 2s2 2p 8h       -1.00048E+00  1.99081E+01 11.0
    342 13  6  351   6 2s2 2p 8i       -1.00009E+00  1.99085E+01 33.0
    343 13  6  151   6 2s2 2p 8i       -1.00008E+00  1.99085E+01 11.0
    344 13  6  361   2 2s2 2p 8i       -1.00005E+00  1.99086E+01 39.0
    345 13  6  161   2 2s2 2p 8i       -1.00005E+00  1.99086E+01 13.0
    346 13  6  360   3 2s2 2p 8h       -1.00002E+00  1.99086E+01 39.0
    347 13  6  160   3 2s2 2p 8h       -1.00001E+00  1.99086E+01 13.0
    348 13  6  340  11 2s2 2p 8h       -9.99941E-01  1.99087E+01 27.0
    349 13  6  140   8 2s2 2p 8h       -9.99906E-01  1.99087E+01  9.0
    350 13  6  351   7 2s2 2p 8g       -9.99695E-01  1.99089E+01 33.0
    351 13  6  151   7 2s2 2p 8g       -9.99628E-01  1.99090E+01 11.0
    352 13  6  120  22 2s2 2p 8f       -9.98396E-01  1.99102E+01  5.0
    353 13  6  331  18 2s2p2(2SE) 4f   -9.89568E-01  1.99190E+01 21.0
    354 13  6  131  16 2s2p2(2SE) 4f   -9.85018E-01  1.99236E+01  7.0
    355 13  6  330  14 2s2p2(2PE) 4d   -9.60552E-01  1.99480E+01 21.0
    356 13  6  110  14 2s2p2(2PE) 4d   -9.45570E-01  1.99630E+01  3.0
    357 13  6  320  24 2s2p2(2PE) 4d   -9.30875E-01  1.99777E+01 15.0
    358 13  6  310  23 2s2p2(2PE) 4d   -9.00169E-01  2.00084E+01  9.0
    359 13  6  130  10 2s2p2(2PE) 4d   -8.93114E-01  2.00155E+01  7.0
    360 13  6  311  27 2s2 2p 9s       -8.43238E-01  2.00654E+01  9.0
    361 13  6  120  23 2s2p2(2PE) 4d   -8.40734E-01  2.00679E+01  5.0
    362 13  6  111  24 2s2 2p 9s       -8.38901E-01  2.00697E+01  3.0
    363 13  6  110  15 2s2 2p 9p       -8.24171E-01  2.00844E+01  3.0
    364 13  6  341   9 2s2p2(2PE) 4f   -8.23238E-01  2.00854E+01 27.0
    365 13  6  300  12 2s2 2p 9p       -8.22447E-01  2.00862E+01  3.0
    366 13  6  141   7 2s2p2(2PE) 4f   -8.22396E-01  2.00862E+01  9.0
    367 13  6  320  25 2s2 2p 9p       -8.22393E-01  2.00862E+01 15.0
    368 13  6  310  24 2s2 2p 9p       -8.19010E-01  2.00896E+01  9.0
    369 13  6  100  14 2s2 2p 9p       -8.11058E-01  2.00975E+01  1.0
    370 13  6  121  16 2s2p2(2PE) 4f   -8.10869E-01  2.00977E+01  5.0
    371 13  6  321  22 2s2p2(2PE) 4f   -8.08355E-01  2.01002E+01 15.0
    372 13  6  331  19 2s2 2p 9d       -8.06820E-01  2.01018E+01 21.0
    373 13  6  120  24 2s2 2p 9p       -8.06294E-01  2.01023E+01  5.0
    374 13  6  121  17 2s2 2p 9d       -8.04032E-01  2.01046E+01  5.0
    375 13  6  131  17 2s2 2p 9g       -8.01322E-01  2.01073E+01  7.0
    376 13  6  331  20 2s2 2p 9g       -8.00810E-01  2.01078E+01 21.0
    377 13  6  311  28 2s2 2p 9d       -8.00665E-01  2.01079E+01  9.0
    378 13  6  321  23 2s2 2p 9d       -7.99766E-01  2.01088E+01 15.0
    379 13  6  131  18 2s2 2p 9d       -7.94973E-01  2.01136E+01  7.0
    380 13  6  111  25 2s2 2p 9d       -7.94464E-01  2.01141E+01  3.0
    381 13  6  340  12 2s2 2p 9f       -7.91498E-01  2.01171E+01 27.0
    382 13  6  330  15 2s2 2p 9f       -7.90696E-01  2.01179E+01 21.0
    383 13  6  140   9 2s2 2p 9f       -7.90557E-01  2.01180E+01  9.0
    384 13  6  350   5 2s2 2p 9h       -7.90520E-01  2.01181E+01 33.0
    385 13  6  150   4 2s2 2p 9h       -7.90520E-01  2.01181E+01 11.0
    386 13  6  351   8 2s2 2p 9g       -7.90269E-01  2.01183E+01 33.0
    387 13  6  151   8 2s2 2p 9i       -7.90235E-01  2.01184E+01 11.0
    388 13  6  361   3 2s2 2p 9i       -7.90175E-01  2.01184E+01 39.0
    389 13  6  161   3 2s2 2p 9i       -7.90175E-01  2.01184E+01 13.0
    390 13  6  360   4 2s2 2p 9h       -7.90161E-01  2.01184E+01 39.0
    391 13  6  160   4 2s2 2p 9h       -7.90157E-01  2.01184E+01 13.0
    392 13  6  340  13 2s2 2p 9h       -7.90097E-01  2.01185E+01 27.0
    393 13  6  140  10 2s2 2p 9h       -7.90073E-01  2.01185E+01  9.0
    394 13  6  351   9 2s2 2p 9i       -7.90001E-01  2.01186E+01 33.0
    395 13  6  151   9 2s2 2p 9g       -7.89958E-01  2.01186E+01 11.0
    396 13  6  130  11 2s2 2p 9f       -7.88241E-01  2.01204E+01  7.0
    397 13  6  320  26 2s2 2p 9f       -7.88223E-01  2.01204E+01 15.0
    398 13  6  120  25 2s2 2p 9f       -7.82006E-01  2.01266E+01  5.0
    399 13  6  341  10 2s2 2p 9g       -7.75876E-01  2.01327E+01 27.0
    400 13  6  141   8 2s2 2p 9g       -7.75098E-01  2.01335E+01  9.0
    401 13  6  331  21 2s2p2(2PE) 4f   -7.60899E-01  2.01477E+01 21.0
    402 13  6  131  19 2s2p2(2PE) 4f   -7.57597E-01  2.01510E+01  7.0
    403 13  6  510   8 2s2p2(4PE) 6s   -7.10604E-01  2.01980E+01 15.0
    404 13  6  310  25 2s2p2(4PE) 6s   -6.89050E-01  2.02195E+01  9.0
    405 13  6  311  29 2s2 2p10s       -6.79224E-01  2.02294E+01  9.0
    406 13  6  111  26 2s2 2p10s       -6.76445E-01  2.02322E+01  3.0
    407 13  6  110  16 2s2 2p10p       -6.65413E-01  2.02432E+01  3.0
    408 13  6  320  27 2s2 2p10p       -6.64979E-01  2.02436E+01 15.0
    409 13  6  300  13 2s2 2p10p       -6.63582E-01  2.02450E+01  3.0
    410 13  6  301   9 2s2p2(4PE) 6p   -6.62617E-01  2.02460E+01  3.0
    411 13  6  310  26 2s2 2p10p       -6.59429E-01  2.02492E+01  9.0
    412 13  6  120  26 2s2 2p10p       -6.58415E-01  2.02502E+01  5.0
    413 13  6  100  15 2s2 2p10p       -6.55280E-01  2.02533E+01  1.0
    414 13  6  331  22 2s2 2p10d       -6.50653E-01  2.02579E+01 21.0
    415 13  6  121  18 2s2 2p10d       -6.50548E-01  2.02581E+01  5.0
    416 13  6  321  24 2s2 2p10d       -6.47872E-01  2.02607E+01 15.0
    417 13  6  311  30 2s2 2p10d       -6.47653E-01  2.02609E+01  9.0
    418 13  6  131  20 2s2 2p10d       -6.43580E-01  2.02650E+01  7.0
    419 13  6  111  27 2s2 2p10d       -6.43192E-01  2.02654E+01  3.0
    420 13  6  340  14 2s2 2p10f       -6.41096E-01  2.02675E+01 27.0
    421 13  6  330  16 2s2 2p10f       -6.41054E-01  2.02675E+01 21.0
    422 13  6  130  12 2s2 2p10f       -6.40487E-01  2.02681E+01  7.0
    423 13  6  140  11 2s2 2p10f       -6.40331E-01  2.02683E+01  9.0
    424 13  6  350   6 2s2 2p10h       -6.40326E-01  2.02683E+01 33.0
    425 13  6  150   5 2s2 2p10h       -6.40326E-01  2.02683E+01 11.0
    426 13  6  351  10 2s2 2p10g       -6.40171E-01  2.02684E+01 33.0
    427 13  6  521   7 2s2p2(4PE) 6p   -6.40152E-01  2.02684E+01 25.0
    428 13  6  151  10 2s2 2p10g       -6.40127E-01  2.02685E+01 11.0
    429 13  6  360   5 2s2 2p10h       -6.40050E-01  2.02685E+01 39.0
    430 13  6  160   5 2s2 2p10h       -6.40047E-01  2.02686E+01 13.0
    431 13  6  361   4 2s2 2p10i       -6.40045E-01  2.02686E+01 39.0
    432 13  6  161   4 2s2 2p10i       -6.40045E-01  2.02686E+01 13.0
    433 13  6  511   4 2s2p2(4PE) 6p   -6.33750E-01  2.02748E+01 15.0
    434 13  6  501   6 2s2p2(4PE) 6p   -6.22956E-01  2.02856E+01  5.0
    435 13  6  530   5 2s2p2(4PE) 6d   -5.74639E-01  2.03340E+01 35.0
    436 13  6  520   4 2s2p2(4PE) 6d   -5.67273E-01  2.03413E+01 25.0
    437 13  6  510   9 2s2p2(4PE) 6d   -5.56859E-01  2.03517E+01 15.0
    438 13  6  501   7 2p3(4SO) 4s     -5.30009E-01  2.03786E+01  5.0
    439 13  6  541   3 2s2p2(4PE) 6f   -5.26935E-01  2.03817E+01 45.0
    440 13  6  521   8 2s2p2(4PE) 6f   -5.25553E-01  2.03830E+01 25.0
    441 13  6  530   6 2s2p2(4PE) 6g   -5.23681E-01  2.03849E+01 35.0
    442 13  6  550   2 2s2p2(4PE) 6g   -5.20544E-01  2.03881E+01 55.0
    443 13  6  531   3 2s2p2(4PE) 6f   -5.19980E-01  2.03886E+01 35.0
    444 13  6  541   4 2s2p2(4PE) 6h   -5.19378E-01  2.03892E+01 45.0
    445 13  6  540   2 2s2p2(4PE) 6g   -5.17033E-01  2.03916E+01 45.0
    446 13  6  301  10 2p3(4SO) 4s     -4.33438E-01  2.04752E+01  3.0
    447 13  6  510  10 2p3(4SO) 4p     -2.90919E-01  2.06177E+01 15.0
    448 13  6  510  11 2s2p2(4PE) 7s   -1.61993E-01  2.07466E+01 15.0
    449 13  6  521   9 2s2p2(4PE) 7p   -1.26588E-01  2.07820E+01 25.0
    450 13  6  511   5 2s2p2(4PE) 7p   -1.18489E-01  2.07901E+01 15.0
    451 13  6  301  11 2s2p2(4PE) 7p   -1.16426E-01  2.07922E+01  3.0
    452 13  6  501   8 2s2p2(4PE) 7p   -1.07670E-01  2.08009E+01  5.0
    453 13  6  530   7 2s2p2(4PE) 7d   -8.19069E-02  2.08267E+01 35.0
    454 13  6  520   5 2s2p2(4PE) 7d   -7.72460E-02  2.08314E+01 25.0
    455 13  6  510  12 2s2p2(4PE) 7d   -6.95649E-02  2.08390E+01 15.0
    456 13  6  521  10 2s2p2(4PE) 7f   -6.44013E-02  2.08442E+01 25.0
    457 13  6  530   8 2s2p2(4PE) 7g   -5.52599E-02  2.08533E+01 35.0
    458 13  6  541   5 2s2p2(4PE) 7f   -5.26158E-02  2.08560E+01 45.0
    459 13  6  531   4 2s2p2(4PE) 7f   -4.82490E-02  2.08604E+01 35.0
    460 13  6  541   6 2s2p2(4PE) 7h   -4.77847E-02  2.08608E+01 45.0
    461 13  6  550   4 2s2p2(4PE) 7g   -4.74327E-02  2.08612E+01 55.0
    462 13  6  550   3 2s2p2(4PE) 7i   -4.74327E-02  2.08612E+01 55.0
    463 13  6  540   3 2s2p2(4PE) 7g   -4.62407E-02  2.08624E+01 45.0
    464 13  6  521  11 2p3(4SO) 4d     -2.82820E-02  2.08803E+01 25.0
    465 13  6  530   9 2p3(4SO) 4f      1.06379E-01  2.10150E+01 35.0
    466 13  6  510  13 2s2p2(4PE) 8s    1.81274E-01  2.10899E+01 15.0
    467 13  6  301  12 2s2p2(4PE) 8p    2.09717E-01  2.11183E+01  3.0
    468 13  6  521  12 2s2p2(4PE) 8p    2.10365E-01  2.11190E+01 25.0
    469 13  6  511   6 2s2p2(4PE) 8p    2.11648E-01  2.11202E+01 15.0
    470 13  6  501   9 2s2p2(4PE) 8p    2.18408E-01  2.11270E+01  5.0
    471 13  6  530  10 2s2p2(4PE) 8d    2.36287E-01  2.11449E+01 35.0
    472 13  6  520   6 2s2p2(4PE) 8d    2.39011E-01  2.11476E+01 25.0
    473 13  6  510  14 2s2p2(4PE) 8d    2.43751E-01  2.11524E+01 15.0
    474 13  6  541   7 2s2p2(4PE) 8f    2.55112E-01  2.11637E+01 45.0
    475 13  6  521  13 2s2p2(4PE) 8f    2.56744E-01  2.11653E+01 25.0
    476 13  6  531   5 2s2p2(4PE) 8f    2.58035E-01  2.11666E+01 35.0
    477 13  6  541   8 2s2p2(4PE) 8h    2.58371E-01  2.11670E+01 45.0
    478 13  6  550   6 2s2p2(4PE) 8g    2.58687E-01  2.11673E+01 55.0
    479 13  6  550   5 2s2p2(4PE) 8i    2.58687E-01  2.11673E+01 55.0
    480 13  6  540   4 2s2p2(4PE) 8g    2.59429E-01  2.11680E+01 45.0
    481 13  6  530  11 2s2p2(4PE) 8g    2.61863E-01  2.11705E+01 35.0
    482 13  6  101   4 2s2p2(2PE) 5p    3.90251E-01  2.12989E+01  1.0
    483 13  6  510  15 2s2p2(4PE) 9s    4.14510E-01  2.13231E+01 15.0
    484 13  6  301  13 2s2p2(4PE) 9p    4.31167E-01  2.13398E+01  3.0
    485 13  6  521  14 2s2p2(4PE) 9p    4.34611E-01  2.13432E+01 25.0
    486 13  6  511   7 2s2p2(4PE) 9p    4.35815E-01  2.13444E+01 15.0
    487 13  6  501  10 2s2p2(4PE) 9p    4.40383E-01  2.13490E+01  5.0
    488 13  6  530  12 2s2p2(4PE) 9d    4.52938E-01  2.13615E+01 35.0
    489 13  6  520   7 2s2p2(4PE) 9d    4.54894E-01  2.13635E+01 25.0
    490 13  6  510  16 2s2p2(4PE) 9d    4.58130E-01  2.13667E+01 15.0
    491 13  6  301  14 2s2p2(2PE) 5p    4.58510E-01  2.13671E+01  3.0
    492 13  6  541   9 2s2p2(4PE) 9f    4.66003E-01  2.13746E+01 45.0
    493 13  6  521  15 2s2p2(4PE) 9f    4.66908E-01  2.13755E+01 25.0
    494 13  6  550   7 2s2p2(4PE) 9g    4.67928E-01  2.13765E+01 55.0
    495 13  6  531   6 2s2p2(4PE) 9f    4.68054E-01  2.13767E+01 35.0
    496 13  6  541  10 2s2p2(4PE) 9h    4.68299E-01  2.13769E+01 45.0
    497 13  6  550   8 2s2p2(4PE) 9i    4.68561E-01  2.13772E+01 55.0
    498 13  6  530  13 2s2p2(4PE) 9g    4.68991E-01  2.13776E+01 35.0
    499 13  6  540   5 2s2p2(4PE) 9g    4.69057E-01  2.13777E+01 45.0
    500 13  6  101   5 2p3(2DO) 4d      5.41392E-01  2.14500E+01  1.0
    501 13  6  510  17 2s2p2(4PE)10s    5.79492E-01  2.14881E+01 15.0
    502 13  6  301  15 2s2p2(4PE)10p    5.93700E-01  2.15023E+01  3.0
    503 13  6  521  16 2s2p2(4PE)10p    5.94029E-01  2.15026E+01 25.0
    504 13  6  511   8 2s2p2(4PE)10p    5.94972E-01  2.15036E+01 15.0
    505 13  6  501  11 2s2p2(4PE)10p    5.98212E-01  2.15068E+01  5.0
    506 13  6  530  14 2s2p2(4PE)10d    6.07374E-01  2.15160E+01 35.0
    507 13  6  520   8 2s2p2(4PE)10d    6.08799E-01  2.15174E+01 25.0
    508 13  6  510  18 2s2p2(4PE)10d    6.11119E-01  2.15197E+01 15.0
    509 13  6  541  11 2s2p2(4PE)10f    6.16794E-01  2.15254E+01 45.0
    510 13  6  521  17 2s2p2(4PE)10f    6.17388E-01  2.15260E+01 25.0
    511 13  6  531   7 2s2p2(4PE)10f    6.18289E-01  2.15269E+01 35.0
    512 13  6  541  12 2s2p2(4PE)10h    6.18470E-01  2.15271E+01 45.0
    513 13  6  530  15 2s2p2(4PE)10g    6.18683E-01  2.15273E+01 35.0
    514 13  6  101   6 2s2p2(2PE) 6p    1.29722E+00  2.22058E+01  1.0
    515 13  6  101   7 2s2p2(2PE) 7p    1.81529E+00  2.27239E+01  1.0
    516 13  6  101   8 2p3(2DO) 5d      2.03257E+00  2.29412E+01  1.0
    517 13  6  101   9 2s2p2(2PE) 8p    2.15121E+00  2.30598E+01  1.0
    518 13  6  101  10 2s2p2(2PE) 9p    2.37533E+00  2.32839E+01  1.0
    519 13  6  101  11 2s2p2(2PE)10p    2.53515E+00  2.34438E+01  1.0
 ====================================================================
