 ====================================================================
      i NZ NE iSLP iLV iCONF                 E(RYD)      TE(RYD)   gi
 ====================================================================
      1 20 20  100   1 3p6 4s2         -4.32816E-01  0.00000E+00  1.0
      2 20 20  311   1 3p6 4s 4p       -3.09168E-01  1.23648E-01  9.0
      3 20 20  120   1 3p6 4s 3d       -2.23288E-01  2.09528E-01  5.0
      4 20 20  111   1 3p6 4s 4p       -2.23133E-01  2.09683E-01  3.0
      5 20 20  320   1 3p6 4s 3d       -2.22220E-01  2.10596E-01 15.0
      6 20 20  300   1 3p6 4s 5s       -1.58203E-01  2.74613E-01  3.0
      7 20 20  100   2 3p6 4s 5s       -1.41103E-01  2.91713E-01  1.0
      8 20 20  311   2 3p6 4s 5p       -1.13418E-01  3.19398E-01  9.0
      9 20 20  111   2 3p6 3d 4p       -1.09098E-01  3.23718E-01  3.0
     10 20 20  120   2 3p6 4s 4d       -9.99767E-02  3.32839E-01  5.0
     11 20 20  310   1 3p6 4p2         -9.97677E-02  3.33048E-01  9.0
     12 20 20  320   2 3p6 4s 4d       -9.91153E-02  3.33701E-01 15.0
     13 20 20  331   1 3p6 3d 4p       -9.79637E-02  3.34852E-01 21.0
     14 20 20  121   1 3p6 3d 4p       -9.23307E-02  3.40485E-01  5.0
     15 20 20  300   2 3p6 4s 6s       -7.87426E-02  3.54073E-01  3.0
     16 20 20  100   3 3p6 4s 6s       -7.40166E-02  3.58799E-01  1.0
     17 20 20  120   3 3p6 4p2         -6.67355E-02  3.66080E-01  5.0
     18 20 20  131   1 3p6 4s 4f       -6.67192E-02  3.66097E-01  7.0
     19 20 20  321   1 3p6 3d 4p       -6.65942E-02  3.66222E-01 15.0
     20 20 20  311   3 3p6 4s 6p       -6.54222E-02  3.67394E-01  9.0
     21 20 20  331   2 3p6 4s 4f       -6.42516E-02  3.68564E-01 21.0
     22 20 20  111   3 3p6 4s 5p       -6.37551E-02  3.69061E-01  3.0
     23 20 20  100   4 3p6 4p2         -6.12184E-02  3.71598E-01  1.0
     24 20 20  320   3 3p6 4s 5d       -5.75258E-02  3.75290E-01 15.0
     25 20 20  311   4 3p6 3d 4p       -5.58676E-02  3.76948E-01  9.0
     26 20 20  120   4 3p6 4s 5d       -5.46281E-02  3.78188E-01  5.0
     27 20 20  131   2 3p6 3d 4p       -4.93851E-02  3.83431E-01  7.0
     28 20 20  300   3 3p6 4s 7s       -4.77360E-02  3.85080E-01  3.0
     29 20 20  100   5 3p6 4s 7s       -4.51602E-02  3.87656E-01  1.0
     30 20 20  111   4 3p6 4s 6p       -4.20874E-02  3.90729E-01  3.0
     31 20 20  331   3 3p6 4s 5f       -4.12256E-02  3.91590E-01 21.0
     32 20 20  140   1 3p6 4s 5g       -4.01072E-02  3.92709E-01  9.0
     33 20 20  340   1 3p6 4s 5g       -4.01067E-02  3.92709E-01 27.0
     34 20 20  131   3 3p6 4s 5f       -3.91489E-02  3.93667E-01  7.0
     35 20 20  311   5 3p6 4s 7p       -3.89710E-02  3.93845E-01  9.0
     36 20 20  320   4 3p6 4s 6d       -3.77050E-02  3.95111E-01 15.0
     37 20 20  120   5 3p6 4s 6d       -3.72571E-02  3.95559E-01  5.0
     38 20 20  300   4 3p6 4s 8s       -3.20838E-02  4.00732E-01  3.0
     39 20 20  100   6 3p6 4s 8s       -3.07400E-02  4.02076E-01  1.0
     40 20 20  111   5 3p6 4s 7p       -3.01839E-02  4.02632E-01  3.0
     41 20 20  331   4 3p6 4s 6f       -2.85610E-02  4.04255E-01 21.0
     42 20 20  131   4 3p6 4s 6f       -2.80405E-02  4.04776E-01  7.0
     43 20 20  140   2 3p6 4s 6g       -2.78835E-02  4.04932E-01  9.0
     44 20 20  340   2 3p6 4s 6g       -2.78823E-02  4.04934E-01 27.0
     45 20 20  151   1 3p6 4s 6h       -2.77803E-02  4.05036E-01 11.0
     46 20 20  351   1 3p6 4s 6h       -2.77803E-02  4.05036E-01 33.0
     47 20 20  311   6 3p6 4s 8p       -2.72489E-02  4.05567E-01  9.0
     48 20 20  320   5 3p6 4s 7d       -2.67209E-02  4.06095E-01 15.0
     49 20 20  120   6 3p6 4s 7d       -2.66857E-02  4.06130E-01  5.0
     50 20 20  330   1 3p6 3d2         -2.33025E-02  4.09514E-01 21.0
     51 20 20  300   5 3p6 4s 9s       -2.30541E-02  4.09762E-01  3.0
     52 20 20  111   6 3p6 4s 8p       -2.28234E-02  4.09993E-01  3.0
     53 20 20  100   7 3p6 4s 9s       -2.22517E-02  4.10564E-01  1.0
     54 20 20  331   5 3p6 4s 7f       -2.09261E-02  4.11890E-01 21.0
     55 20 20  131   5 3p6 4s 7f       -2.07139E-02  4.12102E-01  7.0
     56 20 20  140   3 3p6 4s 7g       -2.04939E-02  4.12322E-01  9.0
     57 20 20  340   3 3p6 4s 7g       -2.04916E-02  4.12324E-01 27.0
     58 20 20  351   2 3p6 4s 7h       -2.04114E-02  4.12405E-01 33.0
     59 20 20  151   2 3p6 4s 7h       -2.04114E-02  4.12405E-01 11.0
     60 20 20  120   7 3p6 4s 8d       -2.01228E-02  4.12693E-01  5.0
     61 20 20  311   7 3p6 4s 9p       -2.00799E-02  4.12736E-01  9.0
     62 20 20  320   6 3p6 4s 8d       -2.00292E-02  4.12787E-01 15.0
     63 20 20  111   7 3p6 4s 9p       -1.77764E-02  4.15040E-01  3.0
     64 20 20  300   6 3p6 4s10s       -1.73678E-02  4.15448E-01  3.0
     65 20 20  100   8 3p6 4s10s       -1.68486E-02  4.15967E-01  1.0
     66 20 20  331   6 3p6 4s 8f       -1.59823E-02  4.16834E-01 21.0
     67 20 20  131   6 3p6 4s 8f       -1.58761E-02  4.16940E-01  7.0
     68 20 20  120   8 3p6 4s 9d       -1.57920E-02  4.17024E-01  5.0
     69 20 20  140   4 3p6 4s 8g       -1.56965E-02  4.17120E-01  9.0
     70 20 20  340   4 3p6 4s 8g       -1.56887E-02  4.17127E-01 27.0
     71 20 20  320   7 3p6 4s 9d       -1.56857E-02  4.17130E-01 15.0
     72 20 20  351   3 3p6 4s 8h       -1.56281E-02  4.17188E-01 33.0
     73 20 20  151   3 3p6 4s 8h       -1.56281E-02  4.17188E-01 11.0
     74 20 20  311   8 3p6 4s10p       -1.54049E-02  4.17411E-01  9.0
     75 20 20  111   8 3p6 4s10p       -1.41160E-02  4.18700E-01  3.0
     76 20 20  140   5 3p6 3d2         -1.40929E-02  4.18723E-01  9.0
     77 20 20  300   7 3p6 4s11s       -1.35546E-02  4.19261E-01  3.0
     78 20 20  100   9 3p6 4s11s       -1.31990E-02  4.19617E-01  1.0
     79 20 20  120   9 3p6 4s10d       -1.27622E-02  4.20054E-01  5.0
     80 20 20  320   8 3p6 4s10d       -1.27209E-02  4.20095E-01 15.0
     81 20 20  331   7 3p6 4s 9f       -1.26016E-02  4.20214E-01 21.0
     82 20 20  131   7 3p6 4s 9f       -1.25416E-02  4.20274E-01  7.0
     83 20 20  340   5 3p6 4s 9g       -1.23943E-02  4.20422E-01 27.0
     84 20 20  140   6 3p6 4s 9g       -1.23882E-02  4.20428E-01  9.0
     85 20 20  151   4 3p6 4s 9h       -1.23484E-02  4.20468E-01 11.0
     86 20 20  351   4 3p6 4s 9h       -1.23484E-02  4.20468E-01 33.0
     87 20 20  311   9 3p6 4s11p       -1.21905E-02  4.20626E-01  9.0
     88 20 20  111   9 3p6 4s11p       -1.14083E-02  4.21408E-01  3.0
     89 20 20  300   8 3p6 4s12s       -1.08729E-02  4.21943E-01  3.0
     90 20 20  100  10 3p6 4s12s       -1.06186E-02  4.22197E-01  1.0
     91 20 20  320   9 3p6 4s11d       -1.05647E-02  4.22251E-01 15.0
     92 20 20  120  10 3p6 4s11d       -1.05198E-02  4.22296E-01  5.0
     93 20 20  331   8 3p6 4s10f       -1.01892E-02  4.22627E-01 21.0
     94 20 20  131   8 3p6 4s10f       -1.01524E-02  4.22664E-01  7.0
     95 20 20  340   6 3p6 4s10g       -1.00375E-02  4.22778E-01 27.0
     96 20 20  140   7 3p6 4s10g       -1.00354E-02  4.22781E-01  9.0
     97 20 20  151   5 3p6 4s10h       -1.00023E-02  4.22814E-01 11.0
     98 20 20  351   5 3p6 4s10h       -1.00023E-02  4.22814E-01 33.0
     99 20 20  310   2 3p6 3d2          1.53285E-02  4.48144E-01  9.0
    100 20 20  130   1 3p6 3d 4d        2.13337E-02  4.54150E-01  7.0
    101 20 20  110   1 3p6 3d 4d        2.22966E-02  4.55113E-01  3.0
    102 20 20  121   2 3p6 3d 5p        2.25508E-02  4.55367E-01  5.0
    103 20 20  321   2 3p6 3d 5p        2.74794E-02  4.60295E-01 15.0
    104 20 20  330   2 3p6 3d 4d        4.94968E-02  4.82313E-01 21.0
    105 20 20  310   3 3p6 3d 4d        5.74080E-02  4.90224E-01  9.0
    106 20 20  121   3 3p6 3d 4f        6.08277E-02  4.93644E-01  5.0
    107 20 20  321   3 3p6 3d 4f        6.09695E-02  4.93786E-01 15.0
    108 20 20  141   1 3p6 3d 4f        6.12464E-02  4.94062E-01  9.0
    109 20 20  341   1 3p6 3d 4f        6.15057E-02  4.94322E-01 27.0
    110 20 20  110   2 3p6 3d 5d        6.64325E-02  4.99249E-01  3.0
    111 20 20  121   4 3p6 3d 6p        6.65262E-02  4.99342E-01  5.0
    112 20 20  130   2 3p6 3d 5d        6.65503E-02  4.99366E-01  7.0
    113 20 20  321   4 3p6 3d 6p        6.78221E-02  5.00638E-01 15.0
    114 20 20  330   3 3p6 3d 5d        7.85075E-02  5.11324E-01 21.0
    115 20 20  310   4 3p6 3d 5d        8.06040E-02  5.13420E-01  9.0
    116 20 20  121   5 3p6 3d 5f        8.35166E-02  5.16333E-01  5.0
    117 20 20  321   5 3p6 3d 5f        8.35540E-02  5.16370E-01 15.0
    118 20 20  141   2 3p6 3d 5f        8.41185E-02  5.16935E-01  9.0
    119 20 20  341   2 3p6 3d 5f        8.43132E-02  5.17129E-01 27.0
    120 20 20  150   1 3p6 3d 5g        8.46709E-02  5.17487E-01 11.0
    121 20 20  350   1 3p6 3d 5g        8.46720E-02  5.17488E-01 33.0
    122 20 20  130   3 3p6 3d 5g        8.46772E-02  5.17493E-01  7.0
    123 20 20  330   4 3p6 3d 5g        8.46775E-02  5.17493E-01 21.0
    124 20 20  110   3 3p6 3d 6d        8.69035E-02  5.19719E-01  3.0
    125 20 20  121   6 3p6 3d 7p        8.70401E-02  5.19856E-01  5.0
    126 20 20  130   4 3p6 3d 6d        8.71432E-02  5.19959E-01  7.0
    127 20 20  321   6 3p6 3d 7p        8.75324E-02  5.20348E-01 15.0
    128 20 20  330   5 3p6 3d 6d        9.34372E-02  5.26253E-01 21.0
    129 20 20  310   5 3p6 3d 6d        9.38849E-02  5.26701E-01  9.0
    130 20 20  121   7 3p6 3d 6f        9.59776E-02  5.28794E-01  5.0
    131 20 20  321   7 3p6 3d 6f        9.59929E-02  5.28809E-01 15.0
    132 20 20  141   3 3p6 3d 6f        9.65723E-02  5.29388E-01  9.0
    133 20 20  341   3 3p6 3d 6f        9.67036E-02  5.29520E-01 27.0
    134 20 20  130   5 3p6 3d 6g        9.68956E-02  5.29712E-01  7.0
    135 20 20  330   6 3p6 3d 6g        9.68959E-02  5.29712E-01 21.0
    136 20 20  150   2 3p6 3d 6g        9.68968E-02  5.29713E-01 11.0
    137 20 20  350   2 3p6 3d 6g        9.68979E-02  5.29714E-01 33.0
    138 20 20  141   4 3p6 3d 6h        9.69436E-02  5.29760E-01  9.0
    139 20 20  341   4 3p6 3d 6h        9.69437E-02  5.29760E-01 27.0
    140 20 20  110   4 3p6 3d 7d        9.81207E-02  5.30937E-01  3.0
    141 20 20  121   8 3p6 3d 8p        9.83192E-02  5.31135E-01  5.0
    142 20 20  130   6 3p6 3d 7d        9.84073E-02  5.31223E-01  7.0
    143 20 20  321   8 3p6 3d 8p        9.85402E-02  5.31356E-01 15.0
    144 20 20  310   6 3p6 3d 7d        1.02032E-01  5.34848E-01  9.0
    145 20 20  330   7 3p6 3d 7d        1.02140E-01  5.34956E-01 21.0
    146 20 20  121   9 3p6 3d 7f        1.03533E-01  5.36349E-01  5.0
    147 20 20  321   9 3p6 3d 7f        1.03553E-01  5.36369E-01 15.0
    148 20 20  141   5 3p6 3d 7f        1.04072E-01  5.36888E-01  9.0
    149 20 20  341   5 3p6 3d 7f        1.04162E-01  5.36978E-01 27.0
    150 20 20  130   7 3p6 3d 7g        1.04272E-01  5.37088E-01  7.0
    151 20 20  330   8 3p6 3d 7g        1.04272E-01  5.37088E-01 21.0
    152 20 20  150   3 3p6 3d 7g        1.04277E-01  5.37093E-01 11.0
    153 20 20  350   3 3p6 3d 7g        1.04278E-01  5.37094E-01 33.0
    154 20 20  341   6 3p6 3d 7h        1.04313E-01  5.37129E-01 27.0
    155 20 20  141   6 3p6 3d 7h        1.04313E-01  5.37129E-01  9.0
    156 20 20  110   5 3p6 3d 8d        1.04915E-01  5.37731E-01  3.0
    157 20 20  121  10 3p6 3d 9p        1.05191E-01  5.38007E-01  5.0
    158 20 20  130   8 3p6 3d 8d        1.05259E-01  5.38075E-01  7.0
    159 20 20  321  10 3p6 3d 9p        1.05301E-01  5.38117E-01 15.0
    160 20 20  310   7 3p6 3d 8d        1.07356E-01  5.40172E-01  9.0
    161 20 20  330   9 3p6 3d 8d        1.07657E-01  5.40473E-01 21.0
    162 20 20  121  11 3p6 3d 8f        1.08456E-01  5.41272E-01  5.0
    163 20 20  321  11 3p6 3d 8f        1.08487E-01  5.41303E-01 15.0
    164 20 20  141   7 3p6 3d 8f        1.08932E-01  5.41748E-01  9.0
    165 20 20  341   7 3p6 3d 8f        1.08995E-01  5.41811E-01 27.0
    166 20 20  130   9 3p6 3d 8g        1.09063E-01  5.41879E-01  7.0
    167 20 20  330  10 3p6 3d 8g        1.09064E-01  5.41880E-01 21.0
    168 20 20  350   4 3p6 3d 8g        1.09070E-01  5.41886E-01 33.0
    169 20 20  150   4 3p6 3d 8g        1.09070E-01  5.41886E-01 11.0
    170 20 20  341   8 3p6 3d 8h        1.09096E-01  5.41912E-01 27.0
    171 20 20  141   8 3p6 3d 8h        1.09096E-01  5.41912E-01  9.0
    172 20 20  110   6 3p6 3d 9d        1.09280E-01  5.42096E-01  3.0
    173 20 20  121  12 3p6 3d10p        1.09689E-01  5.42505E-01  5.0
    174 20 20  130  10 3p6 3d 9d        1.09741E-01  5.42557E-01  7.0
    175 20 20  321  12 3p6 3d10p        1.09747E-01  5.42563E-01 15.0
    176 20 20  310   8 3p6 3d 9d        1.11022E-01  5.43838E-01  9.0
    177 20 20  330  11 3p6 3d 9d        1.11374E-01  5.44190E-01 21.0
    178 20 20  121  13 3p6 3d 9f        1.11843E-01  5.44659E-01  5.0
    179 20 20  321  13 3p6 3d 9f        1.11884E-01  5.44700E-01 15.0
    180 20 20  110   7 3p6 3d10d        1.12114E-01  5.44930E-01  3.0
    181 20 20  141   9 3p6 3d 9f        1.12260E-01  5.45076E-01  9.0
    182 20 20  341   9 3p6 3d 9f        1.12305E-01  5.45121E-01 27.0
    183 20 20  130  11 3p6 3d 9g        1.12350E-01  5.45166E-01  7.0
    184 20 20  330  12 3p6 3d 9g        1.12350E-01  5.45166E-01 21.0
    185 20 20  350   5 3p6 3d 9g        1.12356E-01  5.45172E-01 33.0
    186 20 20  150   5 3p6 3d 9g        1.12356E-01  5.45172E-01 11.0
    187 20 20  141  10 3p6 3d 9h        1.12375E-01  5.45191E-01  9.0
    188 20 20  341  10 3p6 3d 9h        1.12376E-01  5.45192E-01 27.0
    189 20 20  121  14 3p6 3d11p        1.12794E-01  5.45610E-01  5.0
    190 20 20  321  14 3p6 3d11p        1.12826E-01  5.45642E-01 15.0
    191 20 20  130  12 3p6 3d10d        1.12834E-01  5.45650E-01  7.0
    192 20 20  310   9 3p6 3d10d        1.13650E-01  5.46466E-01  9.0
    193 20 20  110   8 3p6 3d11d        1.13976E-01  5.46792E-01  3.0
    194 20 20  330  13 3p6 3d10d        1.13996E-01  5.46812E-01 21.0
    195 20 20  121  15 3p6 3d10f        1.14274E-01  5.47090E-01  5.0
    196 20 20  321  15 3p6 3d10f        1.14322E-01  5.47138E-01 15.0
    197 20 20  141  11 3p6 3d10f        1.14636E-01  5.47452E-01  9.0
    198 20 20  341  11 3p6 3d10f        1.14670E-01  5.47486E-01 27.0
    199 20 20  330  14 3p6 3d10g        1.14701E-01  5.47517E-01 21.0
    200 20 20  130  13 3p6 3d10g        1.14701E-01  5.47517E-01  7.0
    201 20 20  150   6 3p6 3d10g        1.14706E-01  5.47522E-01 11.0
    202 20 20  350   6 3p6 3d10g        1.14707E-01  5.47523E-01 33.0
    203 20 20  341  12 3p6 3d10h        1.14721E-01  5.47537E-01 27.0
    204 20 20  141  12 3p6 3d10h        1.14721E-01  5.47537E-01  9.0
 ====================================================================
