 ====================================================================
      i NZ NE iSLP iLV iCONF                 E(RYD)      TE(RYD)   gi
 ====================================================================
      1 20 19  200   1 3p6 4s          -8.61523E-01  0.00000E+00  2.0
      2 20 19  220   1 3p6 3d          -6.91348E-01  1.70175E-01 10.0
      3 20 19  211   1 3p6 4p          -6.25112E-01  2.36411E-01  6.0
      4 20 19  200   2 3p6 5s          -3.90024E-01  4.71499E-01  2.0
      5 20 19  220   2 3p6 4d          -3.43302E-01  5.18221E-01 10.0
      6 20 19  211   2 3p6 5p          -3.15213E-01  5.46310E-01  6.0
      7 20 19  231   1 3p6 4f          -2.50537E-01  6.10986E-01 14.0
      8 20 19  200   3 3p6 6s          -2.25234E-01  6.36289E-01  2.0
      9 20 19  220   3 3p6 5d          -2.05286E-01  6.56237E-01 10.0
     10 20 19  211   3 3p6 6p          -1.91140E-01  6.70383E-01  6.0
     11 20 19  231   2 3p6 5f          -1.60437E-01  7.01086E-01 14.0
     12 20 19  240   1 3p6 5g          -1.60002E-01  7.01521E-01 18.0
     13 20 19  200   4 3p6 7s          -1.46835E-01  7.14688E-01  2.0
     14 20 19  220   4 3p6 6d          -1.36439E-01  7.25084E-01 10.0
     15 20 19  211   4 3p6 7p          -1.28441E-01  7.33082E-01  6.0
     16 20 19  231   3 3p6 6f          -1.11419E-01  7.50104E-01 14.0
     17 20 19  240   2 3p6 6g          -1.11113E-01  7.50410E-01 18.0
     18 20 19  251   1 3p6 6h          -1.11111E-01  7.50412E-01 22.0
     19 20 19  200   5 3p6 8s          -1.03316E-01  7.58207E-01  2.0
     20 20 19  220   5 3p6 7d          -9.72094E-02  7.64314E-01 10.0
     21 20 19  211   5 3p6 8p          -9.22743E-02  7.69249E-01  6.0
     22 20 19  231   4 3p6 7f          -8.18486E-02  7.79674E-01 14.0
     23 20 19  240   3 3p6 7g          -8.16346E-02  7.79888E-01 18.0
     24 20 19  251   2 3p6 7h          -8.16327E-02  7.79890E-01 22.0
     25 20 19  200   6 3p6 9s          -7.66494E-02  7.84874E-01  2.0
     26 20 19  220   6 3p6 8d          -7.27546E-02  7.88768E-01 10.0
     27 20 19  211   6 3p6 9p          -6.95054E-02  7.92018E-01  6.0
     28 20 19  231   5 3p6 8f          -6.26543E-02  7.98869E-01 14.0
     29 20 19  240   4 3p6 8g          -6.25016E-02  7.99021E-01 18.0
     30 20 19  251   3 3p6 8h          -6.25000E-02  7.99023E-01 22.0
     31 20 19  200   7 3p610s          -5.91263E-02  8.02397E-01  2.0
     32 20 19  220   7 3p6 9d          -5.64889E-02  8.05034E-01 10.0
     33 20 19  211   7 3p610p          -5.42401E-02  8.07283E-01  6.0
     34 20 19  231   6 3p6 9f          -4.94958E-02  8.12027E-01 14.0
     35 20 19  240   5 3p6 9g          -4.93840E-02  8.12139E-01 18.0
     36 20 19  251   4 3p6 9h          -4.93827E-02  8.12140E-01 22.0
     37 20 19  200   8 3p611s          -4.69948E-02  8.14528E-01  2.0
     38 20 19  220   8 3p610d          -4.51257E-02  8.16397E-01 10.0
     39 20 19  211   8 3p611p          -4.35064E-02  8.18017E-01  6.0
     40 20 19  231   7 3p610f          -4.00850E-02  8.21438E-01 14.0
     41 20 19  240   6 3p610g          -4.00010E-02  8.21522E-01 18.0
     42 20 19  251   5 3p610h          -4.00000E-02  8.21523E-01 22.0
 ====================================================================
