 ====================================================================
      i NZ NE iSLP iLV iCONF                 E(RYD)      TE(RYD)   gi
 ====================================================================
      1 20 18  100   1 3s2 3p6         -3.68369E+00  0.00000E+00  1.0
      2 20 18  311   1 3s2 3p5 3d      -1.80687E+00  1.87682E+00  9.0
      3 20 18  331   1 3s2 3p5 3d      -1.72544E+00  1.95825E+00 21.0
      4 20 18  321   1 3s2 3p5 3d      -1.57129E+00  2.11240E+00 15.0
      5 20 18  121   1 3s2 3p5 3d      -1.57129E+00  2.11240E+00  5.0
      6 20 18  131   1 3s2 3p5 3d      -1.56450E+00  2.11919E+00  7.0
      7 20 18  311   2 3s2 3p5 4s      -1.47983E+00  2.20386E+00  9.0
      8 20 18  111   1 3s2 3p5 4s      -1.44581E+00  2.23788E+00  3.0
      9 20 18  300   1 3s2 3p5 4p      -1.23984E+00  2.44385E+00  3.0
     10 20 18  320   1 3s2 3p5 4p      -1.18601E+00  2.49768E+00 15.0
     11 20 18  120   1 3s2 3p5 4p      -1.16647E+00  2.51722E+00  5.0
     12 20 18  110   1 3s2 3p5 4p      -1.15187E+00  2.53182E+00  3.0
     13 20 18  310   1 3s2 3p5 4p      -1.15187E+00  2.53182E+00  9.0
     14 20 18  111   2 3s2 3p5 3d      -1.08803E+00  2.59566E+00  3.0
     15 20 18  100   2 3s2 3p5 4p      -1.06854E+00  2.61515E+00  1.0
     16 20 18  311   3 3s2 3p5 4d      -7.82358E-01  2.90133E+00  9.0
     17 20 18  331   2 3s2 3p5 4d      -7.67629E-01  2.91606E+00 21.0
     18 20 18  131   2 3s2 3p5 4d      -7.48369E-01  2.93532E+00  7.0
     19 20 18  321   2 3s2 3p5 4d      -7.42726E-01  2.94096E+00 15.0
     20 20 18  121   2 3s2 3p5 4d      -7.42726E-01  2.94096E+00  5.0
     21 20 18  311   4 3s2 3p5 5s      -7.36687E-01  2.94700E+00  9.0
     22 20 18  111   3 3s2 3p5 5s      -7.26833E-01  2.95686E+00  3.0
     23 20 18  300   2 3s2 3p5 5p      -6.43928E-01  3.03976E+00  3.0
     24 20 18  111   4 3s2 3p5 4d      -6.28524E-01  3.05517E+00  3.0
     25 20 18  320   2 3s2 3p5 5p      -6.27038E-01  3.05665E+00 15.0
     26 20 18  120   2 3s2 3p5 5p      -6.19907E-01  3.06378E+00  5.0
     27 20 18  310   2 3s2 3p5 5p      -6.16225E-01  3.06747E+00  9.0
     28 20 18  110   2 3s2 3p5 5p      -6.16225E-01  3.06747E+00  3.0
     29 20 18  100   3 3s2 3p5 5p      -5.82007E-01  3.10168E+00  1.0
     30 20 18  320   3 3s2 3p5 4f      -5.73531E-01  3.11016E+00 15.0
     31 20 18  340   1 3s2 3p5 4f      -5.68614E-01  3.11508E+00 27.0
     32 20 18  120   3 3s2 3p5 4f      -5.67551E-01  3.11614E+00  5.0
     33 20 18  140   1 3s2 3p5 4f      -5.67475E-01  3.11621E+00  9.0
     34 20 18  130   1 3s2 3p5 4f      -5.59931E-01  3.12376E+00  7.0
     35 20 18  330   1 3s2 3p5 4f      -5.59931E-01  3.12376E+00 21.0
     36 20 18  311   5 3s2 3p5 5d      -4.62429E-01  3.22126E+00  9.0
     37 20 18  331   3 3s2 3p5 5d      -4.55986E-01  3.22770E+00 21.0
     38 20 18  131   3 3s2 3p5 5d      -4.48561E-01  3.23513E+00  7.0
     39 20 18  121   3 3s2 3p5 5d      -4.46281E-01  3.23741E+00  5.0
     40 20 18  321   3 3s2 3p5 5d      -4.46281E-01  3.23741E+00 15.0
     41 20 18  311   6 3s2 3p5 6s      -4.43223E-01  3.24047E+00  9.0
     42 20 18  111   5 3s2 3p5 6s      -4.39072E-01  3.24462E+00  3.0
     43 20 18  111   6 3s2 3p5 5d      -4.01135E-01  3.28256E+00  3.0
     44 20 18  300   3 3s2 3p5 6p      -3.98984E-01  3.28471E+00  3.0
     45 20 18  320   4 3s2 3p5 6p      -3.90479E-01  3.29321E+00 15.0
     46 20 18  120   4 3s2 3p5 6p      -3.87038E-01  3.29665E+00  5.0
     47 20 18  110   3 3s2 3p5 6p      -3.85268E-01  3.29842E+00  3.0
     48 20 18  310   3 3s2 3p5 6p      -3.85268E-01  3.29842E+00  9.0
     49 20 18  100   4 3s2 3p5 6p      -3.69359E-01  3.31433E+00  1.0
     50 20 18  320   5 3s2 3p5 5f      -3.68141E-01  3.31555E+00 15.0
     51 20 18  340   2 3s2 3p5 5f      -3.64127E-01  3.31956E+00 27.0
     52 20 18  140   2 3s2 3p5 5f      -3.63264E-01  3.32043E+00  9.0
     53 20 18  120   5 3s2 3p5 5f      -3.62736E-01  3.32095E+00  5.0
     54 20 18  331   4 3s2 3p5 5g      -3.60549E-01  3.32314E+00 21.0
     55 20 18  131   4 3s2 3p5 5g      -3.60507E-01  3.32318E+00  7.0
     56 20 18  351   1 3s2 3p5 5g      -3.60318E-01  3.32337E+00 33.0
     57 20 18  151   1 3s2 3p5 5g      -3.60304E-01  3.32339E+00 11.0
     58 20 18  330   2 3s2 3p5 5f      -3.59599E-01  3.32409E+00 21.0
     59 20 18  130   2 3s2 3p5 5f      -3.59599E-01  3.32409E+00  7.0
     60 20 18  141   1 3s2 3p5 5g      -3.59344E-01  3.32435E+00  9.0
     61 20 18  341   1 3s2 3p5 5g      -3.59344E-01  3.32435E+00 27.0
     62 20 18  311   7 3s2 3p5 6d      -3.06631E-01  3.37706E+00  9.0
     63 20 18  331   5 3s2 3p5 6d      -3.03025E-01  3.38067E+00 21.0
     64 20 18  131   5 3s2 3p5 6d      -2.99280E-01  3.38441E+00  7.0
     65 20 18  121   4 3s2 3p5 6d      -2.98056E-01  3.38563E+00  5.0
     66 20 18  321   4 3s2 3p5 6d      -2.98056E-01  3.38563E+00 15.0
     67 20 18  311   8 3s2 3p5 7s      -2.96280E-01  3.38741E+00  9.0
     68 20 18  111   7 3s2 3p5 7s      -2.94128E-01  3.38956E+00  3.0
     69 20 18  111   8 3s2 3p5 6d      -2.75797E-01  3.40789E+00  3.0
     70 20 18  300   4 3s2 3p5 7p      -2.72060E-01  3.41163E+00  3.0
     71 20 18  320   6 3s2 3p5 7p      -2.66896E-01  3.41679E+00 15.0
     72 20 18  120   6 3s2 3p5 7p      -2.64968E-01  3.41872E+00  5.0
     73 20 18  310   4 3s2 3p5 7p      -2.63978E-01  3.41971E+00  9.0
     74 20 18  110   4 3s2 3p5 7p      -2.63978E-01  3.41971E+00  3.0
     75 20 18  320   7 3s2 3p5 6f      -2.56053E-01  3.42764E+00 15.0
     76 20 18  100   5 3s2 3p5 7p      -2.55622E-01  3.42807E+00  1.0
     77 20 18  340   3 3s2 3p5 6f      -2.52718E-01  3.43097E+00 27.0
     78 20 18  140   3 3s2 3p5 6f      -2.52134E-01  3.43156E+00  9.0
     79 20 18  120   7 3s2 3p5 6f      -2.51648E-01  3.43204E+00  5.0
     80 20 18  331   6 3s2 3p5 6g      -2.50454E-01  3.43324E+00 21.0
     81 20 18  131   6 3s2 3p5 6g      -2.50411E-01  3.43328E+00  7.0
     82 20 18  351   2 3s2 3p5 6g      -2.50267E-01  3.43342E+00 33.0
     83 20 18  151   2 3s2 3p5 6g      -2.50253E-01  3.43344E+00 11.0
     84 20 18  330   3 3s2 3p5 6f      -2.50076E-01  3.43361E+00 21.0
     85 20 18  130   3 3s2 3p5 6f      -2.50076E-01  3.43361E+00  7.0
     86 20 18  340   4 3s2 3p5 6h      -2.50015E-01  3.43368E+00 27.0
     87 20 18  140   4 3s2 3p5 6h      -2.50012E-01  3.43368E+00  9.0
     88 20 18  350   1 3s2 3p5 6h      -2.49957E-01  3.43373E+00 33.0
     89 20 18  150   1 3s2 3p5 6h      -2.49957E-01  3.43373E+00 11.0
     90 20 18  141   2 3s2 3p5 6g      -2.49480E-01  3.43421E+00  9.0
     91 20 18  341   2 3s2 3p5 6g      -2.49480E-01  3.43421E+00 27.0
     92 20 18  311   9 3s2 3p5 7d      -2.18350E-01  3.46534E+00  9.0
     93 20 18  331   7 3s2 3p5 7d      -2.16105E-01  3.46759E+00 21.0
     94 20 18  131   7 3s2 3p5 7d      -2.13933E-01  3.46976E+00  7.0
     95 20 18  121   5 3s2 3p5 7d      -2.13186E-01  3.47050E+00  5.0
     96 20 18  321   5 3s2 3p5 7d      -2.13186E-01  3.47050E+00 15.0
     97 20 18  311  10 3s2 3p5 8s      -2.12073E-01  3.47162E+00  9.0
     98 20 18  111   9 3s2 3p5 8s      -2.10809E-01  3.47288E+00  3.0
     99 20 18  111  10 3s2 3p5 7d      -2.00579E-01  3.48311E+00  3.0
    100 20 18  300   5 3s2 3p5 8p      -1.97695E-01  3.48600E+00  3.0
    101 20 18  320   8 3s2 3p5 8p      -1.94038E-01  3.48965E+00 15.0
    102 20 18  120   8 3s2 3p5 8p      -1.92849E-01  3.49084E+00  5.0
    103 20 18  310   5 3s2 3p5 8p      -1.92240E-01  3.49145E+00  9.0
    104 20 18  110   5 3s2 3p5 8p      -1.92240E-01  3.49145E+00  3.0
    105 20 18  320   9 3s2 3p5 7f      -1.88338E-01  3.49535E+00 15.0
    106 20 18  100   6 3s2 3p5 8p      -1.87580E-01  3.49611E+00  1.0
    107 20 18  340   5 3s2 3p5 7f      -1.85510E-01  3.49818E+00 27.0
    108 20 18  140   5 3s2 3p5 7f      -1.85110E-01  3.49858E+00  9.0
    109 20 18  120   9 3s2 3p5 7f      -1.84746E-01  3.49894E+00  5.0
    110 20 18  331   8 3s2 3p5 7g      -1.84002E-01  3.49969E+00 21.0
    111 20 18  131   8 3s2 3p5 7g      -1.83967E-01  3.49972E+00  7.0
    112 20 18  351   3 3s2 3p5 7g      -1.83873E-01  3.49982E+00 33.0
    113 20 18  151   3 3s2 3p5 7g      -1.83862E-01  3.49983E+00 11.0
    114 20 18  130   4 3s2 3p5 7f      -1.83836E-01  3.49985E+00  7.0
    115 20 18  330   4 3s2 3p5 7f      -1.83836E-01  3.49985E+00 21.0
    116 20 18  340   6 3s2 3p5 7h      -1.83695E-01  3.49999E+00 27.0
    117 20 18  140   6 3s2 3p5 7h      -1.83693E-01  3.50000E+00  9.0
    118 20 18  151   4 3s2 3p5 7i      -1.83670E-01  3.50002E+00 11.0
    119 20 18  351   4 3s2 3p5 7i      -1.83670E-01  3.50002E+00 33.0
    120 20 18  350   2 3s2 3p5 7h      -1.83624E-01  3.50007E+00 33.0
    121 20 18  150   2 3s2 3p5 7h      -1.83624E-01  3.50007E+00 11.0
    122 20 18  341   3 3s2 3p5 7g      -1.83308E-01  3.50038E+00 27.0
    123 20 18  141   3 3s2 3p5 7g      -1.83308E-01  3.50038E+00  9.0
    124 20 18  311  11 3s2 3p5 8d      -1.63413E-01  3.52028E+00  9.0
    125 20 18  331   9 3s2 3p5 8d      -1.61917E-01  3.52177E+00 21.0
    126 20 18  131   9 3s2 3p5 8d      -1.60539E-01  3.52315E+00  7.0
    127 20 18  121   6 3s2 3p5 8d      -1.60048E-01  3.52364E+00  5.0
    128 20 18  321   6 3s2 3p5 8d      -1.60048E-01  3.52364E+00 15.0
    129 20 18  311  12 3s2 3p5 9s      -1.59308E-01  3.52438E+00  9.0
    130 20 18  111  11 3s2 3p5 9s      -1.58499E-01  3.52519E+00  3.0
    131 20 18  111  12 3s2 3p5 8d      -1.52205E-01  3.53149E+00  3.0
    132 20 18  300   6 3s2 3p5 9p      -1.50505E-01  3.53319E+00  3.0
    133 20 18  320  10 3s2 3p5 9p      -1.47449E-01  3.53624E+00 15.0
    134 20 18  120  10 3s2 3p5 9p      -1.46664E-01  3.53703E+00  5.0
    135 20 18  110   6 3s2 3p5 9p      -1.46262E-01  3.53743E+00  3.0
    136 20 18  310   6 3s2 3p5 9p      -1.46262E-01  3.53743E+00  9.0
    137 20 18  320  11 3s2 3p5 8f      -1.44337E-01  3.53935E+00 15.0
    138 20 18  100   7 3s2 3p5 9p      -1.43655E-01  3.54004E+00  1.0
    139 20 18  340   7 3s2 3p5 8f      -1.41908E-01  3.54178E+00 27.0
    140 20 18  140   7 3s2 3p5 8f      -1.41627E-01  3.54206E+00  9.0
    141 20 18  120  11 3s2 3p5 8f      -1.41362E-01  3.54233E+00  5.0
    142 20 18  331  10 3s2 3p5 8g      -1.40862E-01  3.54283E+00 21.0
    143 20 18  131  10 3s2 3p5 8g      -1.40835E-01  3.54286E+00  7.0
    144 20 18  130   5 3s2 3p5 8f      -1.40782E-01  3.54291E+00  7.0
    145 20 18  330   5 3s2 3p5 8f      -1.40782E-01  3.54291E+00 21.0
    146 20 18  351   5 3s2 3p5 8g      -1.40773E-01  3.54292E+00 33.0
    147 20 18  151   5 3s2 3p5 8g      -1.40764E-01  3.54293E+00 11.0
    148 20 18  340   8 3s2 3p5 8h      -1.40646E-01  3.54304E+00 27.0
    149 20 18  140   8 3s2 3p5 8h      -1.40645E-01  3.54305E+00  9.0
    150 20 18  151   6 3s2 3p5 8i      -1.40620E-01  3.54307E+00 11.0
    151 20 18  351   6 3s2 3p5 8i      -1.40620E-01  3.54307E+00 33.0
    152 20 18  350   3 3s2 3p5 8h      -1.40581E-01  3.54311E+00 33.0
    153 20 18  150   3 3s2 3p5 8h      -1.40581E-01  3.54311E+00 11.0
    154 20 18  341   4 3s2 3p5 8g      -1.40367E-01  3.54332E+00 27.0
    155 20 18  141   4 3s2 3p5 8g      -1.40367E-01  3.54332E+00  9.0
    156 20 18  311  13 3s2 3p5 9d      -1.26892E-01  3.55680E+00  9.0
    157 20 18  331  11 3s2 3p5 9d      -1.25843E-01  3.55785E+00 21.0
    158 20 18  131  11 3s2 3p5 9d      -1.24913E-01  3.55878E+00  7.0
    159 20 18  121   7 3s2 3p5 9d      -1.24573E-01  3.55912E+00  5.0
    160 20 18  321   7 3s2 3p5 9d      -1.24573E-01  3.55912E+00 15.0
    161 20 18  311  14 3s2 3p510s      -1.24057E-01  3.55963E+00  9.0
    162 20 18  111  13 3s2 3p510s      -1.23508E-01  3.56018E+00  3.0
    163 20 18  111  14 3s2 3p5 9d      -1.19354E-01  3.56434E+00  3.0
    164 20 18  300   7 3s2 3p510p      -1.19165E-01  3.56453E+00  3.0
    165 20 18  320  12 3s2 3p510p      -1.15846E-01  3.56784E+00 15.0
    166 20 18  120  12 3s2 3p510p      -1.15300E-01  3.56839E+00  5.0
    167 20 18  310   7 3s2 3p510p      -1.15021E-01  3.56867E+00  9.0
    168 20 18  110   7 3s2 3p510p      -1.15021E-01  3.56867E+00  3.0
    169 20 18  320  13 3s2 3p5 9f      -1.14142E-01  3.56955E+00 15.0
    170 20 18  100   8 3s2 3p510p      -1.13692E-01  3.57000E+00  1.0
    171 20 18  340   9 3s2 3p5 9f      -1.12038E-01  3.57165E+00 27.0
    172 20 18  140   9 3s2 3p5 9f      -1.11834E-01  3.57186E+00  9.0
    173 20 18  120  13 3s2 3p5 9f      -1.11639E-01  3.57205E+00  5.0
    174 20 18  331  12 3s2 3p5 9g      -1.11285E-01  3.57241E+00 21.0
    175 20 18  131  12 3s2 3p5 9g      -1.11264E-01  3.57243E+00  7.0
    176 20 18  130   6 3s2 3p5 9f      -1.11245E-01  3.57245E+00  7.0
    177 20 18  330   6 3s2 3p5 9f      -1.11245E-01  3.57245E+00 21.0
    178 20 18  351   7 3s2 3p5 9g      -1.11222E-01  3.57247E+00 33.0
    179 20 18  151   7 3s2 3p5 9g      -1.11215E-01  3.57247E+00 11.0
    180 20 18  340  10 3s2 3p5 9h      -1.11130E-01  3.57256E+00 27.0
    181 20 18  140  10 3s2 3p5 9h      -1.11128E-01  3.57256E+00  9.0
    182 20 18  151   8 3s2 3p5 9i      -1.11106E-01  3.57258E+00 11.0
    183 20 18  351   8 3s2 3p5 9i      -1.11106E-01  3.57258E+00 33.0
    184 20 18  350   4 3s2 3p5 9h      -1.11075E-01  3.57262E+00 33.0
    185 20 18  150   4 3s2 3p5 9h      -1.11075E-01  3.57262E+00 11.0
    186 20 18  341   5 3s2 3p5 9g      -1.10925E-01  3.57277E+00 27.0
    187 20 18  141   5 3s2 3p5 9g      -1.10925E-01  3.57277E+00  9.0
    188 20 18  311  15 3s2 3p510d      -1.01381E-01  3.58231E+00  9.0
    189 20 18  331  13 3s2 3p510d      -1.00617E-01  3.58307E+00 21.0
    190 20 18  131  13 3s2 3p510d      -9.99584E-02  3.58373E+00  7.0
    191 20 18  121   8 3s2 3p510d      -9.97131E-02  3.58398E+00  5.0
    192 20 18  321   8 3s2 3p510d      -9.97131E-02  3.58398E+00 15.0
    193 20 18  300   8 3s2 3p511p      -9.95946E-02  3.58410E+00  3.0
    194 20 18  311  16 3s2 3p511s      -9.93402E-02  3.58435E+00  9.0
    195 20 18  111  15 3s2 3p511s      -9.89497E-02  3.58474E+00  3.0
    196 20 18  111  16 3s2 3p510d      -9.60612E-02  3.58763E+00  3.0
    197 20 18  320  14 3s2 3p511p      -9.34209E-02  3.59027E+00 15.0
    198 20 18  120  14 3s2 3p511p      -9.30264E-02  3.59066E+00  5.0
    199 20 18  310   8 3s2 3p511p      -9.28247E-02  3.59087E+00  9.0
    200 20 18  110   8 3s2 3p511p      -9.28247E-02  3.59087E+00  3.0
    201 20 18  320  15 3s2 3p510f      -9.25232E-02  3.59117E+00 15.0
    202 20 18  100   9 3s2 3p511p      -9.24029E-02  3.59129E+00  1.0
    203 20 18  340  11 3s2 3p510f      -9.06890E-02  3.59300E+00 27.0
    204 20 18  140  11 3s2 3p510f      -9.05369E-02  3.59315E+00  9.0
    205 20 18  120  15 3s2 3p510f      -9.03904E-02  3.59330E+00  5.0
    206 20 18  331  14 3s2 3p510g      -9.01302E-02  3.59356E+00 21.0
    207 20 18  131  14 3s2 3p510g      -9.01139E-02  3.59358E+00  7.0
    208 20 18  130   7 3s2 3p510f      -9.01092E-02  3.59358E+00  7.0
    209 20 18  330   7 3s2 3p510f      -9.01092E-02  3.59358E+00 21.0
    210 20 18  351   9 3s2 3p510g      -9.00840E-02  3.59361E+00 33.0
    211 20 18  151   9 3s2 3p510g      -9.00789E-02  3.59361E+00 11.0
    212 20 18  340  12 3s2 3p510h      -9.00155E-02  3.59367E+00 27.0
    213 20 18  140  12 3s2 3p510h      -9.00148E-02  3.59368E+00  9.0
 ====================================================================
