 ====================================================================
      i NZ NE iSLP iLV iCONF                 E(RYD)      TE(RYD)   gi
 ====================================================================
      1 20 17  211   1 3s2 3p5         -4.99190E+00  0.00000E+00  6.0
      2 20 17  200   1 3s 3p6          -3.59304E+00  1.39886E+00  2.0
      3 20 17  420   1 3p4(3PE) 3d     -3.02915E+00  1.96275E+00 20.0
      4 20 17  430   1 3p4(3PE) 3d     -2.85975E+00  2.13215E+00 28.0
      5 20 17  210   1 3p4(3PE) 4s     -2.85852E+00  2.13338E+00  6.0
      6 20 17  410   1 3p4(3PE) 3d     -2.79462E+00  2.19728E+00 12.0
      7 20 17  220   1 3p4(3PE) 3d     -2.76918E+00  2.22272E+00 10.0
      8 20 17  230   1 3p4(3PE) 3d     -2.74512E+00  2.24678E+00 14.0
      9 20 17  240   1 3p4(1DE) 3d     -2.70418E+00  2.28772E+00 18.0
     10 20 17  230   2 3p4(1DE) 3d     -2.54895E+00  2.44295E+00 14.0
     11 20 17  220   2 3p4(1DE) 3d     -2.33194E+00  2.65996E+00 10.0
     12 20 17  410   2 3p4(3PE) 4s     -2.22740E+00  2.76450E+00 12.0
     13 20 17  210   2 3p4(3PE) 3d     -2.17262E+00  2.81928E+00  6.0
     14 20 17  200   2 3p4(1DE) 3d     -2.13431E+00  2.85759E+00  2.0
     15 20 17  220   3 3p4(1SE) 3d     -2.05420E+00  2.93770E+00 10.0
     16 20 17  210   3 3p4(1DE) 3d     -2.03018E+00  2.96172E+00  6.0
     17 20 17  220   4 3p4(1DE) 4s     -1.99143E+00  3.00047E+00 10.0
     18 20 17  411   1 3p4(3PE) 4p     -1.89224E+00  3.09966E+00 12.0
     19 20 17  421   1 3p4(3PE) 4p     -1.84534E+00  3.14656E+00 20.0
     20 20 17  221   1 3p4(3PE) 4p     -1.81612E+00  3.17578E+00 10.0
     21 20 17  211   2 3p4(3PE) 4p     -1.81606E+00  3.17584E+00  6.0
     22 20 17  200   3 3p4(1SE) 4s     -1.80783E+00  3.18407E+00  2.0
     23 20 17  201   1 3p4(3PE) 4p     -1.78727E+00  3.20463E+00  2.0
     24 20 17  401   1 3p4(3PE) 4p     -1.78337E+00  3.20853E+00  4.0
     25 20 17  411   2 3s 3p5(3PO) 3d  -1.73119E+00  3.26071E+00 12.0
     26 20 17  231   1 3p4(1DE) 4p     -1.69261E+00  3.29929E+00 14.0
     27 20 17  221   2 3p4(1DE) 4p     -1.64009E+00  3.35181E+00 10.0
     28 20 17  211   3 3p4(1DE) 4p     -1.61932E+00  3.37258E+00  6.0
     29 20 17  431   1 3s 3p5(3PO) 3d  -1.57961E+00  3.41229E+00 28.0
     30 20 17  211   4 3p4(1SE) 4p     -1.44058E+00  3.55132E+00  6.0
     31 20 17  421   2 3s 3p5(3PO) 3d  -1.43155E+00  3.56035E+00 20.0
     32 20 17  231   2 3s 3p5(3PO) 3d  -1.35793E+00  3.63397E+00 14.0
     33 20 17  221   3 3s 3p5(3PO) 3d  -1.34500E+00  3.64690E+00 10.0
     34 20 17  420   2 3p4(3PE) 4d     -1.34052E+00  3.65138E+00 20.0
     35 20 17  430   2 3p4(3PE) 4d     -1.30479E+00  3.68711E+00 28.0
     36 20 17  410   3 3p4(3PE) 4d     -1.28905E+00  3.70285E+00 12.0
     37 20 17  230   3 3p4(3PE) 4d     -1.28732E+00  3.70458E+00 14.0
     38 20 17  210   4 3p4(3PE) 5s     -1.25982E+00  3.73208E+00  6.0
     39 20 17  220   5 3p4(3PE) 4d     -1.24562E+00  3.74628E+00 10.0
     40 20 17  211   5 3s 3p5(3PO) 3d  -1.17600E+00  3.81590E+00  6.0
     41 20 17  410   4 3p4(3PE) 5s     -1.16224E+00  3.82966E+00 12.0
     42 20 17  240   2 3p4(1DE) 4d     -1.15546E+00  3.83644E+00 18.0
     43 20 17  210   5 3p4(3PE) 4d     -1.15382E+00  3.83808E+00  6.0
     44 20 17  200   4 3p4(1DE) 4d     -1.13062E+00  3.86128E+00  2.0
     45 20 17  230   4 3p4(1DE) 4d     -1.12006E+00  3.87184E+00 14.0
     46 20 17  220   6 3p4(1DE) 4d     -1.11138E+00  3.88052E+00 10.0
     47 20 17  210   6 3p4(1DE) 4d     -1.10338E+00  3.88852E+00  6.0
     48 20 17  231   3 3s 3p5(1PO) 3d  -1.06512E+00  3.92678E+00 14.0
     49 20 17  411   3 3p4(3PE) 5p     -1.03049E+00  3.96141E+00 12.0
     50 20 17  431   2 3p4(3PE) 4f     -1.01917E+00  3.97273E+00 28.0
     51 20 17  421   3 3p4(3PE) 5p     -1.01430E+00  3.97760E+00 20.0
     52 20 17  441   1 3p4(3PE) 4f     -1.00518E+00  3.98672E+00 36.0
     53 20 17  221   4 3p4(3PE) 4f     -1.00226E+00  3.98964E+00 10.0
     54 20 17  241   1 3p4(3PE) 4f     -1.00151E+00  3.99039E+00 18.0
     55 20 17  221   5 3p4(3PE) 5p     -1.00070E+00  3.99120E+00 10.0
     56 20 17  231   4 3p4(3PE) 4f     -9.95706E-01  3.99619E+00 14.0
     57 20 17  220   7 3p4(1DE) 5s     -9.94888E-01  3.99701E+00 10.0
     58 20 17  201   2 3p4(3PE) 5p     -9.93121E-01  3.99878E+00  2.0
     59 20 17  421   4 3p4(3PE) 4f     -9.92323E-01  3.99958E+00 20.0
     60 20 17  401   2 3p4(3PE) 5p     -9.92027E-01  3.99987E+00  4.0
     61 20 17  211   6 3p4(3PE) 5p     -9.80831E-01  4.01107E+00  6.0
     62 20 17  220   8 3p4(1SE) 4d     -9.06158E-01  4.08574E+00 10.0
     63 20 17  221   6 3s 3p5(1PO) 3d  -9.05486E-01  4.08641E+00 10.0
     64 20 17  211   7 3p4(1DE) 4f     -8.64857E-01  4.12704E+00  6.0
     65 20 17  251   1 3p4(1DE) 4f     -8.54961E-01  4.13694E+00 22.0
     66 20 17  231   5 3p4(1DE) 5p     -8.54825E-01  4.13707E+00 14.0
     67 20 17  211   8 3p4(1DE) 5p     -8.51669E-01  4.14023E+00  6.0
     68 20 17  221   7 3p4(1DE) 5p     -8.39198E-01  4.15270E+00 10.0
     69 20 17  241   2 3p4(1DE) 4f     -8.32603E-01  4.15930E+00 18.0
     70 20 17  231   6 3p4(1DE) 4f     -8.29210E-01  4.16269E+00 14.0
     71 20 17  221   8 3p4(1DE) 4f     -8.24910E-01  4.16699E+00 10.0
     72 20 17  411   4 3s 3p5(3PO) 4s  -8.11599E-01  4.18030E+00 12.0
     73 20 17  420   3 3p4(3PE) 5d     -7.98648E-01  4.19325E+00 20.0
     74 20 17  430   3 3p4(3PE) 5d     -7.83123E-01  4.20878E+00 28.0
     75 20 17  410   5 3p4(3PE) 5d     -7.78435E-01  4.21346E+00 12.0
     76 20 17  230   5 3p4(3PE) 5d     -7.75972E-01  4.21593E+00 14.0
     77 20 17  200   5 3p4(1SE) 5s     -7.67986E-01  4.22391E+00  2.0
     78 20 17  210   7 3p4(3PE) 6s     -7.62182E-01  4.22972E+00  6.0
     79 20 17  220   9 3p4(3PE) 5d     -7.58932E-01  4.23297E+00 10.0
     80 20 17  211   9 3s 3p5(3PO) 4s  -7.43547E-01  4.24835E+00  6.0
     81 20 17  410   6 3p4(3PE) 6s     -7.18323E-01  4.27358E+00 12.0
     82 20 17  210   8 3p4(3PE) 5d     -7.09163E-01  4.28274E+00  6.0
     83 20 17  211  10 3s 3p5(1PO) 3d  -6.84686E-01  4.30721E+00  6.0
     84 20 17  431   3 3p4(3PE) 5f     -6.55008E-01  4.33689E+00 28.0
     85 20 17  421   5 3p4(3PE) 5f     -6.53848E-01  4.33805E+00 20.0
     86 20 17  441   2 3p4(3PE) 5f     -6.48320E-01  4.34358E+00 36.0
     87 20 17  411   5 3p4(3PE) 6p     -6.46472E-01  4.34543E+00 12.0
     88 20 17  241   3 3p4(3PE) 5f     -6.45487E-01  4.34641E+00 18.0
     89 20 17  231   7 3p4(3PE) 5f     -6.44907E-01  4.34699E+00 14.0
     90 20 17  440   1 3p4(3PE) 5g     -6.42555E-01  4.34935E+00 36.0
     91 20 17  240   3 3p4(3PE) 5g     -6.42232E-01  4.34967E+00 18.0
     92 20 17  221   9 3p4(3PE) 5f     -6.41236E-01  4.35066E+00 10.0
     93 20 17  421   6 3p4(3PE) 6p     -6.40168E-01  4.35173E+00 20.0
     94 20 17  450   1 3p4(3PE) 5g     -6.39704E-01  4.35220E+00 44.0
     95 20 17  250   1 3p4(3PE) 5g     -6.39617E-01  4.35228E+00 22.0
     96 20 17  430   4 3p4(3PE) 5g     -6.38957E-01  4.35294E+00 28.0
     97 20 17  230   6 3p4(3PE) 5g     -6.38820E-01  4.35308E+00 14.0
     98 20 17  221  10 3p4(3PE) 6p     -6.34332E-01  4.35757E+00 10.0
     99 20 17  201   3 3p4(3PE) 6p     -6.34064E-01  4.35784E+00  2.0
    100 20 17  401   3 3p4(3PE) 6p     -6.33712E-01  4.35819E+00  4.0
    101 20 17  211  11 3p4(3PE) 6p     -6.29899E-01  4.36200E+00  6.0
    102 20 17  240   4 3p4(1DE) 5d     -6.26338E-01  4.36556E+00 18.0
    103 20 17  210   9 3p4(1DE) 5d     -6.22166E-01  4.36973E+00  6.0
    104 20 17  200   6 3p4(1DE) 5d     -6.20616E-01  4.37128E+00  2.0
    105 20 17  220  10 3p4(1DE) 5d     -6.16305E-01  4.37560E+00 10.0
    106 20 17  230   7 3p4(1DE) 5d     -6.13210E-01  4.37869E+00 14.0
    107 20 17  231   8 3p4(1SE) 4f     -6.09474E-01  4.38243E+00 14.0
    108 20 17  211  12 3p4(1SE) 5p     -6.05425E-01  4.38648E+00  6.0
    109 20 17  421   7 3s2 3p3 3d2     -5.73748E-01  4.41815E+00 20.0
    110 20 17  411   6 3s2 3p3 3d2     -5.65476E-01  4.42642E+00 12.0
    111 20 17  220  11 3p4(1DE) 6s     -5.55266E-01  4.43663E+00 10.0
    112 20 17  420   4 3p4(3PE) 6d     -5.36497E-01  4.45540E+00 20.0
    113 20 17  441   3 3s2 3p3 3d2     -5.32509E-01  4.45939E+00 36.0
    114 20 17  430   5 3p4(3PE) 6d     -5.23635E-01  4.46827E+00 28.0
    115 20 17  410   7 3p4(3PE) 6d     -5.23021E-01  4.46888E+00 12.0
    116 20 17  230   8 3p4(3PE) 6d     -5.19878E-01  4.47202E+00 14.0
    117 20 17  431   4 3s2 3p3 3d2     -5.14106E-01  4.47779E+00 28.0
    118 20 17  210  10 3p4(3PE) 7s     -5.12468E-01  4.47943E+00  6.0
    119 20 17  220  12 3p4(3PE) 6d     -5.11993E-01  4.47991E+00 10.0
    120 20 17  400   1 3s 3p5(3PO) 4p  -5.09537E-01  4.48236E+00  4.0
    121 20 17  251   2 3p4(1DE) 5f     -4.92100E-01  4.49980E+00 22.0
    122 20 17  211  13 3p4(1DE) 5f     -4.91862E-01  4.50004E+00  6.0
    123 20 17  231   9 3p4(1DE) 5f     -4.89252E-01  4.50265E+00 14.0
    124 20 17  410   8 3p4(3PE) 7s     -4.88651E-01  4.50325E+00 12.0
    125 20 17  221  11 3p4(1DE) 5f     -4.88435E-01  4.50347E+00 10.0
    126 20 17  210  11 3p4(3PE) 6d     -4.82801E-01  4.50910E+00  6.0
    127 20 17  220  13 3p4(1DE) 5g     -4.82373E-01  4.50953E+00 10.0
    128 20 17  211  14 3p4(1DE) 6p     -4.82066E-01  4.50983E+00  6.0
    129 20 17  241   4 3p4(1DE) 5f     -4.81065E-01  4.51084E+00 18.0
    130 20 17  231  10 3p4(1DE) 6p     -4.79798E-01  4.51210E+00 14.0
    131 20 17  230   9 3p4(1DE) 5g     -4.79584E-01  4.51232E+00 14.0
    132 20 17  240   5 3p4(1DE) 5g     -4.77794E-01  4.51411E+00 18.0
    133 20 17  250   2 3p4(1DE) 5g     -4.77609E-01  4.51429E+00 22.0
    134 20 17  221  12 3p4(1DE) 6p     -4.74156E-01  4.51774E+00 10.0
    135 20 17  431   5 3p4(3PE) 6f     -4.56496E-01  4.53540E+00 28.0
    136 20 17  241   5 3p4(3PE) 6f     -4.50835E-01  4.54107E+00 18.0
    137 20 17  441   4 3p4(3PE) 6f     -4.50365E-01  4.54153E+00 36.0
    138 20 17  231  11 3p4(3PE) 6f     -4.48628E-01  4.54327E+00 14.0
    139 20 17  411   7 3p4(3PE) 7p     -4.48432E-01  4.54347E+00 12.0
    140 20 17  221  13 3p4(3PE) 6f     -4.48208E-01  4.54369E+00 10.0
    141 20 17  440   2 3p4(3PE) 6g     -4.46424E-01  4.54548E+00 36.0
    142 20 17  240   6 3p4(3PE) 6g     -4.46106E-01  4.54579E+00 18.0
    143 20 17  421   8 3p4(3PE) 7p     -4.45881E-01  4.54602E+00 20.0
    144 20 17  420   5 3s 3p5(3PO) 4p  -4.44744E-01  4.54716E+00 20.0
    145 20 17  451   1 3p4(3PE) 6h     -4.44632E-01  4.54727E+00 44.0
    146 20 17  251   3 3p4(3PE) 6h     -4.44628E-01  4.54727E+00 22.0
    147 20 17  450   2 3p4(3PE) 6g     -4.44332E-01  4.54757E+00 44.0
    148 20 17  241   6 3p4(3PE) 6h     -4.44323E-01  4.54758E+00 18.0
    149 20 17  441   5 3p4(3PE) 6h     -4.44320E-01  4.54758E+00 36.0
    150 20 17  250   3 3p4(3PE) 6g     -4.44246E-01  4.54765E+00 22.0
    151 20 17  430   6 3p4(3PE) 6g     -4.43802E-01  4.54810E+00 28.0
    152 20 17  230  10 3p4(3PE) 6g     -4.43667E-01  4.54823E+00 14.0
    153 20 17  421   9 3p4(3PE) 6f     -4.42340E-01  4.54956E+00 20.0
    154 20 17  221  14 3p4(3PE) 7p     -4.41823E-01  4.55008E+00 10.0
    155 20 17  201   4 3p4(3PE) 7p     -4.40380E-01  4.55152E+00  2.0
    156 20 17  401   4 3p4(3PE) 7p     -4.40296E-01  4.55160E+00  4.0
    157 20 17  211  15 3p4(3PE) 7p     -4.34126E-01  4.55777E+00  6.0
    158 20 17  220  14 3s 3p5(3PO) 4p  -4.12289E-01  4.57961E+00 10.0
    159 20 17  410   9 3s 3p5(3PO) 4p  -4.08280E-01  4.58362E+00 12.0
    160 20 17  211  16 3s 3p5(1PO) 4s  -3.92996E-01  4.59890E+00  6.0
    161 20 17  210  12 3p4(1DE) 6d     -3.90774E-01  4.60113E+00  6.0
    162 20 17  451   2 3s2 3p3 3d2     -3.89114E-01  4.60279E+00 44.0
    163 20 17  231  12 3s2 3p3 3d2     -3.86936E-01  4.60496E+00 14.0
    164 20 17  220  15 3p4(1SE) 5d     -3.78960E-01  4.61294E+00 10.0
    165 20 17  430   7 3p4(3PE) 7d     -3.75061E-01  4.61684E+00 28.0
    166 20 17  420   6 3p4(3PE) 7d     -3.74352E-01  4.61755E+00 20.0
    167 20 17  230  11 3p4(3PE) 7d     -3.73001E-01  4.61890E+00 14.0
    168 20 17  210  13 3p4(3PE) 8s     -3.70815E-01  4.62109E+00  6.0
    169 20 17  220  16 3p4(3PE) 7d     -3.69688E-01  4.62221E+00 10.0
    170 20 17  410  10 3p4(3PE) 7d     -3.68648E-01  4.62325E+00 12.0
    171 20 17  221  15 3s2 3p3 3d2     -3.67339E-01  4.62456E+00 10.0
    172 20 17  240   7 3p4(1DE) 6d     -3.64898E-01  4.62700E+00 18.0
    173 20 17  200   7 3p4(1DE) 6d     -3.64537E-01  4.62736E+00  2.0
    174 20 17  230  12 3p4(1DE) 6d     -3.57861E-01  4.63404E+00 14.0
    175 20 17  210  14 3p4(3PE) 7d     -3.53236E-01  4.63866E+00  6.0
    176 20 17  220  17 3p4(1DE) 6d     -3.53135E-01  4.63876E+00 10.0
    177 20 17  410  11 3p4(3PE) 8s     -3.52737E-01  4.63916E+00 12.0
    178 20 17  210  15 3s 3p5(3PO) 4p  -3.41923E-01  4.64998E+00  6.0
    179 20 17  431   6 3p4(3PE) 7f     -3.37682E-01  4.65422E+00 28.0
    180 20 17  251   4 3s2 3p3 3d2     -3.36807E-01  4.65509E+00 22.0
    181 20 17  200   8 3p4(1SE) 6s     -3.35769E-01  4.65613E+00  2.0
    182 20 17  241   7 3p4(3PE) 7f     -3.34298E-01  4.65760E+00 18.0
    183 20 17  441   6 3p4(3PE) 7f     -3.32961E-01  4.65894E+00 36.0
    184 20 17  231  13 3p4(3PE) 7f     -3.30242E-01  4.66166E+00 14.0
    185 20 17  411   8 3p4(3PE) 8p     -3.28899E-01  4.66300E+00 12.0
    186 20 17  421  10 3p4(3PE) 7f     -3.28264E-01  4.66364E+00 20.0
    187 20 17  440   3 3p4(3PE) 7g     -3.27927E-01  4.66397E+00 36.0
    188 20 17  240   8 3p4(3PE) 7g     -3.27671E-01  4.66423E+00 18.0
    189 20 17  451   3 3p4(3PE) 7h     -3.26736E-01  4.66516E+00 44.0
    190 20 17  251   5 3p4(3PE) 7h     -3.26729E-01  4.66517E+00 22.0
    191 20 17  450   3 3p4(3PE) 7i     -3.26614E-01  4.66529E+00 44.0
    192 20 17  250   4 3p4(3PE) 7i     -3.26588E-01  4.66531E+00 22.0
    193 20 17  450   4 3p4(3PE) 7g     -3.26418E-01  4.66548E+00 44.0
    194 20 17  441   7 3p4(3PE) 7h     -3.26411E-01  4.66549E+00 36.0
    195 20 17  241   8 3p4(3PE) 7h     -3.26410E-01  4.66549E+00 18.0
    196 20 17  250   5 3p4(3PE) 7g     -3.26374E-01  4.66553E+00 22.0
    197 20 17  430   8 3p4(3PE) 7g     -3.26156E-01  4.66574E+00 28.0
    198 20 17  421  11 3p4(3PE) 8p     -3.26064E-01  4.66584E+00 20.0
    199 20 17  230  13 3p4(3PE) 7g     -3.26047E-01  4.66585E+00 14.0
    200 20 17  221  16 3p4(3PE) 8p     -3.25276E-01  4.66662E+00 10.0
    201 20 17  220  18 3p4(1DE) 7s     -3.25006E-01  4.66689E+00 10.0
    202 20 17  401   5 3p4(3PE) 8p     -3.23801E-01  4.66810E+00  4.0
    203 20 17  201   5 3p4(3PE) 8p     -3.23772E-01  4.66813E+00  2.0
    204 20 17  221  17 3p4(3PE) 7f     -3.19983E-01  4.67192E+00 10.0
    205 20 17  211  17 3p4(3PE) 8p     -3.19193E-01  4.67271E+00  6.0
    206 20 17  200   9 3s 3p5(3PO) 4p  -3.13312E-01  4.67859E+00  2.0
    207 20 17  211  18 3p4(1DE) 6f     -2.95590E-01  4.69631E+00  6.0
    208 20 17  241   9 3p4(1DE) 6f     -2.91669E-01  4.70023E+00 18.0
    209 20 17  251   6 3p4(1DE) 6f     -2.88441E-01  4.70346E+00 22.0
    210 20 17  220  19 3p4(1DE) 6g     -2.85882E-01  4.70602E+00 10.0
    211 20 17  231  14 3p4(1DE) 7p     -2.85744E-01  4.70616E+00 14.0
    212 20 17  230  14 3p4(1DE) 6g     -2.83970E-01  4.70793E+00 14.0
    213 20 17  231  15 3p4(1DE) 6h     -2.83747E-01  4.70815E+00 14.0
    214 20 17  241  10 3p4(1DE) 6h     -2.83473E-01  4.70843E+00 18.0
    215 20 17  251   7 3p4(1DE) 6h     -2.83310E-01  4.70859E+00 22.0
    216 20 17  420   7 3p4(3PE) 8d     -2.83198E-01  4.70870E+00 20.0
    217 20 17  240   9 3p4(1DE) 6g     -2.82855E-01  4.70904E+00 18.0
    218 20 17  250   6 3p4(1DE) 6g     -2.82534E-01  4.70937E+00 22.0
    219 20 17  430   9 3p4(3PE) 8d     -2.81919E-01  4.70998E+00 28.0
    220 20 17  211  19 3p4(1DE) 7p     -2.81055E-01  4.71084E+00  6.0
    221 20 17  221  18 3p4(1DE) 6f     -2.80891E-01  4.71101E+00 10.0
    222 20 17  230  15 3p4(3PE) 8d     -2.80508E-01  4.71139E+00 14.0
    223 20 17  221  19 3p4(1DE) 7p     -2.80237E-01  4.71166E+00 10.0
    224 20 17  410  12 3p4(3PE) 8d     -2.79854E-01  4.71205E+00 12.0
    225 20 17  231  16 3p4(1DE) 6f     -2.79181E-01  4.71272E+00 14.0
    226 20 17  220  20 3p4(3PE) 8d     -2.78127E-01  4.71377E+00 10.0
    227 20 17  210  16 3p4(3PE) 9s     -2.78127E-01  4.71377E+00  6.0
    228 20 17  441   8 3s2 3p3 3d2     -2.78110E-01  4.71379E+00 36.0
    229 20 17  410  13 3p4(3PE) 9s     -2.67607E-01  4.72429E+00 12.0
    230 20 17  210  17 3p4(3PE) 8d     -2.65727E-01  4.72617E+00  6.0
    231 20 17  241  11 3s2 3p3 3d2     -2.64689E-01  4.72721E+00 18.0
    232 20 17  431   7 3p4(3PE) 8f     -2.61946E-01  4.72995E+00 28.0
    233 20 17  231  17 3p4(1SE) 5f     -2.55513E-01  4.73639E+00 14.0
    234 20 17  421  12 3p4(3PE) 8f     -2.51806E-01  4.74009E+00 20.0
    235 20 17  211  20 3p4(1SE) 6p     -2.51592E-01  4.74031E+00  6.0
    236 20 17  411   9 3p4(3PE) 9p     -2.51518E-01  4.74038E+00 12.0
    237 20 17  231  18 3p4(3PE) 8f     -2.51399E-01  4.74050E+00 14.0
    238 20 17  240  10 3p4(1SE) 5g     -2.51275E-01  4.74062E+00 18.0
    239 20 17  440   4 3p4(3PE) 8g     -2.50995E-01  4.74090E+00 36.0
    240 20 17  441   9 3p4(3PE) 8f     -2.50930E-01  4.74097E+00 36.0
    241 20 17  240  11 3p4(3PE) 8g     -2.50795E-01  4.74111E+00 18.0
    242 20 17  451   4 3p4(3PE) 8h     -2.50177E-01  4.74172E+00 44.0
    243 20 17  251   8 3p4(3PE) 8h     -2.50171E-01  4.74173E+00 22.0
    244 20 17  450   5 3p4(3PE) 8g     -2.50095E-01  4.74181E+00 44.0
    245 20 17  250   7 3p4(3PE) 8i     -2.50068E-01  4.74183E+00 22.0
    246 20 17  450   6 3p4(3PE) 8i     -2.49906E-01  4.74199E+00 44.0
    247 20 17  241  12 3p4(3PE) 8h     -2.49901E-01  4.74200E+00 18.0
    248 20 17  250   8 3p4(3PE) 8g     -2.49879E-01  4.74202E+00 22.0
    249 20 17  441  10 3p4(3PE) 8h     -2.49873E-01  4.74203E+00 36.0
    250 20 17  421  13 3p4(3PE) 9p     -2.49826E-01  4.74207E+00 20.0
    251 20 17  430  10 3p4(3PE) 8g     -2.49772E-01  4.74213E+00 28.0
    252 20 17  230  16 3p4(3PE) 8g     -2.49687E-01  4.74221E+00 14.0
    253 20 17  221  20 3p4(3PE) 9p     -2.49552E-01  4.74235E+00 10.0
    254 20 17  401   6 3p4(3PE) 9p     -2.48172E-01  4.74373E+00  4.0
    255 20 17  201   6 3p4(3PE) 9p     -2.48094E-01  4.74381E+00  2.0
    256 20 17  221  21 3p4(3PE) 8f     -2.47463E-01  4.74444E+00 10.0
    257 20 17  211  21 3p4(3PE) 9p     -2.43806E-01  4.74809E+00  6.0
    258 20 17  241  13 3p4(3PE) 8f     -2.36805E-01  4.75510E+00 18.0
    259 20 17  420   8 3p4(3PE) 9d     -2.20794E-01  4.77111E+00 20.0
    260 20 17  430  11 3p4(3PE) 9d     -2.19651E-01  4.77225E+00 28.0
    261 20 17  210  18 3p4(3PE)10s     -2.19266E-01  4.77263E+00  6.0
    262 20 17  220  21 3p4(3PE) 9d     -2.19132E-01  4.77277E+00 10.0
    263 20 17  230  17 3p4(3PE) 9d     -2.18760E-01  4.77314E+00 14.0
    264 20 17  410  14 3p4(3PE) 9d     -2.18445E-01  4.77346E+00 12.0
    265 20 17  240  12 3p4(1DE) 7d     -2.15421E-01  4.77648E+00 18.0
    266 20 17  200  10 3p4(1DE) 7d     -2.15048E-01  4.77685E+00  2.0
    267 20 17  431   8 3p4(3PE) 9f     -2.13196E-01  4.77870E+00 28.0
    268 20 17  210  19 3p4(1DE) 7d     -2.12241E-01  4.77966E+00  6.0
    269 20 17  230  18 3p4(1DE) 7d     -2.11234E-01  4.78067E+00 14.0
    270 20 17  220  22 3p4(1DE) 7d     -2.10901E-01  4.78100E+00 10.0
    271 20 17  410  15 3p4(3PE)10s     -2.09802E-01  4.78210E+00 12.0
    272 20 17  210  20 3p4(3PE) 9d     -2.07012E-01  4.78489E+00  6.0
    273 20 17  231  19 3p4(3PE) 9f     -2.00356E-01  4.79154E+00 14.0
    274 20 17  441  11 3p4(3PE) 9f     -1.99879E-01  4.79202E+00 36.0
    275 20 17  421  14 3p4(3PE) 9f     -1.99348E-01  4.79255E+00 20.0
    276 20 17  411  10 3p4(3PE)10p     -1.98567E-01  4.79333E+00 12.0
    277 20 17  440   5 3p4(3PE) 9g     -1.98257E-01  4.79364E+00 36.0
    278 20 17  240  13 3p4(3PE) 9g     -1.98106E-01  4.79379E+00 18.0
    279 20 17  451   5 3p4(3PE) 9h     -1.97674E-01  4.79423E+00 44.0
    280 20 17  251   9 3p4(3PE) 9h     -1.97669E-01  4.79423E+00 22.0
    281 20 17  450   7 3p4(3PE) 9g     -1.97616E-01  4.79428E+00 44.0
    282 20 17  250   9 3p4(3PE) 9i     -1.97594E-01  4.79431E+00 22.0
    283 20 17  221  22 3p4(3PE) 9f     -1.97534E-01  4.79437E+00 10.0
    284 20 17  241  14 3p4(3PE) 9h     -1.97461E-01  4.79444E+00 18.0
    285 20 17  450   8 3p4(3PE) 9i     -1.97457E-01  4.79444E+00 44.0
    286 20 17  421  15 3p4(3PE)10p     -1.97457E-01  4.79444E+00 20.0
    287 20 17  441  12 3p4(3PE) 9h     -1.97449E-01  4.79445E+00 36.0
    288 20 17  250  10 3p4(3PE) 9g     -1.97438E-01  4.79446E+00 22.0
    289 20 17  430  12 3p4(3PE) 9g     -1.97384E-01  4.79452E+00 28.0
    290 20 17  230  19 3p4(3PE) 9g     -1.97319E-01  4.79458E+00 14.0
    291 20 17  241  15 3p4(3PE) 9f     -1.96744E-01  4.79516E+00 18.0
    292 20 17  401   7 3p4(3PE)10p     -1.96288E-01  4.79561E+00  4.0
    293 20 17  201   7 3p4(3PE)10p     -1.96191E-01  4.79571E+00  2.0
    294 20 17  221  23 3p4(3PE)10p     -1.96124E-01  4.79578E+00 10.0
    295 20 17  211  22 3p4(3PE)10p     -1.94562E-01  4.79734E+00  6.0
    296 20 17  220  23 3p4(1DE) 8s     -1.91545E-01  4.80035E+00 10.0
    297 20 17  431   9 3p4(3PE)10f:    -1.80903E-01  4.81100E+00 28.0
    298 20 17  211  23 3p4(1DE) 7f     -1.80857E-01  4.81104E+00  6.0
    299 20 17  420   9 3p4(3PE)10d     -1.76864E-01  4.81504E+00 20.0
    300 20 17  430  13 3p4(3PE)10d     -1.75963E-01  4.81594E+00 28.0
    301 20 17  230  20 3p4(3PE)10d     -1.75272E-01  4.81663E+00 14.0
    302 20 17  410  16 3p4(3PE)10d     -1.75160E-01  4.81674E+00 12.0
    303 20 17  220  24 3p4(3PE)10d     -1.74287E-01  4.81761E+00 10.0
    304 20 17  210  21 3p4(3PE)11s     -1.74132E-01  4.81777E+00  6.0
    305 20 17  251  10 3p4(1DE) 7f     -1.71448E-01  4.82045E+00 22.0
    306 20 17  410  17 3p4(3PE)11s     -1.68885E-01  4.82302E+00 12.0
    307 20 17  210  22 3p4(3PE)10d     -1.67886E-01  4.82401E+00  6.0
    308 20 17  241  16 3p4(1DE) 7f     -1.67413E-01  4.82449E+00 18.0
    309 20 17  221  24 3p4(1DE) 7f     -1.67394E-01  4.82451E+00 10.0
    310 20 17  220  25 3p4(1DE) 7g     -1.67331E-01  4.82457E+00 10.0
    311 20 17  231  20 3p4(1DE) 8p     -1.67118E-01  4.82478E+00 14.0
    312 20 17  230  21 3p4(1DE) 7g     -1.65942E-01  4.82596E+00 14.0
    313 20 17  231  21 3p4(1DE) 7h     -1.65823E-01  4.82608E+00 14.0
    314 20 17  240  14 3p4(1DE) 7i     -1.65580E-01  4.82632E+00 18.0
    315 20 17  250  11 3p4(1DE) 7i     -1.65575E-01  4.82632E+00 22.0
    316 20 17  241  17 3p4(1DE) 7h     -1.65552E-01  4.82635E+00 18.0
    317 20 17  251  11 3p4(1DE) 7h     -1.65400E-01  4.82650E+00 22.0
    318 20 17  211  24 3p4(1DE) 8p     -1.65289E-01  4.82661E+00  6.0
    319 20 17  240  15 3p4(1DE) 7g     -1.65049E-01  4.82685E+00 18.0
    320 20 17  250  12 3p4(1DE) 7g     -1.64958E-01  4.82694E+00 22.0
    321 20 17  231  22 3p4(1DE) 7f     -1.64544E-01  4.82736E+00 14.0
    322 20 17  221  25 3p4(1DE) 8p     -1.63586E-01  4.82831E+00 10.0
    323 20 17  231  23 3p4(3PE)10f     -1.62280E-01  4.82962E+00 14.0
    324 20 17  441  13 3p4(3PE)10f     -1.62131E-01  4.82977E+00 36.0
    325 20 17  421  16 3p4(3PE)10f     -1.61840E-01  4.83006E+00 20.0
    326 20 17  411  11 3p4(3PE)11p     -1.60742E-01  4.83116E+00 12.0
    327 20 17  440   6 3p4(3PE)10g     -1.60544E-01  4.83136E+00 36.0
    328 20 17  240  16 3p4(3PE)10g     -1.60426E-01  4.83147E+00 18.0
    329 20 17  221  26 3p4(3PE)10f     -1.60223E-01  4.83168E+00 10.0
    330 20 17  451   6 3p4(3PE)10h     -1.60114E-01  4.83179E+00 44.0
    331 20 17  251  12 3p4(3PE)10h     -1.60110E-01  4.83179E+00 22.0
    332 20 17  450   9 3p4(3PE)10g     -1.60072E-01  4.83183E+00 44.0
    333 20 17  250  13 3p4(3PE)10g     -1.60054E-01  4.83185E+00 22.0
    334 20 17  200  11 3p4(1DE) 8d     -1.22589E-01  4.86931E+00  2.0
    335 20 17  200  12 3p4(1SE) 7s     -9.75700E-02  4.89433E+00  2.0
    336 20 17  200  13 3p4(1DE) 9d     -6.06263E-02  4.93127E+00  2.0
    337 20 17  200  14 3s 3p5(1PO) 4p  -3.89116E-02  4.95299E+00  2.0
    338 20 17  200  15 3p4(1DE)10d     -1.42051E-02  4.97769E+00  2.0
    339 20 17  400   2 3s 3p5(3PO) 5p   3.74379E-01  5.36628E+00  4.0
    340 20 17  400   3 3s 3p5(3PO) 6p   7.54637E-01  5.74654E+00  4.0
    341 20 17  400   4 3s 3p5(3PO) 7p   9.57089E-01  5.94899E+00  4.0
    342 20 17  400   5 3s 3p5(3PO) 8p   1.07796E+00  6.06986E+00  4.0
    343 20 17  400   6 3s 3p5(3PO) 9p   1.15596E+00  6.14786E+00  4.0
    344 20 17  400   7 3s 3p5(3PO)10p   1.20924E+00  6.20114E+00  4.0
    345 20 17  400   8 3s 3p5(3PO)11p   1.24726E+00  6.23916E+00  4.0
 ====================================================================
