 ====================================================================
      i NZ NE iSLP iLV iCONF                 E(RYD)      TE(RYD)   gi
 ====================================================================
      1 20 16  310   1 3s2 3p4         -6.23865E+00  0.00000E+00  9.0
      2 20 16  120   1 3s2 3p4         -6.06963E+00  1.69020E-01  5.0
      3 20 16  100   1 3s2 3p4         -5.83178E+00  4.06870E-01  1.0
      4 20 16  311   1 3s 3p5          -4.85909E+00  1.37956E+00  9.0
      5 20 16  111   1 3s 3p5          -4.44212E+00  1.79653E+00  3.0
      6 20 16  521   1 3p3(4SO) 3d     -4.32148E+00  1.91717E+00 25.0
      7 20 16  321   1 3p3(2DO) 3d:    -4.16878E+00  2.06987E+00 15.0
      8 20 16  101   1 3p3(2DO) 3d     -4.12024E+00  2.11841E+00  1.0
      9 20 16  331   1 3p3(2PO) 3d:    -4.10040E+00  2.13825E+00 21.0
     10 20 16  341   1 3p3(2DO) 3d     -3.96752E+00  2.27113E+00 27.0
     11 20 16  141   1 3p3(2DO) 3d     -3.91417E+00  2.32448E+00  9.0
     12 20 16  121   1 3p3(2DO) 3d     -3.88501E+00  2.35364E+00  5.0
     13 20 16  331   2 3p3(2DO) 3d:    -3.79321E+00  2.44544E+00 21.0
     14 20 16  311   2 3p3(2PO) 3d:    -3.76500E+00  2.47365E+00  9.0
     15 20 16  321   2 3p3(2PO) 3d:    -3.74979E+00  2.48886E+00 15.0
     16 20 16  131   1 3p3(2DO) 3d     -3.57732E+00  2.66133E+00  7.0
     17 20 16  301   1 3p3(2DO) 3d     -3.49306E+00  2.74559E+00  3.0
     18 20 16  311   3 3p3(2DO) 3d:    -3.43675E+00  2.80190E+00  9.0
     19 20 16  111   2 3p3(2DO) 3d     -3.40891E+00  2.82974E+00  3.0
     20 20 16  321   3 3p3(4SO) 3d:    -3.33987E+00  2.89878E+00 15.0
     21 20 16  121   2 3p3(2PO) 3d     -3.25368E+00  2.98497E+00  5.0
     22 20 16  131   2 3p3(2PO) 3d     -3.14871E+00  3.08994E+00  7.0
     23 20 16  100   2 3p6             -3.11635E+00  3.12230E+00  1.0
     24 20 16  520   1 3s 3p4(4PE) 3d  -3.07367E+00  3.16498E+00 25.0
     25 20 16  501   1 3p3(4SO) 4s     -3.05000E+00  3.18865E+00  5.0
     26 20 16  111   3 3p3(2PO) 3d     -3.00342E+00  3.23523E+00  3.0
     27 20 16  301   2 3p3(4SO) 4s     -2.93805E+00  3.30060E+00  3.0
     28 20 16  530   1 3s 3p4(4PE) 3d  -2.81670E+00  3.42195E+00 35.0
     29 20 16  321   4 3p3(2DO) 4s     -2.77933E+00  3.45932E+00 15.0
     30 20 16  510   1 3s 3p4(4PE) 3d  -2.77719E+00  3.46146E+00 15.0
     31 20 16  121   3 3p3(2DO) 4s     -2.72351E+00  3.51514E+00  5.0
     32 20 16  310   2 3s 3p4(2DE) 3d: -2.72145E+00  3.51720E+00  9.0
     33 20 16  311   4 3p3(2PO) 4s     -2.61558E+00  3.62307E+00  9.0
     34 20 16  510   2 3p3(4SO) 4p     -2.61044E+00  3.62821E+00 15.0
     35 20 16  320   1 3s 3p4(2DE) 3d: -2.60332E+00  3.63533E+00 15.0
     36 20 16  330   1 3s 3p4(4PE) 3d  -2.59923E+00  3.63942E+00 21.0
     37 20 16  111   4 3p3(2PO) 4s     -2.56079E+00  3.67786E+00  3.0
     38 20 16  310   3 3p3(4SO) 4p     -2.54442E+00  3.69423E+00  9.0
     39 20 16  340   1 3s 3p4(2DE) 3d  -2.47993E+00  3.75872E+00 27.0
     40 20 16  110   1 3p3(2DO) 4p     -2.39930E+00  3.83935E+00  3.0
     41 20 16  140   1 3s 3p4(2DE) 3d  -2.38056E+00  3.85809E+00  9.0
     42 20 16  320   2 3p3(2DO) 4p     -2.37257E+00  3.86608E+00 15.0
     43 20 16  330   2 3p3(2DO) 4p     -2.36023E+00  3.87842E+00 21.0
     44 20 16  130   1 3s 3p4(2DE) 3d  -2.33868E+00  3.89997E+00  7.0
     45 20 16  120   2 3s 3p4(2DE) 3d: -2.30795E+00  3.93070E+00  5.0
     46 20 16  330   3 3s 3p4(2DE) 3d: -2.30528E+00  3.93337E+00 21.0
     47 20 16  130   2 3p3(2DO) 4p     -2.25993E+00  3.97872E+00  7.0
     48 20 16  310   4 3p3(2DO) 4p     -2.25561E+00  3.98304E+00  9.0
     49 20 16  320   3 3s 3p4(2PE) 3d: -2.24998E+00  3.98867E+00 15.0
     50 20 16  300   1 3p3(2PO) 4p     -2.21547E+00  4.02318E+00  3.0
     51 20 16  320   4 3p3(2PO) 4p     -2.18145E+00  4.05720E+00 15.0
     52 20 16  120   3 3p3(2DO) 4p     -2.17673E+00  4.06192E+00  5.0
     53 20 16  110   2 3p3(2PO) 4p     -2.16546E+00  4.07319E+00  3.0
     54 20 16  110   3 3s 3p4(2DE) 3d  -2.12716E+00  4.11149E+00  3.0
     55 20 16  120   4 3p3(2PO) 4p     -2.10930E+00  4.12935E+00  5.0
     56 20 16  310   6 3s2 3p2 3d2:    -2.10386E+00  4.13479E+00  9.0
     57 20 16  310   5 3p3(2PO) 4p     -2.10386E+00  4.13479E+00  9.0
     58 20 16  330   4 3s 3p4(2PE) 3d: -2.04846E+00  4.19019E+00 21.0
     59 20 16  521   2 3p3(4SO) 4d     -1.97219E+00  4.26646E+00 25.0
     60 20 16  100   3 3p3(2PO) 4p     -1.96922E+00  4.26943E+00  1.0
     61 20 16  300   2 3s 3p4(2DE) 3d  -1.96756E+00  4.27109E+00  3.0
     62 20 16  320   5 3s 3p4(2SE) 3d: -1.96000E+00  4.27865E+00 15.0
     63 20 16  310   7 3s 3p4(4PE) 3d: -1.92475E+00  4.31390E+00  9.0
     64 20 16  321   5 3p3(4SO) 4d     -1.91334E+00  4.32531E+00 15.0
     65 20 16  120   5 3s 3p4(2PE) 3d: -1.87448E+00  4.36417E+00  5.0
     66 20 16  320   6 3s 3p4(4PE) 3d: -1.83424E+00  4.40441E+00 15.0
     67 20 16  520   2 3s2 3p2 3d2     -1.82292E+00  4.41573E+00 25.0
     68 20 16  330   5 3s2 3p2 3d2     -1.80986E+00  4.42879E+00 21.0
     69 20 16  130   3 3s 3p4(2PE) 3d  -1.80868E+00  4.42997E+00  7.0
     70 20 16  530   2 3s2 3p2 3d2     -1.80716E+00  4.43149E+00 35.0
     71 20 16  350   1 3s2 3p2 3d2     -1.75399E+00  4.48466E+00 33.0
     72 20 16  101   2 3p3(2DO) 4d     -1.73811E+00  4.50054E+00  1.0
     73 20 16  140   2 3s2 3p2 3d2     -1.73352E+00  4.50513E+00  9.0
     74 20 16  331   3 3p3(2DO) 4d     -1.73189E+00  4.50676E+00 21.0
     75 20 16  341   2 3p3(2DO) 4d     -1.71113E+00  4.52752E+00 27.0
     76 20 16  321   6 3p3(2DO) 4d     -1.70755E+00  4.53110E+00 15.0
     77 20 16  141   2 3p3(2DO) 4d     -1.70579E+00  4.53286E+00  9.0
     78 20 16  111   5 3p3(2DO) 4d     -1.69931E+00  4.53934E+00  3.0
     79 20 16  301   3 3p3(2DO) 4d     -1.69267E+00  4.54598E+00  3.0
     80 20 16  311   5 3p3(2DO) 4d     -1.68770E+00  4.55095E+00  9.0
     81 20 16  121   4 3p3(2DO) 4d     -1.67598E+00  4.56267E+00  5.0
     82 20 16  501   2 3p3(4SO) 5s     -1.65086E+00  4.58779E+00  5.0
     83 20 16  100   4 3s 3p4(2DE) 3d: -1.63732E+00  4.60133E+00  1.0
     84 20 16  131   3 3p3(2DO) 4d     -1.63625E+00  4.60240E+00  7.0
     85 20 16  510   3 3s 3p4(4PE) 4s  -1.62661E+00  4.61204E+00 15.0
     86 20 16  301   4 3p3(4SO) 5s     -1.60180E+00  4.63685E+00  3.0
     87 20 16  120   6 3s 3p4(2SE) 3d: -1.58432E+00  4.65433E+00  5.0
     88 20 16  340   2 3s2 3p2 3d2     -1.58333E+00  4.65532E+00 27.0
     89 20 16  330   6 3p3(4SO) 4f     -1.57682E+00  4.66183E+00 21.0
     90 20 16  530   3 3p3(4SO) 4f     -1.57163E+00  4.66702E+00 35.0
     91 20 16  331   4 3p3(2PO) 4d     -1.54700E+00  4.69165E+00 21.0
     92 20 16  311   6 3p3(2PO) 4d     -1.54412E+00  4.69453E+00  9.0
     93 20 16  321   7 3p3(2PO) 4d     -1.53298E+00  4.70567E+00 15.0
     94 20 16  121   5 3p3(2PO) 4d     -1.53163E+00  4.70702E+00  5.0
     95 20 16  131   4 3p3(2PO) 4d     -1.51175E+00  4.72690E+00  7.0
     96 20 16  150   1 3s2 3p2 3d2     -1.47462E+00  4.76403E+00 11.0
     97 20 16  510   4 3p3(4SO) 5p     -1.47304E+00  4.76561E+00 15.0
     98 20 16  310   9 3s 3p4(2PE) 3d  -1.46662E+00  4.77203E+00  9.0
     99 20 16  310   8 3s 3p4(4PE) 4s  -1.46662E+00  4.77203E+00  9.0
    100 20 16  111   6 3p3(2PO) 4d     -1.46146E+00  4.77719E+00  3.0
    101 20 16  350   2 3p3(2DO) 4f     -1.45652E+00  4.78213E+00 33.0
    102 20 16  110   4 3s2 3p2 3d2     -1.44665E+00  4.79200E+00  3.0
    103 20 16  320   7 3s2 3p2 3d2     -1.44131E+00  4.79734E+00 15.0
    104 20 16  310  10 3p3(4SO) 5p     -1.43159E+00  4.80706E+00  9.0
    105 20 16  510   5 3s2 3p2 3d2     -1.41393E+00  4.82472E+00 15.0
    106 20 16  120   7 3p3(2DO) 4f:    -1.40079E+00  4.83786E+00  5.0
    107 20 16  321   8 3p3(2DO) 5s     -1.39631E+00  4.84234E+00 15.0
    108 20 16  330   7 3s2 3p2 3d2     -1.37860E+00  4.86005E+00 21.0
    109 20 16  121   6 3p3(2DO) 5s     -1.37649E+00  4.86216E+00  5.0
    110 20 16  520   3 3s2 3p2 3d2     -1.34879E+00  4.88986E+00 25.0
    111 20 16  330   8 3p3(2DO) 4f     -1.34297E+00  4.89568E+00 21.0
    112 20 16  340   3 3s2 3p2 3d2     -1.34197E+00  4.89668E+00 27.0
    113 20 16  320   8 3p3(2DO) 4f     -1.34164E+00  4.89701E+00 15.0
    114 20 16  140   3 3p3(2DO) 4f     -1.33460E+00  4.90405E+00  9.0
    115 20 16  130   4 3p3(2DO) 4f     -1.33101E+00  4.90764E+00  7.0
    116 20 16  310  11 3p3(2DO) 4f     -1.31875E+00  4.91990E+00  9.0
    117 20 16  340   4 3p3(2DO) 4f     -1.31310E+00  4.92555E+00 27.0
    118 20 16  110   5 3p3(2DO) 4f     -1.30825E+00  4.93040E+00  3.0
    119 20 16  320   9 3s 3p4(2DE) 4s: -1.28120E+00  4.95745E+00 15.0
    120 20 16  130   5 3s2 3p2 3d2     -1.28086E+00  4.95779E+00  7.0
    121 20 16  120   8 3s2 3p2 3d2:    -1.26376E+00  4.97489E+00  5.0
    122 20 16  310  12 3s2 3p2 3d2     -1.24333E+00  4.99532E+00  9.0
    123 20 16  350   3 3s2 3p2 3d2     -1.24285E+00  4.99580E+00 33.0
    124 20 16  311   7 3p3(2PO) 5s     -1.23579E+00  5.00286E+00  9.0
    125 20 16  320  10 3s2 3p2 3d2     -1.23417E+00  5.00448E+00 15.0
    126 20 16  330   9 3s2 3p2 3d2     -1.23203E+00  5.00662E+00 21.0
    127 20 16  150   2 3p3(2DO) 4f     -1.23179E+00  5.00686E+00 11.0
    128 20 16  110   6 3p3(2DO) 5p     -1.22899E+00  5.00966E+00  3.0
    129 20 16  511   1 3s 3p4(4PE) 4p  -1.22653E+00  5.01212E+00 15.0
    130 20 16  330  10 3p3(2DO) 5p     -1.22216E+00  5.01649E+00 21.0
    131 20 16  521   3 3p3(4SO) 5d     -1.22116E+00  5.01749E+00 25.0
    132 20 16  111   7 3p3(2PO) 5s     -1.21635E+00  5.02230E+00  3.0
    133 20 16  140   4 3p3(2PO) 4f     -1.21411E+00  5.02454E+00  9.0
    134 20 16  120   9 3s 3p4(2DE) 4s: -1.20767E+00  5.03098E+00  5.0
    135 20 16  130   6 3p3(2DO) 5p     -1.19594E+00  5.04271E+00  7.0
    136 20 16  310  13 3p3(2DO) 5p     -1.18285E+00  5.05580E+00  9.0
    137 20 16  320  11 3p3(2DO) 5p     -1.18253E+00  5.05612E+00 15.0
    138 20 16  330  11 3p3(2PO) 4f     -1.17727E+00  5.06138E+00 21.0
    139 20 16  321   9 3p3(4SO) 5d     -1.17068E+00  5.06797E+00 15.0
    140 20 16  130   7 3p3(2PO) 4f     -1.16035E+00  5.07830E+00  7.0
    141 20 16  120  10 3p3(2PO) 4f     -1.15974E+00  5.07891E+00  5.0
    142 20 16  320  12 3p3(2PO) 4f     -1.15334E+00  5.08531E+00 15.0
    143 20 16  521   4 3s 3p4(4PE) 4p  -1.15176E+00  5.08689E+00 25.0
    144 20 16  120  11 3p3(2DO) 5p     -1.12938E+00  5.10927E+00  5.0
    145 20 16  340   5 3p3(2PO) 4f     -1.12397E+00  5.11468E+00 27.0
    146 20 16  310  14 3s2 3p2 3d2     -1.11151E+00  5.12714E+00  9.0
    147 20 16  501   3 3s 3p4(4PE) 4p  -1.11065E+00  5.12800E+00  5.0
    148 20 16  321  10 3s 3p4(4PE) 4p  -1.10509E+00  5.13356E+00 15.0
    149 20 16  120  12 3s2 3p2 3d2     -1.09774E+00  5.14091E+00  5.0
    150 20 16  311   8 3s 3p4(4PE) 4p  -1.09046E+00  5.14819E+00  9.0
    151 20 16  110   7 3s2 3p2 3d2     -1.07993E+00  5.15872E+00  3.0
    152 20 16  301   5 3s 3p4(4PE) 4p  -1.07382E+00  5.16483E+00  3.0
    153 20 16  300   3 3p3(2PO) 5p     -1.06872E+00  5.16993E+00  3.0
    154 20 16  320  13 3p3(2PO) 5p     -1.05452E+00  5.18413E+00 15.0
    155 20 16  330  12 3s2 3p2 3d2     -1.04639E+00  5.19226E+00 21.0
    156 20 16  110   8 3p3(2PO) 5p     -1.03988E+00  5.19877E+00  3.0
    157 20 16  501   4 3p3(4SO) 6s     -1.03451E+00  5.20414E+00  5.0
    158 20 16  310  15 3p3(2PO) 5p     -1.03367E+00  5.20498E+00  9.0
    159 20 16  301   6 3p3(4SO) 6s     -1.02658E+00  5.21207E+00  3.0
    160 20 16  530   4 3p3(4SO) 5f     -1.02566E+00  5.21299E+00 35.0
    161 20 16  120  13 3p3(2PO) 5p     -1.01698E+00  5.22167E+00  5.0
    162 20 16  311   9 3p5 3d          -1.01420E+00  5.22445E+00  9.0
    163 20 16  330  13 3p3(4SO) 5f:    -1.00738E+00  5.23127E+00 21.0
    164 20 16  541   1 3p3(4SO) 5g     -1.00194E+00  5.23671E+00 45.0
    165 20 16  341   3 3p3(4SO) 5g     -1.00095E+00  5.23770E+00 27.0
    166 20 16  100   5 3p3(2PO) 5p     -9.78246E-01  5.26040E+00  1.0
    167 20 16  310  16 3s 3p4(2PE) 4s  -9.77350E-01  5.26130E+00  9.0
    168 20 16  140   5 3s2 3p2 3d2     -9.62197E-01  5.27645E+00  9.0
    169 20 16  331   5 3p3(2DO) 5d     -9.60966E-01  5.27768E+00 21.0
    170 20 16  320  14 3s2 3p2 3d2     -9.60512E-01  5.27814E+00 15.0
    171 20 16  101   3 3p3(2DO) 5d     -9.59132E-01  5.27952E+00  1.0
    172 20 16  340   6 3s2 3p2 3d2     -9.55218E-01  5.28343E+00 27.0
    173 20 16  321  11 3p3(2DO) 5d     -9.45205E-01  5.29344E+00 15.0
    174 20 16  510   6 3p3(4SO) 6p     -9.44856E-01  5.29379E+00 15.0
    175 20 16  330  14 3s2 3p2 3d2     -9.42495E-01  5.29615E+00 21.0
    176 20 16  341   4 3p3(2DO) 5d     -9.42411E-01  5.29624E+00 27.0
    177 20 16  140   6 3s2 3p2 3d2     -9.41242E-01  5.29741E+00  9.0
    178 20 16  141   3 3p3(2DO) 5d     -9.39973E-01  5.29868E+00  9.0
    179 20 16  111   8 3p3(2DO) 5d     -9.39612E-01  5.29904E+00  3.0
    180 20 16  311  10 3p3(2DO) 5d     -9.32124E-01  5.30653E+00  9.0
    181 20 16  121   7 3p3(2DO) 5d     -9.29709E-01  5.30894E+00  5.0
    182 20 16  331   6 3p5 3d          -9.17957E-01  5.32069E+00 21.0
    183 20 16  310  17 3p3(4SO) 6p     -9.15544E-01  5.32311E+00  9.0
    184 20 16  131   5 3p3(2DO) 5d     -9.15394E-01  5.32326E+00  7.0
    185 20 16  110   9 3s 3p4(2PE) 3d: -9.15229E-01  5.32342E+00  3.0
    186 20 16  301   7 3p3(2DO) 5d     -9.14836E-01  5.32381E+00  3.0
    187 20 16  300   4 3s 3p4(2SE) 4s  -8.90218E-01  5.34843E+00  3.0
    188 20 16  521   5 3s 3p3 3d2      -8.69235E-01  5.36941E+00 25.0
    189 20 16  131   6 3s 3p4(2DE) 4p  -8.56811E-01  5.38184E+00  7.0
    190 20 16  120  14 3s2 3p2 3d2     -8.56012E-01  5.38264E+00  5.0
    191 20 16  331   7 3s 3p4(2DE) 4p  -8.43426E-01  5.39522E+00 21.0
    192 20 16  310  18 3s2 3p2 3d2     -8.39001E-01  5.39965E+00  9.0
    193 20 16  100   6 3s2 3p2 3d2:    -8.30213E-01  5.40844E+00  1.0
    194 20 16  320  15 3s2 3p2 3d2     -8.21833E-01  5.41682E+00 15.0
    195 20 16  130   8 3s2 3p2 3d2     -8.17158E-01  5.42149E+00  7.0
    196 20 16  111   9 3s 3p4(2DE) 4p  -8.10411E-01  5.42824E+00  3.0
    197 20 16  321  12 3p3(2DO) 6s     -8.08388E-01  5.43026E+00 15.0
    198 20 16  511   2 3s 3p3 3d2      -8.06914E-01  5.43174E+00 15.0
    199 20 16  100   7 3s2 3p2 3d2:    -8.04462E-01  5.43419E+00  1.0
    200 20 16  521   6 3p3(4SO) 6d     -7.99024E-01  5.43963E+00 25.0
    201 20 16  541   2 3s2 3p 3d3      -7.95231E-01  5.44342E+00 45.0
    202 20 16  121   8 3p3(2PO) 5d     -7.92750E-01  5.44590E+00  5.0
    203 20 16  311  11 3p3(2PO) 5d     -7.90839E-01  5.44781E+00  9.0
    204 20 16  321  13 3p3(4SO) 6d     -7.90694E-01  5.44796E+00 15.0
    205 20 16  110  10 3p3(2DO) 5f     -7.85983E-01  5.45267E+00  3.0
    206 20 16  311  12 3s 3p4(2DE) 4p  -7.77827E-01  5.46082E+00  9.0
    207 20 16  300   5 3s2 3p2 3d2     -7.75513E-01  5.46314E+00  3.0
    208 20 16  321  14 3p3(2PO) 5d     -7.74861E-01  5.46379E+00 15.0
    209 20 16  331   8 3p3(2PO) 5d     -7.74404E-01  5.46425E+00 21.0
    210 20 16  340   7 3p3(2DO) 5f     -7.74221E-01  5.46443E+00 27.0
    211 20 16  330  15 3p3(2DO) 5f     -7.73647E-01  5.46500E+00 21.0
    212 20 16  121   9 3p3(2DO) 6s     -7.72740E-01  5.46591E+00  5.0
    213 20 16  310  19 3s2 3p2 3d2     -7.69572E-01  5.46908E+00  9.0
    214 20 16  140   7 3p3(2DO) 5f     -7.68862E-01  5.46979E+00  9.0
    215 20 16  350   4 3p3(2DO) 5f     -7.67062E-01  5.47159E+00 33.0
    216 20 16  531   1 3s 3p3 3d2      -7.66515E-01  5.47213E+00 35.0
    217 20 16  150   3 3p3(2DO) 5f     -7.62377E-01  5.47627E+00 11.0
    218 20 16  131   7 3p3(2DO) 5g     -7.58882E-01  5.47977E+00  7.0
    219 20 16  351   1 3p3(2DO) 5g     -7.55667E-01  5.48298E+00 33.0
    220 20 16  331   9 3p3(2DO) 5g     -7.55019E-01  5.48363E+00 21.0
    221 20 16  341   5 3p3(2DO) 5g     -7.54903E-01  5.48375E+00 27.0
    222 20 16  321  16 3p3(2DO) 5g     -7.54784E-01  5.48387E+00 15.0
    223 20 16  321  15 3s 3p4(2DE) 4p  -7.54784E-01  5.48387E+00 15.0
    224 20 16  151   1 3p3(2DO) 5g     -7.54586E-01  5.48406E+00 11.0
    225 20 16  121  10 3p3(2DO) 5g     -7.54432E-01  5.48422E+00  5.0
    226 20 16  141   4 3p3(2DO) 5g     -7.53988E-01  5.48466E+00  9.0
    227 20 16  131   8 3p3(2PO) 5d     -7.52176E-01  5.48647E+00  7.0
    228 20 16  111  10 3p3(2PO) 5d     -7.44012E-01  5.49464E+00  3.0
    229 20 16  121  11 3s 3p4(2DE) 4p  -7.42892E-01  5.49576E+00  5.0
    230 20 16  120  15 3p3(2DO) 5f     -7.42695E-01  5.49595E+00  5.0
    231 20 16  320  16 3p3(2DO) 5f:    -7.42589E-01  5.49606E+00 15.0
    232 20 16  321  17 3p5 3d          -7.37763E-01  5.50089E+00 15.0
    233 20 16  330  16 3p3(4SO) 6f     -7.16415E-01  5.52223E+00 21.0
    234 20 16  501   5 3p3(4SO) 7s     -7.15649E-01  5.52300E+00  5.0
    235 20 16  530   5 3p3(4SO) 6f     -7.12293E-01  5.52636E+00 35.0
    236 20 16  310  20 3p3(2DO) 5f     -7.08292E-01  5.53036E+00  9.0
    237 20 16  301   8 3p3(4SO) 7s     -7.07852E-01  5.53080E+00  3.0
    238 20 16  320  17 3p3(2DO) 6p     -6.97481E-01  5.54117E+00 15.0
    239 20 16  330  17 3p3(2DO) 6p     -6.96189E-01  5.54246E+00 21.0
    240 20 16  110  11 3p3(2DO) 6p     -6.96130E-01  5.54252E+00  3.0
    241 20 16  541   3 3p3(4SO) 6g     -6.96055E-01  5.54259E+00 45.0
    242 20 16  341   6 3p3(4SO) 6g     -6.95354E-01  5.54330E+00 27.0
    243 20 16  350   5 3p3(4SO) 6h     -6.94493E-01  5.54416E+00 33.0
    244 20 16  130   9 3p3(2DO) 6p     -6.93162E-01  5.54549E+00  7.0
    245 20 16  310  21 3p3(2DO) 6p     -6.84880E-01  5.55377E+00  9.0
    246 20 16  130  10 3p3(2DO) 5f     -6.84264E-01  5.55439E+00  7.0
    247 20 16  131   9 3p5 3d          -6.66490E-01  5.57216E+00  7.0
    248 20 16  120  16 3p3(2DO) 6p     -6.63551E-01  5.57510E+00  5.0
    249 20 16  510   7 3p3(4SO) 7p     -6.61620E-01  5.57703E+00 15.0
    250 20 16  121  12 3p5 3d          -6.60228E-01  5.57842E+00  5.0
    251 20 16  310  22 3p3(4SO) 7p     -6.46607E-01  5.59204E+00  9.0
    252 20 16  330  18 3p3(2PO) 5f     -6.29503E-01  5.60915E+00 21.0
    253 20 16  311  13 3p3(2PO) 6s     -6.27702E-01  5.61095E+00  9.0
    254 20 16  120  17 3p3(2PO) 5f     -6.26889E-01  5.61176E+00  5.0
    255 20 16  130  11 3p3(2PO) 5f     -6.24648E-01  5.61400E+00  7.0
    256 20 16  320  18 3p3(2PO) 5f     -6.22979E-01  5.61567E+00 15.0
    257 20 16  111  11 3p3(2PO) 6s     -6.19951E-01  5.61870E+00  3.0
    258 20 16  340   8 3p3(2PO) 5f     -6.09653E-01  5.62900E+00 27.0
    259 20 16  140   8 3p3(2PO) 5f     -5.98930E-01  5.63972E+00  9.0
    260 20 16  351   2 3p3(2PO) 5g     -5.92085E-01  5.64656E+00 33.0
    261 20 16  331  10 3p3(2PO) 5g     -5.91837E-01  5.64681E+00 21.0
    262 20 16  141   5 3p3(2PO) 5g     -5.91644E-01  5.64701E+00  9.0
    263 20 16  341   7 3p3(2PO) 5g     -5.91530E-01  5.64712E+00 27.0
    264 20 16  151   2 3p3(2PO) 5g     -5.91350E-01  5.64730E+00 11.0
    265 20 16  131  10 3p3(2PO) 5g     -5.90740E-01  5.64791E+00  7.0
    266 20 16  321  18 3p3(4SO) 7d     -5.81003E-01  5.65765E+00 15.0
    267 20 16  311  14 3s 3p4(2PE) 4p  -5.77308E-01  5.66134E+00  9.0
    268 20 16  521   7 3p3(4SO) 7d     -5.76370E-01  5.66228E+00 25.0
    269 20 16  101   4 3p3(2DO) 6d     -5.73494E-01  5.66516E+00  1.0
    270 20 16  320  19 3s 3p4(4PE) 4d: -5.71236E-01  5.66741E+00 15.0
    271 20 16  330  19 3s2 3p2 3d2     -5.69493E-01  5.66916E+00 21.0
    272 20 16  520   4 3s 3p4(4PE) 4d  -5.68814E-01  5.66984E+00 25.0
    273 20 16  110  12 3p4 3d2:        -5.61304E-01  5.67735E+00  3.0
    274 20 16  331  11 3p3(2DO) 6d     -5.55465E-01  5.68318E+00 21.0
    275 20 16  341   8 3p3(2DO) 6d     -5.54704E-01  5.68395E+00 27.0
    276 20 16  321  19 3p3(2DO) 6d     -5.53988E-01  5.68466E+00 15.0
    277 20 16  141   6 3p3(2DO) 6d     -5.52863E-01  5.68579E+00  9.0
    278 20 16  121  13 3p3(2DO) 6d     -5.51536E-01  5.68711E+00  5.0
    279 20 16  130  12 3s2 3p2 3d2     -5.51195E-01  5.68745E+00  7.0
    280 20 16  301   9 3p3(2DO) 6d     -5.50542E-01  5.68811E+00  3.0
    281 20 16  111  12 3p3(2DO) 6d     -5.48840E-01  5.68981E+00  3.0
    282 20 16  120  18 3s2 3p2 3d2     -5.45598E-01  5.69305E+00  5.0
    283 20 16  131  11 3p3(2DO) 6d     -5.39262E-01  5.69939E+00  7.0
    284 20 16  530   6 3s 3p4(4PE) 4d  -5.38710E-01  5.69994E+00 35.0
    285 20 16  311  15 3p3(2DO) 6d     -5.36754E-01  5.70190E+00  9.0
    286 20 16  300   6 3p3(2PO) 6p     -5.34835E-01  5.70381E+00  3.0
    287 20 16  320  20 3p3(2PO) 6p     -5.33996E-01  5.70465E+00 15.0
    288 20 16  110  13 3p3(2PO) 6p     -5.31131E-01  5.70752E+00  3.0
    289 20 16  541   4 3s2 3p 3d3      -5.27208E-01  5.71144E+00 45.0
    290 20 16  310  23 3p3(2PO) 6p     -5.25181E-01  5.71347E+00  9.0
    291 20 16  501   6 3p3(4SO) 8s     -5.23327E-01  5.71532E+00  5.0
    292 20 16  530   7 3p3(4SO) 7f     -5.21470E-01  5.71718E+00 35.0
    293 20 16  321  20 3s 3p4(2PE) 4p  -5.21391E-01  5.71726E+00 15.0
    294 20 16  301  10 3p3(4SO) 8s     -5.19518E-01  5.71913E+00  3.0
    295 20 16  120  19 3p3(2PO) 6p     -5.19163E-01  5.71949E+00  5.0
    296 20 16  541   5 3p3(4SO) 7g     -5.11507E-01  5.72714E+00 45.0
    297 20 16  341   9 3p3(4SO) 7g     -5.10996E-01  5.72765E+00 27.0
    298 20 16  350   6 3p3(4SO) 7h     -5.10256E-01  5.72839E+00 33.0
    299 20 16  510   8 3p4 3d2         -5.10158E-01  5.72849E+00 15.0
    300 20 16  330  20 3p3(4SO) 7f     -5.09600E-01  5.72905E+00 21.0
    301 20 16  301  11 3s 3p4(2PE) 4p  -5.03715E-01  5.73493E+00  3.0
    302 20 16  531   2 3s 3p3 3d2      -5.02437E-01  5.73621E+00 35.0
    303 20 16  121  14 3s 3p4(2PE) 4p  -4.99943E-01  5.73871E+00  5.0
    304 20 16  100   8 3p3(2PO) 6p     -4.92961E-01  5.74569E+00  1.0
    305 20 16  510   9 3p3(4SO) 8p     -4.86882E-01  5.75177E+00 15.0
    306 20 16  310  24 3p3(4SO) 8p     -4.82159E-01  5.75649E+00  9.0
    307 20 16  331  12 3s 3p3 3d2      -4.80161E-01  5.75849E+00 21.0
    308 20 16  330  21 3s 3p4(4PE) 4d  -4.79899E-01  5.75875E+00 21.0
    309 20 16  140   9 3p3(2DO) 6f     -4.77312E-01  5.76134E+00  9.0
    310 20 16  320  21 3s2 3p2 3d2     -4.76637E-01  5.76201E+00 15.0
    311 20 16  351   3 3s 3p3 3d2      -4.67416E-01  5.77123E+00 33.0
    312 20 16  321  21 3p3(2DO) 7s     -4.66883E-01  5.77177E+00 15.0
    313 20 16  310  25 3s 3p4(4PE) 4d  -4.66050E-01  5.77260E+00  9.0
    314 20 16  340   9 3p3(2DO) 6f     -4.62546E-01  5.77610E+00 27.0
    315 20 16  121  15 3p3(2DO) 7s     -4.61228E-01  5.77742E+00  5.0
    316 20 16  350   7 3p3(2DO) 6f     -4.60042E-01  5.77861E+00 33.0
    317 20 16  150   4 3p3(2DO) 6f     -4.57808E-01  5.78084E+00 11.0
    318 20 16  311  16 3s 3p4(2SE) 4p  -4.56900E-01  5.78175E+00  9.0
    319 20 16  321  22 3s 3p3 3d2      -4.55824E-01  5.78283E+00 15.0
    320 20 16  111  13 3s 3p4(2PE) 4p  -4.50311E-01  5.78834E+00  3.0
    321 20 16  330  22 3p3(2DO) 6f     -4.49555E-01  5.78909E+00 21.0
    322 20 16  341  10 3p3(2DO) 6g     -4.49194E-01  5.78946E+00 27.0
    323 20 16  331  13 3p3(2DO) 6g     -4.49168E-01  5.78948E+00 21.0
    324 20 16  121  16 3p3(2DO) 6g     -4.48869E-01  5.78978E+00  5.0
    325 20 16  351   4 3p3(2DO) 6g     -4.48862E-01  5.78979E+00 33.0
    326 20 16  131  12 3p3(2DO) 6g     -4.48821E-01  5.78983E+00  7.0
    327 20 16  151   3 3p3(2DO) 6g     -4.48498E-01  5.79015E+00 11.0
    328 20 16  321  23 3p3(2DO) 6g     -4.48417E-01  5.79023E+00 15.0
    329 20 16  141   7 3p3(2DO) 6g     -4.48311E-01  5.79034E+00  9.0
    330 20 16  340  10 3p3(2DO) 6h     -4.47764E-01  5.79089E+00 27.0
    331 20 16  140  10 3p3(2DO) 6h     -4.47758E-01  5.79089E+00  9.0
    332 20 16  130  13 3p3(2DO) 6h     -4.47720E-01  5.79093E+00  7.0
    333 20 16  350   8 3p3(2DO) 6h     -4.47707E-01  5.79094E+00 33.0
    334 20 16  150   5 3p3(2DO) 6h     -4.47679E-01  5.79097E+00 11.0
    335 20 16  330  23 3p3(2DO) 6h     -4.47617E-01  5.79103E+00 21.0
    336 20 16  110  14 3p3(2DO) 6f     -4.43087E-01  5.79556E+00  3.0
    337 20 16  100   9 3s2 3p2 3d2     -4.37391E-01  5.80126E+00  1.0
    338 20 16  101   5 3s 3p4(2PE) 4p  -4.36295E-01  5.80235E+00  1.0
    339 20 16  310  26 3p3(2DO) 6f     -4.36041E-01  5.80261E+00  9.0
    340 20 16  120  20 3p3(2DO) 6f     -4.35921E-01  5.80273E+00  5.0
    341 20 16  521   8 3p3(4SO) 8d     -4.34421E-01  5.80423E+00 25.0
    342 20 16  130  14 3p3(2DO) 6f     -4.28654E-01  5.81000E+00  7.0
    343 20 16  321  24 3p3(4SO) 8d     -4.28393E-01  5.81026E+00 15.0
    344 20 16  320  22 3p3(2DO) 6f     -4.25306E-01  5.81334E+00 15.0
    345 20 16  341  11 3s 3p3 3d2      -4.18179E-01  5.82047E+00 27.0
    346 20 16  320  23 3p3(2DO) 7p     -4.14049E-01  5.82460E+00 15.0
    347 20 16  110  15 3p3(2DO) 7p     -4.12714E-01  5.82594E+00  3.0
    348 20 16  330  24 3p3(2DO) 7p     -4.12645E-01  5.82600E+00 21.0
    349 20 16  130  15 3p3(2DO) 7p     -4.11017E-01  5.82763E+00  7.0
    350 20 16  310  27 3p3(2DO) 7p     -4.06663E-01  5.83199E+00  9.0
    351 20 16  501   7 3p3(4SO) 9s     -3.99407E-01  5.83924E+00  5.0
    352 20 16  530   8 3p3(4SO) 8f     -3.98941E-01  5.83971E+00 35.0
    353 20 16  120  21 3p3(2DO) 7p     -3.98009E-01  5.84064E+00  5.0
    354 20 16  111  14 3s 3p4(2SE) 4p  -3.97549E-01  5.84110E+00  3.0
    355 20 16  301  12 3p3(4SO) 9s     -3.95373E-01  5.84328E+00  3.0
    356 20 16  331  14 3p3(2PO) 6d     -3.92080E-01  5.84657E+00 21.0
    357 20 16  541   6 3p3(4SO) 8g     -3.91842E-01  5.84681E+00 45.0
    358 20 16  341  12 3p3(4SO) 8g     -3.91060E-01  5.84759E+00 27.0
    359 20 16  350   9 3p3(4SO) 8h     -3.90668E-01  5.84798E+00 33.0
    360 20 16  321  25 3p3(2PO) 6d     -3.87122E-01  5.85153E+00 15.0
    361 20 16  330  25 3p3(4SO) 8f     -3.85918E-01  5.85273E+00 21.0
    362 20 16  121  17 3p3(2PO) 6d     -3.84100E-01  5.85455E+00  5.0
    363 20 16  131  13 3p3(2PO) 6d     -3.83427E-01  5.85522E+00  7.0
    364 20 16  311  17 3p3(2PO) 6d     -3.82666E-01  5.85598E+00  9.0
    365 20 16  501   8 3s 3p3 3d2      -3.79335E-01  5.85931E+00  5.0
    366 20 16  120  22 3s2 3p2 3d2     -3.78982E-01  5.85967E+00  5.0
    367 20 16  510  10 3p3(4SO) 9p     -3.76000E-01  5.86265E+00 15.0
    368 20 16  111  15 3p3(2PO) 6d     -3.74856E-01  5.86379E+00  3.0
    369 20 16  310  28 3p3(4SO) 9p     -3.71483E-01  5.86717E+00  9.0
    370 20 16  140  11 3s2 3p2 3d2     -3.57399E-01  5.88125E+00  9.0
    371 20 16  521   9 3s 3p3 3d2      -3.56138E-01  5.88251E+00 25.0
    372 20 16  521  10 3p3(4SO) 9d     -3.39060E-01  5.89959E+00 25.0
    373 20 16  321  26 3p3(4SO) 9d     -3.35914E-01  5.90274E+00 15.0
    374 20 16  331  15 3p3(2DO) 7d     -3.28814E-01  5.90984E+00 21.0
    375 20 16  141   8 3p3(2DO) 7d     -3.28351E-01  5.91030E+00  9.0
    376 20 16  341  13 3p3(2DO) 7d     -3.28248E-01  5.91040E+00 27.0
    377 20 16  111  16 3p3(2DO) 7d     -3.26444E-01  5.91221E+00  3.0
    378 20 16  321  27 3p3(2DO) 7d     -3.26431E-01  5.91222E+00 15.0
    379 20 16  311  18 3p3(2DO) 7d     -3.25704E-01  5.91295E+00  9.0
    380 20 16  301  13 3p3(2DO) 7d     -3.25518E-01  5.91313E+00  3.0
    381 20 16  101   6 3p3(2DO) 7d     -3.22800E-01  5.91585E+00  1.0
    382 20 16  121  18 3p3(2DO) 7d     -3.21394E-01  5.91726E+00  5.0
    383 20 16  131  14 3p3(2DO) 7d     -3.20746E-01  5.91790E+00  7.0
    384 20 16  501   9 3p3(4SO)10s     -3.14657E-01  5.92399E+00  5.0
    385 20 16  530   9 3p3(4SO) 9f     -3.14634E-01  5.92402E+00 35.0
    386 20 16  301  14 3p3(4SO)10s     -3.11140E-01  5.92751E+00  3.0
    387 20 16  541   7 3p3(4SO) 9g     -3.09813E-01  5.92884E+00 45.0
    388 20 16  330  26 3p3(4SO) 9f     -3.09586E-01  5.92906E+00 21.0
    389 20 16  341  14 3p3(4SO) 9g     -3.09128E-01  5.92952E+00 27.0
    390 20 16  350  10 3p3(4SO) 9h     -3.08677E-01  5.92997E+00 33.0
    391 20 16  311  19 3p3(2PO) 7s     -3.03150E-01  5.93550E+00  9.0
    392 20 16  340  11 3p3(2PO) 6f     -3.01458E-01  5.93719E+00 27.0
    393 20 16  510  11 3p3(4SO)10p     -2.98490E-01  5.94016E+00 15.0
    394 20 16  111  17 3p3(2PO) 7s     -2.98204E-01  5.94045E+00  3.0
    395 20 16  310  29 3p3(4SO)10p     -2.96902E-01  5.94175E+00  9.0
    396 20 16  130  16 3p3(2PO) 6f     -2.96860E-01  5.94179E+00  7.0
    397 20 16  320  24 3p3(2PO) 6f     -2.94971E-01  5.94368E+00 15.0
    398 20 16  330  27 3p3(2PO) 6f     -2.89845E-01  5.94880E+00 21.0
    399 20 16  331  16 3p3(2PO) 6g     -2.87016E-01  5.95163E+00 21.0
    400 20 16  351   5 3p3(2PO) 6g     -2.86963E-01  5.95169E+00 33.0
    401 20 16  151   4 3p3(2PO) 6g     -2.86193E-01  5.95246E+00 11.0
    402 20 16  131  15 3p3(2PO) 6g     -2.86181E-01  5.95247E+00  7.0
    403 20 16  141   9 3p3(2PO) 6g     -2.86157E-01  5.95249E+00  9.0
    404 20 16  341  15 3p3(2PO) 6g     -2.86062E-01  5.95259E+00 27.0
    405 20 16  140  12 3p3(2PO) 6h     -2.84998E-01  5.95365E+00  9.0
    406 20 16  340  12 3p3(2PO) 6h     -2.84970E-01  5.95368E+00 27.0
    407 20 16  350  11 3p3(2PO) 6h     -2.84832E-01  5.95382E+00 33.0
    408 20 16  150   6 3p3(2PO) 6h     -2.84829E-01  5.95382E+00 11.0
    409 20 16  140  13 3p3(2PO) 6f     -2.80064E-01  5.95859E+00  9.0
    410 20 16  321  28 3p3(2DO) 8s     -2.75625E-01  5.96303E+00 15.0
    411 20 16  310  30 3s 3p4(4PE) 5s  -2.75600E-01  5.96305E+00  9.0
    412 20 16  340  13 3p3(2DO) 7f     -2.72658E-01  5.96599E+00 27.0
    413 20 16  350  12 3p3(2DO) 7f     -2.72367E-01  5.96628E+00 33.0
    414 20 16  121  19 3p3(2DO) 8s     -2.72255E-01  5.96639E+00  5.0
    415 20 16  521  11 3p3(4SO)10d     -2.72031E-01  5.96662E+00 25.0
    416 20 16  330  28 3p3(2DO) 7f     -2.71686E-01  5.96696E+00 21.0
    417 20 16  150   7 3p3(2DO) 7f     -2.71085E-01  5.96757E+00 11.0
    418 20 16  110  16 3p3(2DO) 7f     -2.70018E-01  5.96863E+00  3.0
    419 20 16  321  29 3p3(4SO)10d     -2.69329E-01  5.96932E+00 15.0
    420 20 16  320  25 3p3(2DO) 7f     -2.65469E-01  5.97318E+00 15.0
    421 20 16  120  23 3p3(2DO) 7f     -2.64998E-01  5.97365E+00  5.0
    422 20 16  310  31 3p3(2DO) 7f     -2.64842E-01  5.97381E+00  9.0
    423 20 16  341  16 3p3(2DO) 7g     -2.64599E-01  5.97405E+00 27.0
    424 20 16  121  20 3p3(2DO) 7g     -2.64559E-01  5.97409E+00  5.0
    425 20 16  351   6 3p3(2DO) 7g     -2.64391E-01  5.97426E+00 33.0
    426 20 16  321  30 3p3(2DO) 7g     -2.64259E-01  5.97439E+00 15.0
    427 20 16  331  17 3p3(2DO) 7g     -2.64013E-01  5.97464E+00 21.0
    428 20 16  141  10 3p3(2DO) 7g     -2.63873E-01  5.97478E+00  9.0
    429 20 16  151   5 3p3(2DO) 7g     -2.63753E-01  5.97490E+00 11.0
    430 20 16  131  16 3p3(2DO) 7g     -2.63664E-01  5.97499E+00  7.0
    431 20 16  130  17 3p3(2DO) 7h     -2.63482E-01  5.97517E+00  7.0
    432 20 16  330  29 3p3(2DO) 7h     -2.63464E-01  5.97519E+00 21.0
    433 20 16  350  13 3p3(2DO) 7h     -2.63463E-01  5.97519E+00 33.0
    434 20 16  150   8 3p3(2DO) 7h     -2.63431E-01  5.97522E+00 11.0
    435 20 16  340  14 3p3(2DO) 7h     -2.63411E-01  5.97524E+00 27.0
    436 20 16  140  14 3p3(2DO) 7h     -2.63408E-01  5.97524E+00  9.0
    437 20 16  351   7 3p3(2DO) 7i     -2.63396E-01  5.97525E+00 33.0
    438 20 16  341  17 3p3(2DO) 7i     -2.63392E-01  5.97526E+00 27.0
    439 20 16  141  11 3p3(2DO) 7i     -2.63388E-01  5.97526E+00  9.0
    440 20 16  151   6 3p3(2DO) 7i     -2.63388E-01  5.97526E+00 11.0
    441 20 16  130  18 3p3(2DO) 7f     -2.57219E-01  5.98143E+00  7.0
    442 20 16  311  20 3s 3p3 3d2      -2.56221E-01  5.98243E+00  9.0
    443 20 16  300   7 3p3(2PO) 7p     -2.54849E-01  5.98380E+00  3.0
    444 20 16  530  10 3p3(4SO)10f     -2.54436E-01  5.98421E+00 35.0
    445 20 16  501  10 3p3(4SO)11s     -2.54374E-01  5.98428E+00  5.0
    446 20 16  301  15 3p3(4SO)11s     -2.52428E-01  5.98622E+00  3.0
    447 20 16  541   8 3p3(4SO)10g     -2.52245E-01  5.98640E+00 45.0
    448 20 16  110  17 3p3(2PO) 7p     -2.52080E-01  5.98657E+00  3.0
    449 20 16  341  18 3p3(4SO)10g     -2.50468E-01  5.98818E+00 27.0
    450 20 16  350  14 3p3(4SO)10h     -2.50027E-01  5.98862E+00 33.0
    451 20 16  320  26 3p3(2PO) 7p     -2.49828E-01  5.98882E+00 15.0
    452 20 16  120  24 3p3(2PO) 6f     -2.49301E-01  5.98935E+00  5.0
    453 20 16  140  15 3p3(2DO) 7f     -2.44740E-01  5.99391E+00  9.0
    454 20 16  120  25 3p3(2PO) 7p     -2.43218E-01  5.99543E+00  5.0
    455 20 16  320  27 3p3(2DO) 8p     -2.41424E-01  5.99723E+00 15.0
    456 20 16  130  19 3p3(2DO) 8p     -2.39731E-01  5.99892E+00  7.0
    457 20 16  110  18 3p3(2DO) 8p     -2.38352E-01  6.00030E+00  3.0
    458 20 16  120  26 3p3(2DO) 8p     -2.30141E-01  6.00851E+00  5.0
    459 20 16  100  10 3p3(2PO) 7p     -2.29251E-01  6.00940E+00  1.0
    460 20 16  340  15 3s 3p4(2DE) 4d  -2.22524E-01  6.01613E+00 27.0
    461 20 16  300   8 3s 3p4(2DE) 4d  -2.22031E-01  6.01662E+00  3.0
    462 20 16  331  18 3s 3p3 3d2      -2.20781E-01  6.01787E+00 21.0
    463 20 16  531   3 3s 3p3 3d2      -1.90719E-01  6.04793E+00 35.0
    464 20 16  331  19 3p3(2DO) 8d     -1.88005E-01  6.05064E+00 21.0
    465 20 16  511   3 3s 3p3 3d2      -1.87160E-01  6.05149E+00 15.0
    466 20 16  141  12 3p3(2DO) 8d     -1.86609E-01  6.05204E+00  9.0
    467 20 16  111  18 3p3(2DO) 8d     -1.86552E-01  6.05210E+00  3.0
    468 20 16  101   7 3p3(2DO) 8d     -1.86378E-01  6.05227E+00  1.0
    469 20 16  311  21 3p3(2DO) 8d     -1.85222E-01  6.05343E+00  9.0
    470 20 16  121  21 3p3(2DO) 8d     -1.83692E-01  6.05496E+00  5.0
    471 20 16  140  16 3s 3p4(2DE) 4d  -1.83334E-01  6.05532E+00  9.0
    472 20 16  131  17 3p3(2DO) 8d     -1.82008E-01  6.05664E+00  7.0
    473 20 16  320  28 3s 3p4(2DE) 4d  -1.75132E-01  6.06352E+00 15.0
    474 20 16  110  19 3s 3p4(2DE) 4d  -1.68388E-01  6.07026E+00  3.0
    475 20 16  331  20 3p3(2PO) 7d     -1.66210E-01  6.07244E+00 21.0
    476 20 16  121  22 3p3(2PO) 7d     -1.64426E-01  6.07422E+00  5.0
    477 20 16  311  22 3p3(2PO) 7d     -1.64335E-01  6.07432E+00  9.0
    478 20 16  131  18 3p3(2PO) 7d     -1.61885E-01  6.07677E+00  7.0
    479 20 16  100  11 3s 3p4(2DE) 4d  -1.61626E-01  6.07702E+00  1.0
    480 20 16  111  19 3p3(2PO) 7d     -1.57272E-01  6.08138E+00  3.0
    481 20 16  531   4 3s 3p4(4PE) 4f  -1.55850E-01  6.08280E+00 35.0
    482 20 16  120  27 3s2 3p2 3d2     -1.55598E-01  6.08305E+00  5.0
    483 20 16  340  16 3p3(2DO) 8f     -1.51378E-01  6.08727E+00 27.0
    484 20 16  130  20 3s 3p4(2DE) 4d  -1.50135E-01  6.08851E+00  7.0
    485 20 16  150   9 3p3(2DO) 8f     -1.49459E-01  6.08919E+00 11.0
    486 20 16  121  23 3p3(2DO) 9s     -1.49427E-01  6.08922E+00  5.0
    487 20 16  320  29 3p3(2DO) 8f     -1.46130E-01  6.09252E+00 15.0
    488 20 16  110  20 3p3(2DO) 8f     -1.45173E-01  6.09348E+00  3.0
    489 20 16  351   8 3p3(2DO) 8g     -1.45128E-01  6.09352E+00 33.0
    490 20 16  121  24 3p3(2DO) 8g     -1.45010E-01  6.09364E+00  5.0
    491 20 16  331  21 3p3(2DO) 8g     -1.44907E-01  6.09374E+00 21.0
    492 20 16  131  19 3p3(2DO) 8g     -1.44649E-01  6.09400E+00  7.0
    493 20 16  151   7 3p3(2DO) 8g     -1.44571E-01  6.09408E+00 11.0
    494 20 16  141  13 3p3(2DO) 8g     -1.44306E-01  6.09434E+00  9.0
    495 20 16  340  17 3p3(2DO) 8h     -1.43951E-01  6.09470E+00 27.0
    496 20 16  140  17 3p3(2DO) 8h     -1.43941E-01  6.09471E+00  9.0
    497 20 16  130  21 3p3(2DO) 8h     -1.43877E-01  6.09477E+00  7.0
    498 20 16  150  10 3p3(2DO) 8h     -1.43860E-01  6.09479E+00 11.0
    499 20 16  351   9 3p3(2DO) 8i     -1.43841E-01  6.09481E+00 33.0
    500 20 16  151   8 3p3(2DO) 8i     -1.43840E-01  6.09481E+00 11.0
    501 20 16  141  14 3p3(2DO) 8i     -1.43836E-01  6.09481E+00  9.0
    502 20 16  150  11 3p3(2DO) 8k     -1.43833E-01  6.09482E+00 11.0
    503 20 16  120  28 3p3(2DO) 8f     -1.41222E-01  6.09743E+00  5.0
    504 20 16  140  18 3p3(2DO) 8f     -1.35475E-01  6.10317E+00  9.0
    505 20 16  130  22 3p3(2DO) 8f     -1.35381E-01  6.10327E+00  7.0
    506 20 16  110  21 3p3(2DO) 9p     -1.29121E-01  6.10953E+00  3.0
    507 20 16  320  30 3p3(2DO) 9p     -1.29022E-01  6.10963E+00 15.0
    508 20 16  120  29 3p3(2DO) 9p     -1.28926E-01  6.10972E+00  5.0
    509 20 16  130  23 3p3(2DO) 9p     -1.27984E-01  6.11067E+00  7.0
    510 20 16  331  22 3s 3p4(4PE) 4f  -1.27726E-01  6.11092E+00 21.0
    511 20 16  121  25 3s 3p3 3d2      -1.21422E-01  6.11723E+00  5.0
    512 20 16  311  23 3p3(2PO) 8s     -1.12922E-01  6.12573E+00  9.0
    513 20 16  340  18 3p3(2PO) 7f     -1.10821E-01  6.12783E+00 27.0
    514 20 16  111  20 3p3(2PO) 8s     -1.09938E-01  6.12871E+00  3.0
    515 20 16  320  31 3p3(2PO) 7f     -1.08822E-01  6.12983E+00 15.0
    516 20 16  120  30 3p4 3d2         -1.07779E-01  6.13087E+00  5.0
    517 20 16  130  24 3p3(2PO) 7f     -1.06643E-01  6.13201E+00  7.0
    518 20 16  351  10 3p3(2PO) 7g     -1.01955E-01  6.13669E+00 33.0
    519 20 16  331  23 3p3(2PO) 7g     -1.01771E-01  6.13688E+00 21.0
    520 20 16  141  15 3p3(2PO) 7g     -1.01675E-01  6.13697E+00  9.0
    521 20 16  151   9 3p3(2PO) 7g     -1.01306E-01  6.13734E+00 11.0
    522 20 16  131  20 3p3(2PO) 7g     -1.01123E-01  6.13753E+00  7.0
    523 20 16  140  19 3p3(2PO) 7h     -1.00593E-01  6.13806E+00  9.0
    524 20 16  340  19 3p3(2PO) 7h     -1.00592E-01  6.13806E+00 27.0
    525 20 16  150  12 3p3(2PO) 7h     -1.00563E-01  6.13809E+00 11.0
    526 20 16  351  11 3p3(2PO) 7i     -1.00522E-01  6.13813E+00 33.0
    527 20 16  151  10 3p3(2PO) 7i     -1.00521E-01  6.13813E+00 11.0
    528 20 16  140  20 3p3(2PO) 7f     -9.84800E-02  6.14017E+00  9.0
    529 20 16  111  21 3s 3p3 3d2:     -9.36943E-02  6.14496E+00  3.0
    530 20 16  331  24 3p3(2DO) 9d     -9.21063E-02  6.14654E+00 21.0
    531 20 16  101   8 3p3(2DO) 9d     -9.19191E-02  6.14673E+00  1.0
    532 20 16  141  16 3p3(2DO) 9d     -9.14382E-02  6.14721E+00  9.0
    533 20 16  111  22 3p3(2DO) 9d     -9.05283E-02  6.14812E+00  3.0
    534 20 16  311  24 3p3(2DO) 9d     -9.00130E-02  6.14864E+00  9.0
    535 20 16  121  26 3p3(2DO) 9d     -8.88176E-02  6.14983E+00  5.0
    536 20 16  131  21 3p3(2DO) 9d     -8.83797E-02  6.15027E+00  7.0
    537 20 16  120  31 3p3(2PO) 7f     -8.59447E-02  6.15271E+00  5.0
    538 20 16  300   9 3p3(2PO) 8p     -7.88444E-02  6.15981E+00  3.0
    539 20 16  320  32 3p3(2PO) 8p     -7.86582E-02  6.15999E+00 15.0
    540 20 16  110  22 3p3(2PO) 8p     -7.81411E-02  6.16051E+00  3.0
    541 20 16  120  32 3p3(2PO) 8p     -7.34085E-02  6.16524E+00  5.0
    542 20 16  340  20 3p3(2DO) 9f     -6.69894E-02  6.17166E+00 27.0
    543 20 16  150  13 3p3(2DO) 9f     -6.59987E-02  6.17265E+00 11.0
    544 20 16  121  27 3p3(2DO)10s     -6.59509E-02  6.17270E+00  5.0
    545 20 16  100  12 3p3(2PO) 8p     -6.52613E-02  6.17339E+00  1.0
    546 20 16  110  23 3p3(2DO) 9f     -6.47317E-02  6.17392E+00  3.0
    547 20 16  320  33 3p3(2DO) 9f     -6.35937E-02  6.17506E+00 15.0
    548 20 16  351  12 3p3(2DO) 9g     -6.28154E-02  6.17583E+00 33.0
    549 20 16  331  25 3p3(2DO) 9g     -6.25887E-02  6.17606E+00 21.0
    550 20 16  151  11 3p3(2DO) 9g     -6.24738E-02  6.17618E+00 11.0
    551 20 16  131  22 3p3(2DO) 9g     -6.24200E-02  6.17623E+00  7.0
    552 20 16  121  28 3p3(2DO) 9g     -6.23728E-02  6.17628E+00  5.0
    553 20 16  141  17 3p3(2DO) 9g     -6.22089E-02  6.17644E+00  9.0
    554 20 16  130  25 3p3(2DO) 9h     -6.19103E-02  6.17674E+00  7.0
    555 20 16  340  21 3p3(2DO) 9h     -6.19007E-02  6.17675E+00 27.0
    556 20 16  140  21 3p3(2DO) 9h     -6.18972E-02  6.17675E+00  9.0
    557 20 16  150  14 3p3(2DO) 9h     -6.18678E-02  6.17678E+00 11.0
    558 20 16  351  13 3p3(2DO) 9i     -6.18519E-02  6.17680E+00 33.0
    559 20 16  151  12 3p3(2DO) 9i     -6.18517E-02  6.17680E+00 11.0
    560 20 16  150  15 3p3(2DO) 9k     -6.18489E-02  6.17680E+00 11.0
    561 20 16  141  18 3p3(2DO) 9i     -6.18462E-02  6.17680E+00  9.0
    562 20 16  120  33 3p3(2DO) 9f     -6.12812E-02  6.17737E+00  5.0
    563 20 16  130  26 3p3(2DO) 9f     -6.00472E-02  6.17860E+00  7.0
    564 20 16  511   4 3s 3p4(4PE) 5p: -5.81456E-02  6.18050E+00 15.0
    565 20 16  140  22 3p3(2DO) 9f     -5.80041E-02  6.18065E+00  9.0
    566 20 16  320  34 3p3(2DO)10p     -5.13925E-02  6.18726E+00 15.0
    567 20 16  110  24 3p3(2DO)10p     -5.09863E-02  6.18766E+00  3.0
    568 20 16  130  27 3p3(2DO)10p     -5.04993E-02  6.18815E+00  7.0
    569 20 16  120  34 3p3(2DO)10p     -4.41956E-02  6.19445E+00  5.0
    570 20 16  511   5 3s 3p3 3d2      -4.02002E-02  6.19845E+00 15.0
    571 20 16  351  14 3s 3p3 3d2      -3.77290E-02  6.20092E+00 33.0
    572 20 16  151  13 3s 3p3 3d2      -3.00195E-02  6.20863E+00 11.0
    573 20 16  331  26 3p3(2DO)10d     -2.66616E-02  6.21199E+00 21.0
    574 20 16  311  25 3p3(2PO) 8d     -2.60815E-02  6.21257E+00  9.0
    575 20 16  111  23 3p3(2DO)10d     -2.54454E-02  6.21320E+00  3.0
    576 20 16  121  29 3p3(2PO) 8d     -2.54251E-02  6.21322E+00  5.0
    577 20 16  101   9 3p3(2DO)10d     -2.51069E-02  6.21354E+00  1.0
    578 20 16  141  19 3p3(2DO)10d     -2.46408E-02  6.21401E+00  9.0
    579 20 16  131  23 3p3(2DO)10d     -2.28783E-02  6.21577E+00  7.0
    580 20 16  331  27 3p3(2PO) 8d     -2.26753E-02  6.21597E+00 21.0
    581 20 16  311  26 3p3(2DO)10d     -2.19245E-02  6.21673E+00  9.0
    582 20 16  131  24 3p3(2PO) 8d     -2.11680E-02  6.21748E+00  7.0
    583 20 16  121  30 3p3(2DO)10d     -2.10432E-02  6.21761E+00  5.0
    584 20 16  111  24 3p3(2PO) 8d     -1.75778E-02  6.22107E+00  3.0
    585 20 16  340  22 3p3(2DO)10f     -7.40750E-03  6.23124E+00 27.0
    586 20 16  150  16 3p3(2DO)10f     -6.33080E-03  6.23232E+00 11.0
    587 20 16  121  31 3p3(2DO)11s     -6.07529E-03  6.23257E+00  5.0
    588 20 16  110  25 3p3(2DO)10f     -5.92782E-03  6.23272E+00  3.0
    589 20 16  320  35 3p3(2DO)10f     -5.07976E-03  6.23357E+00 15.0
    590 20 16  331  28 3p3(2DO)10g     -4.01025E-03  6.23464E+00 21.0
    591 20 16  120  35 3p3(2DO)10f     -3.91892E-03  6.23473E+00  5.0
    592 20 16  131  25 3p3(2DO)10g     -3.80759E-03  6.23484E+00  7.0
    593 20 16  121  32 3p3(2DO)10g     -3.63463E-03  6.23502E+00  5.0
    594 20 16  130  28 3p3(2DO)10h     -3.40091E-03  6.23525E+00  7.0
    595 20 16  340  23 3p3(2DO)10h     -3.28840E-03  6.23536E+00 27.0
    596 20 16  140  23 3p3(2DO)10h     -3.28691E-03  6.23536E+00  9.0
    597 20 16  300  10 3p3(2PO) 9p      3.36185E-02  6.27227E+00  3.0
    598 20 16  100  13 3p3(2PO) 9p      4.01329E-02  6.27878E+00  1.0
    599 20 16  531   5 3s 3p3 3d2       8.68195E-02  6.32547E+00 35.0
    600 20 16  100  14 3p4 3d2          9.78699E-02  6.33652E+00  1.0
    601 20 16  300  11 3p3(2PO)10p      1.11315E-01  6.34996E+00  3.0
    602 20 16  100  15 3p3(2PO)10p      1.26226E-01  6.36488E+00  1.0
    603 20 16  511   6 3s 3p3 3d2       1.76119E-01  6.41477E+00 15.0
    604 20 16  520   5 3s 3p4(4PE) 5d   2.23829E-01  6.46248E+00 25.0
    605 20 16  531   6 3s 3p3 3d2       3.37773E-01  6.57642E+00 35.0
    606 20 16  531   7 3s 3p4(4PE) 5f   3.96881E-01  6.63553E+00 35.0
    607 20 16  511   7 3s 3p3 3d2       4.73279E-01  6.71193E+00 15.0
    608 20 16  511   8 3s 3p4(4PE) 6p   4.78732E-01  6.71738E+00 15.0
    609 20 16  520   6 3s 3p4(4PE) 6d   6.20588E-01  6.85924E+00 25.0
    610 20 16  531   8 3s 3p4(4PE) 6f   7.13388E-01  6.95204E+00 35.0
    611 20 16  511   9 3s 3p4(4PE) 7p   7.65206E-01  7.00386E+00 15.0
    612 20 16  520   7 3s 3p4(4PE) 7d   8.49452E-01  7.08810E+00 25.0
    613 20 16  531   9 3s 3p4(4PE) 7f   9.05034E-01  7.14368E+00 35.0
    614 20 16  511  10 3s 3p4(4PE) 8p   9.39140E-01  7.17779E+00 15.0
    615 20 16  531  10 3s2 3p 3d3       9.61851E-01  7.20050E+00 35.0
    616 20 16  520   8 3s 3p4(4PE) 8d   9.93286E-01  7.23194E+00 25.0
    617 20 16  531  11 3s 3p4(4PE) 8f   1.02936E+00  7.26801E+00 35.0
    618 20 16  511  11 3s 3p4(4PE) 9p   1.05267E+00  7.29132E+00 15.0
    619 20 16  520   9 3s 3p4(4PE) 9d   1.08956E+00  7.32821E+00 25.0
    620 20 16  531  12 3s 3p4(4PE) 9f   1.11427E+00  7.35292E+00 35.0
    621 20 16  511  12 3s 3p4(4PE)10p   1.13090E+00  7.36955E+00 15.0
    622 20 16  520  10 3s 3p4(4PE)10d   1.15717E+00  7.39582E+00 25.0
    623 20 16  531  13 3s 3p4(4PE)10f   1.17484E+00  7.41349E+00 35.0
 ====================================================================
