 ====================================================================
      i NZ NE iSLP iLV iCONF                 E(RYD)      TE(RYD)   gi
 ====================================================================
      1 20 15  401   1 3s2 3p3         -7.94384E+00  0.00000E+00  4.0
      2 20 15  221   1 3s2 3p3         -7.68868E+00  2.55160E-01 10.0
      3 20 15  211   1 3s2 3p3         -7.51415E+00  4.29690E-01  6.0
      4 20 15  410   1 3s 3p4          -6.54597E+00  1.39787E+00 12.0
      5 20 15  220   1 3s 3p4          -6.19572E+00  1.74812E+00 10.0
      6 20 15  210   1 3p2(3PE) 3d     -5.90673E+00  2.03711E+00  6.0
      7 20 15  200   1 3s 3p4          -5.79649E+00  2.14735E+00  2.0
      8 20 15  430   1 3p2(3PE) 3d     -5.68450E+00  2.25934E+00 28.0
      9 20 15  420   1 3p2(3PE) 3d     -5.61338E+00  2.33046E+00 20.0
     10 20 15  230   1 3p2(1DE) 3d:    -5.61013E+00  2.33371E+00 14.0
     11 20 15  240   1 3p2(1DE) 3d     -5.35519E+00  2.58865E+00 18.0
     12 20 15  210   2 3s 3p4          -5.20493E+00  2.73891E+00  6.0
     13 20 15  410   2 3p2(3PE) 3d     -5.18419E+00  2.75965E+00 12.0
     14 20 15  220   2 3p2(1SE) 3d:    -5.11970E+00  2.82414E+00 10.0
     15 20 15  220   3 3p2(1DE) 3d     -4.97190E+00  2.97194E+00 10.0
     16 20 15  210   3 3p2(1DE) 3d     -4.85598E+00  3.08786E+00  6.0
     17 20 15  200   2 3p2(1DE) 3d     -4.83781E+00  3.10603E+00  2.0
     18 20 15  230   2 3p2(3PE) 3d:    -4.82897E+00  3.11487E+00 14.0
     19 20 15  621   1 3s 3p3(5SO) 3d  -4.76974E+00  3.17410E+00 30.0
     20 20 15  220   4 3p2(3PE) 3d:    -4.70456E+00  3.23928E+00 10.0
     21 20 15  211   2 3p5             -4.60520E+00  3.33864E+00  6.0
     22 20 15  421   1 3s 3p3(3DO) 3d  -4.44094E+00  3.50290E+00 20.0
     23 20 15  431   1 3s 3p3(3DO) 3d  -4.36510E+00  3.57874E+00 28.0
     24 20 15  201   1 3s 3p3(3DO) 3d  -4.20132E+00  3.74252E+00  2.0
     25 20 15  441   1 3s 3p3(3DO) 3d  -4.15335E+00  3.79049E+00 36.0
     26 20 15  241   1 3s 3p3(3DO) 3d  -3.98785E+00  3.95599E+00 18.0
     27 20 15  410   3 3p2(3PE) 4s     -3.93281E+00  4.01103E+00 12.0
     28 20 15  411   1 3s 3p3(3PO) 3d  -3.92978E+00  4.01406E+00 12.0
     29 20 15  421   2 3s 3p3(3PO) 3d  -3.90993E+00  4.03391E+00 20.0
     30 20 15  221   2 3s 3p3(3PO) 3d: -3.90074E+00  4.04310E+00 10.0
     31 20 15  431   2 3s 3p3(3PO) 3d  -3.87077E+00  4.07307E+00 28.0
     32 20 15  210   4 3p2(3PE) 4s     -3.85445E+00  4.08939E+00  6.0
     33 20 15  231   1 3s 3p3(1DO) 3d: -3.79417E+00  4.14967E+00 14.0
     34 20 15  401   2 3s 3p3(3DO) 3d  -3.79112E+00  4.15272E+00  4.0
     35 20 15  411   2 3s 3p3(3DO) 3d  -3.77123E+00  4.17261E+00 12.0
     36 20 15  220   5 3p2(1DE) 4s     -3.73611E+00  4.20773E+00 10.0
     37 20 15  221   3 3s 3p3(1DO) 3d: -3.67000E+00  4.27384E+00 10.0
     38 20 15  421   3 3s 3p3(5SO) 3d  -3.64430E+00  4.29954E+00 20.0
     39 20 15  211   3 3s 3p3(3DO) 3d  -3.58560E+00  4.35824E+00  6.0
     40 20 15  241   2 3s 3p3(1DO) 3d  -3.57486E+00  4.36898E+00 18.0
     41 20 15  231   2 3s 3p3(3PO) 3d  -3.55955E+00  4.38429E+00 14.0
     42 20 15  201   2 3p2(3PE) 4p     -3.53764E+00  4.40620E+00  2.0
     43 20 15  200   3 3p2(1SE) 4s     -3.49217E+00  4.45167E+00  2.0
     44 20 15  421   4 3p2(3PE) 4p     -3.46076E+00  4.48308E+00 20.0
     45 20 15  221   4 3p2(3PE) 4p     -3.42061E+00  4.52323E+00 10.0
     46 20 15  411   3 3p2(3PE) 4p     -3.41705E+00  4.52679E+00 12.0
     47 20 15  401   3 3p2(3PE) 4p     -3.39261E+00  4.55123E+00  4.0
     48 20 15  211   4 3p2(3PE) 4p     -3.37065E+00  4.57319E+00  6.0
     49 20 15  421   5 3s 3p3(3SO) 3d  -3.33317E+00  4.61067E+00 20.0
     50 20 15  221   5 3s 3p3(3DO) 3d  -3.33173E+00  4.61211E+00 10.0
     51 20 15  231   3 3s 3p3(3DO) 3d: -3.31716E+00  4.62668E+00 14.0
     52 20 15  211   5 3s 3p3(3PO) 3d: -3.25017E+00  4.69367E+00  6.0
     53 20 15  441   2 3s2 3p 3d2      -3.24547E+00  4.69837E+00 36.0
     54 20 15  231   4 3p2(1DE) 4p     -3.24055E+00  4.70329E+00 14.0
     55 20 15  221   6 3p2(1DE) 4p     -3.21327E+00  4.73057E+00 10.0
     56 20 15  201   3 3s 3p3(1DO) 3d: -3.15581E+00  4.78803E+00  2.0
     57 20 15  221   7 3s 3p3(1PO) 3d  -3.14711E+00  4.79673E+00 10.0
     58 20 15  211   6 3p2(1DE) 4p     -3.12203E+00  4.82181E+00  6.0
     59 20 15  231   5 3s 3p3(1PO) 3d  -3.09728E+00  4.84656E+00 14.0
     60 20 15  211   7 3s2 3p 3d2      -3.07871E+00  4.86513E+00  6.0
     61 20 15  211   8 3p2(1SE) 4p     -2.97931E+00  4.96453E+00  6.0
     62 20 15  421   6 3s2 3p 3d2      -2.95249E+00  4.99135E+00 20.0
     63 20 15  601   1 3s 3p3(5SO) 4s  -2.92763E+00  5.01621E+00  6.0
     64 20 15  231   6 3s2 3p 3d2      -2.85731E+00  5.08653E+00 14.0
     65 20 15  411   4 3s2 3p 3d2      -2.85272E+00  5.09112E+00 12.0
     66 20 15  211   9 3s 3p3(1PO) 3d  -2.83545E+00  5.10839E+00  6.0
     67 20 15  431   3 3s2 3p 3d2      -2.83459E+00  5.10925E+00 28.0
     68 20 15  221   8 3s2 3p 3d2:     -2.77414E+00  5.16970E+00 10.0
     69 20 15  210   5 3p2(3PE) 4d     -2.74455E+00  5.19929E+00  6.0
     70 20 15  430   2 3p2(3PE) 4d     -2.74348E+00  5.20036E+00 28.0
     71 20 15  410   4 3p2(3PE) 4d     -2.74184E+00  5.20200E+00 12.0
     72 20 15  401   4 3s 3p3(5SO) 4s  -2.73598E+00  5.20786E+00  4.0
     73 20 15  241   3 3s2 3p 3d2:     -2.72760E+00  5.21624E+00 18.0
     74 20 15  230   3 3p2(3PE) 4d     -2.70543E+00  5.23841E+00 14.0
     75 20 15  420   2 3p2(3PE) 4d     -2.70337E+00  5.24047E+00 20.0
     76 20 15  221   9 3s 3p3(3SO) 3d  -2.65697E+00  5.28687E+00 10.0
     77 20 15  220   6 3p2(3PE) 4d     -2.63940E+00  5.30444E+00 10.0
     78 20 15  421   7 3s2 3p 3d2      -2.62256E+00  5.32128E+00 20.0
     79 20 15  420   3 3p4 3d          -2.60773E+00  5.33611E+00 20.0
     80 20 15  230   4 3p2(1DE) 4d     -2.57621E+00  5.36763E+00 14.0
     81 20 15  220   7 3p2(1DE) 4d     -2.55543E+00  5.38841E+00 10.0
     82 20 15  231   7 3s2 3p 3d2      -2.53429E+00  5.40955E+00 14.0
     83 20 15  240   2 3p2(1DE) 4d     -2.52927E+00  5.41457E+00 18.0
     84 20 15  201   4 3s2 3p 3d2:     -2.50374E+00  5.44010E+00  2.0
     85 20 15  210   6 3p2(1DE) 4d     -2.50287E+00  5.44097E+00  6.0
     86 20 15  200   4 3p2(1DE) 4d     -2.45954E+00  5.48430E+00  2.0
     87 20 15  421   8 3s 3p3(3DO) 4s  -2.45705E+00  5.48679E+00 20.0
     88 20 15  430   3 3p4 3d          -2.44229E+00  5.50155E+00 28.0
     89 20 15  410   5 3p4 3d          -2.44028E+00  5.50356E+00 12.0
     90 20 15  610   1 3s 3p3(5SO) 4p  -2.44017E+00  5.50367E+00 18.0
     91 20 15  210   7 3p4 3d          -2.42873E+00  5.51511E+00  6.0
     92 20 15  220   8 3p4 3d          -2.42436E+00  5.51948E+00 10.0
     93 20 15  211  10 3s2 3p 3d2      -2.42307E+00  5.52077E+00  6.0
     94 20 15  241   4 3s2 3p 3d2:     -2.39922E+00  5.54462E+00 18.0
     95 20 15  231   8 3s2 3p 3d2      -2.37218E+00  5.57166E+00 14.0
     96 20 15  240   3 3p4 3d          -2.36867E+00  5.57517E+00 18.0
     97 20 15  221  10 3s 3p3(3DO) 4s  -2.34430E+00  5.59954E+00 10.0
     98 20 15  441   3 3p2(3PE) 4f     -2.33966E+00  5.60418E+00 36.0
     99 20 15  211  11 3s 3p3(1DO) 3d  -2.33156E+00  5.61228E+00  6.0
    100 20 15  221  11 3s2 3p 3d2      -2.32416E+00  5.61968E+00 10.0
    101 20 15  630   1 3s 3p2 3d2      -2.31723E+00  5.62661E+00 42.0
    102 20 15  431   4 3p2(3PE) 4f     -2.30151E+00  5.64233E+00 28.0
    103 20 15  410   6 3s 3p3(5SO) 4p  -2.30130E+00  5.64254E+00 12.0
    104 20 15  401   5 3s2 3p 3d2      -2.29692E+00  5.64692E+00  4.0
    105 20 15  220   9 3p2(1SE) 4d     -2.28699E+00  5.65685E+00 10.0
    106 20 15  421   9 3p2(3PE) 4f     -2.27883E+00  5.66501E+00 20.0
    107 20 15  411   5 3s 3p3(3PO) 4s  -2.23373E+00  5.71011E+00 12.0
    108 20 15  241   5 3p2(3PE) 4f:    -2.23354E+00  5.71030E+00 18.0
    109 20 15  221  12 3p2(3PE) 4f:    -2.22223E+00  5.72161E+00 10.0
    110 20 15  230   5 3p4 3d          -2.20464E+00  5.73920E+00 14.0
    111 20 15  410   7 3p2(3PE) 5s     -2.19784E+00  5.74600E+00 12.0
    112 20 15  210   8 3p2(3PE) 5s     -2.17095E+00  5.77289E+00  6.0
    113 20 15  231   9 3p2(3PE) 4f     -2.15434E+00  5.78950E+00 14.0
    114 20 15  430   4 3s 3p2 3d2      -2.13885E+00  5.80499E+00 28.0
    115 20 15  211  12 3s 3p3(3PO) 4s  -2.11513E+00  5.82871E+00  6.0
    116 20 15  221  13 3p2(1DE) 4f     -2.08375E+00  5.86009E+00 10.0
    117 20 15  241   6 3p2(1DE) 4f     -2.06230E+00  5.88154E+00 18.0
    118 20 15  231  10 3p2(1DE) 4f     -2.06185E+00  5.88199E+00 14.0
    119 20 15  230   6 3p4 3d          -2.05742E+00  5.88642E+00 14.0
    120 20 15  211  13 3p2(1DE) 4f     -2.04407E+00  5.89977E+00  6.0
    121 20 15  221  14 3s2 3p 3d2      -2.03755E+00  5.90629E+00 10.0
    122 20 15  221  15 3s 3p3(1DO) 4s  -2.03488E+00  5.90896E+00 10.0
    123 20 15  201   5 3p2(3PE) 5p     -2.03342E+00  5.91042E+00  2.0
    124 20 15  220  10 3p2(1DE) 5s     -2.01892E+00  5.92492E+00 10.0
    125 20 15  610   2 3s 3p2 3d2      -2.00285E+00  5.94099E+00 18.0
    126 20 15  420   4 3s 3p3(3DO) 4p  -1.99833E+00  5.94551E+00 20.0
    127 20 15  421  10 3p2(3PE) 5p     -1.98917E+00  5.95467E+00 20.0
    128 20 15  430   5 3s 3p3(3DO) 4p  -1.97996E+00  5.96388E+00 28.0
    129 20 15  411   6 3p2(3PE) 5p     -1.96977E+00  5.97407E+00 12.0
    130 20 15  401   6 3p2(3PE) 5p     -1.96156E+00  5.98228E+00  4.0
    131 20 15  210   9 3s 3p3(3DO) 4p  -1.96099E+00  5.98285E+00  6.0
    132 20 15  211  14 3p2(3PE) 5p     -1.93818E+00  6.00566E+00  6.0
    133 20 15  221  16 3p2(3PE) 5p     -1.93692E+00  6.00692E+00 10.0
    134 20 15  200   5 3p4 3d          -1.91685E+00  6.02699E+00  2.0
    135 20 15  230   7 3s 3p3(3DO) 4p  -1.90592E+00  6.03792E+00 14.0
    136 20 15  440   1 3s 3p2 3d2      -1.89792E+00  6.04592E+00 36.0
    137 20 15  410   8 3s 3p2 3d2      -1.89352E+00  6.05032E+00 12.0
    138 20 15  211  15 3s2 3p 3d2      -1.88556E+00  6.05828E+00  6.0
    139 20 15  410   9 3s 3p3(3DO) 4p  -1.88207E+00  6.06177E+00 12.0
    140 20 15  420   5 3s 3p2 3d2      -1.87296E+00  6.07088E+00 20.0
    141 20 15  231  11 3p2(1SE) 4f     -1.85969E+00  6.08415E+00 14.0
    142 20 15  240   4 3s 3p2 3d2      -1.82205E+00  6.12179E+00 18.0
    143 20 15  220  11 3s 3p3(3DO) 4p  -1.81915E+00  6.12469E+00 10.0
    144 20 15  231  12 3p2(1DE) 5p     -1.80308E+00  6.14076E+00 14.0
    145 20 15  221  17 3p2(1DE) 5p     -1.79575E+00  6.14809E+00 10.0
    146 20 15  220  12 3s 3p2 3d2:     -1.78099E+00  6.16285E+00 10.0
    147 20 15  200   6 3p2(1SE) 5s     -1.77614E+00  6.16770E+00  2.0
    148 20 15  211  16 3p2(1DE) 5p     -1.76514E+00  6.17870E+00  6.0
    149 20 15  220  13 3p4 3d          -1.76065E+00  6.18319E+00 10.0
    150 20 15  400   1 3s 3p3(3PO) 4p  -1.75731E+00  6.18653E+00  4.0
    151 20 15  420   6 3s 3p3(3PO) 4p  -1.75554E+00  6.18830E+00 20.0
    152 20 15  621   2 3s 3p3(5SO) 4d  -1.71908E+00  6.22476E+00 30.0
    153 20 15  210  10 3s 3p3(3PO) 4p  -1.71854E+00  6.22530E+00  6.0
    154 20 15  410  10 3s 3p3(3PO) 4p  -1.71461E+00  6.22923E+00 12.0
    155 20 15  430   6 3s 3p2 3d2      -1.68848E+00  6.25536E+00 28.0
    156 20 15  210  11 3p2(3PE) 5d     -1.68755E+00  6.25629E+00  6.0
    157 20 15  410  11 3p2(3PE) 5d     -1.68104E+00  6.26280E+00 12.0
    158 20 15  220  14 3s 3p3(3PO) 4p  -1.67263E+00  6.27121E+00 10.0
    159 20 15  230   8 3p2(3PE) 5d     -1.67199E+00  6.27185E+00 14.0
    160 20 15  430   7 3p2(3PE) 5d     -1.66229E+00  6.28155E+00 28.0
    161 20 15  420   7 3s 3p2 3d2      -1.64456E+00  6.29928E+00 20.0
    162 20 15  220  15 3p2(3PE) 5d     -1.64146E+00  6.30238E+00 10.0
    163 20 15  421  11 3s 3p3(5SO) 4d  -1.63971E+00  6.30413E+00 20.0
    164 20 15  401   7 3s 3p3(3SO) 4s  -1.63913E+00  6.30471E+00  4.0
    165 20 15  210  12 3p4 3d:         -1.63822E+00  6.30562E+00  6.0
    166 20 15  420   8 3p2(3PE) 5d     -1.62410E+00  6.31974E+00 20.0
    167 20 15  410  12 3s 3p2 3d2      -1.62304E+00  6.32080E+00 12.0
    168 20 15  431   5 3p 3d(3FO) 4s   -1.60796E+00  6.33588E+00 28.0
    169 20 15  430   8 3s 3p2 3d2      -1.58467E+00  6.35917E+00 28.0
    170 20 15  211  17 3s 3p3(1PO) 4s  -1.56897E+00  6.37487E+00  6.0
    171 20 15  201   6 3s 3p3(3SO) 4s  -1.56770E+00  6.37614E+00  2.0
    172 20 15  230   9 3s 3p3(1DO) 4p  -1.56363E+00  6.38021E+00 14.0
    173 20 15  440   2 3s 3p2 3d2      -1.54992E+00  6.39392E+00 36.0
    174 20 15  220  16 3p4 3d:         -1.54776E+00  6.39608E+00 10.0
    175 20 15  231  13 3p 3d(3FO) 4s   -1.54538E+00  6.39846E+00 14.0
    176 20 15  211  18 3p2(1SE) 5p     -1.54196E+00  6.40188E+00  6.0
    177 20 15  200   7 3s 3p3(3PO) 4p  -1.52948E+00  6.41436E+00  2.0
    178 20 15  220  17 3p2(1DE) 5d:    -1.51872E+00  6.42512E+00 10.0
    179 20 15  210  13 3s 3p3(1DO) 4p  -1.51032E+00  6.43352E+00  6.0
    180 20 15  441   4 3p2(3PE) 5f     -1.49442E+00  6.44942E+00 36.0
    181 20 15  230  10 3p2(1DE) 5d     -1.49162E+00  6.45222E+00 14.0
    182 20 15  240   5 3p2(1DE) 5d     -1.48701E+00  6.45683E+00 18.0
    183 20 15  220  18 3s 3p3(1DO) 4p: -1.47869E+00  6.46515E+00 10.0
    184 20 15  431   6 3p2(3PE) 5f     -1.47728E+00  6.46656E+00 28.0
    185 20 15  421  12 3p2(3PE) 5f     -1.47670E+00  6.46714E+00 20.0
    186 20 15  210  14 3p2(1DE) 5d     -1.47386E+00  6.46998E+00  6.0
    187 20 15  221  18 3p2(3PE) 5f     -1.47376E+00  6.47008E+00 10.0
    188 20 15  241   7 3p2(3PE) 5f     -1.45947E+00  6.48437E+00 18.0
    189 20 15  200   8 3p2(1DE) 5d     -1.45576E+00  6.48808E+00  2.0
    190 20 15  430   9 3p2(3PE) 5g     -1.45485E+00  6.48899E+00 28.0
    191 20 15  230  11 3p2(3PE) 5g     -1.45472E+00  6.48912E+00 14.0
    192 20 15  440   3 3p2(3PE) 5g     -1.43816E+00  6.50568E+00 36.0
    193 20 15  240   6 3p2(3PE) 5g     -1.43678E+00  6.50706E+00 18.0
    194 20 15  231  14 3p2(3PE) 5f     -1.42978E+00  6.51406E+00 14.0
    195 20 15  410  13 3p2(3PE) 6s     -1.41547E+00  6.52837E+00 12.0
    196 20 15  230  12 3s 3p2 3d2      -1.39725E+00  6.54659E+00 14.0
    197 20 15  210  15 3p2(3PE) 6s     -1.39547E+00  6.54837E+00  6.0
    198 20 15  410  14 3s 3p2 3d2      -1.39468E+00  6.54916E+00 12.0
    199 20 15  440   4 3s 3p2 3d2      -1.37059E+00  6.57325E+00 36.0
    200 20 15  430  10 3s 3p2 3d2      -1.36488E+00  6.57896E+00 28.0
    201 20 15  210  16 3s 3p2 3d2:     -1.35679E+00  6.58705E+00  6.0
    202 20 15  630   2 3s 3p3(5SO) 4f  -1.33326E+00  6.61058E+00 42.0
    203 20 15  230  13 3s 3p2 3d2      -1.33267E+00  6.61117E+00 14.0
    204 20 15  240   7 3s 3p2 3d2      -1.32259E+00  6.62125E+00 18.0
    205 20 15  241   8 3p2(1DE) 5f     -1.31492E+00  6.62892E+00 18.0
    206 20 15  411   7 3p2(3PE) 6p     -1.31476E+00  6.62908E+00 12.0
    207 20 15  421  13 3p2(3PE) 6p     -1.30834E+00  6.63550E+00 20.0
    208 20 15  231  15 3p2(1DE) 5f     -1.30578E+00  6.63806E+00 14.0
    209 20 15  201   7 3p2(3PE) 6p     -1.29870E+00  6.64514E+00  2.0
    210 20 15  221  19 3p2(3PE) 6p     -1.29229E+00  6.65155E+00 10.0
    211 20 15  401   8 3p2(3PE) 6p     -1.28827E+00  6.65557E+00  4.0
    212 20 15  221  20 3p2(1DE) 5f     -1.28703E+00  6.65681E+00 10.0
    213 20 15  240   8 3p2(1DE) 5g     -1.28240E+00  6.66144E+00 18.0
    214 20 15  211  19 3p2(3PE) 6p     -1.28047E+00  6.66337E+00  6.0
    215 20 15  431   7 3s 3p3(3DO) 4d  -1.27976E+00  6.66408E+00 28.0
    216 20 15  420   9 3s 3p2 3d2      -1.27787E+00  6.66597E+00 20.0
    217 20 15  411   8 3p 3d(3PO) 4s   -1.27547E+00  6.66837E+00 12.0
    218 20 15  441   5 3s 3p3(3DO) 4d  -1.27427E+00  6.66957E+00 36.0
    219 20 15  211  20 3p2(1DE) 5f     -1.27197E+00  6.67187E+00  6.0
    220 20 15  230  14 3p2(1DE) 5g     -1.27180E+00  6.67204E+00 14.0
    221 20 15  220  19 3p2(1DE) 5g     -1.26342E+00  6.68042E+00 10.0
    222 20 15  221  21 3p 3d(1DO) 4s   -1.26086E+00  6.68298E+00 10.0
    223 20 15  421  14 3s 3p3(3DO) 4d  -1.25574E+00  6.68810E+00 20.0
    224 20 15  220  20 3p2(1SE) 5d     -1.25298E+00  6.69086E+00 10.0
    225 20 15  201   8 3s 3p3(3DO) 4d  -1.24460E+00  6.69924E+00  2.0
    226 20 15  430  11 3s 3p2 3d2      -1.24304E+00  6.70080E+00 28.0
    227 20 15  411   9 3s 3p3(3DO) 4d  -1.23937E+00  6.70447E+00 12.0
    228 20 15  241   9 3s 3p3(3DO) 4d  -1.23486E+00  6.70898E+00 18.0
    229 20 15  401   9 3s 3p3(3DO) 4d  -1.23228E+00  6.71156E+00  4.0
    230 20 15  220  21 3p2(1DE) 6s     -1.23137E+00  6.71247E+00 10.0
    231 20 15  211  21 3s 3p3(3DO) 4d  -1.22747E+00  6.71637E+00  6.0
    232 20 15  400   2 3s 3p2 3d2      -1.21665E+00  6.72719E+00  4.0
    233 20 15  220  22 3s 3p2 3d2:     -1.20673E+00  6.73711E+00 10.0
    234 20 15  221  22 3s 3p3(3DO) 4d  -1.20360E+00  6.74024E+00 10.0
    235 20 15  211  22 3p 3d(3PO) 4s   -1.20281E+00  6.74103E+00  6.0
    236 20 15  601   2 3s 3p3(5SO) 5s  -1.19496E+00  6.74888E+00  6.0
    237 20 15  410  15 3s 3p3(3SO) 4p  -1.19434E+00  6.74950E+00 12.0
    238 20 15  231  16 3s 3p3(3DO) 4d  -1.19166E+00  6.75218E+00 14.0
    239 20 15  421  15 3p 3d(3DO) 4s   -1.19081E+00  6.75303E+00 20.0
    240 20 15  420  10 3s 3p2 3d2      -1.18775E+00  6.75609E+00 20.0
    241 20 15  430  12 3s 3p3(5SO) 4f  -1.18673E+00  6.75711E+00 28.0
    242 20 15  210  17 3s 3p2 3d2      -1.17659E+00  6.76725E+00  6.0
    243 20 15  230  15 3p 3d(3FO) 4p   -1.16982E+00  6.77402E+00 14.0
    244 20 15  220  23 3s 3p2 3d2:     -1.16916E+00  6.77468E+00 10.0
    245 20 15  440   5 3s 3p2 3d2      -1.15989E+00  6.78395E+00 36.0
    246 20 15  410  16 3s 3p2 3d2      -1.15295E+00  6.79089E+00 12.0
    247 20 15  420  11 3s 3p2 3d2      -1.15062E+00  6.79322E+00 20.0
    248 20 15  210  18 3p2(3PE) 6d     -1.14425E+00  6.79959E+00  6.0
    249 20 15  430  13 3p2(3PE) 6d     -1.14150E+00  6.80234E+00 28.0
    250 20 15  440   6 3p 3d(3FO) 4p   -1.13310E+00  6.81074E+00 36.0
    251 20 15  220  24 3p2(3PE) 6d     -1.12841E+00  6.81543E+00 10.0
    252 20 15  230  16 3p2(3PE) 6d     -1.12409E+00  6.81975E+00 14.0
    253 20 15  231  17 3p2(1DE) 6p     -1.12386E+00  6.81998E+00 14.0
    254 20 15  420  12 3p2(3PE) 6d     -1.12120E+00  6.82264E+00 20.0
    255 20 15  221  23 3p 3d(3DO) 4s   -1.11979E+00  6.82405E+00 10.0
    256 20 15  401  10 3s 3p3(5SO) 5s  -1.11629E+00  6.82755E+00  4.0
    257 20 15  410  17 3p2(3PE) 6d     -1.10998E+00  6.83386E+00 12.0
    258 20 15  221  24 3p2(1DE) 6p     -1.10835E+00  6.83549E+00 10.0
    259 20 15  211  23 3p2(1DE) 6p     -1.10115E+00  6.84269E+00  6.0
    260 20 15  210  19 3s 3p3(3SO) 4p: -1.09511E+00  6.84873E+00  6.0
    261 20 15  220  25 3s 3p3(1PO) 4p  -1.09487E+00  6.84897E+00 10.0
    262 20 15  240   9 3s 3p2 3d2:     -1.09268E+00  6.85116E+00 18.0
    263 20 15  430  14 3p 3d(3FO) 4p   -1.09244E+00  6.85140E+00 28.0
    264 20 15  230  17 3s 3p2 3d2:     -1.08826E+00  6.85558E+00 14.0
    265 20 15  200   9 3s 3p3(1PO) 4p  -1.07312E+00  6.87072E+00  2.0
    266 20 15  231  18 3p2(1SE) 5f     -1.05636E+00  6.88748E+00 14.0
    267 20 15  430  15 3s 3p2 3d2      -1.04481E+00  6.89903E+00 28.0
    268 20 15  431   8 3s 3p3(3PO) 4d  -1.04431E+00  6.89953E+00 28.0
    269 20 15  210  20 3s 3p3(1PO) 4p  -1.03582E+00  6.90802E+00  6.0
    270 20 15  441   6 3p2(3PE) 6f     -1.03317E+00  6.91067E+00 36.0
    271 20 15  421  16 3p2(3PE) 6f     -1.02694E+00  6.91690E+00 20.0
    272 20 15  240  10 3p2(1SE) 5g     -1.02691E+00  6.91693E+00 18.0
    273 20 15  221  25 3p2(3PE) 6f     -1.02380E+00  6.92004E+00 10.0
    274 20 15  240  11 3p 3d(3FO) 4p   -1.02129E+00  6.92255E+00 18.0
    275 20 15  411  10 3s 3p3(3PO) 4d  -1.02089E+00  6.92295E+00 12.0
    276 20 15  431   9 3p2(3PE) 6f     -1.02084E+00  6.92300E+00 28.0
    277 20 15  421  17 3s 3p3(3PO) 4d  -1.01973E+00  6.92411E+00 20.0
    278 20 15  420  13 3p 3d(3FO) 4p   -1.01883E+00  6.92501E+00 20.0
    279 20 15  220  26 3p 3d(3FO) 4p   -1.01737E+00  6.92647E+00 10.0
    280 20 15  241  10 3p2(3PE) 6f     -1.01501E+00  6.92883E+00 18.0
    281 20 15  430  16 3p2(3PE) 6g     -1.01060E+00  6.93324E+00 28.0
    282 20 15  230  18 3p2(3PE) 6g     -1.01022E+00  6.93362E+00 14.0
    283 20 15  440   7 3p2(3PE) 6g     -1.00223E+00  6.94161E+00 36.0
    284 20 15  231  19 3p2(3PE) 6f     -1.00159E+00  6.94225E+00 14.0
    285 20 15  221  26 3s 3p3(3PO) 4d  -1.00156E+00  6.94228E+00 10.0
    286 20 15  240  12 3p2(3PE) 6g     -9.99654E-01  6.94419E+00 18.0
    287 20 15  230  19 3s 3p2 3d2:     -9.88558E-01  6.95528E+00 14.0
    288 20 15  610   3 3s 3p3(5SO) 5p  -9.82530E-01  6.96131E+00 18.0
    289 20 15  200  10 3p2(1SE) 6s     -9.82509E-01  6.96133E+00  2.0
    290 20 15  410  18 3p2(3PE) 7s     -9.80706E-01  6.96313E+00 12.0
    291 20 15  231  20 3s 3p3(3PO) 4d  -9.77360E-01  6.96648E+00 14.0
    292 20 15  210  21 3p2(3PE) 7s     -9.73030E-01  6.97081E+00  6.0
    293 20 15  230  20 3p2(1DE) 6d     -9.58320E-01  6.98552E+00 14.0
    294 20 15  220  27 3p2(1DE) 6d     -9.56331E-01  6.98751E+00 10.0
    295 20 15  240  13 3s 3p2 3d2:     -9.46535E-01  6.99730E+00 18.0
    296 20 15  211  24 3s 3p3(3PO) 4d  -9.44293E-01  6.99955E+00  6.0
    297 20 15  220  28 3s 3p2 3d2      -9.41950E-01  7.00189E+00 10.0
    298 20 15  210  22 3p2(1DE) 6d     -9.41849E-01  7.00199E+00  6.0
    299 20 15  410  19 3s 3p3(5SO) 5p  -9.40213E-01  7.00363E+00 12.0
    300 20 15  200  11 3p2(1DE) 6d     -9.32210E-01  7.01163E+00  2.0
    301 20 15  240  14 3p2(1DE) 6d     -9.30173E-01  7.01367E+00 18.0
    302 20 15  210  23 3s 3p2 3d2      -9.23973E-01  7.01987E+00  6.0
    303 20 15  201   9 3p2(3PE) 7p     -9.20383E-01  7.02346E+00  2.0
    304 20 15  230  21 3s 3p2 3d2:     -9.17873E-01  7.02597E+00 14.0
    305 20 15  421  18 3p2(3PE) 7p     -9.13621E-01  7.03022E+00 20.0
    306 20 15  231  21 3p 3d(1FO) 4s   -9.13031E-01  7.03081E+00 14.0
    307 20 15  411  11 3p2(3PE) 7p     -9.10004E-01  7.03384E+00 12.0
    308 20 15  401  11 3p2(3PE) 7p     -9.05292E-01  7.03855E+00  4.0
    309 20 15  420  14 3s 3p2 3d2      -9.03444E-01  7.04040E+00 20.0
    310 20 15  221  27 3p2(3PE) 7p     -9.01854E-01  7.04199E+00 10.0
    311 20 15  211  25 3p2(3PE) 7p     -9.01615E-01  7.04222E+00  6.0
    312 20 15  440   8 3s 3p3(3DO) 4f  -8.92700E-01  7.05114E+00 36.0
    313 20 15  410  20 3s 3p2 3d2      -8.91698E-01  7.05214E+00 12.0
    314 20 15  211  26 3p2(1SE) 6p     -8.86964E-01  7.05688E+00  6.0
    315 20 15  241  11 3s 3p3(1DO) 4d  -8.75503E-01  7.06834E+00 18.0
    316 20 15  430  17 3s 3p3(3DO) 4f  -8.72884E-01  7.07096E+00 28.0
    317 20 15  400   3 3s 3p2 3d2      -8.69854E-01  7.07399E+00  4.0
    318 20 15  220  29 3s 3p3(3DO) 4f: -8.59493E-01  7.08435E+00 10.0
    319 20 15  231  22 3s 3p3(1DO) 4d  -8.55725E-01  7.08812E+00 14.0
    320 20 15  241  12 3p2(1DE) 6f     -8.53989E-01  7.08985E+00 18.0
    321 20 15  231  23 3p2(1DE) 6f     -8.50173E-01  7.09367E+00 14.0
    322 20 15  200  12 3s 3p2 3d2      -8.49619E-01  7.09422E+00  2.0
    323 20 15  211  27 3s 3p3(1DO) 4d  -8.46559E-01  7.09728E+00  6.0
    324 20 15  221  28 3s 3p3(1DO) 4d  -8.46157E-01  7.09768E+00 10.0
    325 20 15  210  24 3p 3d(3PO) 4p   -8.45800E-01  7.09804E+00  6.0
    326 20 15  221  29 3p2(1DE) 6f     -8.40946E-01  7.10289E+00 10.0
    327 20 15  240  15 3p2(1DE) 6g     -8.40853E-01  7.10299E+00 18.0
    328 20 15  211  28 3p2(1DE) 6f     -8.38877E-01  7.10496E+00  6.0
    329 20 15  410  21 3p2(3PE) 7d     -8.32913E-01  7.11093E+00 12.0
    330 20 15  230  22 3p2(1DE) 6g     -8.32513E-01  7.11133E+00 14.0
    331 20 15  220  30 3s 3p2 3d2:     -8.29544E-01  7.11430E+00 10.0
    332 20 15  210  25 3s 3p2 3d2      -8.25686E-01  7.11815E+00  6.0
    333 20 15  420  15 3s 3p3(3DO) 4f  -8.25508E-01  7.11833E+00 20.0
    334 20 15  220  31 3p2(1DE) 6g     -8.25242E-01  7.11860E+00 10.0
    335 20 15  201  10 3s 3p3(1DO) 4d  -8.23595E-01  7.12024E+00  2.0
    336 20 15  230  23 3p2(3PE) 7d     -8.20527E-01  7.12331E+00 14.0
    337 20 15  410  22 3s 3p3(3DO) 4f  -8.20155E-01  7.12368E+00 12.0
    338 20 15  430  18 3p2(3PE) 7d     -8.15395E-01  7.12845E+00 28.0
    339 20 15  210  26 3p2(3PE) 7d     -8.14144E-01  7.12970E+00  6.0
    340 20 15  240  16 3s 3p2 3d2:     -8.13373E-01  7.13047E+00 18.0
    341 20 15  230  24 3s 3p3(3DO) 4f  -8.12427E-01  7.13141E+00 14.0
    342 20 15  220  32 3p2(1DE) 7s     -8.09723E-01  7.13412E+00 10.0
    343 20 15  420  16 3p2(3PE) 7d     -8.09479E-01  7.13436E+00 20.0
    344 20 15  220  33 3p2(3PE) 7d     -8.03177E-01  7.14066E+00 10.0
    345 20 15  211  29 3p 3d(1PO) 4s   -8.03165E-01  7.14068E+00  6.0
    346 20 15  430  19 3s 3p2 3d2      -7.93355E-01  7.15049E+00 28.0
    347 20 15  210  27 3s 3p3(3DO) 4f  -7.83618E-01  7.16022E+00  6.0
    348 20 15  230  25 3p 3d(1DO) 4p   -7.79821E-01  7.16402E+00 14.0
    349 20 15  420  17 3p 3d(3PO) 4p   -7.76968E-01  7.16687E+00 20.0
    350 20 15  410  23 3s 3p2 3d2      -7.73440E-01  7.17040E+00 12.0
    351 20 15  220  34 3p 3d(1DO) 4p   -7.73209E-01  7.17063E+00 10.0
    352 20 15  441   7 3p2(3PE) 7f     -7.56279E-01  7.18756E+00 36.0
    353 20 15  410  24 3p 3d(3PO) 4p   -7.53669E-01  7.19017E+00 12.0
    354 20 15  421  19 3p2(3PE) 7f     -7.52137E-01  7.19170E+00 20.0
    355 20 15  431  10 3p2(3PE) 7f     -7.50732E-01  7.19311E+00 28.0
    356 20 15  221  30 3p2(3PE) 7f     -7.50633E-01  7.19321E+00 10.0
    357 20 15  421  20 3s 3p3(3DO) 5s  -7.45396E-01  7.19844E+00 20.0
    358 20 15  221  31 3p2(1DE) 7p     -7.44473E-01  7.19937E+00 10.0
    359 20 15  241  13 3p2(3PE) 7f     -7.43931E-01  7.19991E+00 18.0
    360 20 15  230  26 3p2(3PE) 7g     -7.42097E-01  7.20174E+00 14.0
    361 20 15  200  13 3s 3p2 3d2      -7.40411E-01  7.20343E+00  2.0
    362 20 15  240  17 3p2(3PE) 7g     -7.39538E-01  7.20430E+00 18.0
    363 20 15  430  20 3p2(3PE) 7g     -7.39467E-01  7.20437E+00 28.0
    364 20 15  440   9 3p2(3PE) 7g     -7.39015E-01  7.20482E+00 36.0
    365 20 15  231  24 3p2(3PE) 7f     -7.36052E-01  7.20779E+00 14.0
    366 20 15  231  25 3p2(1DE) 7p     -7.34731E-01  7.20911E+00 14.0
    367 20 15  400   4 3p 3d(3PO) 4p:  -7.34141E-01  7.20970E+00  4.0
    368 20 15  211  30 3p2(1DE) 7p     -7.30099E-01  7.21374E+00  6.0
    369 20 15  220  35 3s 3p2 3d2:     -7.24218E-01  7.21962E+00 10.0
    370 20 15  210  28 3p2(3PE) 8s     -7.22861E-01  7.22098E+00  6.0
    371 20 15  410  25 3p2(3PE) 8s     -7.22266E-01  7.22157E+00 12.0
    372 20 15  430  21 3p 3d(3DO) 4p   -7.14978E-01  7.22886E+00 28.0
    373 20 15  210  29 3p 3d(1DO) 4p   -7.11492E-01  7.23235E+00  6.0
    374 20 15  240  18 3s 3p3(3DO) 4f: -7.09938E-01  7.23390E+00 18.0
    375 20 15  220  36 3p2(1SE) 6d     -7.06547E-01  7.23729E+00 10.0
    376 20 15  220  37 3p 3d(3PO) 4p   -6.95893E-01  7.24795E+00 10.0
    377 20 15  420  18 3p 3d(3DO) 4p   -6.95672E-01  7.24817E+00 20.0
    378 20 15  221  32 3s 3p3(3DO) 5s  -6.95512E-01  7.24833E+00 10.0
    379 20 15  210  30 3s 3p2 3d2      -6.94535E-01  7.24930E+00  6.0
    380 20 15  201  11 3p2(3PE) 8p     -6.84123E-01  7.25972E+00  2.0
    381 20 15  230  27 3p 3d(3DO) 4p   -6.83188E-01  7.26065E+00 14.0
    382 20 15  421  21 3p2(3PE) 8p     -6.78958E-01  7.26488E+00 20.0
    383 20 15  411  12 3p2(3PE) 8p     -6.77860E-01  7.26598E+00 12.0
    384 20 15  401  12 3p2(3PE) 8p     -6.75453E-01  7.26839E+00  4.0
    385 20 15  221  33 3p2(3PE) 8p     -6.71125E-01  7.27272E+00 10.0
    386 20 15  211  31 3p2(3PE) 8p     -6.68079E-01  7.27576E+00  6.0
    387 20 15  220  38 3s 3p3(3PO) 4f: -6.67783E-01  7.27606E+00 10.0
    388 20 15  621   3 3s 3p3(5SO) 5d  -6.65965E-01  7.27787E+00 30.0
    389 20 15  410  26 3p 3d(3DO) 4p   -6.57604E-01  7.28624E+00 12.0
    390 20 15  200  14 3p 3d(3PO) 4p   -6.57130E-01  7.28671E+00  2.0
    391 20 15  230  28 3p2(1DE) 7d     -6.50355E-01  7.29349E+00 14.0
    392 20 15  230  29 3s 3p2 3d2:     -6.37353E-01  7.30649E+00 14.0
    393 20 15  240  19 3p2(1DE) 7d     -6.36674E-01  7.30717E+00 18.0
    394 20 15  210  31 3p2(1DE) 7d     -6.36602E-01  7.30724E+00  6.0
    395 20 15  421  22 3s 3p3(5SO) 5d  -6.34547E-01  7.30929E+00 20.0
    396 20 15  440  10 3s 3p3(3PO) 4f  -6.33238E-01  7.31060E+00 36.0
    397 20 15  220  39 3p2(1DE) 7d     -6.32909E-01  7.31093E+00 10.0
    398 20 15  420  19 3s 3p3(3PO) 4f  -6.30515E-01  7.31332E+00 20.0
    399 20 15  430  22 3s 3p3(3PO) 4f: -6.17845E-01  7.32599E+00 28.0
    400 20 15  210  32 3p2(3PE) 8d     -6.16645E-01  7.32720E+00  6.0
    401 20 15  430  23 3p2(3PE) 8d:    -6.13016E-01  7.33082E+00 28.0
    402 20 15  420  20 3p2(3PE) 8d     -6.10503E-01  7.33334E+00 20.0
    403 20 15  220  40 3p2(3PE) 8d     -6.10421E-01  7.33342E+00 10.0
    404 20 15  410  27 3p2(3PE) 8d     -6.09718E-01  7.33412E+00 12.0
    405 20 15  240  20 3s 3p2 3d2      -6.07697E-01  7.33614E+00 18.0
    406 20 15  230  30 3p2(3PE) 8d     -6.04509E-01  7.33933E+00 14.0
    407 20 15  231  26 3p2(1SE) 6f     -6.04340E-01  7.33950E+00 14.0
    408 20 15  230  31 3s 3p3(3PO) 4f  -6.02362E-01  7.34148E+00 14.0
    409 20 15  200  15 3p2(1DE) 7d     -6.01948E-01  7.34189E+00  2.0
    410 20 15  220  41 3p 3d(3DO) 4p   -5.91315E-01  7.35253E+00 10.0
    411 20 15  420  21 3s 3p2 3d2      -5.89598E-01  7.35424E+00 20.0
    412 20 15  240  21 3p2(1SE) 6g     -5.88692E-01  7.35515E+00 18.0
    413 20 15  241  14 3p2(1DE) 7f     -5.82802E-01  7.36104E+00 18.0
    414 20 15  221  34 3p2(3PE) 8f     -5.77452E-01  7.36639E+00 10.0
    415 20 15  441   8 3p2(3PE) 8f     -5.77313E-01  7.36653E+00 36.0
    416 20 15  231  27 3p2(1DE) 7f     -5.76131E-01  7.36771E+00 14.0
    417 20 15  421  23 3p2(3PE) 8f     -5.74544E-01  7.36930E+00 20.0
    418 20 15  431  11 3p2(3PE) 8f     -5.73626E-01  7.37021E+00 28.0
    419 20 15  240  22 3p2(1DE) 7g     -5.71554E-01  7.37229E+00 18.0
    420 20 15  230  32 3p2(1DE) 7g     -5.70020E-01  7.37382E+00 14.0
    421 20 15  221  35 3p2(1DE) 7f     -5.69545E-01  7.37430E+00 10.0
    422 20 15  241  15 3p2(3PE) 8f     -5.67594E-01  7.37625E+00 18.0
    423 20 15  211  32 3p2(1DE) 7f     -5.67232E-01  7.37661E+00  6.0
    424 20 15  230  33 3p2(3PE) 8g     -5.66543E-01  7.37730E+00 14.0
    425 20 15  210  33 3p 3d(3DO) 4p:  -5.66058E-01  7.37778E+00  6.0
    426 20 15  430  24 3p2(3PE) 8g     -5.65957E-01  7.37788E+00 28.0
    427 20 15  410  28 3s 3p2 3d2      -5.65462E-01  7.37838E+00 12.0
    428 20 15  231  28 3p2(3PE) 8f     -5.63832E-01  7.38001E+00 14.0
    429 20 15  220  42 3p2(1DE) 7g     -5.61280E-01  7.38256E+00 10.0
    430 20 15  440  11 3p2(3PE) 8g     -5.60063E-01  7.38378E+00 36.0
    431 20 15  240  23 3p2(3PE) 8g     -5.58417E-01  7.38542E+00 18.0
    432 20 15  200  16 3p2(1SE) 7s     -5.57014E-01  7.38683E+00  2.0
    433 20 15  410  29 3p2(3PE) 9s     -5.52518E-01  7.39132E+00 12.0
    434 20 15  240  24 3s 3p3(3PO) 4f  -5.49773E-01  7.39407E+00 18.0
    435 20 15  220  43 3p2(1DE) 8s     -5.46441E-01  7.39740E+00 10.0
    436 20 15  210  34 3p2(3PE) 9s:    -5.40559E-01  7.40328E+00  6.0
    437 20 15  420  22 3s 3p3(3DO) 5p  -5.38646E-01  7.40519E+00 20.0
    438 20 15  220  44 3s 3p2 3d2:     -5.35214E-01  7.40863E+00 10.0
    439 20 15  430  25 3s 3p3(3DO) 5p  -5.31594E-01  7.41225E+00 28.0
    440 20 15  411  13 3p2(3PE) 9p     -5.29483E-01  7.41436E+00 12.0
    441 20 15  201  12 3p2(3PE) 9p     -5.28414E-01  7.41543E+00  2.0
    442 20 15  421  24 3p2(3PE) 9p     -5.25844E-01  7.41800E+00 20.0
    443 20 15  401  13 3p2(3PE) 9p     -5.22981E-01  7.42086E+00  4.0
    444 20 15  221  36 3p2(3PE) 9p     -5.22779E-01  7.42106E+00 10.0
    445 20 15  211  33 3p2(3PE) 9p     -5.19246E-01  7.42459E+00  6.0
    446 20 15  230  34 3s 3p2 3d2:     -5.17701E-01  7.42614E+00 14.0
    447 20 15  210  35 3s 3p3(3DO) 5p  -5.17206E-01  7.42663E+00  6.0
    448 20 15  411  14 3s 3p3(3PO) 5s  -5.12692E-01  7.43115E+00 12.0
    449 20 15  230  35 3s 3p3(3DO) 5p  -5.12350E-01  7.43149E+00 14.0
    450 20 15  220  45 3s 3p3(1DO) 4f  -5.05218E-01  7.43862E+00 10.0
    451 20 15  211  34 3p2(1DE) 8p     -5.04929E-01  7.43891E+00  6.0
    452 20 15  231  29 3p2(1DE) 8p     -5.04103E-01  7.43974E+00 14.0
    453 20 15  221  37 3p2(1DE) 8p     -5.02946E-01  7.44089E+00 10.0
    454 20 15  410  30 3s 3p3(3DO) 5p  -4.96924E-01  7.44692E+00 12.0
    455 20 15  630   3 3s 3p3(5SO) 5f  -4.96521E-01  7.44732E+00 42.0
    456 20 15  211  35 3p2(1SE) 7p     -4.90313E-01  7.45353E+00  6.0
    457 20 15  230  36 3p2(3PE) 9d     -4.90219E-01  7.45362E+00 14.0
    458 20 15  421  25 3s 3p3(3SO) 4d  -4.89600E-01  7.45424E+00 20.0
    459 20 15  210  36 3p2(3PE) 9d     -4.79484E-01  7.46436E+00  6.0
    460 20 15  410  31 3p2(3PE) 9d     -4.79087E-01  7.46475E+00 12.0
    461 20 15  220  46 3p2(3PE) 9d     -4.78421E-01  7.46542E+00 10.0
    462 20 15  420  23 3p2(3PE) 9d     -4.78396E-01  7.46544E+00 20.0
    463 20 15  430  26 3p2(3PE) 9d     -4.78091E-01  7.46575E+00 28.0
    464 20 15  240  25 3s 3p3(1DO) 4f  -4.77158E-01  7.46668E+00 18.0
    465 20 15  211  36 3s 3p3(3PO) 5s  -4.74392E-01  7.46945E+00  6.0
    466 20 15  230  37 3s 3p3(1DO) 4f  -4.70334E-01  7.47351E+00 14.0
    467 20 15  220  47 3s 3p3(3DO) 5p  -4.63364E-01  7.48048E+00 10.0
    468 20 15  431  12 3p 3d(3FO) 4d   -4.62480E-01  7.48136E+00 28.0
    469 20 15  210  37 3s 3p2 3d2      -4.60501E-01  7.48334E+00  6.0
    470 20 15  221  38 3p2(3PE) 9f     -4.58944E-01  7.48490E+00 10.0
    471 20 15  241  16 3p 3d(3FO) 4d   -4.57721E-01  7.48612E+00 18.0
    472 20 15  441   9 3p2(3PE) 9f     -4.55449E-01  7.48839E+00 36.0
    473 20 15  431  13 3p2(3PE) 9f     -4.52214E-01  7.49163E+00 28.0
    474 20 15  421  26 3p2(3PE) 9f     -4.51747E-01  7.49209E+00 20.0
    475 20 15  230  38 3p2(1DE) 8d     -4.49937E-01  7.49390E+00 14.0
    476 20 15  430  27 3p2(3PE) 9g     -4.48816E-01  7.49502E+00 28.0
    477 20 15  241  17 3p2(3PE) 9f     -4.48693E-01  7.49515E+00 18.0
    478 20 15  230  39 3p2(3PE) 9g     -4.48537E-01  7.49530E+00 14.0
    479 20 15  641   1 3s 3p3(5SO) 5g  -4.48113E-01  7.49573E+00 54.0
    480 20 15  231  30 3p2(3PE) 9f     -4.46609E-01  7.49723E+00 14.0
    481 20 15  441  10 3s 3p3(5SO) 5g  -4.46333E-01  7.49751E+00 36.0
    482 20 15  240  26 3p2(1DE) 8d     -4.45155E-01  7.49868E+00 18.0
    483 20 15  440  12 3p2(3PE) 9g     -4.44476E-01  7.49936E+00 36.0
    484 20 15  240  27 3p2(3PE) 9g     -4.43343E-01  7.50050E+00 18.0
    485 20 15  220  48 3p2(1DE) 8d     -4.40801E-01  7.50304E+00 10.0
    486 20 15  221  39 3s 3p3(3SO) 4d  -4.39713E-01  7.50413E+00 10.0
    487 20 15  430  28 3s 3p3(5SO) 5f  -4.39305E-01  7.50454E+00 28.0
    488 20 15  210  38 3p2(3PE)10s     -4.37212E-01  7.50663E+00  6.0
    489 20 15  410  32 3p2(3PE)10s     -4.36844E-01  7.50700E+00 12.0
    490 20 15  210  39 3p2(1DE) 8d     -4.30096E-01  7.51374E+00  6.0
    491 20 15  200  17 3p2(1DE) 8d     -4.29825E-01  7.51402E+00  2.0
    492 20 15  220  49 3p 3d(1PO) 4p:  -4.28384E-01  7.51546E+00 10.0
    493 20 15  230  40 3s 3p2 3d2:     -4.26353E-01  7.51749E+00 14.0
    494 20 15  201  13 3p2(3PE)10p     -4.20422E-01  7.52342E+00  2.0
    495 20 15  401  14 3p2(3PE)10p     -4.17855E-01  7.52599E+00  4.0
    496 20 15  421  27 3p2(3PE)10p     -4.17529E-01  7.52631E+00 20.0
    497 20 15  231  31 3s 3p3(1PO) 4d: -4.17276E-01  7.52656E+00 14.0
    498 20 15  221  40 3p2(3PE)10p     -4.16974E-01  7.52687E+00 10.0
    499 20 15  411  15 3p2(3PE)10p     -4.16490E-01  7.52735E+00 12.0
    500 20 15  441  11 3p 3d(3FO) 4d   -4.13128E-01  7.53071E+00 36.0
    501 20 15  231  32 3p 3d(3FO) 4d:  -4.13119E-01  7.53072E+00 14.0
    502 20 15  211  37 3p2(3PE)10p     -4.12994E-01  7.53085E+00  6.0
    503 20 15  240  28 3p 3d(1FO) 4p   -4.11457E-01  7.53238E+00 18.0
    504 20 15  221  41 3s 3p3(1PO) 4d  -4.10900E-01  7.53294E+00 10.0
    505 20 15  601   3 3s 3p3(5SO) 6s  -4.09559E-01  7.53428E+00  6.0
    506 20 15  211  38 3s 3p3(1PO) 4d  -4.03021E-01  7.54082E+00  6.0
    507 20 15  210  40 3s 3p3(1DO) 4f  -4.02450E-01  7.54139E+00  6.0
    508 20 15  241  18 3p2(1DE) 8f     -4.02182E-01  7.54166E+00 18.0
    509 20 15  230  41 3p 3d(1FO) 4p   -3.99581E-01  7.54426E+00 14.0
    510 20 15  231  33 3p2(1DE) 8f     -3.99438E-01  7.54440E+00 14.0
    511 20 15  421  28 3p 3d(3FO) 4d   -3.98402E-01  7.54544E+00 20.0
    512 20 15  441  12 3p3 3d2         -3.97664E-01  7.54618E+00 36.0
    513 20 15  220  50 3p2(1SE) 7d     -3.96889E-01  7.54695E+00 10.0
    514 20 15  221  42 3p2(1DE) 8f     -3.94929E-01  7.54891E+00 10.0
    515 20 15  220  51 3p2(1DE) 8g     -3.93616E-01  7.55022E+00 10.0
    516 20 15  411  16 3p3 3d2         -3.91906E-01  7.55193E+00 12.0
    517 20 15  240  29 3p2(1DE) 8g     -3.89918E-01  7.55392E+00 18.0
    518 20 15  211  39 3p2(1DE) 8f     -3.88718E-01  7.55512E+00  6.0
    519 20 15  230  42 3p2(1DE) 8g     -3.87519E-01  7.55632E+00 14.0
    520 20 15  410  33 3p2(3PE)10d     -3.85870E-01  7.55797E+00 12.0
    521 20 15  210  41 3p2(3PE)10d     -3.85858E-01  7.55798E+00  6.0
    522 20 15  221  43 3s 3p3(1DO) 5s  -3.85756E-01  7.55808E+00 10.0
    523 20 15  430  29 3p2(3PE)10d     -3.85489E-01  7.55835E+00 28.0
    524 20 15  420  24 3p2(3PE)10d     -3.85359E-01  7.55848E+00 20.0
    525 20 15  220  52 3p2(3PE)10d     -3.85131E-01  7.55871E+00 10.0
    526 20 15  401  15 3s 3p3(5SO) 6s  -3.81128E-01  7.56271E+00  4.0
    527 20 15  220  53 3p2(1DE) 9s     -3.80194E-01  7.56365E+00 10.0
    528 20 15  230  43 3p2(3PE)10d     -3.79959E-01  7.56388E+00 14.0
    529 20 15  431  14 3p3 3d2         -3.78432E-01  7.56541E+00 28.0
    530 20 15  220  54 3s 3p2 3d2:     -3.76117E-01  7.56772E+00 10.0
    531 20 15  411  17 3p 3d(3FO) 4d   -3.74202E-01  7.56964E+00 12.0
    532 20 15  441  13 3p2(3PE)10f     -3.67268E-01  7.57657E+00 36.0
    533 20 15  421  29 3p2(3PE)10f     -3.66012E-01  7.57783E+00 20.0
    534 20 15  431  15 3p2(3PE)10f     -3.65865E-01  7.57798E+00 28.0
    535 20 15  241  19 3p2(3PE)10f     -3.63960E-01  7.57988E+00 18.0
    536 20 15  221  44 3p2(3PE)10f     -3.63524E-01  7.58032E+00 10.0
    537 20 15  430  30 3p2(3PE)10g     -3.63316E-01  7.58052E+00 28.0
    538 20 15  230  44 3p2(3PE)10g     -3.62013E-01  7.58183E+00 14.0
    539 20 15  210  42 3s 3p3(3PO) 5p  -3.61876E-01  7.58196E+00  6.0
    540 20 15  231  34 3p2(3PE)10f     -3.61000E-01  7.58284E+00 14.0
    541 20 15  440  13 3p2(3PE)10g     -3.60390E-01  7.58345E+00 36.0
    542 20 15  200  18 3p2(1SE) 8s     -3.11118E-01  7.63272E+00  2.0
    543 20 15  400   5 3s 3p3(3PO) 5p  -3.09204E-01  7.63464E+00  4.0
    544 20 15  200  19 3p2(1DE) 9d     -2.99245E-01  7.64460E+00  2.0
    545 20 15  610   4 3s 3p3(5SO) 6p  -2.98467E-01  7.64537E+00 18.0
    546 20 15  200  20 3s 3p2 3d2      -2.90498E-01  7.65334E+00  2.0
    547 20 15  200  21 3p 3d(1PO) 4p   -2.57159E-01  7.68668E+00  2.0
    548 20 15  200  22 3p2(1DE)10d     -2.09783E-01  7.73406E+00  2.0
    549 20 15  200  23 3s 3p3(3PO) 5p  -2.04758E-01  7.73908E+00  2.0
    550 20 15  621   4 3s 3p3(5SO) 6d  -1.29167E-01  7.81467E+00 30.0
    551 20 15  630   4 3s 3p3(5SO) 6f  -3.73059E-02  7.90653E+00 42.0
    552 20 15  641   2 3s 3p3(5SO) 6g  -7.91618E-03  7.93592E+00 54.0
    553 20 15  601   4 3s 3p3(5SO) 7s   1.73180E-02  7.96116E+00  6.0
    554 20 15  641   3 3s 3p 3d3        4.79411E-02  7.99178E+00 54.0
    555 20 15  400   6 3p 3d(3FO) 4f    5.98240E-02  8.00366E+00  4.0
    556 20 15  610   5 3s 3p3(5SO) 7p   8.26124E-02  8.02645E+00 18.0
    557 20 15  621   5 3s 3p3(5SO) 7d   1.83561E-01  8.12740E+00 30.0
    558 20 15  630   5 3s 3p3(5SO) 7f   2.39171E-01  8.18301E+00 42.0
    559 20 15  641   4 3s 3p3(5SO) 7g   2.57967E-01  8.20181E+00 54.0
    560 20 15  621   6 3s 3p 3d3        2.70300E-01  8.21414E+00 30.0
    561 20 15  601   5 3s 3p3(5SO) 8s   2.75021E-01  8.21886E+00  6.0
    562 20 15  610   6 3s 3p3(5SO) 8p   3.16662E-01  8.26050E+00 18.0
    563 20 15  601   6 3s 3p 3d3        3.57110E-01  8.30095E+00  6.0
    564 20 15  400   7 3s 3p3(3PO) 6p   3.72584E-01  8.31642E+00  4.0
    565 20 15  621   7 3s 3p3(5SO) 8d   3.81718E-01  8.32556E+00 30.0
    566 20 15  630   6 3s 3p3(5SO) 8f   4.17996E-01  8.36184E+00 42.0
    567 20 15  641   5 3s 3p3(5SO) 8g   4.30656E-01  8.37450E+00 54.0
    568 20 15  601   7 3s 3p3(5SO) 9s   4.42595E-01  8.38643E+00  6.0
    569 20 15  610   7 3s 3p3(5SO) 9p   4.70777E-01  8.41462E+00 18.0
    570 20 15  621   8 3s 3p3(5SO) 9d   5.15173E-01  8.45901E+00 30.0
    571 20 15  630   7 3s 3p3(5SO) 9f   5.40174E-01  8.48401E+00 42.0
    572 20 15  641   6 3s 3p3(5SO) 9g   5.49081E-01  8.49292E+00 54.0
    573 20 15  601   8 3s 3p3(5SO)10s   5.57713E-01  8.50155E+00  6.0
    574 20 15  610   8 3s 3p3(5SO)10p   5.77671E-01  8.52151E+00 18.0
    575 20 15  621   9 3s 3p3(5SO)10d   6.09328E-01  8.55317E+00 30.0
    576 20 15  630   8 3s 3p3(5SO)10f   6.27297E-01  8.57114E+00 42.0
    577 20 15  621  10 3s 3p 3d3        6.30951E-01  8.57479E+00 30.0
    578 20 15  641   7 3s 3p3(5SO)10g   6.33793E-01  8.57763E+00 54.0
    579 20 15  400   8 3p 3d(3PO) 5p    6.37859E-01  8.58170E+00  4.0
    580 20 15  400   9 3s 3p3(3PO) 7p   7.52932E-01  8.69677E+00  4.0
    581 20 15  400  10 3p 3d(3FO) 5f    8.21107E-01  8.76495E+00  4.0
    582 20 15  400  11 3s 3p3(3PO) 8p   9.86631E-01  8.93047E+00  4.0
    583 20 15  400  12 3s 3p3(3PO) 9p   1.14050E+00  9.08434E+00  4.0
    584 20 15  400  13 3s 3p3(3PO)10p   1.24709E+00  9.19093E+00  4.0
    585 20 15  400  14 3p 3d(3FO) 6f    1.25118E+00  9.19502E+00  4.0
 ====================================================================
