 ====================================================================
      i NZ NE iSLP iLV iCONF                 E(RYD)      TE(RYD)   gi
 ====================================================================
      1 20 14  310   1 3s2 3p2         -9.33906E+00  0.00000E+00  9.0
      2 20 14  120   1 3s2 3p2         -9.16281E+00  1.76250E-01  5.0
      3 20 14  100   1 3s2 3p2         -8.88888E+00  4.50180E-01  1.0
      4 20 14  501   1 3s 3p3          -8.38264E+00  9.56420E-01  5.0
      5 20 14  321   1 3s 3p3          -7.94046E+00  1.39860E+00 15.0
      6 20 14  311   1 3s 3p3          -7.69255E+00  1.64651E+00  9.0
      7 20 14  121   1 3s 3p3          -7.52424E+00  1.81482E+00  5.0
      8 20 14  301   1 3s 3p3          -7.09224E+00  2.24682E+00  3.0
      9 20 14  331   1 3s2 3p 3d       -7.08462E+00  2.25444E+00 21.0
     10 20 14  111   1 3s 3p3          -7.03916E+00  2.29990E+00  3.0
     11 20 14  311   2 3s2 3p 3d       -6.72004E+00  2.61902E+00  9.0
     12 20 14  121   2 3s2 3p 3d       -6.69818E+00  2.64088E+00  5.0
     13 20 14  321   2 3s2 3p 3d       -6.64151E+00  2.69755E+00 15.0
     14 20 14  131   1 3s2 3p 3d       -6.36775E+00  2.97131E+00  7.0
     15 20 14  111   2 3s2 3p 3d       -6.27196E+00  3.06710E+00  3.0
     16 20 14  310   2 3p4             -6.22500E+00  3.11406E+00  9.0
     17 20 14  120   2 3p4             -6.14459E+00  3.19447E+00  5.0
     18 20 14  530   1 3s 3p2(4PE) 3d  -6.07429E+00  3.26477E+00 35.0
     19 20 14  520   1 3s 3p2(4PE) 3d  -5.97950E+00  3.35956E+00 25.0
     20 20 14  330   1 3s 3p2(4PE) 3d  -5.82463E+00  3.51443E+00 21.0
     21 20 14  510   1 3s 3p2(4PE) 3d  -5.67229E+00  3.66677E+00 15.0
     22 20 14  100   2 3s 3p2(2DE) 3d  -5.64429E+00  3.69477E+00  1.0
     23 20 14  310   3 3s 3p2(4PE) 3d  -5.54300E+00  3.79606E+00  9.0
     24 20 14  340   1 3s 3p2(2DE) 3d  -5.40816E+00  3.93090E+00 27.0
     25 20 14  320   1 3s 3p2(4PE) 3d  -5.31844E+00  4.02062E+00 15.0
     26 20 14  140   1 3s 3p2(2DE) 3d  -5.30618E+00  4.03288E+00  9.0
     27 20 14  130   1 3s 3p2(2DE) 3d  -5.24842E+00  4.09064E+00  7.0
     28 20 14  330   2 3s 3p2(2DE) 3d  -5.13283E+00  4.20623E+00 21.0
     29 20 14  320   2 3s 3p2(2DE) 3d  -5.11262E+00  4.22644E+00 15.0
     30 20 14  110   1 3s 3p2(2DE) 3d  -5.08241E+00  4.25665E+00  3.0
     31 20 14  310   4 3s 3p2(2DE) 3d  -5.06827E+00  4.27079E+00  9.0
     32 20 14  300   1 3s 3p2(2DE) 3d  -4.98758E+00  4.35148E+00  3.0
     33 20 14  320   3 3s 3p2(2PE) 3d: -4.92104E+00  4.41802E+00 15.0
     34 20 14  330   3 3s 3p2(2PE) 3d  -4.89273E+00  4.44633E+00 21.0
     35 20 14  120   3 3s 3p2(2DE) 3d  -4.87953E+00  4.45953E+00  5.0
     36 20 14  311   3 3s2 3p 4s       -4.86785E+00  4.47121E+00  9.0
     37 20 14  111   3 3s2 3p 4s       -4.81457E+00  4.52449E+00  3.0
     38 20 14  320   4 3s 3p2(2SE) 3d: -4.70584E+00  4.63322E+00 15.0
     39 20 14  120   4 3s 3p2(2SE) 3d  -4.63031E+00  4.70875E+00  5.0
     40 20 14  100   3 3p4             -4.61092E+00  4.72814E+00  1.0
     41 20 14  110   2 3s 3p2(2PE) 3d  -4.48168E+00  4.85738E+00  3.0
     42 20 14  310   5 3s 3p2(2PE) 3d  -4.41781E+00  4.92125E+00  9.0
     43 20 14  110   3 3s2 3p 4p       -4.37537E+00  4.96369E+00  3.0
     44 20 14  320   5 3s2 3p 4p       -4.34581E+00  4.99325E+00 15.0
     45 20 14  130   2 3s 3p2(2PE) 3d  -4.32234E+00  5.01672E+00  7.0
     46 20 14  310   6 3s2 3p 4p       -4.30404E+00  5.03502E+00  9.0
     47 20 14  300   2 3s2 3p 4p       -4.27841E+00  5.06065E+00  3.0
     48 20 14  101   1 3p3 3d          -4.22844E+00  5.11062E+00  1.0
     49 20 14  120   5 3s2 3p 4p       -4.22383E+00  5.11523E+00  5.0
     50 20 14  330   4 3s2 3d2         -4.17865E+00  5.16041E+00 21.0
     51 20 14  331   2 3p3 3d          -4.14987E+00  5.18919E+00 21.0
     52 20 14  321   3 3p3 3d          -4.12533E+00  5.21373E+00 15.0
     53 20 14  120   6 3s 3p2(2PE) 3d  -4.08824E+00  5.25082E+00  5.0
     54 20 14  521   1 3p3 3d          -4.06764E+00  5.27142E+00 25.0
     55 20 14  100   4 3s2 3p 4p       -4.06556E+00  5.27350E+00  1.0
     56 20 14  140   2 3s2 3d2         -4.05628E+00  5.28278E+00  9.0
     57 20 14  341   1 3p3 3d          -3.99737E+00  5.34169E+00 27.0
     58 20 14  310   7 3s2 3d2         -3.95716E+00  5.38190E+00  9.0
     59 20 14  120   7 3s2 3d2         -3.91963E+00  5.41943E+00  5.0
     60 20 14  121   3 3p3 3d          -3.82270E+00  5.51636E+00  5.0
     61 20 14  141   1 3p3 3d          -3.81182E+00  5.52724E+00  9.0
     62 20 14  510   2 3s 3p2(4PE) 4s  -3.73088E+00  5.60818E+00 15.0
     63 20 14  541   1 3s 3p 3d2       -3.71622E+00  5.62284E+00 45.0
     64 20 14  111   4 3p3 3d          -3.62857E+00  5.71049E+00  3.0
     65 20 14  311   4 3p3 3d          -3.62305E+00  5.71601E+00  9.0
     66 20 14  321   4 3p3 3d          -3.61960E+00  5.71946E+00 15.0
     67 20 14  121   4 3s2 3p 4d       -3.60837E+00  5.73069E+00  5.0
     68 20 14  331   3 3p3 3d          -3.60665E+00  5.73241E+00 21.0
     69 20 14  301   2 3p3 3d          -3.60543E+00  5.73363E+00  3.0
     70 20 14  321   5 3s2 3p 4d       -3.58176E+00  5.75730E+00 15.0
     71 20 14  331   4 3s2 3p 4d       -3.55993E+00  5.77913E+00 21.0
     72 20 14  311   5 3p3 3d          -3.55889E+00  5.78017E+00  9.0
     73 20 14  310   8 3s 3p2(4PE) 4s  -3.54555E+00  5.79351E+00  9.0
     74 20 14  100   5 3s2 3d2         -3.54129E+00  5.79777E+00  1.0
     75 20 14  311   6 3s2 3p 4d       -3.51111E+00  5.82795E+00  9.0
     76 20 14  131   2 3s2 3p 4d       -3.51105E+00  5.82801E+00  7.0
     77 20 14  111   5 3s2 3p 4d       -3.47734E+00  5.86172E+00  3.0
     78 20 14  521   2 3s 3p 3d2       -3.44256E+00  5.89650E+00 25.0
     79 20 14  531   1 3s 3p 3d2       -3.37666E+00  5.96240E+00 35.0
     80 20 14  511   1 3s 3p2(4PE) 4p: -3.34159E+00  5.99747E+00 15.0
     81 20 14  320   6 3s 3p2(2DE) 4s  -3.31377E+00  6.02529E+00 15.0
     82 20 14  131   3 3p3 3d          -3.29715E+00  6.04191E+00  7.0
     83 20 14  301   3 3s 3p2(4PE) 4p  -3.25051E+00  6.08855E+00  3.0
     84 20 14  131   4 3p3 3d          -3.23409E+00  6.10497E+00  7.0
     85 20 14  521   3 3s 3p2(4PE) 4p  -3.22254E+00  6.11652E+00 25.0
     86 20 14  321   6 3p3 3d          -3.20898E+00  6.13008E+00 15.0
     87 20 14  331   5 3s 3p 3d2       -3.19901E+00  6.14005E+00 21.0
     88 20 14  121   5 3p3 3d          -3.19723E+00  6.14183E+00  5.0
     89 20 14  120   8 3s 3p2(2DE) 4s  -3.19299E+00  6.14607E+00  5.0
     90 20 14  521   4 3s 3p 3d2       -3.18201E+00  6.15705E+00 25.0
     91 20 14  130   3 3s2 3p 4f       -3.17446E+00  6.16460E+00  7.0
     92 20 14  511   2 3s 3p 3d2:      -3.16218E+00  6.17688E+00 15.0
     93 20 14  340   2 3s2 3p 4f       -3.16057E+00  6.17849E+00 27.0
     94 20 14  330   5 3s2 3p 4f       -3.15221E+00  6.18685E+00 21.0
     95 20 14  501   2 3s 3p2(4PE) 4p  -3.14771E+00  6.19135E+00  5.0
     96 20 14  321   7 3s 3p 3d2       -3.10921E+00  6.22985E+00 15.0
     97 20 14  351   1 3s 3p 3d2       -3.10667E+00  6.23239E+00 33.0
     98 20 14  320   7 3s2 3p 4f       -3.10366E+00  6.23540E+00 15.0
     99 20 14  321   8 3s 3p2(4PE) 4p  -3.07075E+00  6.26831E+00 15.0
    100 20 14  140   3 3s2 3p 4f       -3.03825E+00  6.30081E+00  9.0
    101 20 14  120   9 3s2 3p 4f       -3.03746E+00  6.30160E+00  5.0
    102 20 14  341   2 3s 3p 3d2       -3.02483E+00  6.31423E+00 27.0
    103 20 14  311   7 3s 3p2(4PE) 4p  -3.01612E+00  6.32294E+00  9.0
    104 20 14  301   4 3s 3p 3d2       -2.97019E+00  6.36887E+00  3.0
    105 20 14  501   3 3s 3p 3d2       -2.92635E+00  6.41271E+00  5.0
    106 20 14  300   3 3s 3p2(2SE) 4s  -2.88906E+00  6.45000E+00  3.0
    107 20 14  341   3 3s 3p 3d2       -2.81868E+00  6.52038E+00 27.0
    108 20 14  331   6 3s 3p 3d2       -2.80697E+00  6.53209E+00 21.0
    109 20 14  311   8 3s2 3p 5s       -2.80379E+00  6.53527E+00  9.0
    110 20 14  321   9 3s 3p2(2DE) 4p  -2.79131E+00  6.54775E+00 15.0
    111 20 14  121   6 3s 3p2(2DE) 4p  -2.79090E+00  6.54816E+00  5.0
    112 20 14  111   6 3s2 3p 5s       -2.77559E+00  6.56347E+00  3.0
    113 20 14  131   5 3s 3p 3d2       -2.76696E+00  6.57210E+00  7.0
    114 20 14  311   9 3s 3p 3d2       -2.75979E+00  6.57927E+00  9.0
    115 20 14  331   7 3s 3p2(2DE) 4p  -2.75548E+00  6.58358E+00 21.0
    116 20 14  100   6 3s 3p2(2SE) 4s  -2.74659E+00  6.59247E+00  1.0
    117 20 14  111   7 3p3 3d          -2.74426E+00  6.59480E+00  3.0
    118 20 14  110   4 3s 3p2(2PE) 4s  -2.71770E+00  6.62136E+00  3.0
    119 20 14  310   9 3s 3p2(2PE) 4s  -2.70889E+00  6.63017E+00  9.0
    120 20 14  311  10 3s 3p2(2DE) 4p  -2.70789E+00  6.63117E+00  9.0
    121 20 14  131   6 3s 3p2(2DE) 4p  -2.68013E+00  6.65893E+00  7.0
    122 20 14  141   2 3s 3p 3d2       -2.67626E+00  6.66280E+00  9.0
    123 20 14  111   8 3s 3p2(2DE) 4p  -2.65384E+00  6.68522E+00  3.0
    124 20 14  121   7 3s 3p 3d2       -2.65025E+00  6.68881E+00  5.0
    125 20 14  321  10 3s 3p 3d2       -2.56782E+00  6.77124E+00 15.0
    126 20 14  320   8 3s2 3p 5p       -2.56188E+00  6.77718E+00 15.0
    127 20 14  101   2 3s 3p 3d2       -2.55474E+00  6.78432E+00  1.0
    128 20 14  331   8 3s 3p 3d2       -2.55236E+00  6.78670E+00 21.0
    129 20 14  311  11 3s 3p 3d2       -2.53592E+00  6.80314E+00  9.0
    130 20 14  300   4 3s2 3p 5p       -2.52387E+00  6.81519E+00  3.0
    131 20 14  310  10 3s2 3p 5p       -2.51216E+00  6.82690E+00  9.0
    132 20 14  120  10 3s2 3p 5p       -2.50768E+00  6.83138E+00  5.0
    133 20 14  110   5 3s2 3p 5p       -2.50225E+00  6.83681E+00  3.0
    134 20 14  151   1 3s 3p 3d2       -2.48662E+00  6.85244E+00 11.0
    135 20 14  321  11 3s 3p 3d2       -2.47633E+00  6.86273E+00 15.0
    136 20 14  100   7 3s2 3p 5p       -2.45137E+00  6.88769E+00  1.0
    137 20 14  530   2 3s 3p2(4PE) 4d  -2.43744E+00  6.90162E+00 35.0
    138 20 14  510   3 3s 3p2(4PE) 4d  -2.43455E+00  6.90451E+00 15.0
    139 20 14  341   4 3s 3p 3d2       -2.41425E+00  6.92481E+00 27.0
    140 20 14  310  11 3s 3p2(4PE) 4d  -2.40792E+00  6.93114E+00  9.0
    141 20 14  311  12 3s 3p 3d2       -2.38715E+00  6.95191E+00  9.0
    142 20 14  520   2 3s 3p2(4PE) 4d  -2.38444E+00  6.95462E+00 25.0
    143 20 14  330   6 3s 3p2(4PE) 4d  -2.37369E+00  6.96537E+00 21.0
    144 20 14  111   9 3s 3p2(2SE) 4p  -2.33282E+00  7.00624E+00  3.0
    145 20 14  311  13 3s 3p2(2SE) 4p  -2.32285E+00  7.01621E+00  9.0
    146 20 14  101   3 3s 3p2(2PE) 4p  -2.30402E+00  7.03504E+00  1.0
    147 20 14  320   9 3s 3p2(4PE) 4d  -2.30008E+00  7.03898E+00 15.0
    148 20 14  321  12 3s2 3p 5d       -2.27950E+00  7.05956E+00 15.0
    149 20 14  331   9 3s 3p 3d2       -2.26740E+00  7.07166E+00 21.0
    150 20 14  121   8 3s2 3p 5d       -2.25693E+00  7.08213E+00  5.0
    151 20 14  111  10 3s 3p 3d2       -2.21347E+00  7.12559E+00  3.0
    152 20 14  311  14 3s2 3p 5d       -2.20227E+00  7.13679E+00  9.0
    153 20 14  320  10 3s2 3d 4s       -2.19864E+00  7.14042E+00 15.0
    154 20 14  131   7 3s2 3p 5d       -2.19833E+00  7.14073E+00  7.0
    155 20 14  331  10 3s2 3p 5d       -2.19056E+00  7.14850E+00 21.0
    156 20 14  111  11 3s2 3p 5d       -2.17880E+00  7.16026E+00  3.0
    157 20 14  120  11 3s2 3d 4s       -2.15481E+00  7.18425E+00  5.0
    158 20 14  321  13 3s 3p 3d2       -2.15261E+00  7.18645E+00 15.0
    159 20 14  301   5 3s 3p2(2PE) 4p  -2.14862E+00  7.19044E+00  3.0
    160 20 14  321  14 3s 3p2(2PE) 4p  -2.11228E+00  7.22678E+00 15.0
    161 20 14  311  15 3s 3p2(2PE) 4p  -2.10403E+00  7.23503E+00  9.0
    162 20 14  131   8 3s 3p 3d2       -2.08652E+00  7.25254E+00  7.0
    163 20 14  541   2 3s 3p2(4PE) 4f  -2.06421E+00  7.27485E+00 45.0
    164 20 14  121   9 3s 3p2(2PE) 4p  -2.06271E+00  7.27635E+00  5.0
    165 20 14  321  15 3s 3p2(4PE) 4f: -2.05420E+00  7.28486E+00 15.0
    166 20 14  330   7 3s 3p2(2DE) 4d  -2.05173E+00  7.28733E+00 21.0
    167 20 14  130   4 3s 3p2(2DE) 4d  -2.04951E+00  7.28955E+00  7.0
    168 20 14  121  10 3s 3p 3d2       -2.03960E+00  7.29946E+00  5.0
    169 20 14  320  11 3s 3p2(2DE) 4d  -2.03672E+00  7.30234E+00 15.0
    170 20 14  111  12 3s 3p 3d2       -2.03526E+00  7.30380E+00  3.0
    171 20 14  521   5 3s 3p2(4PE) 4f  -2.03028E+00  7.30878E+00 25.0
    172 20 14  340   3 3s2 3p 5f       -2.02258E+00  7.31648E+00 27.0
    173 20 14  130   5 3s2 3p 5f       -2.01817E+00  7.32089E+00  7.0
    174 20 14  540   1 3p2 3d2         -2.01308E+00  7.32598E+00 45.0
    175 20 14  340   4 3s 3p2(2DE) 4d  -2.01289E+00  7.32617E+00 27.0
    176 20 14  330   8 3s2 3p 5f       -2.01189E+00  7.32717E+00 21.0
    177 20 14  531   2 3s 3p2(4PE) 4f  -2.00446E+00  7.33460E+00 35.0
    178 20 14  120  12 3s 3p2(2DE) 4d  -1.99894E+00  7.34012E+00  5.0
    179 20 14  111  13 3s 3p2(2PE) 4p  -1.99859E+00  7.34047E+00  3.0
    180 20 14  140   4 3s 3p2(2DE) 4d  -1.99712E+00  7.34194E+00  9.0
    181 20 14  320  12 3s2 3p 5f       -1.99441E+00  7.34465E+00 15.0
    182 20 14  141   3 3s 3p 3d2       -1.99440E+00  7.34466E+00  9.0
    183 20 14  341   5 3s2 3p 5g       -1.98515E+00  7.35391E+00 27.0
    184 20 14  141   4 3s2 3p 5g       -1.97974E+00  7.35932E+00  9.0
    185 20 14  311  16 3s 3p 3d2:      -1.97943E+00  7.35963E+00  9.0
    186 20 14  351   2 3s2 3p 5g       -1.96970E+00  7.36936E+00 33.0
    187 20 14  120  13 3s2 3p 5f       -1.96585E+00  7.37321E+00  5.0
    188 20 14  331  11 3s2 3p 5g       -1.96422E+00  7.37484E+00 21.0
    189 20 14  131   9 3s2 3p 5g       -1.96161E+00  7.37745E+00  7.0
    190 20 14  151   2 3s2 3p 5g       -1.96093E+00  7.37813E+00 11.0
    191 20 14  310  12 3s 3p2(2DE) 4d  -1.95783E+00  7.38123E+00  9.0
    192 20 14  110   6 3s 3p2(2DE) 4d  -1.95403E+00  7.38503E+00  3.0
    193 20 14  140   5 3s2 3p 5f       -1.94987E+00  7.38919E+00  9.0
    194 20 14  341   6 3s 3p2(4PE) 4f  -1.94379E+00  7.39527E+00 27.0
    195 20 14  321  16 3s 3p 3d2:      -1.93170E+00  7.40736E+00 15.0
    196 20 14  300   5 3s 3p2(2DE) 4d  -1.92778E+00  7.41128E+00  3.0
    197 20 14  330   9 3p2 3d2         -1.90300E+00  7.43606E+00 21.0
    198 20 14  100   8 3s 3p2(2DE) 4d  -1.88062E+00  7.45844E+00  1.0
    199 20 14  131  10 3s 3p2(2DE) 4f: -1.87112E+00  7.46794E+00  7.0
    200 20 14  331  12 3s 3p2(4PE) 4f  -1.86239E+00  7.47667E+00 21.0
    201 20 14  310  13 3p2 3d2         -1.85323E+00  7.48583E+00  9.0
    202 20 14  140   6 3p2 3d2         -1.83050E+00  7.50856E+00  9.0
    203 20 14  311  17 3s2 3p 6s       -1.81245E+00  7.52661E+00  9.0
    204 20 14  111  14 3s2 3p 6s       -1.79705E+00  7.54201E+00  3.0
    205 20 14  520   3 3p2 3d2:        -1.79051E+00  7.54855E+00 25.0
    206 20 14  530   3 3p2 3d2:        -1.76990E+00  7.56916E+00 35.0
    207 20 14  120  14 3p2 3d2         -1.76380E+00  7.57526E+00  5.0
    208 20 14  350   1 3p2 3d2         -1.74619E+00  7.59287E+00 33.0
    209 20 14  121  11 3s2 3d 4p:      -1.72756E+00  7.61150E+00  5.0
    210 20 14  301   6 3s 3p 3d2       -1.70003E+00  7.63903E+00  3.0
    211 20 14  110   7 3s2 3p 6p       -1.69598E+00  7.64308E+00  3.0
    212 20 14  320  13 3s2 3p 6p       -1.68973E+00  7.64933E+00 15.0
    213 20 14  310  14 3s2 3p 6p       -1.68453E+00  7.65453E+00  9.0
    214 20 14  300   6 3s2 3p 6p       -1.67299E+00  7.66607E+00  3.0
    215 20 14  320  14 3p2 3d2         -1.67094E+00  7.66812E+00 15.0
    216 20 14  331  13 3s2 3d 4p       -1.67022E+00  7.66884E+00 21.0
    217 20 14  321  17 3s2 3d 4p       -1.66774E+00  7.67132E+00 15.0
    218 20 14  120  15 3s2 3p 6p       -1.66222E+00  7.67684E+00  5.0
    219 20 14  121  12 3s 3p 3d2       -1.66181E+00  7.67725E+00  5.0
    220 20 14  341   7 3s 3p2(2DE) 4f  -1.65747E+00  7.68159E+00 27.0
    221 20 14  510   4 3s 3p2(4PE) 5s  -1.65645E+00  7.68261E+00 15.0
    222 20 14  340   5 3p2 3d2         -1.64882E+00  7.69024E+00 27.0
    223 20 14  331  14 3s 3p2(2DE) 4f  -1.64034E+00  7.69872E+00 21.0
    224 20 14  100   9 3s2 3p 6p       -1.63810E+00  7.70096E+00  1.0
    225 20 14  351   3 3s 3p2(2DE) 4f  -1.61178E+00  7.72728E+00 33.0
    226 20 14  141   5 3s 3p2(2DE) 4f  -1.60604E+00  7.73302E+00  9.0
    227 20 14  131  11 3s2 3d 4p       -1.59601E+00  7.74305E+00  7.0
    228 20 14  311  18 3s2 3d 4p       -1.59379E+00  7.74527E+00  9.0
    229 20 14  321  18 3s 3p2(2DE) 4f  -1.58752E+00  7.75154E+00 15.0
    230 20 14  310  15 3s 3p2(4PE) 5s  -1.58737E+00  7.75169E+00  9.0
    231 20 14  320  15 3s 3p2(2SE) 4d  -1.57599E+00  7.76307E+00 15.0
    232 20 14  151   3 3s 3p2(2DE) 4f  -1.56747E+00  7.77159E+00 11.0
    233 20 14  330  10 3p2 3d2         -1.55764E+00  7.78142E+00 21.0
    234 20 14  111  15 3s2 3d 4p       -1.55483E+00  7.78423E+00  3.0
    235 20 14  120  16 3s 3p2(2SE) 4d  -1.54803E+00  7.79103E+00  5.0
    236 20 14  131  12 3s 3p 3d2:      -1.54715E+00  7.79191E+00  7.0
    237 20 14  121  13 3s 3p2(2DE) 4f  -1.53562E+00  7.80344E+00  5.0
    238 20 14  311  19 3s 3p2(2DE) 4f  -1.53323E+00  7.80583E+00  9.0
    239 20 14  331  15 3s2 3p 6d       -1.49152E+00  7.84754E+00 21.0
    240 20 14  121  14 3s2 3p 6d       -1.49058E+00  7.84848E+00  5.0
    241 20 14  321  19 3s2 3p 6d       -1.48542E+00  7.85364E+00 15.0
    242 20 14  111  16 3s 3p2(2DE) 4f: -1.48242E+00  7.85664E+00  3.0
    243 20 14  150   1 3p2 3d2         -1.48098E+00  7.85808E+00 11.0
    244 20 14  311  20 3s2 3p 6d       -1.47893E+00  7.86013E+00  9.0
    245 20 14  111  17 3s 3p 3d2       -1.47114E+00  7.86792E+00  3.0
    246 20 14  510   5 3p2 3d2:        -1.46277E+00  7.87629E+00 15.0
    247 20 14  330  11 3s 3p2(2PE) 4d  -1.45337E+00  7.88569E+00 21.0
    248 20 14  520   4 3p2 3d2:        -1.45118E+00  7.88788E+00 25.0
    249 20 14  310  16 3s 3p2(2PE) 4d  -1.44517E+00  7.89389E+00  9.0
    250 20 14  110   8 3s 3p2(2PE) 4d  -1.44201E+00  7.89705E+00  3.0
    251 20 14  131  13 3s2 3p 6d       -1.43449E+00  7.90457E+00  7.0
    252 20 14  130   6 3s 3p2(2PE) 4d  -1.42871E+00  7.91035E+00  7.0
    253 20 14  111  18 3s2 3p 6d       -1.42795E+00  7.91111E+00  3.0
    254 20 14  521   6 3s 3p2(4PE) 5p  -1.42477E+00  7.91429E+00 25.0
    255 20 14  301   7 3s 3p2(4PE) 5p  -1.42355E+00  7.91551E+00  3.0
    256 20 14  320  16 3p2 3d2         -1.41184E+00  7.92722E+00 15.0
    257 20 14  511   3 3s 3p2(4PE) 5p: -1.40981E+00  7.92925E+00 15.0
    258 20 14  340   6 3s2 3p 6f       -1.39624E+00  7.94282E+00 27.0
    259 20 14  330  12 3s2 3p 6f       -1.39355E+00  7.94551E+00 21.0
    260 20 14  130   7 3s2 3p 6f       -1.39050E+00  7.94856E+00  7.0
    261 20 14  501   4 3s 3p2(4PE) 5p  -1.38883E+00  7.95023E+00  5.0
    262 20 14  320  17 3s2 3p 6f       -1.38835E+00  7.95071E+00 15.0
    263 20 14  341   8 3s2 3p 6g       -1.38610E+00  7.95296E+00 27.0
    264 20 14  141   6 3s2 3p 6g       -1.38276E+00  7.95630E+00  9.0
    265 20 14  320  18 3p2 3d2         -1.37903E+00  7.96003E+00 15.0
    266 20 14  331  16 3s2 3p 6g       -1.37621E+00  7.96285E+00 21.0
    267 20 14  310  17 3p2 3d2         -1.37469E+00  7.96437E+00  9.0
    268 20 14  131  14 3s2 3p 6g       -1.36985E+00  7.96921E+00  7.0
    269 20 14  120  17 3s2 3p 6f       -1.36916E+00  7.96990E+00  5.0
    270 20 14  140   7 3s2 3p 6f       -1.36865E+00  7.97041E+00  9.0
    271 20 14  321  20 3s 3p2(4PE) 5p  -1.36497E+00  7.97409E+00 15.0
    272 20 14  151   4 3s2 3p 6g       -1.36386E+00  7.97520E+00 11.0
    273 20 14  351   4 3s2 3p 6g       -1.36375E+00  7.97531E+00 33.0
    274 20 14  120  18 3s 3p2(2PE) 4d  -1.33687E+00  8.00219E+00  5.0
    275 20 14  311  21 3s 3p2(4PE) 5p  -1.33652E+00  8.00254E+00  9.0
    276 20 14  130   8 3p2 3d2         -1.28538E+00  8.05368E+00  7.0
    277 20 14  160   1 3p2 3d2         -1.28300E+00  8.05606E+00 13.0
    278 20 14  311  22 3s2 3p 7s       -1.27125E+00  8.06781E+00  9.0
    279 20 14  111  19 3s2 3p 7s       -1.26488E+00  8.07418E+00  3.0
    280 20 14  320  19 3s 3p2(2DE) 5s  -1.26483E+00  8.07423E+00 15.0
    281 20 14  350   2 3p2 3d2:        -1.24439E+00  8.09467E+00 33.0
    282 20 14  330  13 3p2 3d2         -1.22686E+00  8.11220E+00 21.0
    283 20 14  120  19 3s 3p2(2DE) 5s  -1.22262E+00  8.11644E+00  5.0
    284 20 14  110   9 3p2 3d2         -1.21871E+00  8.12035E+00  3.0
    285 20 14  110  10 3s2 3p 7p       -1.20331E+00  8.13575E+00  3.0
    286 20 14  300   7 3s2 3p 7p       -1.19336E+00  8.14570E+00  3.0
    287 20 14  320  20 3s2 3p 7p       -1.19283E+00  8.14623E+00 15.0
    288 20 14  310  18 3s2 3p 7p       -1.19181E+00  8.14725E+00  9.0
    289 20 14  331  17 3s 3p2(2SE) 4f  -1.17798E+00  8.16108E+00 21.0
    290 20 14  120  20 3s2 3p 7p       -1.17444E+00  8.16462E+00  5.0
    291 20 14  100  10 3s2 3p 7p       -1.17272E+00  8.16634E+00  1.0
    292 20 14  140   8 3p2 3d2         -1.16155E+00  8.17751E+00  9.0
    293 20 14  120  21 3p2 3d2         -1.14998E+00  8.18908E+00  5.0
    294 20 14  131  15 3s 3p2(2SE) 4f  -1.13589E+00  8.20317E+00  7.0
    295 20 14  331  18 3s2 3p 7d       -1.09107E+00  8.24799E+00 21.0
    296 20 14  121  15 3s2 3p 7d       -1.09055E+00  8.24851E+00  5.0
    297 20 14  341   9 3s 3p2(2PE) 4f  -1.08760E+00  8.25146E+00 27.0
    298 20 14  310  19 3p2 3d2         -1.08747E+00  8.25159E+00  9.0
    299 20 14  321  21 3s2 3p 7d       -1.08683E+00  8.25223E+00 15.0
    300 20 14  311  23 3s2 3p 7d       -1.07714E+00  8.26192E+00  9.0
    301 20 14  131  16 3s2 3p 7d       -1.07358E+00  8.26548E+00  7.0
    302 20 14  530   4 3s 3p2(4PE) 5d  -1.07333E+00  8.26573E+00 35.0
    303 20 14  510   6 3s 3p2(4PE) 5d  -1.07210E+00  8.26696E+00 15.0
    304 20 14  111  20 3s2 3p 7d       -1.06923E+00  8.26983E+00  3.0
    305 20 14  330  14 3p2 3d2         -1.06814E+00  8.27092E+00 21.0
    306 20 14  100  11 3p2 3d2         -1.06427E+00  8.27479E+00  1.0
    307 20 14  310  20 3s 3p2(4PE) 5d  -1.06328E+00  8.27578E+00  9.0
    308 20 14  520   5 3s 3p2(4PE) 5d  -1.05379E+00  8.28527E+00 25.0
    309 20 14  141   7 3s2 3p 7g       -1.04933E+00  8.28973E+00  9.0
    310 20 14  330  15 3s 3p2(4PE) 5d  -1.04748E+00  8.29158E+00 21.0
    311 20 14  331  19 3s 3p2(2PE) 4f  -1.03926E+00  8.29980E+00 21.0
    312 20 14  340   7 3p2 3d2         -1.03554E+00  8.30352E+00 27.0
    313 20 14  121  16 3s 3p2(2PE) 4f  -1.03314E+00  8.30592E+00  5.0
    314 20 14  130   9 3p2 3d2         -1.02506E+00  8.31400E+00  7.0
    315 20 14  130  10 3s2 3p 7f       -1.02384E+00  8.31522E+00  7.0
    316 20 14  340   8 3s2 3p 7f       -1.02367E+00  8.31539E+00 27.0
    317 20 14  321  22 3s 3p2(2PE) 4f  -1.02230E+00  8.31676E+00 15.0
    318 20 14  330  16 3s2 3p 7f       -1.02219E+00  8.31687E+00 21.0
    319 20 14  321  23 3s 3p2(2DE) 5p  -1.02159E+00  8.31747E+00 15.0
    320 20 14  320  21 3s 3p2(4PE) 5d  -1.02056E+00  8.31850E+00 15.0
    321 20 14  331  20 3s 3p2(2DE) 5p  -1.01644E+00  8.32262E+00 21.0
    322 20 14  320  22 3s2 3p 7f       -1.01306E+00  8.32600E+00 15.0
    323 20 14  140   9 3s2 3p 7f       -1.00803E+00  8.33103E+00  9.0
    324 20 14  131  17 3s2 3p 7g       -1.00719E+00  8.33187E+00  7.0
    325 20 14  351   5 3s2 3p 7g       -1.00715E+00  8.33191E+00 33.0
    326 20 14  120  22 3s2 3p 7f       -1.00571E+00  8.33335E+00  5.0
    327 20 14  310  21 3p2 3d2         -1.00476E+00  8.33430E+00  9.0
    328 20 14  151   5 3s2 3p 7g       -1.00469E+00  8.33437E+00 11.0
    329 20 14  121  17 3s 3p2(2DE) 5p  -1.00199E+00  8.33707E+00  5.0
    330 20 14  131  18 3s 3p2(2DE) 5p  -9.96876E-01  8.34218E+00  7.0
    331 20 14  320  23 3p2 3d2         -9.94195E-01  8.34486E+00 15.0
    332 20 14  311  24 3s 3p2(2DE) 5p  -9.91981E-01  8.34708E+00  9.0
    333 20 14  340   9 3p2 3d2:        -9.91619E-01  8.34744E+00 27.0
    334 20 14  341  10 3s2 3p 7g       -9.74768E-01  8.36429E+00 27.0
    335 20 14  110  11 3p2 3d2:        -9.70155E-01  8.36891E+00  3.0
    336 20 14  111  21 3s 3p2(2DE) 5p  -9.69235E-01  8.36982E+00  3.0
    337 20 14  340  10 3s 3d3:         -9.65958E-01  8.37310E+00 27.0
    338 20 14  320  24 3p2 3d2         -9.57572E-01  8.38149E+00 15.0
    339 20 14  331  21 3s2 3p 7g       -9.53800E-01  8.38526E+00 21.0
    340 20 14  130  11 3p2 3d2         -9.48047E-01  8.39101E+00  7.0
    341 20 14  311  25 3s2 3p 8s       -9.40775E-01  8.39828E+00  9.0
    342 20 14  111  22 3s2 3p 8s       -9.40502E-01  8.39856E+00  3.0
    343 20 14  141   8 3s 3p2(2PE) 4f  -9.39000E-01  8.40006E+00  9.0
    344 20 14  300   8 3p2 3d2:        -9.29308E-01  8.40975E+00  3.0
    345 20 14  541   3 3s 3p2(4PE) 5f  -9.06348E-01  8.43271E+00 45.0
    346 20 14  330  17 3s2 3d 4d       -9.02086E-01  8.43697E+00 21.0
    347 20 14  110  12 3s2 3p 8p       -9.01527E-01  8.43753E+00  3.0
    348 20 14  330  18 3p2 3d2         -9.00431E-01  8.43863E+00 21.0
    349 20 14  310  22 3s2 3p 8p       -8.96305E-01  8.44275E+00  9.0
    350 20 14  320  25 3s2 3p 8p       -8.93957E-01  8.44510E+00 15.0
    351 20 14  300   9 3s2 3p 8p       -8.92644E-01  8.44642E+00  3.0
    352 20 14  521   7 3s 3p2(4PE) 5f  -8.90383E-01  8.44868E+00 25.0
    353 20 14  120  23 3s2 3p 8p       -8.90198E-01  8.44886E+00  5.0
    354 20 14  131  19 3s 3p2(2PE) 4f  -8.88321E-01  8.45074E+00  7.0
    355 20 14  531   3 3s 3p2(4PE) 5f  -8.85431E-01  8.45363E+00 35.0
    356 20 14  100  12 3s2 3p 8p       -8.82365E-01  8.45669E+00  1.0
    357 20 14  321  24 3s 3p2(4PE) 5f: -8.63405E-01  8.47565E+00 15.0
    358 20 14  341  11 3s 3p2(4PE) 5f  -8.52102E-01  8.48696E+00 27.0
    359 20 14  530   5 3s 3p2(4PE) 5g  -8.46103E-01  8.49296E+00 35.0
    360 20 14  550   1 3s 3p2(4PE) 5g  -8.44004E-01  8.49506E+00 55.0
    361 20 14  330  19 3s 3p2(4PE) 5g  -8.43311E-01  8.49575E+00 21.0
    362 20 14  530   6 3s 3d3          -8.42807E-01  8.49625E+00 35.0
    363 20 14  350   3 3s 3p2(4PE) 5g  -8.39196E-01  8.49986E+00 33.0
    364 20 14  140  10 3s2 3d 4d       -8.36871E-01  8.50219E+00  9.0
    365 20 14  120  24 3s2 3d 4d       -8.32627E-01  8.50643E+00  5.0
    366 20 14  540   2 3s 3p2(4PE) 5g  -8.27914E-01  8.51115E+00 45.0
    367 20 14  300  10 3s 3p2(2SE) 5s  -8.24796E-01  8.51426E+00  3.0
    368 20 14  121  18 3s2 3p 8d       -8.23602E-01  8.51546E+00  5.0
    369 20 14  321  25 3s2 3p 8d       -8.22281E-01  8.51678E+00 15.0
    370 20 14  340  11 3s 3p2(4PE) 5g  -8.21873E-01  8.51719E+00 27.0
    371 20 14  310  23 3s2 3d 4d       -8.18513E-01  8.52055E+00  9.0
    372 20 14  331  22 3s2 3p 8d       -8.18341E-01  8.52072E+00 21.0
    373 20 14  311  26 3s2 3p 8d       -8.18099E-01  8.52096E+00  9.0
    374 20 14  331  23 3s 3p2(4PE) 5f  -8.15989E-01  8.52307E+00 21.0
    375 20 14  131  20 3s2 3p 8d       -8.12948E-01  8.52611E+00  7.0
    376 20 14  111  23 3s2 3p 8d       -8.12933E-01  8.52613E+00  3.0
    377 20 14  320  26 3s 3d3          -8.10522E-01  8.52854E+00 15.0
    378 20 14  120  25 3p2 3d2         -8.10479E-01  8.52858E+00  5.0
    379 20 14  100  13 3s 3p2(2SE) 5s  -7.87699E-01  8.55136E+00  1.0
    380 20 14  110  13 3s 3d3          -7.87171E-01  8.55189E+00  3.0
    381 20 14  130  12 3s2 3p 8f       -7.82381E-01  8.55668E+00  7.0
    382 20 14  340  12 3s2 3p 8f       -7.80628E-01  8.55843E+00 27.0
    383 20 14  330  20 3s2 3p 8f       -7.78987E-01  8.56007E+00 21.0
    384 20 14  351   6 3s2 3p 8g       -7.76747E-01  8.56231E+00 33.0
    385 20 14  320  27 3s2 3p 8f       -7.76130E-01  8.56293E+00 15.0
    386 20 14  151   6 3s2 3p 8g       -7.71313E-01  8.56775E+00 11.0
    387 20 14  120  26 3s2 3p 8f       -7.68262E-01  8.57080E+00  5.0
    388 20 14  341  12 3s2 3p 8g       -7.66248E-01  8.57281E+00 27.0
    389 20 14  140  11 3s2 3p 8f       -7.65748E-01  8.57331E+00  9.0
    390 20 14  141   9 3s2 3p 8g       -7.63731E-01  8.57533E+00  9.0
    391 20 14  331  24 3s2 3p 8g       -7.59487E-01  8.57957E+00 21.0
    392 20 14  131  21 3s2 3p 8g       -7.55722E-01  8.58334E+00  7.0
    393 20 14  311  27 3s2 3p 9s       -7.28313E-01  8.61075E+00  9.0
    394 20 14  111  24 3s2 3p 9s       -7.26181E-01  8.61288E+00  3.0
    395 20 14  110  14 3s2 3p 9p       -7.11885E-01  8.62717E+00  3.0
    396 20 14  310  24 3s2 3p 9p       -7.03381E-01  8.63568E+00  9.0
    397 20 14  100  14 3s2 3p 9p       -6.98850E-01  8.64021E+00  1.0
    398 20 14  320  28 3s2 3p 9p       -6.96949E-01  8.64211E+00 15.0
    399 20 14  300  11 3s2 3p 9p       -6.92091E-01  8.64697E+00  3.0
    400 20 14  140  12 3p2 3d2         -6.88946E-01  8.65011E+00  9.0
    401 20 14  120  27 3s2 3p 9p       -6.87573E-01  8.65149E+00  5.0
    402 20 14  330  21 3s 3p2(2DE) 5d  -6.87541E-01  8.65152E+00 21.0
    403 20 14  510   7 3s 3p2(4PE) 6s  -6.83224E-01  8.65584E+00 15.0
    404 20 14  130  13 3s 3p2(2DE) 5d  -6.81086E-01  8.65797E+00  7.0
    405 20 14  320  29 3s 3p2(2DE) 5d  -6.78991E-01  8.66007E+00 15.0
    406 20 14  120  28 3p2 3d2         -6.78084E-01  8.66098E+00  5.0
    407 20 14  340  13 3s 3p2(2DE) 5d  -6.75857E-01  8.66320E+00 27.0
    408 20 14  310  25 3s 3p2(2DE) 5d  -6.70537E-01  8.66852E+00  9.0
    409 20 14  110  15 3s 3p2(2PE) 5s  -6.63330E-01  8.67573E+00  3.0
    410 20 14  310  26 3s 3p2(2PE) 5s  -6.56280E-01  8.68278E+00  9.0
    411 20 14  510   8 3s 3d3:         -6.54998E-01  8.68406E+00 15.0
    412 20 14  140  13 3s 3p2(2DE) 5d  -6.53878E-01  8.68518E+00  9.0
    413 20 14  100  15 3s2 3d 4d       -6.52418E-01  8.68664E+00  1.0
    414 20 14  120  29 3s 3p2(2DE) 5d: -6.49288E-01  8.68977E+00  5.0
    415 20 14  121  19 3s2 3p 9d       -6.46922E-01  8.69214E+00  5.0
    416 20 14  321  26 3s2 3p 9d       -6.46218E-01  8.69284E+00 15.0
    417 20 14  311  28 3s2 3p 9d       -6.43859E-01  8.69520E+00  9.0
    418 20 14  331  25 3s2 3p 9d       -6.42563E-01  8.69650E+00 21.0
    419 20 14  111  25 3s2 3p 9d       -6.39984E-01  8.69908E+00  3.0
    420 20 14  131  22 3s2 3p 9d       -6.39974E-01  8.69909E+00  7.0
    421 20 14  351   7 3s2 3p 9g:      -6.38479E-01  8.70058E+00 33.0
    422 20 14  310  27 3s 3p2(4PE) 6s  -6.37280E-01  8.70178E+00  9.0
    423 20 14  300  12 3s 3p2(2DE) 5d  -6.35585E-01  8.70347E+00  3.0
    424 20 14  141  10 3s2 3d 4f       -6.24420E-01  8.71464E+00  9.0
    425 20 14  110  16 3s 3p2(2DE) 5d  -6.22472E-01  8.71659E+00  3.0
    426 20 14  130  14 3s2 3p 9f       -6.16730E-01  8.72233E+00  7.0
    427 20 14  340  14 3s2 3p 9f       -6.15581E-01  8.72348E+00 27.0
    428 20 14  330  22 3s2 3p 9f       -6.14863E-01  8.72420E+00 21.0
    429 20 14  320  30 3s2 3p 9f       -6.12466E-01  8.72659E+00 15.0
    430 20 14  151   7 3s2 3p 9g       -6.12072E-01  8.72699E+00 11.0
    431 20 14  341  13 3s2 3p 9g       -6.10346E-01  8.72871E+00 27.0
    432 20 14  100  16 3s 3p2(2DE) 5d  -6.09295E-01  8.72976E+00  1.0
    433 20 14  331  26 3s2 3p 9g       -6.08942E-01  8.73012E+00 21.0
    434 20 14  120  30 3s2 3p 9f       -6.07663E-01  8.73140E+00  5.0
    435 20 14  140  14 3s2 3p 9f       -6.06444E-01  8.73262E+00  9.0
    436 20 14  131  23 3s2 3p 9g       -6.03263E-01  8.73580E+00  7.0
    437 20 14  141  11 3s2 3p 9g       -5.88757E-01  8.75030E+00  9.0
    438 20 14  311  29 3s 3p2(2SE) 5p  -5.88707E-01  8.75035E+00  9.0
    439 20 14  351   8 3s2 3p10g:      -5.78589E-01  8.76047E+00 33.0
    440 20 14  111  26 3s2 3p10s       -5.77858E-01  8.76120E+00  3.0
    441 20 14  311  30 3s2 3p10s       -5.74650E-01  8.76441E+00  9.0
    442 20 14  331  27 3s2 3d 4f       -5.72351E-01  8.76671E+00 21.0
    443 20 14  301   8 3s 3p2(4PE) 6p  -5.64971E-01  8.77409E+00  3.0
    444 20 14  320  31 3s 3d3          -5.63248E-01  8.77581E+00 15.0
    445 20 14  111  27 3s 3p2(2SE) 5p  -5.63104E-01  8.77596E+00  3.0
    446 20 14  521   8 3s 3p2(4PE) 6p  -5.59271E-01  8.77979E+00 25.0
    447 20 14  310  28 3p2 3d2         -5.58855E-01  8.78020E+00  9.0
    448 20 14  320  32 3s2 3p10p       -5.54773E-01  8.78429E+00 15.0
    449 20 14  110  17 3s2 3p10p       -5.51342E-01  8.78772E+00  3.0
    450 20 14  511   4 3s 3p2(4PE) 6p: -5.51233E-01  8.78783E+00 15.0
    451 20 14  300  13 3s2 3p10p       -5.50444E-01  8.78862E+00  3.0
    452 20 14  120  31 3s2 3p10p       -5.50380E-01  8.78868E+00  5.0
    453 20 14  310  29 3s2 3p10p       -5.49523E-01  8.78954E+00  9.0
    454 20 14  501   5 3s 3p2(4PE) 6p  -5.43883E-01  8.79518E+00  5.0
    455 20 14  100  17 3s2 3p10p       -5.41580E-01  8.79748E+00  1.0
    456 20 14  120  32 3s 3p2(2DE) 5g  -5.39467E-01  8.79959E+00  5.0
    457 20 14  321  27 3s 3p2(4PE) 6p  -5.31535E-01  8.80752E+00 15.0
    458 20 14  100  18 3s 3p2(2DE) 5d: -5.30169E-01  8.80889E+00  1.0
    459 20 14  121  20 3s2 3d 4f       -5.29564E-01  8.80950E+00  5.0
    460 20 14  341  14 3s 3p2(2DE) 5f  -5.23174E-01  8.81589E+00 27.0
    461 20 14  321  28 3s2 3p10d       -5.22511E-01  8.81655E+00 15.0
    462 20 14  311  31 3s2 3p10d       -5.19395E-01  8.81966E+00  9.0
    463 20 14  121  21 3s2 3p10d       -5.19188E-01  8.81987E+00  5.0
    464 20 14  331  28 3s2 3p10d       -5.16960E-01  8.82210E+00 21.0
    465 20 14  131  24 3s2 3p10d       -5.16472E-01  8.82259E+00  7.0
    466 20 14  111  28 3s2 3p10d       -5.15534E-01  8.82353E+00  3.0
    467 20 14  311  32 3s 3p2(4PE) 6p  -5.13543E-01  8.82552E+00  9.0
    468 20 14  331  29 3s 3p2(2DE) 5f  -5.04237E-01  8.83482E+00 21.0
    469 20 14  351   9 3s 3p2(2DE) 5f  -5.02890E-01  8.83617E+00 33.0
    470 20 14  151   8 3s2 3p10g       -5.01000E-01  8.83806E+00 11.0
    471 20 14  341  15 3s2 3p10g       -4.99973E-01  8.83909E+00 27.0
    472 20 14  130  15 3s2 3p10f       -4.98733E-01  8.84033E+00  7.0
    473 20 14  340  15 3s2 3p10f       -4.97829E-01  8.84123E+00 27.0
    474 20 14  330  23 3s2 3p10f       -4.97388E-01  8.84167E+00 21.0
    475 20 14  320  33 3s2 3p10f       -4.95574E-01  8.84349E+00 15.0
    476 20 14  131  25 3s2 3p10g       -4.95244E-01  8.84382E+00  7.0
    477 20 14  120  33 3s2 3p10f       -4.92103E-01  8.84696E+00  5.0
    478 20 14  140  15 3s2 3p10f       -4.91890E-01  8.84717E+00  9.0
    479 20 14  141  12 3s2 3p10g       -4.90050E-01  8.84901E+00  9.0
    480 20 14  101   4 3s 3p2(2PE) 5p  -4.75679E-01  8.86338E+00  1.0
    481 20 14  350   4 3s 3p2(2DE) 5g  -4.65116E-01  8.87394E+00 33.0
    482 20 14  150   2 3s 3p2(2DE) 5g  -4.63101E-01  8.87596E+00 11.0
    483 20 14  360   1 3s 3p2(2DE) 5g  -4.47566E-01  8.89149E+00 39.0
    484 20 14  160   2 3s 3p2(2DE) 5g  -4.44566E-01  8.89449E+00 13.0
    485 20 14  301   9 3s 3p2(2PE) 5p  -4.09610E-01  8.92945E+00  3.0
    486 20 14  510   9 3s 3p2(4PE) 6d  -3.69941E-01  8.96912E+00 15.0
    487 20 14  530   7 3s 3p2(4PE) 6d  -3.69860E-01  8.96920E+00 35.0
    488 20 14  520   6 3s 3p2(4PE) 6d  -3.59441E-01  8.97962E+00 25.0
    489 20 14  350   5 3p2 3d2:        -3.44412E-01  8.99465E+00 33.0
    490 20 14  541   4 3s 3p2(4PE) 6f  -2.78627E-01  9.06043E+00 45.0
    491 20 14  521   9 3s 3p2(4PE) 6f  -2.70416E-01  9.06864E+00 25.0
    492 20 14  531   4 3s 3p2(4PE) 6f  -2.67216E-01  9.07184E+00 35.0
    493 20 14  530   8 3s 3p2(4PE) 6g  -2.43831E-01  9.09523E+00 35.0
    494 20 14  550   2 3s 3p2(4PE) 6g  -2.42890E-01  9.09617E+00 55.0
    495 20 14  350   6 3s 3p2(4PE) 6g  -2.39056E-01  9.10000E+00 33.0
    496 20 14  540   3 3s 3p2(4PE) 6g  -2.32945E-01  9.10611E+00 45.0
    497 20 14  510  10 3s 3p2(4PE) 7s  -1.45584E-01  9.19348E+00 15.0
    498 20 14  301  10 3s 3p2(4PE) 7p  -7.32215E-02  9.26584E+00  3.0
    499 20 14  521  10 3s 3p2(4PE) 7p  -7.15858E-02  9.26747E+00 25.0
    500 20 14  511   5 3s 3p2(4PE) 7p: -6.68045E-02  9.27225E+00 15.0
    501 20 14  501   6 3s 3p2(4PE) 7p  -6.35085E-02  9.27555E+00  5.0
    502 20 14  510  11 3s 3p2(4PE) 7d   4.20289E-02  9.38109E+00 15.0
    503 20 14  530   9 3s 3p2(4PE) 7d   4.23105E-02  9.38137E+00 35.0
    504 20 14  520   7 3s 3p2(4PE) 7d   4.86467E-02  9.38771E+00 25.0
    505 20 14  541   5 3s 3p2(4PE) 7f   9.79852E-02  9.43705E+00 45.0
    506 20 14  521  11 3s 3p2(4PE) 7f   1.02767E-01  9.44183E+00 25.0
    507 20 14  531   5 3s 3p2(4PE) 7f   1.04984E-01  9.44404E+00 35.0
    508 20 14  530  10 3s 3p2(4PE) 7g   1.19867E-01  9.45893E+00 35.0
    509 20 14  550   3 3s 3p2(4PE) 7g   1.20302E-01  9.45936E+00 55.0
    510 20 14  350   7 3s 3p2(4PE) 7g   1.22920E-01  9.46198E+00 33.0
    511 20 14  350   8 3s 3p2(2PE) 5g   1.25810E-01  9.46487E+00 33.0
    512 20 14  540   4 3s 3p2(4PE) 7g   1.26464E-01  9.46552E+00 45.0
    513 20 14  150   3 3s 3p2(2PE) 5g   1.27265E-01  9.46632E+00 11.0
    514 20 14  350   9 3s 3p2(2DE) 6g   1.38738E-01  9.47780E+00 33.0
    515 20 14  150   4 3s 3p2(2DE) 6g   1.39960E-01  9.47902E+00 11.0
    516 20 14  360   2 3s 3p2(2DE) 6g   1.48799E-01  9.48786E+00 39.0
    517 20 14  160   3 3s 3p2(2DE) 6g   1.51202E-01  9.49026E+00 13.0
    518 20 14  150   5 3p2 3d2          1.68815E-01  9.50787E+00 11.0
    519 20 14  510  12 3s 3p2(4PE) 8s   1.83153E-01  9.52221E+00 15.0
    520 20 14  301  11 3s 3p2(4PE) 8p   2.29144E-01  9.56820E+00  3.0
    521 20 14  521  12 3s 3p2(4PE) 8p   2.30827E-01  9.56989E+00 25.0
    522 20 14  511   6 3s 3p2(4PE) 8p:  2.33889E-01  9.57295E+00 15.0
    523 20 14  501   7 3s 3p2(4PE) 8p   2.35650E-01  9.57471E+00  5.0
    524 20 14  510  13 3s 3p2(4PE) 8d   3.04436E-01  9.64350E+00 15.0
    525 20 14  530  11 3s 3p2(4PE) 8d   3.04700E-01  9.64376E+00 35.0
    526 20 14  520   8 3s 3p2(4PE) 8d   3.08850E-01  9.64791E+00 25.0
    527 20 14  541   6 3s 3p2(4PE) 8f   3.41256E-01  9.68032E+00 45.0
    528 20 14  521  13 3s 3p2(4PE) 8f   3.44301E-01  9.68336E+00 25.0
    529 20 14  531   6 3s 3p2(4PE) 8f   3.45859E-01  9.68492E+00 35.0
    530 20 14  530  12 3s 3p2(4PE) 8g   3.55878E-01  9.69494E+00 35.0
    531 20 14  550   4 3s 3p2(4PE) 8g   3.56099E-01  9.69516E+00 55.0
    532 20 14  350  10 3s 3p2(4PE) 8g   3.58085E-01  9.69714E+00 33.0
    533 20 14  540   5 3s 3p2(4PE) 8g   3.60152E-01  9.69921E+00 45.0
    534 20 14  541   7 3p 3d3           3.63615E-01  9.70267E+00 45.0
    535 20 14  101   5 3s 3p2(2PE) 6p   3.98641E-01  9.73770E+00  1.0
    536 20 14  510  14 3s 3p2(4PE) 9s   3.98906E-01  9.73797E+00 15.0
    537 20 14  301  12 3s 3p2(2PE) 6p   4.22510E-01  9.76157E+00  3.0
    538 20 14  521  14 3s 3p2(4PE) 9p   4.31401E-01  9.77046E+00 25.0
    539 20 14  511   7 3s 3p2(4PE) 9p:  4.33478E-01  9.77254E+00 15.0
    540 20 14  501   8 3s 3p2(4PE) 9p   4.34535E-01  9.77359E+00  5.0
    541 20 14  301  13 3s 3p2(4PE) 9p   4.36421E-01  9.77548E+00  3.0
    542 20 14  510  15 3s 3p2(4PE) 9d   4.81844E-01  9.82090E+00 15.0
    543 20 14  530  13 3s 3p2(4PE) 9d   4.82058E-01  9.82112E+00 35.0
    544 20 14  520   9 3s 3p2(4PE) 9d   4.84923E-01  9.82398E+00 25.0
    545 20 14  350  11 3s 3p2(2DE) 7g   5.02700E-01  9.84176E+00 33.0
    546 20 14  150   6 3s 3p2(2DE) 7g   5.03652E-01  9.84271E+00 11.0
    547 20 14  541   8 3s 3p2(4PE) 9f   5.07378E-01  9.84644E+00 45.0
    548 20 14  360   3 3s 3p2(2DE) 7g   5.08995E-01  9.84805E+00 39.0
    549 20 14  521  15 3s 3p2(4PE) 9f   5.09441E-01  9.84850E+00 25.0
    550 20 14  531   7 3s 3p2(4PE) 9f   5.10562E-01  9.84962E+00 35.0
    551 20 14  160   4 3s 3p2(2DE) 7g   5.10744E-01  9.84980E+00 13.0
    552 20 14  530  14 3s 3p2(4PE) 9g   5.17615E-01  9.85668E+00 35.0
    553 20 14  550   5 3s 3p2(4PE) 9g   5.17737E-01  9.85680E+00 55.0
    554 20 14  350  12 3s 3p2(4PE) 9g   5.19246E-01  9.85831E+00 33.0
    555 20 14  540   6 3s 3p2(4PE) 9g   5.20546E-01  9.85961E+00 45.0
    556 20 14  510  16 3s 3p2(4PE)10s   5.48154E-01  9.88721E+00 15.0
    557 20 14  301  14 3s 3p2(4PE)10p   5.70734E-01  9.90979E+00  3.0
    558 20 14  521  16 3s 3p2(4PE)10p   5.71287E-01  9.91035E+00 25.0
    559 20 14  511   8 3s 3p2(4PE)10p:  5.72760E-01  9.91182E+00 15.0
    560 20 14  501   9 3s 3p2(4PE)10p   5.73448E-01  9.91251E+00  5.0
    561 20 14  510  17 3s 3p2(4PE)10d   6.07372E-01  9.94643E+00 15.0
    562 20 14  530  15 3s 3p2(4PE)10d   6.07541E-01  9.94660E+00 35.0
    563 20 14  520  10 3s 3p2(4PE)10d   6.09602E-01  9.94866E+00 25.0
    564 20 14  531   8 3p 3d3           6.14693E-01  9.95375E+00 35.0
    565 20 14  521  17 3p 3d3           6.16308E-01  9.95537E+00 25.0
    566 20 14  150   7 3s2 3d 5g        6.20789E-01  9.95985E+00 11.0
    567 20 14  350  13 3s2 3d 5g        6.22801E-01  9.96186E+00 33.0
    568 20 14  541   9 3s 3p2(4PE)10f   6.25809E-01  9.96487E+00 45.0
    569 20 14  521  18 3s 3p2(4PE)10f   6.27278E-01  9.96634E+00 25.0
    570 20 14  531   9 3s 3p2(4PE)10f   6.28104E-01  9.96716E+00 35.0
    571 20 14  360   4 3s2 3d 5g        6.30485E-01  9.96954E+00 39.0
    572 20 14  530  16 3s 3p2(4PE)10g   6.33251E-01  9.97231E+00 35.0
    573 20 14  550   6 3s 3p2(4PE)10g   6.33324E-01  9.97238E+00 55.0
    574 20 14  350  14 3s 3p2(4PE)10g   6.34434E-01  9.97349E+00 33.0
    575 20 14  160   5 3s2 3d 5g        6.38834E-01  9.97789E+00 13.0
    576 20 14  101   6 3p 3d3           6.87123E-01  1.00262E+01  1.0
    577 20 14  150   8 3s 3p2(2PE) 6g   7.28029E-01  1.00671E+01 11.0
    578 20 14  150   9 3s 3p2(2DE) 8g   7.39987E-01  1.00790E+01 11.0
    579 20 14  360   5 3s 3p2(2DE) 8g   7.43114E-01  1.00822E+01 39.0
    580 20 14  160   6 3s 3p2(2DE) 8g   7.44372E-01  1.00834E+01 13.0
    581 20 14  101   7 3s 3p2(2PE) 7p   8.90359E-01  1.02294E+01  1.0
    582 20 14  150  10 3s 3p2(2DE) 9g   9.01411E-01  1.02405E+01 11.0
    583 20 14  360   6 3s 3p2(2DE) 9g   9.03735E-01  1.02428E+01 39.0
    584 20 14  160   7 3s 3p2(2DE) 9g   9.04662E-01  1.02437E+01 13.0
    585 20 14  150  11 3s 3p2(2DE)10g   1.01701E+00  1.03561E+01 11.0
    586 20 14  360   7 3s 3p2(2DE)10g   1.01868E+00  1.03577E+01 39.0
    587 20 14  101   8 3s 3p2(2PE) 8p   1.19487E+00  1.05339E+01  1.0
    588 20 14  101   9 3s 3p2(2PE) 9p   1.39665E+00  1.07357E+01  1.0
    589 20 14  101  10 3s 3p2(2PE)10p   1.53727E+00  1.08763E+01  1.0
 ====================================================================
