 ====================================================================
      i NZ NE iSLP iLV iCONF                 E(RYD)      TE(RYD)   gi
 ====================================================================
      1 20 13  211   1 3s2 3p          -1.08124E+01  0.00000E+00  6.0
      2 20 13  410   1 3s 3p2          -9.68447E+00  1.12793E+00 12.0
      3 20 13  220   1 3s 3p2          -9.30947E+00  1.50293E+00 10.0
      4 20 13  200   1 3s 3p2          -8.86000E+00  1.95240E+00  2.0
      5 20 13  210   1 3s 3p2          -8.71199E+00  2.10041E+00  6.0
      6 20 13  220   2 3s2 3d          -8.25631E+00  2.55609E+00 10.0
      7 20 13  221   1 3p3             -7.85124E+00  2.96116E+00 10.0
      8 20 13  401   1 3p3             -7.74564E+00  3.06676E+00  4.0
      9 20 13  211   2 3p3             -7.44770E+00  3.36470E+00  6.0
     10 20 13  431   1 3s3p(3PO) 3d    -7.43931E+00  3.37309E+00 28.0
     11 20 13  411   1 3s3p(3PO) 3d    -7.14440E+00  3.66800E+00 12.0
     12 20 13  421   1 3s3p(3PO) 3d    -7.11633E+00  3.69607E+00 20.0
     13 20 13  221   2 3s3p(3PO) 3d    -7.00912E+00  3.80328E+00 10.0
     14 20 13  231   1 3s3p(3PO) 3d    -6.79616E+00  4.01624E+00 14.0
     15 20 13  211   3 3s3p(3PO) 3d    -6.41755E+00  4.39485E+00  6.0
     16 20 13  231   2 3s3p(1PO) 3d    -6.40958E+00  4.40282E+00 14.0
     17 20 13  211   4 3s3p(1PO) 3d    -6.25300E+00  4.55940E+00  6.0
     18 20 13  221   3 3s3p(1PO) 3d    -6.20678E+00  4.60562E+00 10.0
     19 20 13  200   2 3s2 4s          -5.83845E+00  4.97395E+00  2.0
     20 20 13  230   1 3p2(1DE) 3d     -5.75053E+00  5.06187E+00 14.0
     21 20 13  430   1 3p2(3PE) 3d     -5.65912E+00  5.15328E+00 28.0
     22 20 13  210   2 3p2(3PE) 3d:    -5.57357E+00  5.23883E+00  6.0
     23 20 13  420   1 3p2(3PE) 3d     -5.53955E+00  5.27285E+00 20.0
     24 20 13  240   1 3p2(1DE) 3d     -5.45683E+00  5.35557E+00 18.0
     25 20 13  220   3 3p2(1DE) 3d     -5.27673E+00  5.53567E+00 10.0
     26 20 13  211   5 3s2 4p          -5.25108E+00  5.56132E+00  6.0
     27 20 13  410   2 3p2(3PE) 3d     -5.21119E+00  5.60121E+00 12.0
     28 20 13  210   3 3p2(1DE) 3d:    -4.98370E+00  5.82870E+00  6.0
     29 20 13  200   3 3p2(1DE) 3d     -4.97033E+00  5.84207E+00  2.0
     30 20 13  220   4 3p2(1SE) 3d:    -4.92849E+00  5.88391E+00 10.0
     31 20 13  230   2 3p2(3PE) 3d     -4.87261E+00  5.93979E+00 14.0
     32 20 13  430   2 3s 3d2          -4.77966E+00  6.03274E+00 28.0
     33 20 13  410   3 3s 3d2          -4.57441E+00  6.23799E+00 12.0
     34 20 13  220   5 3p2(3PE) 3d:    -4.54611E+00  6.26629E+00 10.0
     35 20 13  411   2 3s3p(3PO) 4s    -4.53199E+00  6.28041E+00 12.0
     36 20 13  220   6 3s2 4d          -4.48776E+00  6.32464E+00 10.0
     37 20 13  211   6 3s3p(3PO) 4s    -4.39269E+00  6.41971E+00  6.0
     38 20 13  240   2 3s 3d2          -4.33917E+00  6.47323E+00 18.0
     39 20 13  220   7 3s 3d2          -4.27904E+00  6.53336E+00 10.0
     40 20 13  231   3 3s2 4f          -4.08573E+00  6.72667E+00 14.0
     41 20 13  210   4 3s3p(3PO) 4p    -4.00855E+00  6.80385E+00  6.0
     42 20 13  420   2 3s3p(3PO) 4p    -3.97927E+00  6.83313E+00 20.0
     43 20 13  230   3 3s 3d2          -3.94726E+00  6.86514E+00 14.0
     44 20 13  410   4 3s3p(3PO) 4p    -3.90845E+00  6.90395E+00 12.0
     45 20 13  400   1 3s3p(3PO) 4p    -3.88314E+00  6.92926E+00  4.0
     46 20 13  211   7 3s3p(1PO) 4s    -3.85330E+00  6.95910E+00  6.0
     47 20 13  200   4 3s 3d2          -3.84552E+00  6.96688E+00  2.0
     48 20 13  220   8 3s3p(3PO) 4p    -3.82730E+00  6.98510E+00 10.0
     49 20 13  210   5 3s 3d2          -3.71850E+00  7.09390E+00  6.0
     50 20 13  200   5 3s3p(3PO) 4p    -3.66100E+00  7.15140E+00  2.0
     51 20 13  441   1 3p3d2(3FE)      -3.52656E+00  7.28584E+00 36.0
     52 20 13  200   6 3s2 5s          -3.44782E+00  7.36458E+00  2.0
     53 20 13  231   4 3p3d2(1DE)      -3.36118E+00  7.45122E+00 14.0
     54 20 13  221   4 3p3d2(3FE)      -3.32654E+00  7.48586E+00 10.0
     55 20 13  220   9 3s3p(1PO) 4p    -3.29578E+00  7.51662E+00 10.0
     56 20 13  210   6 3s3p(1PO) 4p    -3.28363E+00  7.52877E+00  6.0
     57 20 13  421   2 3p3d2(3PE)      -3.22438E+00  7.58802E+00 20.0
     58 20 13  221   5 3s3p(3PO) 4d    -3.20867E+00  7.60373E+00 10.0
     59 20 13  421   3 3s3p(3PO) 4d    -3.20700E+00  7.60540E+00 20.0
     60 20 13  201   1 3p3d2(3PE)      -3.19629E+00  7.61611E+00  2.0
     61 20 13  200   7 3s3p(1PO) 4p    -3.16724E+00  7.64516E+00  2.0
     62 20 13  241   1 3p3d2(1GE)      -3.16443E+00  7.64797E+00 18.0
     63 20 13  211   8 3s2 5p          -3.15160E+00  7.66080E+00  6.0
     64 20 13  431   2 3s3p(3PO) 4d    -3.14815E+00  7.66425E+00 28.0
     65 20 13  431   3 3p3d2(3FE)      -3.14666E+00  7.66574E+00 28.0
     66 20 13  411   3 3p3d2(3PE)      -3.10896E+00  7.70344E+00 12.0
     67 20 13  231   5 3s3p(3PO) 4d    -3.10471E+00  7.70769E+00 14.0
     68 20 13  411   4 3s3p(3PO) 4d    -3.09765E+00  7.71475E+00 12.0
     69 20 13  251   1 3p3d2(1GE)      -3.06822E+00  7.74418E+00 22.0
     70 20 13  211   9 3s3p(3PO) 4d    -3.06621E+00  7.74619E+00  6.0
     71 20 13  421   4 3p3d2(3FE)      -2.93410E+00  7.87830E+00 20.0
     72 20 13  211  10 3p3d2(1DE)      -2.85782E+00  7.95458E+00  6.0
     73 20 13  430   3 3s3p(3PO) 4f    -2.82721E+00  7.98519E+00 28.0
     74 20 13  440   1 3s3p(3PO) 4f    -2.81343E+00  7.99897E+00 36.0
     75 20 13  230   4 3s3p(3PO) 4f    -2.78838E+00  8.02402E+00 14.0
     76 20 13  220  10 3s2 5d          -2.78569E+00  8.02671E+00 10.0
     77 20 13  420   3 3s3p(3PO) 4f    -2.74120E+00  8.07120E+00 20.0
     78 20 13  231   6 3p3d2(3FE)      -2.73748E+00  8.07492E+00 14.0
     79 20 13  401   2 3p3d2(3PE)      -2.69080E+00  8.12160E+00  4.0
     80 20 13  220  11 3p2(1DE) 4s     -2.67912E+00  8.13328E+00 10.0
     81 20 13  240   3 3s3p(3PO) 4f    -2.66197E+00  8.15043E+00 18.0
     82 20 13  410   5 3p2(3PE) 4s     -2.65219E+00  8.16021E+00 12.0
     83 20 13  220  12 3s3p(3PO) 4f    -2.62432E+00  8.18808E+00 10.0
     84 20 13  231   7 3s2 5f          -2.61325E+00  8.19915E+00 14.0
     85 20 13  240   4 3s2 5g          -2.60596E+00  8.20644E+00 18.0
     86 20 13  221   6 3p3d2(1DE)      -2.57995E+00  8.23245E+00 10.0
     87 20 13  231   8 3s3p(1PO) 4d    -2.56177E+00  8.25063E+00 14.0
     88 20 13  211  11 3p3d2(1SE)      -2.54582E+00  8.26658E+00  6.0
     89 20 13  221   7 3s3p(1PO) 4d:   -2.53188E+00  8.28052E+00 10.0
     90 20 13  210   7 3p2(3PE) 4s     -2.53083E+00  8.28157E+00  6.0
     91 20 13  211  12 3s3p(1PO) 4d    -2.47458E+00  8.33782E+00  6.0
     92 20 13  241   2 3p3d2(3FE)      -2.45805E+00  8.35435E+00 18.0
     93 20 13  231   9 3p3d2(1GE)      -2.45683E+00  8.35557E+00 14.0
     94 20 13  200   8 3s2 6s          -2.25207E+00  8.56033E+00  2.0
     95 20 13  201   2 3p2(3PE) 4p     -2.23267E+00  8.57973E+00  2.0
     96 20 13  221   8 3p2(1DE) 4p     -2.20538E+00  8.60702E+00 10.0
     97 20 13  221   9 3p3d2(3PE)      -2.16855E+00  8.64385E+00 10.0
     98 20 13  230   5 3s3p(1PO) 4f    -2.16488E+00  8.64752E+00 14.0
     99 20 13  421   5 3p2(3PE) 4p     -2.13984E+00  8.67256E+00 20.0
    100 20 13  411   5 3s3p(3PO) 5s    -2.13742E+00  8.67498E+00 12.0
    101 20 13  240   5 3s3p(1PO) 4f    -2.13227E+00  8.68013E+00 18.0
    102 20 13  211  13 3s2 6p          -2.12287E+00  8.68953E+00  6.0
    103 20 13  200   9 3p2(1SE) 4s     -2.11126E+00  8.70114E+00  2.0
    104 20 13  231  10 3p2(1DE) 4p     -2.10777E+00  8.70463E+00 14.0
    105 20 13  211  14 3p2(1DE) 4p     -2.09705E+00  8.71535E+00  6.0
    106 20 13  220  13 3s3p(1PO) 4f    -2.08688E+00  8.72552E+00 10.0
    107 20 13  211  15 3p3d2(3PE)      -2.08546E+00  8.72694E+00  6.0
    108 20 13  420   4 3s3d(3DE) 4s    -2.06262E+00  8.74978E+00 20.0
    109 20 13  411   6 3p2(3PE) 4p     -2.04937E+00  8.76303E+00 12.0
    110 20 13  401   3 3p2(3PE) 4p     -2.04219E+00  8.77021E+00  4.0
    111 20 13  211  16 3s3p(3PO) 5s:   -2.02854E+00  8.78386E+00  6.0
    112 20 13  220  14 3s3d(3DE) 4s    -1.95711E+00  8.85529E+00 10.0
    113 20 13  221  10 3p2(3PE) 4p     -1.93464E+00  8.87776E+00 10.0
    114 20 13  220  15 3s2 6d          -1.89061E+00  8.92179E+00 10.0
    115 20 13  210   8 3s3p(3PO) 5p    -1.84122E+00  8.97118E+00  6.0
    116 20 13  420   5 3s3p(3PO) 5p    -1.84086E+00  8.97154E+00 20.0
    117 20 13  410   6 3s3p(3PO) 5p    -1.83001E+00  8.98239E+00 12.0
    118 20 13  231  11 3s2 6f          -1.80963E+00  9.00277E+00 14.0
    119 20 13  400   2 3s3p(3PO) 5p    -1.80933E+00  9.00307E+00  4.0
    120 20 13  251   2 3s2 6h          -1.78097E+00  9.03143E+00 22.0
    121 20 13  211  17 3p2(3PE) 4p     -1.76831E+00  9.04409E+00  6.0
    122 20 13  220  16 3s3p(3PO) 5p    -1.76460E+00  9.04780E+00 10.0
    123 20 13  240   6 3s2 6g          -1.76242E+00  9.04998E+00 18.0
    124 20 13  200  10 3s3p(3PO) 5p    -1.73546E+00  9.07694E+00  2.0
    125 20 13  200  11 3s2 7s          -1.59799E+00  9.21441E+00  2.0
    126 20 13  211  18 3p2(1SE) 4p     -1.55396E+00  9.25844E+00  6.0
    127 20 13  421   6 3s3d(3DE) 4p    -1.55350E+00  9.25890E+00 20.0
    128 20 13  211  19 3s2 7p          -1.51547E+00  9.29693E+00  6.0
    129 20 13  231  12 3s3p(3PO) 5d    -1.49858E+00  9.31382E+00 14.0
    130 20 13  220  17 3s3d(1DE) 4s    -1.48905E+00  9.32335E+00 10.0
    131 20 13  431   4 3s3d(3DE) 4p    -1.48533E+00  9.32707E+00 28.0
    132 20 13  221  11 3s3p(3PO) 5d    -1.47915E+00  9.33325E+00 10.0
    133 20 13  431   5 3s3p(3PO) 5d    -1.45823E+00  9.35417E+00 28.0
    134 20 13  411   7 3s3p(3PO) 5d    -1.45794E+00  9.35446E+00 12.0
    135 20 13  221  12 3s3d(3DE) 4p    -1.45536E+00  9.35704E+00 10.0
    136 20 13  211  20 3s3p(1PO) 5s    -1.44825E+00  9.36415E+00  6.0
    137 20 13  211  21 3s3p(3PO) 5d    -1.43546E+00  9.37694E+00  6.0
    138 20 13  421   7 3s3p(3PO) 5d    -1.42708E+00  9.38532E+00 20.0
    139 20 13  230   6 3p2(1DE) 4d     -1.42611E+00  9.38629E+00 14.0
    140 20 13  220  18 3p2(1DE) 4d     -1.40598E+00  9.40642E+00 10.0
    141 20 13  411   8 3s3d(3DE) 4p    -1.39678E+00  9.41562E+00 12.0
    142 20 13  220  19 3s2 7d          -1.38097E+00  9.43143E+00 10.0
    143 20 13  240   7 3p2(1DE) 4d     -1.36710E+00  9.44530E+00 18.0
    144 20 13  430   4 3p2(3PE) 4d     -1.35837E+00  9.45403E+00 28.0
    145 20 13  210   9 3p2(3PE) 4d     -1.35721E+00  9.45519E+00  6.0
    146 20 13  410   7 3p2(3PE) 4d     -1.35006E+00  9.46234E+00 12.0
    147 20 13  231  13 3s2 7f          -1.33437E+00  9.47803E+00 14.0
    148 20 13  230   7 3p2(3PE) 4d     -1.32567E+00  9.48673E+00 14.0
    149 20 13  441   2 3s3p(3PO) 5g    -1.31638E+00  9.49602E+00 36.0
    150 20 13  430   5 3s3p(3PO) 5f    -1.31479E+00  9.49761E+00 28.0
    151 20 13  241   3 3s3p(3PO) 5g    -1.31186E+00  9.50054E+00 18.0
    152 20 13  440   2 3s3p(3PO) 5f    -1.31117E+00  9.50123E+00 36.0
    153 20 13  251   3 3s2 7h          -1.31049E+00  9.50191E+00 22.0
    154 20 13  240   8 3s2 7g          -1.30719E+00  9.50521E+00 18.0
    155 20 13  210  10 3p2(1DE) 4d     -1.30102E+00  9.51138E+00  6.0
    156 20 13  231  14 3s3d(3DE) 4p    -1.29077E+00  9.52163E+00 14.0
    157 20 13  420   6 3p2(3PE) 4d     -1.28899E+00  9.52341E+00 20.0
    158 20 13  230   8 3s3p(3PO) 5f    -1.27607E+00  9.53633E+00 14.0
    159 20 13  420   7 3s3p(3PO) 5f    -1.27571E+00  9.53669E+00 20.0
    160 20 13  200  12 3p2(1DE) 4d     -1.27023E+00  9.54217E+00  2.0
    161 20 13  211  22 3s3d(3DE) 4p    -1.26366E+00  9.54874E+00  6.0
    162 20 13  431   6 3s3p(3PO) 5g    -1.25916E+00  9.55324E+00 28.0
    163 20 13  451   1 3s3p(3PO) 5g    -1.25400E+00  9.55840E+00 44.0
    164 20 13  251   4 3s3p(3PO) 5g    -1.24982E+00  9.56258E+00 22.0
    165 20 13  231  15 3s3p(3PO) 5g    -1.24434E+00  9.56806E+00 14.0
    166 20 13  240   9 3s3p(3PO) 5f    -1.24290E+00  9.56950E+00 18.0
    167 20 13  220  20 3s3p(3PO) 5f    -1.23665E+00  9.57575E+00 10.0
    168 20 13  220  21 3p2(3PE) 4d     -1.20764E+00  9.60476E+00 10.0
    169 20 13  200  13 3s2 8s          -1.19840E+00  9.61400E+00  2.0
    170 20 13  210  11 3s3p(1PO) 5p    -1.17839E+00  9.63401E+00  6.0
    171 20 13  220  22 3s3p(1PO) 5p    -1.16704E+00  9.64536E+00 10.0
    172 20 13  200  14 3s3p(1PO) 5p    -1.13660E+00  9.67580E+00  2.0
    173 20 13  211  23 3s2 8p          -1.13253E+00  9.67987E+00  6.0
    174 20 13  241   4 3p2(1DE) 4f     -1.09516E+00  9.71724E+00 18.0
    175 20 13  220  23 3s2 8d          -1.04876E+00  9.76364E+00 10.0
    176 20 13  231  16 3p2(1DE) 4f     -1.03517E+00  9.77723E+00 14.0
    177 20 13  251   5 3p2(1DE) 4f     -1.03235E+00  9.78005E+00 22.0
    178 20 13  231  17 3s2 8f          -1.01077E+00  9.80163E+00 14.0
    179 20 13  221  13 3p2(1DE) 4f:    -1.01037E+00  9.80203E+00 10.0
    180 20 13  240  10 3s2 8g          -1.00371E+00  9.80869E+00 18.0
    181 20 13  441   3 3p2(3PE) 4f     -1.00338E+00  9.80902E+00 36.0
    182 20 13  251   6 3s2 8h          -9.94093E-01  9.81831E+00 22.0
    183 20 13  421   8 3p2(3PE) 4f     -9.75693E-01  9.83671E+00 20.0
    184 20 13  221  14 3s3d(1DE) 4p    -9.63937E-01  9.84846E+00 10.0
    185 20 13  231  18 3s3d(1DE) 4p    -9.49461E-01  9.86294E+00 14.0
    186 20 13  411   9 3s3p(3PO) 6s    -9.33798E-01  9.87860E+00 12.0
    187 20 13  431   7 3p2(3PE) 4f     -9.31720E-01  9.88068E+00 28.0
    188 20 13  221  15 3p2(3PE) 4f     -9.18755E-01  9.89365E+00 10.0
    189 20 13  200  15 3s2 9s          -9.18560E-01  9.89384E+00  2.0
    190 20 13  211  24 3s3p(3PO) 6s    -9.11071E-01  9.90133E+00  6.0
    191 20 13  211  25 3p2(1DE) 4f     -9.00306E-01  9.91209E+00  6.0
    192 20 13  211  26 3s2 9p          -8.77437E-01  9.93496E+00  6.0
    193 20 13  241   5 3p2(3PE) 4f     -8.72337E-01  9.94006E+00 18.0
    194 20 13  211  27 3s3d(1DE) 4p    -8.40651E-01  9.97175E+00  6.0
    195 20 13  430   6 3d3(3)          -8.35501E-01  9.97690E+00 28.0
    196 20 13  220  24 3s2 9d          -8.28167E-01  9.98423E+00 10.0
    197 20 13  221  16 3s3p(1PO) 5d    -8.12059E-01  1.00003E+01 10.0
    198 20 13  231  19 3s3p(1PO) 5d    -8.04764E-01  1.00076E+01 14.0
    199 20 13  420   8 3s3p(3PO) 6p    -8.03537E-01  1.00089E+01 20.0
    200 20 13  210  12 3s3p(3PO) 6p    -8.02927E-01  1.00095E+01  6.0
    201 20 13  240  11 3s2 9g          -7.97318E-01  1.00151E+01 18.0
    202 20 13  231  20 3s2 9f          -7.95736E-01  1.00167E+01 14.0
    203 20 13  251   7 3s2 9h          -7.93715E-01  1.00187E+01 22.0
    204 20 13  220  25 3p2(1SE) 4d     -7.92019E-01  1.00204E+01 10.0
    205 20 13  410   8 3s3p(3PO) 6p    -7.89786E-01  1.00226E+01 12.0
    206 20 13  400   3 3s3p(3PO) 6p    -7.85777E-01  1.00266E+01  4.0
    207 20 13  231  21 3p2(3PE) 4f     -7.84870E-01  1.00275E+01 14.0
    208 20 13  211  28 3s3p(1PO) 5d    -7.83248E-01  1.00292E+01  6.0
    209 20 13  420   9 3s3d(3DE) 4d    -7.72961E-01  1.00394E+01 20.0
    210 20 13  220  26 3s3p(3PO) 6p    -7.70628E-01  1.00418E+01 10.0
    211 20 13  440   3 3s3d(3DE) 4d    -7.66888E-01  1.00455E+01 36.0
    212 20 13  230   9 3s3d(3DE) 4d    -7.60853E-01  1.00515E+01 14.0
    213 20 13  200  16 3s3p(3PO) 6p    -7.51954E-01  1.00604E+01  2.0
    214 20 13  200  17 3s210s          -7.32592E-01  1.00798E+01  2.0
    215 20 13  210  13 3s3d(3DE) 4d    -7.18596E-01  1.00938E+01  6.0
    216 20 13  211  29 3s210p          -7.02027E-01  1.01104E+01  6.0
    217 20 13  400   4 3s3d(3DE) 4d    -6.92312E-01  1.01201E+01  4.0
    218 20 13  240  12 3s3d(3DE) 4d    -6.83887E-01  1.01285E+01 18.0
    219 20 13  240  13 3s3p(1PO) 5f    -6.76250E-01  1.01362E+01 18.0
    220 20 13  220  27 3s210d          -6.72769E-01  1.01396E+01 10.0
    221 20 13  230  10 3s3p(1PO) 5f    -6.72017E-01  1.01404E+01 14.0
    222 20 13  430   7 3s3d(3DE) 4d    -6.66754E-01  1.01456E+01 28.0
    223 20 13  251   8 3s3p(1PO) 5g:   -6.52551E-01  1.01598E+01 22.0
    224 20 13  231  22 3s210f          -6.48371E-01  1.01640E+01 14.0
    225 20 13  220  28 3s3p(1PO) 5f    -6.46372E-01  1.01660E+01 10.0
    226 20 13  231  23 3s3p(1PO) 5g    -6.44112E-01  1.01683E+01 14.0
    227 20 13  410   9 3d3(3)          -6.33531E-01  1.01789E+01 12.0
    228 20 13  241   6 3s3p(1PO) 5g    -6.30505E-01  1.01819E+01 18.0
    229 20 13  421   9 3s3p(3PO) 6d    -6.01099E-01  1.02113E+01 20.0
    230 20 13  221  17 3s3p(3PO) 6d    -5.99715E-01  1.02127E+01 10.0
    231 20 13  431   8 3s3p(3PO) 6d    -5.87876E-01  1.02245E+01 28.0
    232 20 13  411  10 3s3p(3PO) 6d    -5.80823E-01  1.02316E+01 12.0
    233 20 13  410  10 3s3d(3DE) 4d    -5.67430E-01  1.02450E+01 12.0
    234 20 13  451   2 3s3p(3PO) 6g    -5.16817E-01  1.02956E+01 44.0
    235 20 13  440   4 3s3p(3PO) 6f    -4.99809E-01  1.03126E+01 36.0
    236 20 13  430   8 3s3p(3PO) 6f    -4.99524E-01  1.03129E+01 28.0
    237 20 13  230  11 3s3p(3PO) 6f    -4.92735E-01  1.03197E+01 14.0
    238 20 13  420  10 3s3p(3PO) 6f    -4.84916E-01  1.03275E+01 20.0
    239 20 13  441   4 3s3p(3PO) 6g    -4.77058E-01  1.03353E+01 36.0
    240 20 13  241   7 3s3p(3PO) 6g    -4.70219E-01  1.03422E+01 18.0
    241 20 13  431   9 3s3p(3PO) 6g    -4.64940E-01  1.03475E+01 28.0
    242 20 13  210  14 3d3(3)          -4.58922E-01  1.03535E+01  6.0
    243 20 13  440   5 3s3p(3PO) 6h    -4.56464E-01  1.03559E+01 36.0
    244 20 13  431  10 3s3d(3DE) 4f    -3.98676E-01  1.04137E+01 28.0
    245 20 13  451   3 3s3d(3DE) 4f    -3.91823E-01  1.04206E+01 44.0
    246 20 13  230  12 3d3(3)          -3.74974E-01  1.04374E+01 14.0
    247 20 13  241   8 3s3d(3DE) 4f    -3.58952E-01  1.04534E+01 18.0
    248 20 13  441   5 3s3d(3DE) 4f    -3.07851E-01  1.05045E+01 36.0
    249 20 13  421  10 3s3d(3DE) 4f    -2.87778E-01  1.05246E+01 20.0
    250 20 13  221  18 3s3d(3DE) 4f    -2.87329E-01  1.05251E+01 10.0
    251 20 13  410  11 3p2(3PE) 5s     -2.82153E-01  1.05302E+01 12.0
    252 20 13  411  11 3s3p(3PO) 7s    -2.78687E-01  1.05337E+01 12.0
    253 20 13  210  15 3p2(3PE) 5s     -2.68164E-01  1.05442E+01  6.0
    254 20 13  411  12 3s3d(3DE) 4f    -2.65714E-01  1.05467E+01 12.0
    255 20 13  420  11 3s3p(3PO) 7p    -1.93426E-01  1.06190E+01 20.0
    256 20 13  400   5 3s3p(3PO) 7p    -1.81582E-01  1.06308E+01  4.0
    257 20 13  410  12 3s3p(3PO) 7p    -1.80820E-01  1.06316E+01 12.0
    258 20 13  210  16 3s3p(3PO) 7p    -1.76543E-01  1.06359E+01  6.0
    259 20 13  230  13 3s3d(1DE) 4d    -1.65808E-01  1.06466E+01 14.0
    260 20 13  210  17 3s3p(1PO) 6p    -1.52033E-01  1.06604E+01  6.0
    261 20 13  221  19 3p2(1DE) 5p     -1.04335E-01  1.07081E+01 10.0
    262 20 13  421  11 3s3p(3PO) 7d    -9.29498E-02  1.07194E+01 20.0
    263 20 13  221  20 3s3p(3PO) 7d    -7.56405E-02  1.07368E+01 10.0
    264 20 13  201   3 3p2(3PE) 5p     -7.34717E-02  1.07389E+01  2.0
    265 20 13  411  13 3s3p(3PO) 7d    -6.93529E-02  1.07430E+01 12.0
    266 20 13  431  11 3s3p(3PO) 7d    -6.79892E-02  1.07444E+01 28.0
    267 20 13  210  18 3s3d(1DE) 4d    -5.19505E-02  1.07604E+01  6.0
    268 20 13  421  12 3p2(3PE) 5p     -1.73542E-02  1.07950E+01 20.0
    269 20 13  430   9 3s3p(3PO) 7f    -1.36694E-02  1.07987E+01 28.0
    270 20 13  440   6 3s3p(3PO) 7f    -1.31040E-02  1.07993E+01 36.0
    271 20 13  401   4 3p2(3PE) 5p     -9.46964E-03  1.08029E+01  4.0
    272 20 13  230  14 3s3p(3PO) 7f    -9.46024E-03  1.08029E+01 14.0
    273 20 13  420  12 3s3p(3PO) 7f    -4.30371E-03  1.08081E+01 20.0
    274 20 13  411  14 3p2(3PE) 5p     -5.49365E-04  1.08119E+01 12.0
    275 20 13  241   9 3s3p(3PO) 7g     6.49380E-03  1.08189E+01 18.0
    276 20 13  441   6 3s3p(3PO) 7g     6.93728E-03  1.08193E+01 36.0
    277 20 13  440   7 3s3p(3PO) 7h     1.31716E-02  1.08256E+01 36.0
    278 20 13  451   4 3s3p(3PO) 7g     1.39656E-02  1.08264E+01 44.0
    279 20 13  431  12 3s3p(3PO) 7g     1.58880E-02  1.08283E+01 28.0
    280 20 13  221  21 3s3p(1PO) 6d     2.86549E-02  1.08411E+01 10.0
    281 20 13  221  22 3p2(3PE) 5p      5.25494E-02  1.08649E+01 10.0
    282 20 13  241  10 3s3p(1PO) 6g     1.23048E-01  1.09354E+01 18.0
    283 20 13  411  15 3s3p(3PO) 8s     1.31635E-01  1.09440E+01 12.0
    284 20 13  230  15 3s3p(1PO) 6f     1.39610E-01  1.09520E+01 14.0
    285 20 13  420  13 3s3p(3PO) 8p     1.81088E-01  1.09935E+01 20.0
    286 20 13  210  19 3s3p(3PO) 8p     1.84197E-01  1.09966E+01  6.0
    287 20 13  410  13 3s3p(3PO) 8p     1.86724E-01  1.09991E+01 12.0
    288 20 13  400   6 3s3p(3PO) 8p     1.90914E-01  1.10033E+01  4.0
    289 20 13  241  11 3s3d(1DE) 4f     2.45334E-01  1.10577E+01 18.0
    290 20 13  221  23 3s3d(1DE) 4f     2.47211E-01  1.10596E+01 10.0
    291 20 13  421  13 3s3p(3PO) 8d     2.61724E-01  1.10741E+01 20.0
    292 20 13  431  13 3s3p(3PO) 8d     2.64317E-01  1.10767E+01 28.0
    293 20 13  221  24 3s3p(3PO) 8d     2.64744E-01  1.10771E+01 10.0
    294 20 13  230  16 3p2(1DE) 5d      2.66947E-01  1.10793E+01 14.0
    295 20 13  411  16 3s3p(3PO) 8d     2.70771E-01  1.10832E+01 12.0
    296 20 13  430  10 3s3p(3PO) 8f     3.01070E-01  1.11135E+01 28.0
    297 20 13  440   8 3s3p(3PO) 8f     3.01549E-01  1.11139E+01 36.0
    298 20 13  230  17 3s3p(3PO) 8f     3.04067E-01  1.11165E+01 14.0
    299 20 13  420  14 3s3p(3PO) 8f     3.07009E-01  1.11194E+01 20.0
    300 20 13  210  20 3p2(1DE) 5d      3.09584E-01  1.11220E+01  6.0
    301 20 13  241  12 3s3p(3PO) 8g     3.09826E-01  1.11222E+01 18.0
    302 20 13  441   7 3s3p(3PO) 8g     3.10211E-01  1.11226E+01 36.0
    303 20 13  440   9 3s3p(3PO) 8h     3.17564E-01  1.11300E+01 36.0
    304 20 13  451   5 3s3p(3PO) 8g     3.17768E-01  1.11302E+01 44.0
    305 20 13  431  14 3s3p(3PO) 8g     3.18414E-01  1.11308E+01 28.0
    306 20 13  430  11 3p2(3PE) 5d      3.24907E-01  1.11373E+01 28.0
    307 20 13  410  14 3p2(3PE) 5d      3.26807E-01  1.11392E+01 12.0
    308 20 13  210  21 3p2(3PE) 5d      3.36433E-01  1.11488E+01  6.0
    309 20 13  420  15 3s3d(3DE) 5s     3.40010E-01  1.11524E+01 20.0
    310 20 13  230  18 3p2(3PE) 5d      3.45253E-01  1.11577E+01 14.0
    311 20 13  420  16 3p2(3PE) 5d      3.56280E-01  1.11687E+01 20.0
    312 20 13  411  17 3s3p(3PO) 9s     3.98151E-01  1.12106E+01 12.0
    313 20 13  241  13 3p2(1DE) 5f      4.28205E-01  1.12406E+01 18.0
    314 20 13  210  22 3s3p(3PO) 9p     4.35766E-01  1.12482E+01  6.0
    315 20 13  410  15 3s3p(3PO) 9p     4.38811E-01  1.12512E+01 12.0
    316 20 13  420  17 3s3p(3PO) 9p     4.40035E-01  1.12524E+01 20.0
    317 20 13  400   7 3s3p(3PO) 9p     4.40062E-01  1.12525E+01  4.0
    318 20 13  210  23 3s3p(1PO) 7p     4.54857E-01  1.12673E+01  6.0
    319 20 13  221  25 3p2(1DE) 5f      4.65427E-01  1.12778E+01 10.0
    320 20 13  441   8 3p2(3PE) 5f      4.69185E-01  1.12816E+01 36.0
    321 20 13  421  14 3s3p(3PO) 9d     4.81955E-01  1.12944E+01 20.0
    322 20 13  431  15 3s3p(3PO) 9d     4.83174E-01  1.12956E+01 28.0
    323 20 13  221  26 3s3p(3PO) 9d     4.87081E-01  1.12995E+01 10.0
    324 20 13  411  18 3s3p(3PO) 9d     4.94433E-01  1.13068E+01 12.0
    325 20 13  241  14 3s3p(3PO) 9g     5.01856E-01  1.13143E+01 18.0
    326 20 13  230  19 3p2(1DE) 5g      5.05777E-01  1.13182E+01 14.0
    327 20 13  431  16 3p2(3PE) 5f      5.07031E-01  1.13194E+01 28.0
    328 20 13  421  15 3p2(3PE) 5f      5.07265E-01  1.13197E+01 20.0
    329 20 13  440  10 3s3p(3PO) 9f     5.15900E-01  1.13283E+01 36.0
    330 20 13  430  12 3s3p(3PO) 9f     5.15926E-01  1.13283E+01 28.0
    331 20 13  230  20 3s3p(3PO) 9f     5.18198E-01  1.13306E+01 14.0
    332 20 13  420  18 3s3p(3PO) 9f     5.20630E-01  1.13330E+01 20.0
    333 20 13  440  11 3s3p(3PO) 9h     5.21705E-01  1.13341E+01 36.0
    334 20 13  221  27 3p2(3PE) 5f      5.21935E-01  1.13343E+01 10.0
    335 20 13  451   6 3s3p(3PO) 9g     5.27346E-01  1.13397E+01 44.0
    336 20 13  441   9 3s3p(3PO) 9g     5.32661E-01  1.13451E+01 36.0
    337 20 13  431  17 3s3p(3PO) 9g     5.40752E-01  1.13532E+01 28.0
    338 20 13  430  13 3p2(3PE) 5g      5.43667E-01  1.13561E+01 28.0
    339 20 13  230  21 3p2(3PE) 5g      5.46162E-01  1.13586E+01 14.0
    340 20 13  241  15 3p2(3PE) 5f      5.56932E-01  1.13693E+01 18.0
    341 20 13  221  28 3s3p(1PO) 7d     5.66375E-01  1.13788E+01 10.0
    342 20 13  440  12 3p2(3PE) 5g      5.81407E-01  1.13938E+01 36.0
    343 20 13  411  19 3s3p(3PO)10s     5.83379E-01  1.13958E+01 12.0
    344 20 13  421  16 3s3d(3DE) 5p     5.94626E-01  1.14070E+01 20.0
    345 20 13  431  18 3s3d(3DE) 5p     6.07672E-01  1.14201E+01 28.0
    346 20 13  221  29 3s3d(3DE) 5p     6.08047E-01  1.14204E+01 10.0
    347 20 13  210  24 3s3p(3PO)10p     6.11161E-01  1.14236E+01  6.0
    348 20 13  420  19 3s3p(3PO)10p     6.12727E-01  1.14251E+01 20.0
    349 20 13  410  16 3s3p(3PO)10p     6.13202E-01  1.14256E+01 12.0
    350 20 13  400   8 3s3p(3PO)10p     6.14831E-01  1.14272E+01  4.0
    351 20 13  230  22 3s3p(1PO) 7f     6.24761E-01  1.14372E+01 14.0
    352 20 13  411  20 3s3d(3DE) 5p     6.33799E-01  1.14462E+01 12.0
    353 20 13  241  16 3s3p(1PO) 7g     6.45428E-01  1.14578E+01 18.0
    354 20 13  221  30 3s3p(3PO)10d     6.50808E-01  1.14632E+01 10.0
    355 20 13  421  17 3s3p(3PO)10d     6.52823E-01  1.14652E+01 20.0
    356 20 13  431  19 3s3p(3PO)10d     6.53721E-01  1.14661E+01 28.0
    357 20 13  411  21 3s3p(3PO)10d     6.54157E-01  1.14666E+01 12.0
    358 20 13  430  14 3s3p(3PO)10f     6.69837E-01  1.14822E+01 28.0
    359 20 13  440  13 3s3p(3PO)10f     6.70262E-01  1.14827E+01 36.0
    360 20 13  230  23 3s3p(3PO)10f     6.71441E-01  1.14838E+01 14.0
    361 20 13  420  20 3s3p(3PO)10f     6.72936E-01  1.14853E+01 20.0
    362 20 13  441  10 3s3p(3PO)10g     6.77311E-01  1.14897E+01 36.0
    363 20 13  451   7 3s3p(3PO)10g     6.77511E-01  1.14899E+01 44.0
    364 20 13  201   4 3p2(3PE) 6p      9.93380E-01  1.18058E+01  2.0
    365 20 13  401   5 3p2(3PE) 6p      1.02357E+00  1.18360E+01  4.0
    366 20 13  201   5 3p2(3PE) 7p      1.60036E+00  1.24128E+01  2.0
    367 20 13  401   6 3p2(3PE) 7p      1.61732E+00  1.24297E+01  4.0
    368 20 13  201   6 3p2(3PE) 8p      1.97936E+00  1.27918E+01  2.0
    369 20 13  401   7 3p2(3PE) 8p      1.98992E+00  1.28023E+01  4.0
    370 20 13  201   7 3p2(3PE) 9p      2.23203E+00  1.30444E+01  2.0
    371 20 13  401   8 3p2(3PE) 9p      2.23908E+00  1.30515E+01  4.0
    372 20 13  201   8 3p2(3PE)10p      2.40895E+00  1.32213E+01  2.0
    373 20 13  401   9 3p2(3PE)10p      2.41390E+00  1.32263E+01  4.0
 ====================================================================
